0	0.0790772	8.45278	-0.0808793	-0.0263825
1.00033	0.103697	8.45278	-0.00346563	-0.000761096
2.00066	0.129963	8.45278	-0.00278356	0.000354148
3.001	0.157252	8.45278	-0.0017746	-0.000583544
4.00133	0.185019	8.45278	-0.00261336	0.00034666
5.00166	0.2128	8.45278	-0.0027255	-0.00011918
6.00199	0.240218	8.45278	-0.00362706	1.70321e-05
7.00031	0.266918	8.45278	-0.00509965	-0.000187705
8.00064	0.292775	8.45278	-0.00518878	-0.000454347
9.00097	0.317564	8.45278	-0.0078207	-0.00098308
10.0013	0.341165	8.45278	-0.0103305	0.000114569
11.0016	0.363502	8.45278	-0.0102171	-0.000248224
12.002	0.384535	8.45278	-0.0101793	0.000678778
13.0003	0.404213	8.45278	-0.0147354	0.00034163
14.0006	0.422625	8.45278	-0.0111396	0.000174281
15.001	0.43976	8.45278	-0.0119114	-0.00115239
16.0013	0.455656	8.45278	-0.0145805	-0.000675486
17.0016	0.470366	8.45278	-0.0169909	-0.000609058
18.0019	0.483946	8.45278	-0.0182448	0.000289556
19.0003	0.496431	8.45278	-0.0150797	-0.000209423
20.0006	0.507936	8.45278	-0.0162963	-0.000707848
21.0009	0.518498	8.45278	-0.0170494	-0.000539975
22.0013	0.528179	8.45278	-0.0150563	-0.000214647
23.0016	0.537043	8.45278	-0.0173082	-0.000910254
24.0019	0.545147	8.45278	-0.0185172	0.000999789
25.0002	0.552536	8.45278	-0.0196374	-0.000402013
26.0006	0.559293	8.45278	-0.0178078	-0.000404445
27.0009	0.565454	8.45278	-0.0203187	-0.000499403
28.0012	0.571067	8.45278	-0.025878	0.000268989
29.0016	0.576178	8.45278	-0.0272092	0.000513933
30.0019	0.580828	8.45278	-0.0217893	0.000426765
31.0002	0.58505	8.45278	-0.0187849	6.64594e-05
32.0006	0.588895	8.45278	-0.0199225	2.56539e-06
33.0009	0.592388	8.45278	-0.0234752	0.000159735
34.0012	0.595561	8.45278	-0.0247073	0.000414506
35.0016	0.598442	8.45278	-0.0256343	8.88446e-05
36.0019	0.601056	8.45278	-0.0233607	0.00022333
37.0002	0.603424	8.45278	-0.0212008	0.000225276
38.0005	0.605576	8.45278	-0.0196167	0.000264989
39.0009	0.607528	8.45278	-0.0199385	-0.00011343
40.0012	0.609297	8.45278	-0.0200501	-3.61755e-05
41.0015	0.610901	8.45278	-0.0194995	-0.000307193
42.0019	0.612355	8.45278	-0.019001	-0.000309483
43.0002	0.613669	8.45278	-0.0183416	-0.000325389
44.0005	0.614863	8.45278	-0.017266	5.80416e-05
45.0008	0.615945	8.45278	-0.0159836	-0.000108994
46.0012	0.616924	8.45278	-0.0152291	8.6504e-05
47.0015	0.617812	8.45278	-0.0138804	-3.75188e-05
48.0018	0.618615	8.45278	-0.012784	0.000219571
49.0002	0.619341	8.45278	-0.0123253	0.000165495
50.0005	0.62	8.45278	-0.0118677	0.000127191
51.0008	0.62	8.45278	-0.00720473	0.00020978
52.0012	0.62	8.45278	-0.00462489	0.000149681
53.0015	0.62	8.45278	-0.00315452	9.86908e-05
54.0018	0.62	8.45278	-0.00230007	4.50389e-05
55.0001	0.62	8.45278	-0.0017596	7.70673e-06
56.0005	0.62	8.45278	-0.00138135	9.62189e-06
57.0008	0.62	8.45278	-0.00111891	8.66598e-06
58.0011	0.62	8.45278	-0.000929463	7.86576e-06
59.0015	0.62	8.45278	-0.000786406	6.94306e-06
60.0018	0.62	8.45278	-0.000670008	5.35828e-06
61.0001	0.62	8.45278	-0.000577116	5.463e-06
62.0004	0.62	8.45278	-0.000501621	5.64418e-06
63.0008	0.62	8.45278	-0.000439491	5.55038e-06
64.0011	0.62	8.45278	-0.00038898	4.26193e-06
65.0014	0.62	8.45278	-0.000345649	3.94281e-06
66.0018	0.62	8.45278	-0.000308877	3.65851e-06
67.0001	0.62	8.45278	-0.000277494	3.28604e-06
68.0004	0.62	8.45278	-0.000250382	2.75371e-06
69.0008	0.62	8.45278	-0.000226898	2.56435e-06
70.0011	0.62	8.45278	-0.000206175	2.30554e-06
71.0014	0.62	8.45278	-0.000187969	2.07092e-06
72.0018	0.62	8.45278	-0.000171938	1.91699e-06
73.0001	0.62	8.45278	-0.00015767	1.73068e-06
74.0004	0.62	8.45278	-0.000144938	1.57083e-06
75.0007	0.62	8.45278	-0.000133669	1.45189e-06
76.0011	0.62	8.45278	-0.000123505	1.36564e-06
77.0014	0.62	8.45278	-0.000114341	1.30861e-06
78.0017	0.62	8.45278	-0.000106119	1.21831e-06
79	0.62	8.45278	-9.87306e-05	1.08438e-06
80.0004	0.62	8.45278	-9.20041e-05	9.69585e-07
81.0007	0.62	8.45278	-8.58343e-05	8.66593e-07
82.001	0.62	8.45278	-8.02533e-05	7.86583e-07
83.0014	0.62	8.45278	-7.51687e-05	7.20488e-07
84.0017	0.62	8.45278	-7.05065e-05	6.59177e-07
85	0.62	8.45278	-6.62321e-05	6.0606e-07
86.0004	0.62	8.45278	-6.22928e-05	5.59815e-07
87.0007	0.62	8.45278	-5.86648e-05	5.18421e-07
88.001	0.62	8.45278	-5.53194e-05	4.81862e-07
89.0014	0.62	8.45278	-5.22257e-05	4.48202e-07
90.0017	0.62	8.45278	-4.93591e-05	4.18938e-07
91	0.62	8.45278	-4.67076e-05	3.94525e-07
92.0003	0.62	8.45278	-4.42383e-05	3.69532e-07
93.0007	0.62	8.45278	-4.1942e-05	3.45886e-07
94.001	0.62	8.45278	-3.98044e-05	3.24338e-07
95.0013	0.62	8.45278	-3.78098e-05	3.0476e-07
96.0017	0.62	8.45278	-3.5947e-05	2.86641e-07
97.002	0.62	8.45278	-3.42061e-05	2.69971e-07
98.0003	0.62	8.45278	-3.25799e-05	2.54676e-07
99.0006	0.62	8.45278	-3.10556e-05	2.41669e-07
