608	34	0	0	0	-0	0	0	-0	-0	-0	0.000331805	20.0004	0	0	
643	81	0	0	0	-0	0	0	0	0	-0	0.000818012	3.30233	0	0	
168	112	0	0	0	0	-0	-0	-0	-0	0	0.00627981	2.52674	0	0	
434	402	0	0	0	0	0	-0	0	0	0	0.000730756	3.99966	0	0	
350	138	0	0	0	-0	0	0	-0	0	-0	0.00099232	2.24638	0	0	
546	502	0	0	0	0	0	-0	-0	0	-0	0.000197643	0.378548	0	0	
533	149	0	0	0	-0	0	-0	0	0	-0	0.000411643	2.11902	0	0	
232	61	0	0	0	0	0	-0	0	-0	-0	0.00250645	1.17336	0	0	
75	26	0	0	0	-0	-0	-0	-0	0	0	0.00223858	6.27664	0	0	
572	96	0	0	0	0	0	-0	0	-0	-0	0.000574759	2.64984	0	0	
178	151	0	0	0	-0	-0	0	-0	0	-0	0.0075891	5.81413	0	0	
524	378	0	0	0	0	-0	-0	-0	-0	0	0.000435157	1.15984	0	0	
312	138	0	0	0	0	-0	0	-0	-0	0	0.000505238	2.34244	0	0	
363	63	0	0	0	0	0	0	0	-0	0	0.000570143	0.318777	0	0	
333	15	0	0	0	0	-0	-0	0	0	0	0.00252013	1.39821	0	0	
414	345	0	0	0	0	0	-0	-0	0	-0	0.000224755	1.25661	0	0	
192	190	0	0	0	0	0	0	0	0	-0	0.00019359	2.69395	0	0	
277	116	0	0	0	0	-0	-0	-0	0	-0	0.000645683	15.7019	0	0	
501	269	0	0	0	0	-0	0	0	-0	-0	0.000217826	0.0576361	0	0	
428	103	0	0	0	0	0	-0	0	-0	-0	0.000252531	3.66025	0	0	
645	211	0	0	0	0	0	0	-0	0	-0	0.000533473	4.26578	0	0	
258	38	0	0	0	0	0	-0	-0	0	0	0.000720689	4.96311	0	0	
449	352	0	0	0	0	-0	0	-0	-0	0	0.000454594	0.794809	0	0	
156	5	0	0	0	0	0	0	-0	0	-0	0.00331116	0.796943	0	0	
635	1	0	0	0	-0	0	-0	0	0	0	0.000760913	3.40693	0	0	
690	59	0	0	0	-0	0	0	0	-0	0	0.000475964	0.0305969	0	0	
357	92	0	0	0	0	0	-0	0	-0	-0	0.000214569	0.343682	0	0	
433	181	0	0	0	0	0	-0	0	-0	0	0.00281483	17.5633	0	0	
598	210	0	0	0	-0	-0	0	-0	-0	-0	0.000614504	3.41618	0	0	
357	48	0	0	0	-0	-0	-0	0	0	-0	0.000382981	0.917196	0	0	
544	3	0	0	0	-0	-0	-0	-0	0	0	0.00597955	3.04119	0	0	
107	83	0	0	0	-0	-0	-0	0	-0	-0	0.00218809	0.81829	0	0	
67	13	0	0	0	-0	0	-0	0	0	0	0.00293411	4.95599	0	0	
145	64	0	0	0	-0	0	-0	0	0	-0	0.00250074	7.25788	0	0	
599	191	0	0	0	0	0	-0	-0	0	0	0.000994251	4.80301	0	0	
100	81	0	0	0	-0	0	0	0	0	0	0.00454056	4.72331	0	0	
577	6	0	0	0	-0	-0	0	-0	-0	-0	5.69739e-05	0.320912	0	0	
534	143	0	0	0	0	0	0	0	-0	0	0.000556987	0.0362894	0	0	
532	194	0	0	0	0	0	0	0	0	-0	0.00159309	0.145158	0	0	
587	416	0	0	0	-0	0	-0	-0	-0	0	0.000351056	5.11324	0	0	
376	177	0	0	0	-0	-0	0	-0	-0	-0	0.000475204	13.2563	0	0	
322	296	0	0	0	-0	0	-0	0	0	-0	0.000518225	6.65021	0	0	
589	143	0	0	0	0	-0	0	0	0	-0	0.000191337	5.59853	0	0	
189	113	0	0	0	-0	-0	-0	0	-0	-0	0.000700177	0.37926	0	0	
174	62	0	0	0	0	0	0	-0	0	-0	0.00254974	1.44446	0	0	
259	93	0	0	0	0	-0	-0	-0	0	-0	0.000381661	6.84162	0	0	
180	170	0	0	0	0	-0	-0	0	0	0	0.00832129	0.985506	0	0	
529	75	0	0	0	-0	0	-0	0	0	0	0.000425215	1.13351	0	0	
467	298	0	0	0	-0	-0	0	-0	0	0	0.00229641	0.062617	0	0	
541	298	0	0	0	-0	-0	0	-0	0	-0	0.000438276	7.78158	0	0	
553	376	0	0	0	-0	0	0	0	0	-0	0.000435846	0.648939	0	0	
118	105	0	0	0	-0	0	-0	0	0	0	0.00613561	0.547187	0	0	
602	129	0	0	0	0	-0	0	0	0	-0	0.000658384	1.9639	0	0	
186	76	0	0	0	-0	-0	0	0	-0	-0	0.0125554	9.44733	0	0	
209	118	0	0	0	-0	-0	0	0	-0	0	0.00210009	0.791962	0	0	
415	142	0	0	0	0	0	0	-0	0	0	0.000446012	10.1247	0	0	
637	451	0	0	0	0	-0	-0	-0	-0	0	0.000343015	17.6829	0	0	
507	128	0	0	0	-0	0	-0	-0	0	0	0.0119251	0.142311	0	0	
456	314	0	0	0	0	-0	-0	-0	-0	-0	0.000368652	2.52816	0	0	
546	269	0	0	0	0	-0	-0	0	0	0	4.45979e-05	0.419818	0	0	
454	82	0	0	0	0	-0	-0	0	0	0	0.00218399	0.214178	0	0	
63	13	0	0	0	0	0	-0	-0	0	0	0.0118734	0.187139	0	0	
636	462	0	0	0	0	0	-0	0	-0	-0	0.00034761	17.8494	0	0	
448	231	0	0	0	-0	0	0	-0	-0	-0	0.00478722	3.2447	0	0	
346	213	0	0	0	-0	0	0	0	0	-0	0.000283226	1.7177	0	0	
583	276	0	0	0	0	0	0	0	-0	-0	0.000549054	17.0261	0	0	
206	114	0	0	0	0	0	0	-0	-0	0	0.00169973	0.656055	0	0	
473	32	0	0	0	-0	0	-0	0	0	-0	0.00116953	0.875926	0	0	
111	72	0	0	0	0	0	-0	0	0	0	0.0324013	0.121676	0	0	
225	212	0	0	0	-0	-0	-0	-0	-0	0	0.000675553	4.49348	0	0	
236	146	0	0	0	0	-0	-0	-0	0	-0	0.00133483	8.63972	0	0	
519	349	0	0	0	0	0	-0	-0	-0	-0	0.000368295	0.38851	0	0	
447	58	0	0	0	-0	0	-0	-0	-0	0	0.000332311	1.19613	0	0	
690	33	0	0	0	0	0	-0	-0	0	0	0.00871701	0.665305	0	0	
685	615	0	0	0	-0	0	-0	-0	-0	0	0.000264378	17.0048	0	0	
197	89	0	0	0	-0	-0	-0	0	-0	-0	0.002233	0.989775	0	0	
430	191	0	0	0	-0	0	0	-0	0	-0	0.000623182	5.93082	0	0	
474	466	0	0	0	0	0	-0	0	0	0	0.000464314	5.41708	0	0	
642	457	0	0	0	0	0	-0	-0	0	-0	0.000822	0.487416	0	0	
317	111	0	0	0	-0	0	-0	0	-0	-0	0.000609926	1.59246	0	0	
410	153	0	0	0	-0	0	-0	-0	0	0	0.000564318	6.94123	0	0	
73	56	0	0	0	0	0	0	0	-0	-0	0.0109824	0.337989	0	0	
59	8	0	0	0	-0	0	-0	-0	0	0	0.00190972	0.0540783	0	0	
111	2	0	0	0	-0	0	0	-0	0	-0	0.003461	0.645382	0	0	
100	12	0	0	0	0	-0	0	-0	0	0	0.000751208	0.459665	0	0	
681	666	0	0	0	-0	0	-0	0	0	-0	0.00149424	17.0909	0	0	
476	87	0	0	0	0	0	-0	-0	0	-0	0.000894386	16.6789	0	0	
671	549	0	0	0	-0	0	-0	0	0	0	0.000487154	14.9996	0	0	
619	129	0	0	0	-0	-0	0	-0	0	-0	0.00572626	0.747846	0	0	
340	160	0	0	0	-0	0	-0	-0	-0	0	0.00130957	4.42161	0	0	
64	54	0	0	0	0	-0	-0	0	-0	0	0.00126571	0.404164	0	0	
367	33	0	0	0	-0	-0	-0	-0	0	0	0.00140217	9.72128	0	0	
109	54	0	0	0	-0	0	-0	0	-0	-0	0.00326037	0.550745	0	0	
675	432	0	0	0	0	-0	0	-0	0	0	0.000263564	9.72911	0	0	
390	60	0	0	0	0	-0	-0	-0	-0	0	0.000944833	4.45932	0	0	
531	478	0	0	0	0	-0	-0	0	0	0	0.000719897	5.75151	0	0	
98	76	0	0	0	0	-0	-0	0	-0	0	0.0093266	8.81761	0	0	
294	29	0	0	0	0	-0	-0	-0	0	-0	0.00407632	0.534379	0	0	
384	348	0	0	0	-0	0	-0	-0	-0	0	0.000762	8.5401	0	0	
150	86	0	0	0	0	0	0	-0	0	-0	0.000610062	0.402029	0	0	
55	11	0	0	0	0	0	0	0	0	-0	5.02919e-05	0.00640401	0	0	
627	108	0	0	0	0	0	-0	-0	0	-0	4.70834e-05	0.604823	0	0	
438	99	0	0	0	-0	-0	0	-0	0	-0	0.00242427	1.84222	0	0	
299	6	0	0	0	-0	-0	0	-0	0	-0	0.000329136	1.92903	0	0	
532	254	0	0	0	0	-0	-0	0	0	0	0.000658636	13.6448	0	0	
452	34	0	0	0	-0	0	0	-0	-0	-0	0.000578443	5.65047	0	0	
662	26	0	0	0	-0	-0	-0	-0	-0	0	0.000661155	11.1444	0	0	
410	53	0	0	0	0	0	0	-0	0	0	0.000558282	7.17676	0	0	
657	479	0	0	0	0	0	0	-0	0	-0	0.000234779	5.55512	0	0	
504	38	0	0	0	-0	0	0	0	-0	0	0.000667708	2.24496	0	0	
65	40	0	0	0	0	0	-0	-0	-0	-0	0.0110143	0.163658	0	0	
537	156	0	0	0	0	-0	-0	0	-0	0	0.000766633	0.691633	0	0	
650	39	0	0	0	-0	-0	0	-0	-0	-0	0.000623878	3.75061	0	0	
508	129	0	0	0	-0	0	0	0	0	-0	0.00603026	0.498801	0	0	
616	436	0	0	0	0	-0	0	-0	-0	-0	0.00036505	5.28331	0	0	
558	59	0	0	0	0	-0	0	-0	0	0	0.000294967	0.458954	0	0	
135	10	0	0	0	0	0	-0	0	0	0	0.00302668	3.03123	0	0	
321	127	0	0	0	0	-0	-0	0	-0	0	0.000651469	1.05453	0	0	
563	176	0	0	0	-0	-0	0	-0	0	-0	0.00135693	3.85379	0	0	
340	234	0	0	0	-0	-0	0	-0	0	-0	0.00208748	0.367163	0	0	
422	412	0	0	0	0	0	0	0	-0	-0	0.000449713	3.35285	0	0	
230	55	0	0	0	-0	-0	0	-0	-0	-0	0.000988312	7.53823	0	0	
540	320	0	0	0	-0	0	0	0	0	-0	0.00140402	3.59763	0	0	
665	190	0	0	0	-0	0	-0	-0	-0	-0	0.000829478	2.50752	0	0	
694	623	0	0	0	0	-0	-0	0	0	0	0.00042056	1.85716	0	0	
173	65	0	0	0	0	0	0	-0	0	0	0.013922	0.449704	0	0	
622	236	0	0	0	-0	-0	0	0	0	0	0.000443065	13.5523	0	0	
93	33	0	0	0	-0	-0	0	0	0	0	0.000428893	0.0113849	0	0	
423	172	0	0	0	-0	0	-0	-0	-0	-0	0.00669308	2.29406	0	0	
448	69	0	0	0	0	-0	-0	-0	0	-0	0.00385209	0.609804	0	0	
112	50	0	0	0	0	0	0	-0	-0	0	0.00143861	0.00996179	0	0	
423	95	0	0	0	-0	0	0	-0	-0	-0	0.00110117	0.209198	0	0	
466	81	0	0	0	-0	-0	-0	-0	-0	0	0.00100206	0.458954	0	0	
76	59	0	0	0	0	0	0	0	0	-0	0.00761644	8.53583	0	0	
389	188	0	0	0	0	0	-0	0	0	0	0.00193096	0.155831	0	0	
512	28	0	0	0	0	0	-0	-0	0	0	0.000555175	15.8136	0	0	
173	45	0	0	0	-0	0	-0	-0	0	0	0.00803119	1.52771	0	0	
637	264	0	0	0	-0	0	-0	-0	-0	0	0.000338721	16.3793	0	0	
313	268	0	0	0	0	-0	0	0	-0	-0	0.00119422	5.07269	0	0	
182	98	0	0	0	0	-0	0	-0	-0	-0	0.0031491	10.1368	0	0	
486	107	0	0	0	-0	0	0	0	0	-0	0.000125721	0.293873	0	0	
591	166	0	0	0	0	-0	0	-0	0	0	9.41018e-06	1.12497	0	0	
291	177	0	0	0	-0	-0	0	-0	0	0	0.000962486	1.6437	0	0	
190	182	0	0	0	-0	0	-0	0	-0	-0	0.00263398	3.91285	0	0	
635	29	0	0	0	-0	0	0	-0	0	-0	0.000628047	3.56205	0	0	
471	423	0	0	0	0	0	-0	0	0	0	0.00433299	0.116695	0	0	
275	52	0	0	0	0	0	-0	0	0	0	0.0013839	2.28338	0	0	
179	27	0	0	0	0	-0	0	0	0	-0	0.012582	10.8569	0	0	
444	48	0	0	0	-0	-0	0	-0	0	-0	0.000539675	16.2157	0	0	
352	320	0	0	0	-0	0	0	0	0	-0	0.00050833	1.15841	0	0	
290	55	0	0	0	-0	0	-0	0	0	0	0.00831112	12.5768	0	0	
306	241	0	0	0	-0	-0	0	0	0	0	0.00188746	0.12808	0	0	
633	383	0	0	0	-0	-0	0	0	-0	-0	0.00158645	1.76253	0	0	
217	20	0	0	0	-0	-0	-0	-0	0	0	0.0020621	2.54737	0	0	
117	75	0	0	0	-0	-0	0	-0	0	-0	0.00630719	9.62451	0	0	
406	52	0	0	0	-0	-0	0	-0	0	-0	0.00435699	0.917196	0	0	
669	306	0	0	0	-0	0	0	0	0	-0	0.00157215	4.28072	0	0	
194	182	0	0	0	-0	0	0	0	0	-0	0.00551562	0.416261	0	0	
242	195	0	0	0	-0	0	-0	0	0	-0	0.00409022	7.38026	0	0	
464	136	0	0	0	0	0	0	0	-0	-0	0.000483698	0.245487	0	0	
375	135	0	0	0	-0	0	-0	-0	-0	0	0.00106453	1.28649	0	0	
607	38	0	0	0	-0	-0	-0	-0	0	-0	0.000643203	7.36105	0	0	
629	196	0	0	0	0	-0	0	-0	-0	0	0.000660377	16.0015	0	0	
221	159	0	0	0	-0	-0	-0	0	-0	0	0.000526154	10.6214	0	0	
691	351	0	0	0	-0	0	-0	-0	0	0	0.000263592	0.22841	0	0	
539	182	0	0	0	0	-0	-0	-0	0	-0	0.000800308	6.09377	0	0	
379	210	0	0	0	0	-0	0	-0	0	0	0.00147587	1.00685	0	0	
495	489	0	0	0	0	0	-0	0	-0	0	0.00030373	2.198	0	0	
699	408	0	0	0	-0	-0	-0	-0	0	-0	0.000486327	15.9147	0	0	
161	85	0	0	0	0	0	-0	0	-0	-0	0.0171045	3.35783	0	0	
536	145	0	0	0	0	0	0	0	0	-0	0.00057796	4.4394	0	0	
401	213	0	0	0	0	0	0	-0	-0	0	0.000391913	11.1259	0	0	
471	197	0	0	0	-0	-0	0	0	-0	-0	0.00822008	6.68151	0	0	
556	428	0	0	0	0	0	0	-0	-0	0	0.000602769	4.3654	0	0	
309	136	0	0	0	-0	-0	-0	0	-0	-0	0.000475273	0.490262	0	0	
409	286	0	0	0	-0	0	0	0	0	-0	0.000369912	15.835	0	0	
311	192	0	0	0	0	-0	0	0	-0	-0	0.000446277	15.8343	0	0	
668	59	0	0	0	0	0	-0	0	0	0	5.41479e-05	0.19639	0	0	
140	45	0	0	0	0	0	-0	-0	0	-0	0.00597594	4.55681	0	0	
589	542	0	0	0	-0	0	0	0	0	0	0.000253133	1.70133	0	0	
574	167	0	0	0	0	-0	-0	-0	-0	-0	0.000969108	0.189274	0	0	
682	29	0	0	0	-0	0	0	-0	0	-0	0.00104417	0.111714	0	0	
544	2	0	0	0	-0	0	0	-0	-0	-0	0.0131834	2.61639	0	0	
398	174	0	0	0	0	0	-0	-0	0	0	0.00120466	0.579207	0	0	
209	176	0	0	0	-0	-0	-0	0	-0	0	0.00230553	0.0291738	0	0	
447	224	0	0	0	-0	-0	0	-0	0	-0	0.000221369	0.977679	0	0	
576	347	0	0	0	0	-0	-0	0	-0	0	0.000321475	1.29432	0	0	
530	96	0	0	0	-0	-0	0	-0	0	0	0.000646413	6.43887	0	0	
360	70	0	0	0	-0	-0	0	0	0	0	0.000774937	3.93064	0	0	
482	142	0	0	0	-0	0	-0	0	-0	-0	0.000556875	14.9591	0	0	
631	118	0	0	0	0	-0	-0	0	0	-0	0.000665974	0.749269	0	0	
88	29	0	0	0	0	0	-0	-0	0	-0	0.0107403	7.32192	0	0	
49	45	0	0	0	0	-0	-0	-0	0	-0	0.000709751	4.33836	0	0	
186	17	0	0	0	0	-0	-0	-0	0	-0	0.0167232	1.92832	0	0	
431	141	0	0	0	0	-0	0	0	0	0	0.000475356	0.832521	0	0	
521	133	0	0	0	0	-0	0	-0	0	0	0.00106005	3.24185	0	0	
367	259	0	0	0	0	-0	0	-0	-0	0	0.000346199	5.7202	0	0	
279	172	0	0	0	0	-0	0	-0	-0	-0	0.0100751	0.353644	0	0	
110	87	0	0	0	-0	-0	-0	-0	0	0	0.00181481	0.310239	0	0	
21	8	0	0	0	-0	-0	0	-0	0	0	0.0076921	0.216313	0	0	
506	68	0	0	0	-0	-0	-0	0	-0	0	0.00358365	1.6565	0	0	
356	221	0	0	0	0	0	0	-0	0	-0	0.000310543	15.5062	0	0	
249	20	0	0	0	-0	-0	-0	0	-0	0	0.00078978	8.56429	0	0	
605	206	0	0	0	-0	0	0	-0	-0	-0	0.00205751	0.280353	0	0	
130	128	0	0	0	0	0	-0	-0	-0	-0	0.00271776	0.623323	0	0	
506	111	0	0	0	-0	-0	0	0	-0	0	0.00837952	1.99592	0	0	
630	187	0	0	0	-0	0	0	0	-0	0	8.77786e-05	15.492	0	0	
594	51	0	0	0	0	-0	0	-0	-0	-0	0.00266113	0.0860983	0	0	
551	373	0	0	0	0	0	0	-0	0	0	0.000256593	15.4664	0	0	
379	165	0	0	0	0	0	-0	-0	0	0	0.00272929	1.13707	0	0	
131	69	0	0	0	-0	0	0	0	-0	0	0.00533161	0.58988	0	0	
650	523	0	0	0	0	-0	-0	-0	-0	-0	0.000522276	1.44232	0	0	
392	178	0	0	0	-0	0	-0	0	0	-0	0.00129513	5.96782	0	0	
244	212	0	0	0	-0	0	-0	0	0	-0	0.000352576	4.9567	0	0	
174	133	0	0	0	0	0	0	0	0	-0	0.00469908	0.249045	0	0	
610	93	0	0	0	0	0	0	-0	-0	0	0.000476598	15.4251	0	0	
191	84	0	0	0	0	-0	0	0	-0	-0	0.00075756	6.53209	0	0	
229	179	0	0	0	0	-0	-0	0	0	-0	0.000697391	1.38042	0	0	
478	174	0	0	0	0	-0	0	-0	-0	-0	0.00133298	0.900119	0	0	
495	183	0	0	0	-0	-0	-0	0	-0	-0	0.000202943	1.23099	0	0	
126	48	0	0	0	-0	-0	-0	-0	0	-0	0.000500836	4.44367	0	0	
671	52	0	0	0	0	-0	-0	0	0	0	0.000679856	15.3319	0	0	
657	472	0	0	0	0	-0	-0	-0	0	-0	0.000773356	2.34316	0	0	
467	164	0	0	0	-0	-0	0	-0	-0	-0	0.00178592	0.702306	0	0	
164	30	0	0	0	0	0	0	-0	0	0	0.00480455	4.47427	0	0	
370	12	0	0	0	0	0	0	-0	0	0	0.00114899	10.0792	0	0	
617	142	0	0	0	0	-0	0	0	0	-0	0.000913505	2.67616	0	0	
561	286	0	0	0	-0	0	0	-0	-0	0	0.000359525	15.1362	0	0	
78	41	0	0	0	-0	0	-0	-0	-0	-0	0.00841492	2.4627	0	0	
198	107	0	0	0	0	0	0	-0	0	0	5.96595e-05	0.466781	0	0	
528	164	0	0	0	-0	0	-0	-0	-0	-0	0.00384785	7.85843	0	0	
395	356	0	0	0	-0	0	-0	-0	-0	-0	0.000156096	15.2693	0	0	
287	154	0	0	0	-0	-0	0	-0	-0	-0	0.000454934	0.806193	0	0	
24	19	0	0	0	0	0	0	0	-0	0	0.00612802	0.424799	0	0	
448	198	0	0	0	-0	-0	-0	0	0	-0	0.00110384	4.14624	0	0	
31	17	0	0	0	-0	-0	0	-0	0	0	0.0039196	5.0122	0	0	
151	129	0	0	0	-0	-0	0	0	-0	0	0.00573851	2.21152	0	0	
425	189	0	0	0	-0	-0	-0	0	-0	-0	0.00102303	0.170062	0	0	
419	36	0	0	0	-0	0	0	-0	-0	-0	0.00315995	5.50816	0	0	
528	110	0	0	0	-0	-0	0	-0	0	-0	0.000957857	2.0009	0	0	
195	174	0	0	0	0	-0	-0	-0	-0	-0	0.0109415	0.42053	0	0	
619	151	0	0	0	-0	-0	-0	-0	0	0	0.00717383	0.520148	0	0	
199	125	0	0	0	0	0	-0	-0	0	0	0.00293606	2.05071	0	0	
609	132	0	0	0	0	0	0	0	0	-0	0.000273306	0.241929	0	0	
285	102	0	0	0	0	-0	0	-0	-0	0	0.000784873	2.38016	0	0	
619	282	0	0	0	-0	0	-0	-0	0	0	0.00424683	1.4836	0	0	
314	10	0	0	0	-0	-0	-0	-0	0	-0	0.000928547	0.17362	0	0	
559	20	0	0	0	0	-0	-0	0	0	0	0.00655623	3.68871	0	0	
695	245	0	0	0	-0	0	-0	-0	-0	-0	0.000335132	1.11216	0	0	
545	192	0	0	0	0	0	0	-0	0	0	0.000526401	11.6261	0	0	
308	294	0	0	0	-0	0	0	0	0	-0	0.000911449	0.150138	0	0	
387	170	0	0	0	0	-0	0	-0	-0	-0	0.000480621	0.340836	0	0	
493	315	0	0	0	-0	-0	0	-0	0	-0	0.00478693	3.02625	0	0	
583	354	0	0	0	0	0	-0	0	0	0	0.000219723	3.3493	0	0	
126	18	0	0	0	0	-0	-0	0	0	0	0.00250062	5.03497	0	0	
293	251	0	0	0	-0	-0	-0	-0	0	-0	0.000428673	3.82604	0	0	
571	508	0	0	0	-0	-0	-0	0	-0	0	0.00253366	9.63661	0	0	
316	52	0	0	0	0	0	-0	-0	-0	-0	0.000444315	3.24683	0	0	
492	252	0	0	0	0	-0	-0	-0	0	-0	0.000309155	0.295296	0	0	
350	185	0	0	0	-0	-0	0	-0	0	-0	0.00112727	3.27814	0	0	
449	61	0	0	0	0	-0	0	-0	-0	0	0.000749662	2.86117	0	0	
306	42	0	0	0	0	0	-0	0	-0	-0	0.00215128	3.85308	0	0	
445	260	0	0	0	0	-0	-0	0	-0	0	0.0010525	1.99592	0	0	
104	6	0	0	0	0	-0	0	-0	-0	0	0.0130094	0.108157	0	0	
686	101	0	0	0	0	-0	0	0	-0	-0	0.000902986	10.0756	0	0	
384	132	0	0	0	-0	0	-0	-0	-0	0	0.000906369	5.78993	0	0	
107	94	0	0	0	-0	-0	0	0	-0	-0	0.00839498	0.0846752	0	0	
559	0	0	0	0	-0	-0	0	0	0	0	0.0161916	2.5061	0	0	
303	130	0	0	0	-0	0	0	-0	-0	-0	0.000568175	5.41068	0	0	
231	172	0	0	0	-0	-0	-0	0	0	-0	0.00365629	0.152273	0	0	
51	39	0	0	0	-0	0	0	0	-0	0	0.00456187	4.61871	0	0	
611	137	0	0	0	0	-0	-0	-0	-0	-0	0.000545854	1.17193	0	0	
277	42	0	0	0	0	0	-0	-0	0	-0	0.00107196	4.39457	0	0	
202	100	0	0	0	0	-0	-0	-0	-0	0	0.00114108	1.53625	0	0	
642	298	0	0	0	0	0	0	0	0	-0	6.02153e-05	4.93322	0	0	
97	91	0	0	0	-0	-0	-0	0	-0	-0	0.00408136	0.704441	0	0	
115	86	0	0	0	-0	0	-0	-0	0	0	0.00168453	1.17976	0	0	
98	65	0	0	0	0	0	-0	-0	0	0	0.0151697	0.439742	0	0	
188	142	0	0	0	0	0	0	0	-0	0	0.00191456	8.9585	0	0	
18	6	0	0	0	0	0	0	-0	-0	0	0.000196586	0.342259	0	0	
399	24	0	0	0	-0	-0	-0	-0	0	-0	0.00197619	2.30189	0	0	
588	239	0	0	0	-0	0	0	-0	-0	0	0.000501581	1.08441	0	0	
318	305	0	0	0	-0	-0	-0	-0	0	0	0.000414722	13.252	0	0	
626	236	0	0	0	-0	-0	0	-0	0	0	0.000122421	14.0283	0	0	
78	9	0	0	0	0	-0	-0	-0	0	-0	0.00449331	3.4297	0	0	
51	4	0	0	0	0	0	0	0	-0	0	0.00460695	1.52985	0	0	
100	24	0	0	0	0	0	0	-0	-0	0	0.0117696	5.31888	0	0	
635	111	0	0	0	-0	0	-0	-0	0	0	0.00116908	3.50015	0	0	
115	67	0	0	0	0	0	-0	-0	-0	-0	0.00433921	3.64957	0	0	
273	246	0	0	0	0	0	0	-0	0	-0	0.002098	0.0889446	0	0	
399	184	0	0	0	-0	-0	0	-0	0	-0	0.00129161	1.61452	0	0	
513	225	0	0	0	0	-0	0	-0	-0	0	0.000539998	9.71132	0	0	
35	5	0	0	0	-0	0	0	-0	-0	-0	0.0015088	0.480301	0	0	
493	406	0	0	0	0	-0	-0	0	-0	0	0.00533511	0.374279	0	0	
645	499	0	0	0	-0	-0	-0	0	0	-0	0.000464119	2.7587	0	0	
509	62	0	0	0	-0	-0	0	-0	0	0	0.000291069	1.80095	0	0	
422	148	0	0	0	0	-0	0	0	0	-0	0.00097529	3.63961	0	0	
378	53	0	0	0	0	0	-0	-0	0	-0	0.0010646	0.130215	0	0	
329	73	0	0	0	-0	-0	-0	0	-0	0	0.00298303	4.52479	0	0	
625	439	0	0	0	-0	0	-0	0	-0	-0	0.000488165	14.6865	0	0	
589	36	0	0	0	-0	0	0	0	0	-0	0.000423136	8.31098	0	0	
5	3	0	0	0	0	-0	-0	0	-0	0	0.0023559	2.06778	0	0	
524	503	0	0	0	0	0	-0	-0	0	-0	0.000612535	2.88678	0	0	
231	122	0	0	0	0	-0	0	0	0	-0	0.00038963	2.48831	0	0	
427	266	0	0	0	-0	-0	-0	0	-0	0	0.00026156	0.286046	0	0	
366	283	0	0	0	-0	0	0	0	-0	0	0.000446589	10.7765	0	0	
248	92	0	0	0	-0	0	-0	0	0	0	0.0183094	0.0711556	0	0	
408	187	0	0	0	0	0	-0	0	-0	0	0.000829773	1.32136	0	0	
475	18	0	0	0	0	0	0	-0	-0	0	0.00091909	5.40285	0	0	
191	121	0	0	0	0	0	-0	-0	-0	-0	0.00352278	5.11823	0	0	
199	58	0	0	0	0	-0	0	-0	0	0	0.000724971	2.31327	0	0	
141	5	0	0	0	-0	0	0	0	0	0	9.03932e-05	0.592015	0	0	
376	200	0	0	0	0	-0	-0	-0	-0	-0	0.000439384	4.08078	0	0	
526	102	0	0	0	-0	0	0	-0	-0	-0	0.00310089	0.463935	0	0	
568	104	0	0	0	-0	0	-0	0	-0	-0	0.00126813	0.717249	0	0	
211	148	0	0	0	0	-0	-0	0	0	-0	0.000977361	3.57344	0	0	
497	9	0	0	0	-0	0	-0	-0	-0	0	0.000541914	5.45693	0	0	
118	68	0	0	0	0	0	0	-0	0	-0	0.00656114	0.331585	0	0	
154	15	0	0	0	0	0	0	0	-0	0	0.00273965	3.70365	0	0	
243	34	0	0	0	0	0	0	-0	0	0	0.000712831	12.3604	0	0	
405	3	0	0	0	0	-0	-0	0	0	0	0.00131273	1.80878	0	0	
441	249	0	0	0	0	0	0	0	0	-0	0.000808721	5.90023	0	0	
142	26	0	0	0	0	0	0	-0	0	-0	0.00156183	14.0497	0	0	
476	347	0	0	0	0	0	0	0	-0	0	0.000648732	3.05898	0	0	
662	314	0	0	0	-0	-0	0	-0	-0	-0	0.000514746	3.71859	0	0	
234	50	0	0	0	-0	0	-0	-0	0	0	0.00316968	0.199236	0	0	
573	174	0	0	0	-0	-0	0	0	-0	-0	0.00101996	0.843194	0	0	
508	100	0	0	0	-0	0	0	0	0	-0	0.00636983	0.258295	0	0	
621	354	0	0	0	0	-0	0	-0	-0	-0	2.60429e-05	9.72128	0	0	
692	265	0	0	0	-0	0	0	0	0	-0	0.000413784	1.03247	0	0	
204	184	0	0	0	-0	0	0	0	0	0	0.000567045	9.20683	0	0	
198	95	0	0	0	-0	-0	0	0	0	0	0.00186314	6.05748	0	0	
682	1	0	0	0	-0	-0	0	-0	0	-0	0.000171973	5.38862	0	0	
687	156	0	0	0	0	-0	0	-0	-0	-0	0.000549615	10.4848	0	0	
246	85	0	0	0	-0	-0	0	-0	-0	-0	0.000471668	3.63392	0	0	
681	454	0	0	0	0	-0	-0	-0	0	-0	0.00125609	2.14178	0	0	
126	31	0	0	0	0	0	0	0	0	-0	0.00193234	4.30136	0	0	
503	101	0	0	0	-0	-0	-0	0	-0	-0	0.000314312	0.869522	0	0	
646	131	0	0	0	-0	0	-0	0	0	-0	0.000664135	3.99325	0	0	
155	136	0	0	0	-0	-0	0	0	-0	0	0.000159885	1.29717	0	0	
500	169	0	0	0	-0	-0	-0	-0	0	0	0.000939004	0.0875214	0	0	
484	39	0	0	0	0	0	-0	0	-0	0	0.00062007	2.51678	0	0	
583	205	0	0	0	0	-0	-0	0	0	-0	0.000346479	10.9686	0	0	
199	66	0	0	0	0	0	-0	-0	0	0	0.00224264	7.24863	0	0	
374	357	0	0	0	-0	-0	-0	0	-0	0	8.07167e-05	6.66373	0	0	
346	199	0	0	0	0	0	-0	0	-0	-0	0.000382876	1.68212	0	0	
272	13	0	0	0	-0	0	-0	-0	0	0	0.00118957	8.57426	0	0	
342	33	0	0	0	0	-0	0	-0	-0	-0	0.00172094	8.84109	0	0	
324	162	0	0	0	-0	0	-0	0	-0	-0	0.000573227	0.643959	0	0	
270	11	0	0	0	0	0	0	0	0	-0	0.00535178	0.994044	0	0	
256	59	0	0	0	0	-0	-0	-0	-0	0	0.000665406	1.30428	0	0	
634	45	0	0	0	-0	0	-0	0	0	-0	0.00176298	1.27084	0	0	
685	524	0	0	0	0	-0	0	-0	-0	-0	0.000395702	13.8383	0	0	
84	46	0	0	0	-0	-0	0	-0	0	-0	0.00235993	4.00179	0	0	
515	2	0	0	0	-0	-0	0	-0	0	-0	0.000455633	0.807617	0	0	
427	351	0	0	0	0	-0	-0	-0	-0	0	0.00137924	0.438319	0	0	
106	90	0	0	0	0	0	0	-0	-0	0	0.00170032	0.365028	0	0	
157	90	0	0	0	-0	-0	0	-0	0	-0	0.00278418	6.79394	0	0	
403	28	0	0	0	-0	-0	0	0	-0	0	0.000645425	10.3531	0	0	
505	121	0	0	0	0	0	-0	0	-0	-0	0.000857629	3.38203	0	0	
141	127	0	0	0	0	0	0	0	-0	0	0.00309535	11.333	0	0	
683	482	0	0	0	-0	-0	0	-0	0	0	0.000337773	2.21863	0	0	
565	557	0	0	0	-0	0	0	-0	-0	0	0.000309982	9.944	0	0	
228	91	0	0	0	0	0	-0	-0	0	0	0.000283312	0.737172	0	0	
203	20	0	0	0	-0	0	-0	-0	-0	0	0.000781464	1.83937	0	0	
29	1	0	0	0	0	-0	-0	-0	-0	0	0.0122474	1.30001	0	0	
172	14	0	0	0	-0	0	0	-0	-0	-0	0.00630732	0.019212	0	0	
492	220	0	0	0	0	0	0	-0	0	0	0.000567172	1.17193	0	0	
516	263	0	0	0	-0	-0	0	-0	0	0	0.000371479	12.6479	0	0	
269	25	0	0	0	0	0	-0	-0	0	0	5.49252e-05	1.74687	0	0	
253	33	0	0	0	-0	0	-0	-0	-0	0	0.00161329	7.35892	0	0	
638	303	0	0	0	0	0	-0	0	0	0	0.000352739	5.83405	0	0	
510	185	0	0	0	-0	-0	-0	-0	-0	0	0.000999903	1.2744	0	0	
237	79	0	0	0	-0	-0	-0	0	0	-0	0.00063823	7.30057	0	0	
524	153	0	0	0	0	-0	-0	0	0	-0	0.000606144	1.30499	0	0	
143	22	0	0	0	-0	-0	0	-0	-0	-0	0.00381688	0.202082	0	0	
406	35	0	0	0	0	0	0	-0	0	0	0.00524023	0.42978	0	0	
476	216	0	0	0	-0	0	-0	0	0	0	0.000355448	1.70845	0	0	
492	91	0	0	0	-0	0	-0	-0	0	0	0.000505647	4.655	0	0	
272	150	0	0	0	-0	0	0	-0	0	-0	0.000162648	3.27672	0	0	
475	126	0	0	0	-0	-0	0	0	-0	0	0.000580757	0.560706	0	0	
558	477	0	0	0	-0	-0	-0	0	-0	-0	0.000198851	1.57681	0	0	
147	32	0	0	0	0	0	-0	0	0	0	0.0166586	4.27645	0	0	
545	97	0	0	0	-0	-0	0	-0	0	-0	0.000684437	12.1605	0	0	
664	28	0	0	0	-0	0	0	0	0	-0	0.000554017	9.55193	0	0	
393	6	0	0	0	0	-0	0	-0	0	0	0.00110842	1.85645	0	0	
77	69	0	0	0	0	-0	0	-0	-0	-0	0.00262501	0.999737	0	0	
616	468	0	0	0	-0	0	0	-0	-0	-0	0.000372522	9.69211	0	0	
134	83	0	0	0	0	0	-0	-0	0	-0	0.00600757	8.22702	0	0	
696	187	0	0	0	-0	0	-0	0	0	-0	0.00134661	0.717249	0	0	
381	61	0	0	0	0	-0	-0	-0	-0	-0	0.000335973	3.31158	0	0	
304	145	0	0	0	0	0	0	-0	-0	0	0.00179876	0.15085	0	0	
459	34	0	0	0	0	-0	0	-0	0	0	0.000186133	4.91472	0	0	
485	192	0	0	0	0	-0	0	0	0	0	0.000483705	6.48726	0	0	
510	255	0	0	0	0	-0	-0	-0	0	-0	0.00133347	2.29548	0	0	
600	93	0	0	0	-0	-0	0	0	-0	-0	0.000572271	5.62628	0	0	
638	28	0	0	0	-0	0	0	0	0	-0	0.000540317	4.8827	0	0	
155	100	0	0	0	-0	-0	-0	-0	-0	0	0.0081458	1.85859	0	0	
543	336	0	0	0	0	-0	0	-0	-0	0	0.000633335	8.25832	0	0	
585	0	0	0	0	0	0	-0	-0	0	-0	0.00143097	1.16695	0	0	
325	165	0	0	0	-0	-0	-0	-0	0	0	0.000111737	0.563553	0	0	
578	5	0	0	0	0	-0	-0	-0	0	-0	0.000843579	0.668151	0	0	
222	181	0	0	0	0	0	0	0	0	-0	0.000482274	0.025616	0	0	
182	33	0	0	0	-0	0	0	0	-0	0	0.00267634	6.87648	0	0	
120	2	0	0	0	0	-0	0	-0	0	0	0.000175536	1.3605	0	0	
653	280	0	0	0	0	0	-0	0	0	0	0.00084299	8.81405	0	0	
469	9	0	0	0	0	0	0	0	-0	0	0.000510329	1.89203	0	0	
532	105	0	0	0	-0	0	0	0	0	-0	0.00231429	0.243352	0	0	
481	250	0	0	0	0	-0	0	-0	-0	-0	0.000183017	0.453973	0	0	
540	89	0	0	0	-0	0	-0	0	0	0	0.00316363	1.92049	0	0	
129	41	0	0	0	0	0	-0	-0	0	0	0.0133787	2.2599	0	0	
72	69	0	0	0	-0	-0	-0	-0	-0	0	0.000785971	1.52202	0	0	
668	291	0	0	0	0	-0	-0	0	0	-0	0.000294212	4.63437	0	0	
620	146	0	0	0	-0	0	-0	0	0	-0	0.000411433	2.89959	0	0	
607	95	0	0	0	0	-0	-0	-0	0	-0	0.000801663	0.203505	0	0	
137	128	0	0	0	-0	-0	-0	-0	0	-0	0.00103088	1.61879	0	0	
242	184	0	0	0	-0	0	-0	0	0	-0	0.000728881	0.0313085	0	0	
299	140	0	0	0	-0	0	0	-0	0	-0	0.00144601	2.09482	0	0	
614	205	0	0	0	-0	0	-0	0	0	0	0.000137277	1.40248	0	0	
142	133	0	0	0	0	-0	-0	-0	0	-0	0.00246031	3.17639	0	0	
34	18	0	0	0	-0	0	-0	-0	-0	0	0.0027556	4.65785	0	0	
350	183	0	0	0	-0	0	-0	-0	0	0	0.000968083	9.21323	0	0	
400	322	0	0	0	-0	-0	0	0	-0	-0	0.000359011	10.4791	0	0	
209	67	0	0	0	-0	-0	0	-0	-0	-0	0.00135106	4.36896	0	0	
388	250	0	0	0	-0	-0	0	-0	-0	-0	0.000494165	0.738596	0	0	
540	197	0	0	0	0	0	-0	-0	0	0	0.00104054	5.96925	0	0	
80	30	0	0	0	-0	-0	0	0	0	0	5.24132e-05	0.982659	0	0	
529	130	0	0	0	0	0	0	-0	0	-0	0.00109751	1.21747	0	0	
314	201	0	0	0	-0	-0	0	-0	-0	-0	0.00105337	2.72597	0	0	
445	181	0	0	0	-0	0	0	0	-0	0	0.000573986	0.162235	0	0	
640	600	0	0	0	0	0	0	-0	0	-0	0.000291398	6.2866	0	0	
599	180	0	0	0	-0	-0	-0	-0	0	0	0.00107026	0.538648	0	0	
507	52	0	0	0	0	-0	0	-0	0	0	0.0143341	1.88136	0	0	
576	139	0	0	0	0	-0	0	-0	0	0	0.00266744	0.0334432	0	0	
402	190	0	0	0	-0	-0	-0	-0	-0	0	0.000423441	0.341547	0	0	
551	217	0	0	0	0	0	0	0	-0	0	0.000175555	2.36877	0	0	
345	47	0	0	0	-0	0	-0	-0	0	0	0.000366228	0.358624	0	0	
148	62	0	0	0	-0	-0	0	0	0	0	0.00184984	0.0953486	0	0	
270	122	0	0	0	-0	0	0	0	0	-0	0.00502741	0.687364	0	0	
508	12	0	0	0	-0	-0	-0	-0	0	-0	0.0035708	0.757096	0	0	
389	298	0	0	0	-0	0	0	0	0	0	0.000411209	4.45079	0	0	
166	59	0	0	0	0	0	0	0	-0	-0	0.0058267	0.69021	0	0	
128	86	0	0	0	0	-0	-0	0	0	0	0.00384146	1.46865	0	0	
106	79	0	0	0	0	-0	0	-0	-0	-0	0.000957311	2.94157	0	0	
261	74	0	0	0	0	-0	-0	0	0	-0	0.000431545	10.1546	0	0	
591	37	0	0	0	0	-0	-0	0	-0	0	0.000781426	1.09437	0	0	
483	267	0	0	0	-0	-0	0	0	0	0	0.000338292	4.51625	0	0	
666	171	0	0	0	-0	-0	0	0	-0	-0	0.00446138	0.392068	0	0	
353	277	0	0	0	0	-0	0	0	0	0	0.000603542	4.80728	0	0	
528	92	0	0	0	-0	-0	-0	-0	0	-0	0.0104357	3.7926	0	0	
271	150	0	0	0	0	0	0	-0	-0	0	0.000710745	8.55006	0	0	
570	144	0	0	0	-0	-0	-0	-0	0	-0	0.000536715	6.86723	0	0	
684	194	0	0	0	-0	0	0	-0	0	-0	0.00065653	6.83592	0	0	
194	167	0	0	0	-0	-0	-0	-0	-0	0	0.00603008	1.60669	0	0	
82	1	0	0	0	0	0	0	-0	0	0	0.00724585	5.4797	0	0	
301	127	0	0	0	0	-0	-0	0	0	0	0.0002955	0.536514	0	0	
101	13	0	0	0	-0	0	-0	-0	-0	0	0.00479519	6.71353	0	0	
48	22	0	0	0	0	-0	-0	0	-0	0	0.00449502	0.684517	0	0	
137	103	0	0	0	0	-0	-0	0	0	0	0.0075549	0.367875	0	0	
617	575	0	0	0	0	0	-0	0	-0	0	0.000679246	2.5673	0	0	
652	112	0	0	0	-0	0	-0	0	0	0	0.00640398	11.3806	0	0	
628	592	0	0	0	0	-0	-0	0	-0	0	0.00118962	0.321624	0	0	
429	9	0	0	0	0	-0	-0	-0	0	-0	0.00101842	2.83484	0	0	
102	44	0	0	0	0	0	-0	0	0	0	0.00485314	1.73762	0	0	
183	119	0	0	0	0	-0	-0	0	0	0	0.00863077	0.349374	0	0	
669	659	0	0	0	-0	0	0	-0	0	-0	0.000820319	12.3242	0	0	
644	299	0	0	0	-0	0	0	0	-0	0	0.00088742	1.527	0	0	
574	171	0	0	0	0	-0	0	0	0	-0	0.00162006	0.572803	0	0	
387	111	0	0	0	-0	-0	-0	-0	-0	0	0.00407326	0.134484	0	0	
503	53	0	0	0	0	-0	0	-0	-0	-0	0.000495063	4.29495	0	0	
163	122	0	0	0	0	0	-0	0	-0	0	0.0037771	0.11883	0	0	
560	78	0	0	0	-0	0	-0	-0	-0	-0	0.00107495	0.231967	0	0	
413	93	0	0	0	-0	-0	0	0	0	0	0.000471725	7.07714	0	0	
356	44	0	0	0	0	-0	-0	-0	0	-0	0.00116054	5.77001	0	0	
383	335	0	0	0	0	-0	-0	-0	0	-0	0.000372028	12.2701	0	0	
602	12	0	0	0	-0	0	0	0	-0	0	0.000127454	5.53235	0	0	
125	108	0	0	0	0	-0	0	-0	-0	-0	0.00449191	6.36131	0	0	
551	307	0	0	0	-0	0	0	0	0	0	0.000179725	8.1644	0	0	
294	231	0	0	0	-0	-0	0	0	0	0	0.00386481	2.73878	0	0	
106	63	0	0	0	0	-0	-0	0	-0	0	0.00265976	0.606246	0	0	
267	35	0	0	0	0	0	-0	-0	0	-0	0.000287332	12.2573	0	0	
689	552	0	0	0	-0	0	0	0	0	0	0.000232285	0.31522	0	0	
685	153	0	0	0	0	-0	-0	-0	-0	-0	0.00051482	3.73781	0	0	
633	317	0	0	0	-0	-0	-0	0	-0	-0	0.00197197	0.0896561	0	0	
672	512	0	0	0	-0	0	-0	-0	-0	0	0.000266403	5.91873	0	0	
648	18	0	0	0	0	-0	-0	-0	-0	-0	0.000884161	3.30233	0	0	
301	79	0	0	0	-0	-0	0	0	-0	0	0.000604784	0.828252	0	0	
427	193	0	0	0	0	-0	-0	-0	-0	-0	0.00184339	0.611939	0	0	
434	33	0	0	0	-0	-0	-0	-0	0	0	0.000577051	8.0477	0	0	
575	28	0	0	0	-0	-0	-0	-0	0	-0	0.000978604	3.31799	0	0	
629	143	0	0	0	-0	0	0	-0	-0	0	0.000740248	8.54437	0	0	
360	175	0	0	0	-0	0	0	0	0	-0	0.000788495	0.172197	0	0	
201	135	0	0	0	0	-0	0	0	0	-0	0.00138628	1.65935	0	0	
468	53	0	0	0	0	0	-0	0	-0	-0	0.000529459	12.1406	0	0	
490	61	0	0	0	0	0	-0	0	-0	-0	0.00262301	7.38738	0	0	
557	35	0	0	0	-0	0	0	0	0	-0	0.000651368	12.1228	0	0	
40	10	0	0	0	-0	-0	-0	-0	0	-0	0.000192568	4.76814	0	0	
140	37	0	0	0	-0	-0	0	0	0	0	0.00812474	6.50291	0	0	
602	152	0	0	0	0	0	0	-0	0	0	0.000407849	5.75791	0	0	
636	251	0	0	0	0	0	-0	-0	0	-0	0.000393513	2.58153	0	0	
179	9	0	0	0	0	0	0	0	-0	-0	0.00238124	4.77597	0	0	
623	136	0	0	0	0	0	0	0	-0	0	0.000532427	0.0448281	0	0	
610	413	0	0	0	-0	-0	0	-0	0	-0	0.000387772	2.04786	0	0	
563	395	0	0	0	0	-0	0	-0	0	0	0.000464823	2.57797	0	0	
152	12	0	0	0	-0	0	0	-0	-0	0	0.00170733	0.372144	0	0	
166	62	0	0	0	0	-0	-0	0	0	-0	0.0053785	4.02599	0	0	
664	54	0	0	0	-0	-0	-0	0	0	-0	0.00144298	0.133773	0	0	
578	57	0	0	0	-0	0	-0	0	-0	-0	7.24476e-05	0.222006	0	0	
340	112	0	0	0	-0	0	-0	-0	-0	0	0.000431136	0.677402	0	0	
647	604	0	0	0	0	-0	0	0	0	-0	0.000162196	6.12508	0	0	
290	139	0	0	0	0	0	-0	-0	0	-0	0.00267707	2.75443	0	0	
491	48	0	0	0	-0	-0	-0	-0	-0	0	0.000279316	11.6596	0	0	
71	58	0	0	0	-0	0	-0	-0	-0	0	0.0015863	1.38469	0	0	
603	368	0	0	0	0	0	-0	-0	0	0	0.000227408	6.39049	0	0	
651	88	0	0	0	0	-0	-0	-0	0	-0	0.00270026	0.39776	0	0	
653	39	0	0	0	-0	0	-0	0	0	0	0.00321801	0.175043	0	0	
290	30	0	0	0	0	0	0	-0	0	-0	0.00397878	2.85903	0	0	
186	176	0	0	0	0	0	-0	-0	-0	-0	0.0102461	1.23384	0	0	
286	151	0	0	0	-0	0	-0	0	0	0	0.000935532	1.7056	0	0	
665	283	0	0	0	-0	0	-0	-0	-0	0	0.000525314	11.9477	0	0	
172	61	0	0	0	-0	-0	0	-0	-0	-0	0.0042512	11.9456	0	0	
279	163	0	0	0	0	-0	-0	-0	-0	-0	0.00649649	0.106022	0	0	
357	126	0	0	0	-0	0	-0	0	0	-0	0.00217721	0.0647516	0	0	
660	110	0	0	0	-0	0	0	0	-0	0	0.000415253	4.63294	0	0	
439	260	0	0	0	-0	-0	-0	-0	0	0	0.000570729	1.26017	0	0	
672	575	0	0	0	0	-0	0	0	0	0	0.000174871	5.11751	0	0	
554	89	0	0	0	0	-0	-0	0	0	0	0.00154347	0.0697325	0	0	
690	40	0	0	0	-0	0	0	-0	0	-0	0.000809579	6.69859	0	0	
615	524	0	0	0	-0	-0	0	0	-0	-0	0.000484966	2.96577	0	0	
582	139	0	0	0	-0	-0	-0	0	-0	0	0.000370496	0.588457	0	0	
613	189	0	0	0	0	0	-0	-0	0	-0	0.00172007	0.123099	0	0	
586	163	0	0	0	-0	-0	-0	-0	0	0	0.000799496	3.06183	0	0	
613	26	0	0	0	-0	0	-0	0	0	-0	0.000603982	5.92371	0	0	
426	157	0	0	0	-0	0	0	0	-0	0	0.000763723	1.4594	0	0	
607	423	0	0	0	0	-0	0	0	0	-0	0.00320082	0.698037	0	0	
94	80	0	0	0	-0	0	0	-0	0	-0	0.00498196	0.661036	0	0	
406	233	0	0	0	-0	0	-0	-0	-0	0	0.000730645	0.556437	0	0	
697	695	0	0	0	0	0	-0	0	-0	0	0.000249114	11.7656	0	0	
441	439	0	0	0	0	-0	0	0	0	-0	0.000563245	11.4731	0	0	
363	179	0	0	0	0	0	-0	0	-0	0	0.000714918	0.837502	0	0	
677	74	0	0	0	-0	-0	-0	0	-0	-0	0.000557028	11.7079	0	0	
621	137	0	0	0	0	-0	0	-0	-0	-0	0.000698432	4.93962	0	0	
624	557	0	0	0	-0	-0	0	0	-0	0	0.000309284	11.503	0	0	
329	270	0	0	0	-0	0	0	-0	-0	-0	0.0117316	0.698037	0	0	
450	62	0	0	0	0	0	0	-0	0	-0	0.000751228	2.26844	0	0	
155	42	0	0	0	-0	0	-0	-0	-0	0	0.00312465	1.44161	0	0	
651	207	0	0	0	-0	0	-0	-0	-0	-0	0.00216074	0.463223	0	0	
677	224	0	0	0	-0	-0	0	0	-0	-0	0.000355008	11.2084	0	0	
560	494	0	0	0	0	0	0	0	0	-0	0.000168721	2.70747	0	0	
614	167	0	0	0	-0	0	0	0	0	0	0.000251967	1.54479	0	0	
232	197	0	0	0	0	-0	0	0	0	-0	0.00120179	3.27102	0	0	
657	3	0	0	0	-0	-0	-0	-0	0	-0	0.000491427	10.8363	0	0	
105	40	0	0	0	0	-0	0	-0	-0	0	0.0103512	0.373567	0	0	
279	270	0	0	0	-0	-0	0	0	-0	-0	0.010679	0.879484	0	0	
145	49	0	0	0	0	0	0	-0	0	-0	0.000685115	0.875926	0	0	
38	14	0	0	0	-0	0	-0	0	0	-0	6.70976e-05	4.42019	0	0	
654	509	0	0	0	0	0	-0	-0	0	-0	0.000188509	3.05756	0	0	
212	124	0	0	0	0	-0	-0	0	-0	0	0.00350479	0.120965	0	0	
191	36	0	0	0	0	-0	0	0	-0	-0	0.000462575	5.0492	0	0	
255	125	0	0	0	0	-0	0	-0	0	0	0.00246649	2.09411	0	0	
628	193	0	0	0	-0	-0	-0	-0	0	0	0.00464883	0.0989063	0	0	
323	73	0	0	0	0	-0	-0	-0	-0	-0	0.000244654	4.03381	0	0	
559	264	0	0	0	0	0	0	0	-0	-0	0.000122404	3.37135	0	0	
215	6	0	0	0	-0	-0	0	0	0	0	0.000635602	3.725	0	0	
103	54	0	0	0	0	0	-0	-0	-0	-0	0.00180351	3.43611	0	0	
674	280	0	0	0	0	-0	0	0	0	-0	0.000249429	10.8149	0	0	
126	117	0	0	0	0	-0	0	0	0	-0	0.00389559	6.63455	0	0	
641	380	0	0	0	0	-0	0	0	0	-0	0.000464811	9.95894	0	0	
531	450	0	0	0	0	-0	0	-0	0	0	0.000359469	11.0526	0	0	
652	160	0	0	0	-0	0	-0	0	0	-0	0.010529	0.848175	0	0	
268	18	0	0	0	-0	0	-0	-0	-0	0	0.0029534	0.0633285	0	0	
517	170	0	0	0	0	0	-0	0	-0	-0	0.00215409	0.473185	0	0	
141	21	0	0	0	-0	-0	0	0	0	0	0.00572153	11.0241	0	0	
56	45	0	0	0	-0	0	-0	-0	-0	0	0.00615467	2.41502	0	0	
158	92	0	0	0	-0	0	-0	-0	-0	-0	0.00631551	2.84338	0	0	
294	124	0	0	0	-0	-0	-0	0	-0	-0	0.00391852	0.34297	0	0	
123	119	0	0	0	0	-0	-0	-0	-0	0	0.0151417	1.89274	0	0	
123	23	0	0	0	-0	0	-0	-0	0	0	0.0126095	2.42285	0	0	
366	118	0	0	0	-0	0	-0	0	0	0	0.00136269	1.89345	0	0	
180	84	0	0	0	0	0	-0	0	-0	0	0.00564675	0.890157	0	0	
398	19	0	0	0	0	0	0	-0	0	0	0.00103388	9.60174	0	0	
566	137	0	0	0	0	-0	0	0	0	-0	6.18897e-05	0.926446	0	0	
421	149	0	0	0	-0	0	-0	0	-0	-0	0.000586283	10.8605	0	0	
189	101	0	0	0	0	-0	-0	0	-0	0	0.00886492	0.266834	0	0	
86	13	0	0	0	-0	-0	0	0	-0	-0	0.00557723	3.07108	0	0	
287	179	0	0	0	-0	-0	-0	-0	-0	0	0.000876149	2.26204	0	0	
608	369	0	0	0	-0	0	-0	-0	0	0	0.000743761	1.23313	0	0	
282	136	0	0	0	0	-0	0	-0	-0	-0	0.00240096	10.8249	0	0	
97	10	0	0	0	0	-0	0	-0	-0	-0	0.00236192	2.48618	0	0	
583	367	0	0	0	0	-0	-0	0	0	-0	0.000579318	9.6117	0	0	
345	151	0	0	0	0	0	0	-0	0	0	0.00013818	1.57112	0	0	
89	39	0	0	0	-0	0	0	0	0	0	0.00365485	5.57504	0	0	
601	199	0	0	0	0	-0	-0	-0	-0	-0	0.000544847	2.19088	0	0	
690	348	0	0	0	0	-0	0	-0	0	0	0.00182304	5.31177	0	0	
657	310	0	0	0	0	0	-0	-0	0	-0	0.000368657	5.43416	0	0	
52	27	0	0	0	-0	0	0	-0	-0	0	0.00978695	2.17452	0	0	
642	123	0	0	0	0	-0	0	0	0	-0	9.56721e-05	0.624747	0	0	
300	165	0	0	0	-0	0	0	0	0	0	0.00429464	4.53902	0	0	
511	490	0	0	0	-0	-0	0	0	0	0	0.00170315	1.10362	0	0	
195	64	0	0	0	0	0	-0	-0	-0	-0	0.0119235	0.189986	0	0	
697	392	0	0	0	-0	-0	-0	0	0	-0	0.000215951	10.5773	0	0	
677	261	0	0	0	0	-0	-0	0	0	-0	0.000396489	0.81829	0	0	
78	72	0	0	0	0	-0	0	0	-0	-0	0.0162604	10.5645	0	0	
479	58	0	0	0	0	0	-0	0	-0	-0	0.000477023	2.15104	0	0	
381	282	0	0	0	0	0	-0	0	0	0	2.15375e-05	2.3581	0	0	
266	227	0	0	0	0	-0	0	0	0	-0	0.000229673	0.965582	0	0	
343	333	0	0	0	-0	-0	-0	-0	0	0	0.00125657	0.124522	0	0	
273	153	0	0	0	-0	-0	0	-0	0	-0	0.00059859	10.509	0	0	
434	105	0	0	0	-0	0	0	-0	0	-0	0.00114364	0.26043	0	0	
460	147	0	0	0	-0	-0	-0	-0	0	-0	0.000435894	3.64673	0	0	
156	8	0	0	0	-0	-0	0	-0	0	0	0.000991702	1.86712	0	0	
590	534	0	0	0	0	0	-0	-0	0	-0	0.000291514	1.3178	0	0	
634	47	0	0	0	0	-0	-0	0	0	-0	0.00122617	1.1022	0	0	
401	66	0	0	0	0	-0	-0	-0	-0	0	5.46981e-05	0.0113849	0	0	
514	72	0	0	0	0	-0	0	0	0	-0	0.000270797	2.9679	0	0	
584	352	0	0	0	-0	0	0	0	-0	0	0.000422613	1.22032	0	0	
678	562	0	0	0	0	0	0	-0	0	-0	9.57058e-05	4.34263	0	0	
268	31	0	0	0	-0	-0	0	-0	0	-0	0.00150864	5.21215	0	0	
567	473	0	0	0	-0	-0	-0	-0	-0	0	0.00617056	0.0490974	0	0	
523	183	0	0	0	-0	-0	-0	-0	-0	0	0.000983788	0.540071	0	0	
645	96	0	0	0	0	0	-0	-0	0	-0	0.000484129	2.60359	0	0	
275	4	0	0	0	0	0	-0	-0	0	-0	0.00418902	10.3916	0	0	
680	393	0	0	0	0	-0	-0	-0	-0	-0	0.000316354	1.39038	0	0	
580	437	0	0	0	-0	0	0	-0	-0	0	0.000348773	10.3859	0	0	
597	56	0	0	0	0	-0	-0	0	-0	0	0.000717251	0.615496	0	0	
81	30	0	0	0	-0	-0	0	-0	-0	-0	0.0038223	0.645382	0	0	
70	63	0	0	0	0	0	0	0	0	-0	0.010885	7.68766	0	0	
384	247	0	0	0	-0	-0	0	0	-0	-0	0.000448412	10.1767	0	0	
165	55	0	0	0	-0	-0	0	-0	-0	-0	0.00444171	1.22174	0	0	
497	27	0	0	0	0	0	0	-0	0	0	0.00046979	4.01176	0	0	
418	34	0	0	0	-0	0	0	0	0	0	0.000215117	6.0525	0	0	
620	196	0	0	0	0	-0	-0	0	0	-0	0.000360158	2.40293	0	0	
598	55	0	0	0	-0	-0	0	0	-0	-0	0.000656822	5.16377	0	0	
579	116	0	0	0	0	-0	-0	-0	0	-0	0.000520839	9.59961	0	0	
210	43	0	0	0	0	-0	0	0	-0	-0	0.00203445	0.853156	0	0	
609	211	0	0	0	-0	0	0	0	0	0	0.000525499	6.99531	0	0	
320	38	0	0	0	-0	-0	0	0	-0	-0	0.000510544	0.74998	0	0	
460	212	0	0	0	-0	0	0	-0	0	-0	0.0015688	0.714403	0	0	
247	62	0	0	0	-0	0	0	-0	-0	0	0.00149204	0.700883	0	0	
540	95	0	0	0	0	0	-0	0	0	0	0.00369459	3.79402	0	0	
621	98	0	0	0	-0	-0	-0	0	-0	0	0.00276702	8.96063	0	0	
161	134	0	0	0	0	0	0	0	-0	0	0.0130195	1.13564	0	0	
187	154	0	0	0	-0	0	-0	-0	-0	-0	0.00441931	4.16972	0	0	
419	20	0	0	0	-0	-0	0	-0	0	-0	0.00354279	3.91071	0	0	
307	214	0	0	0	0	-0	-0	0	0	0	0.000412942	6.83308	0	0	
283	192	0	0	0	-0	0	0	0	0	-0	0.000824322	0.633997	0	0	
166	117	0	0	0	0	0	-0	-0	0	-0	0.00643843	9.79956	0	0	
414	236	0	0	0	0	0	0	-0	0	-0	0.00104384	9.34772	0	0	
444	110	0	0	0	0	-0	0	0	-0	-0	0.00102719	3.2817	0	0	
336	121	0	0	0	0	-0	-0	-0	-0	0	0.000928769	0.0412703	0	0	
170	111	0	0	0	-0	0	-0	-0	-0	-0	0.00168618	0.880907	0	0	
62	10	0	0	0	0	-0	-0	0	0	-0	0.00423619	2.63347	0	0	
396	206	0	0	0	-0	0	-0	0	0	0	0.000447438	5.42704	0	0	
282	147	0	0	0	-0	-0	-0	-0	-0	0	0.00342434	0.972698	0	0	
180	80	0	0	0	-0	0	-0	0	0	-0	0.00951267	6.52924	0	0	
347	139	0	0	0	0	0	-0	-0	0	0	0.000915258	3.05542	0	0	
672	113	0	0	0	0	0	0	-0	0	0	0.00028953	8.31383	0	0	
140	6	0	0	0	-0	0	0	0	-0	0	0.00304106	2.34031	0	0	
374	87	0	0	0	0	-0	-0	-0	-0	0	0.00136199	4.02456	0	0	
565	358	0	0	0	0	0	0	-0	0	-0	0.000375046	9.72698	0	0	
195	148	0	0	0	-0	0	0	0	0	-0	0.00459369	2.53599	0	0	
411	26	0	0	0	0	0	0	-0	0	0	8.28915e-05	0.0305969	0	0	
186	169	0	0	0	-0	0	-0	0	-0	-0	0.00168456	2.92805	0	0	
403	328	0	0	0	0	-0	-0	0	-0	0	0.000396276	9.5804	0	0	
125	25	0	0	0	-0	-0	-0	0	-0	0	0.00165025	3.57415	0	0	
281	136	0	0	0	0	0	0	0	0	-0	0.00185166	1.27226	0	0	
387	124	0	0	0	0	-0	-0	-0	-0	0	0.00386526	3.13725	0	0	
319	145	0	0	0	-0	0	-0	-0	-0	0	0.000618227	3.97974	0	0	
660	541	0	0	0	-0	-0	0	0	0	0	0.000643414	0.890157	0	0	
379	19	0	0	0	-0	-0	0	-0	0	0	0.00350591	9.51422	0	0	
677	618	0	0	0	0	0	-0	-0	-0	-0	0.000493879	6.09875	0	0	
341	134	0	0	0	0	-0	0	-0	-0	0	0.00147837	1.08299	0	0	
616	251	0	0	0	-0	0	0	-0	-0	-0	0.000422648	5.0428	0	0	
602	588	0	0	0	-0	0	0	0	0	-0	0.000143437	4.2238	0	0	
237	15	0	0	0	0	0	-0	-0	0	-0	0.000584412	0.669575	0	0	
341	104	0	0	0	0	-0	0	-0	-0	0	0.00656203	2.00232	0	0	
290	87	0	0	0	-0	0	-0	0	0	0	0.00700145	0.629016	0	0	
467	25	0	0	0	-0	-0	-0	-0	0	0	0.000123378	0.0263276	0	0	
113	75	0	0	0	0	0	-0	0	-0	0	0.00374719	9.20825	0	0	
283	223	0	0	0	0	0	-0	0	0	0	0.00044695	9.19971	0	0	
199	157	0	0	0	-0	0	-0	0	0	0	0.00229603	3.68302	0	0	
535	257	0	0	0	0	0	-0	-0	-0	-0	0.000369768	5.2769	0	0	
337	78	0	0	0	0	0	-0	-0	0	0	0.000737164	1.76822	0	0	
112	88	0	0	0	0	-0	-0	-0	-0	0	0.00902059	0.769193	0	0	
233	128	0	0	0	-0	0	-0	-0	-0	-0	0.000750905	2.53314	0	0	
619	61	0	0	0	-0	0	0	-0	-0	-0	0.0074627	0.917908	0	0	
420	93	0	0	0	-0	0	-0	-0	-0	0	0.000299218	0.715114	0	0	
41	32	0	0	0	0	-0	0	-0	0	0	0.00308547	0.28818	0	0	
500	117	0	0	0	-0	-0	-0	-0	-0	0	0.000856118	2.66905	0	0	
375	139	0	0	0	0	0	0	-0	-0	0	0.00265902	0.120965	0	0	
37	19	0	0	0	-0	-0	-0	-0	0	0	0.00872841	8.9713	0	0	
473	112	0	0	0	-0	-0	-0	0	0	-0	0.000706646	0.628304	0	0	
348	8	0	0	0	-0	-0	0	0	-0	-0	0.00161398	0.0419818	0	0	
94	92	0	0	0	0	-0	0	-0	-0	-0	0.000165107	0.34297	0	0	
579	522	0	0	0	0	0	-0	-0	-0	-0	0.00027371	8.93573	0	0	
252	169	0	0	0	0	-0	-0	-0	-0	0	0.000470745	3.03835	0	0	
417	198	0	0	0	0	-0	-0	-0	0	-0	0.000665033	3.93206	0	0	
179	50	0	0	0	0	-0	0	0	0	-0	0.0130481	5.62912	0	0	
181	168	0	0	0	0	-0	-0	-0	0	-0	0.000407047	1.02606	0	0	
73	55	0	0	0	-0	0	-0	-0	0	0	0.0105902	4.39315	0	0	
77	60	0	0	0	0	-0	-0	-0	-0	-0	0.00400004	5.32244	0	0	
533	510	0	0	0	0	0	-0	0	-0	-0	0.000779437	0.276795	0	0	
174	19	0	0	0	0	-0	0	-0	0	0	0.00526653	3.76129	0	0	
433	155	0	0	0	-0	-0	0	0	-0	-0	0.00260883	0.48457	0	0	
440	82	0	0	0	0	-0	0	-0	-0	0	0.000578285	5.10471	0	0	
313	34	0	0	0	0	-0	-0	-0	-0	0	0.000610132	5.34592	0	0	
414	151	0	0	0	0	0	0	-0	0	-0	0.0023375	8.2569	0	0	
548	66	0	0	0	-0	0	0	-0	0	-0	0.000581177	8.41558	0	0	
71	60	0	0	0	-0	0	-0	-0	-0	0	0.00171621	1.66504	0	0	
194	68	0	0	0	-0	0	-0	-0	0	0	0.00547949	1.91195	0	0	
342	8	0	0	0	-0	0	0	-0	-0	0	0.0012971	8.41131	0	0	
665	2	0	0	0	-0	-0	0	-0	0	-0	0.000690141	3.97404	0	0	
460	385	0	0	0	0	0	-0	-0	0	-0	0.00029001	8.39779	0	0	
523	162	0	0	0	-0	-0	0	-0	0	-0	0.000694839	6.37412	0	0	
399	19	0	0	0	-0	0	0	-0	0	-0	0.000816051	3.43895	0	0	
661	198	0	0	0	-0	0	-0	0	0	0	0.000790593	0.949216	0	0	
331	72	0	0	0	0	-0	0	-0	-0	-0	0.00031477	1.62591	0	0	
528	22	0	0	0	-0	-0	-0	-0	0	0	0.0110794	3.87158	0	0	
667	145	0	0	0	-0	-0	0	-0	0	0	0.000549189	5.19721	0	0	
537	128	0	0	0	-0	-0	0	-0	-0	-0	0.000667332	0.0789828	0	0	
626	196	0	0	0	-0	0	0	-0	-0	0	0.000695826	7.39876	0	0	
496	271	0	0	0	0	0	0	-0	0	0	0.000432534	7.65065	0	0	
96	49	0	0	0	0	-0	-0	0	-0	0	0.00130731	0.790539	0	0	
694	133	0	0	0	-0	0	0	0	-0	0	0.00125885	0.094637	0	0	
442	23	0	0	0	0	0	-0	-0	0	0	0.000392483	1.78458	0	0	
148	96	0	0	0	-0	-0	-0	-0	0	0	0.00171205	0.380683	0	0	
125	71	0	0	0	-0	-0	0	0	-0	0	0.00245958	0.686652	0	0	
639	449	0	0	0	0	0	-0	0	-0	0	0.000308793	1.95891	0	0	
499	26	0	0	0	-0	0	0	0	0	0	0.000660944	3.2511	0	0	
639	337	0	0	0	-0	-0	0	0	-0	0	0.000374038	0.236948	0	0	
121	1	0	0	0	0	0	-0	0	-0	0	0.00739252	6.89925	0	0	
429	27	0	0	0	0	0	-0	-0	0	-0	0.00293194	0.11883	0	0	
285	261	0	0	0	-0	-0	0	-0	0	0	0.000636409	7.83068	0	0	
57	27	0	0	0	0	0	0	-0	0	-0	0.00366594	0.426222	0	0	
178	23	0	0	0	-0	-0	0	0	0	0	0.00304997	0.37499	0	0	
527	404	0	0	0	0	-0	-0	0	0	-0	0.000354279	6.97752	0	0	
617	113	0	0	0	-0	0	-0	0	0	0	0.000974267	6.83877	0	0	
618	82	0	0	0	0	-0	0	-0	-0	0	0.000854253	0.755673	0	0	
281	161	0	0	0	-0	0	-0	0	0	-0	0.0026429	2.13965	0	0	
297	35	0	0	0	-0	0	-0	0	0	-0	0.000695361	1.04955	0	0	
665	68	0	0	0	0	-0	-0	-0	0	-0	0.0014403	0.0740019	0	0	
486	191	0	0	0	-0	0	0	-0	0	-0	0.000502763	3.74136	0	0	
399	146	0	0	0	-0	0	-0	-0	-0	-0	0.00284448	5.07909	0	0	
607	320	0	0	0	-0	0	-0	-0	0	0	0.00222846	0.455396	0	0	
161	42	0	0	0	0	-0	-0	0	0	-0	0.00343415	3.1095	0	0	
369	341	0	0	0	0	0	0	0	0	-0	0.00200938	0.10958	0	0	
276	102	0	0	0	-0	0	0	-0	-0	-0	0.00107742	1.79455	0	0	
317	72	0	0	0	0	0	-0	0	-0	-0	0.000104836	1.31496	0	0	
176	159	0	0	0	0	0	-0	-0	-0	-0	0.00982587	0.117407	0	0	
329	147	0	0	0	-0	-0	0	-0	-0	-0	0.0130207	0.836079	0	0	
441	12	0	0	0	0	0	-0	0	0	0	0.000924928	7.5055	0	0	
420	59	0	0	0	0	0	-0	-0	0	0	0.000658697	5.1353	0	0	
443	98	0	0	0	0	-0	-0	0	-0	0	0.00130909	0.586323	0	0	
522	218	0	0	0	0	-0	0	-0	-0	0	0.00123965	2.56587	0	0	
425	187	0	0	0	0	0	-0	-0	-0	-0	0.00149003	6.01834	0	0	
654	347	0	0	0	0	0	0	-0	-0	0	0.000444218	1.65864	0	0	
114	101	0	0	0	0	-0	-0	0	-0	0	0.0248004	7.43363	0	0	
69	29	0	0	0	0	0	-0	-0	0	0	0.00656026	1.67073	0	0	
110	22	0	0	0	-0	-0	-0	0	-0	0	0.00352466	0.394914	0	0	
460	160	0	0	0	-0	-0	0	-0	0	-0	0.000234198	2.76653	0	0	
121	46	0	0	0	0	-0	0	-0	-0	0	0.00209929	7.3888	0	0	
658	232	0	0	0	-0	0	0	-0	-0	-0	0.000643897	0.365028	0	0	
555	51	0	0	0	0	0	0	0	-0	-0	0.00986086	4.02243	0	0	
303	75	0	0	0	-0	-0	-0	-0	0	-0	0.000684468	5.13246	0	0	
402	192	0	0	0	-0	0	-0	-0	-0	0	0.00115897	6.30937	0	0	
482	474	0	0	0	0	-0	-0	-0	0	-0	0.000381284	4.87558	0	0	
255	149	0	0	0	-0	0	0	-0	-0	0	0.00214803	2.37019	0	0	
480	69	0	0	0	-0	0	0	0	0	0	0.00183928	0.152985	0	0	
300	43	0	0	0	0	-0	0	-0	0	0	0.00290546	3.64459	0	0	
331	2	0	0	0	-0	-0	0	-0	-0	-0	0.000237784	2.2414	0	0	
160	83	0	0	0	-0	0	-0	0	0	0	0.00446511	0.942812	0	0	
220	17	0	0	0	0	0	-0	-0	0	-0	0.00228264	0.608381	0	0	
533	168	0	0	0	0	-0	-0	0	0	0	0.00185374	0.651074	0	0	
376	45	0	0	0	-0	-0	-0	-0	-0	0	0.000996258	1.03247	0	0	
548	292	0	0	0	0	0	-0	-0	-0	-0	0.000392984	7.21305	0	0	
447	121	0	0	0	0	-0	-0	-0	0	-0	0.000296006	2.05853	0	0	
666	562	0	0	0	-0	-0	-0	0	-0	0	0.000408822	0.27893	0	0	
648	215	0	0	0	-0	-0	-0	0	-0	-0	0.000252724	4.67564	0	0	
593	493	0	0	0	-0	0	-0	0	0	-0	0.00255718	0.257583	0	0	
169	44	0	0	0	-0	0	0	-0	-0	0	0.000561249	3.83671	0	0	
396	53	0	0	0	-0	0	0	0	0	0	0.000658598	4.95172	0	0	
337	239	0	0	0	-0	-0	-0	-0	0	0	0.000615763	4.15905	0	0	
196	22	0	0	0	-0	-0	0	0	-0	0	0.000868542	3.11021	0	0	
626	146	0	0	0	-0	-0	-0	-0	-0	0	0.000739842	6.50078	0	0	
463	259	0	0	0	0	-0	-0	0	0	-0	0.000269215	7.03445	0	0	
455	121	0	0	0	0	0	-0	0	-0	-0	0.000962553	3.13441	0	0	
643	216	0	0	0	-0	0	0	-0	-0	-0	0.000386536	2.72882	0	0	
438	266	0	0	0	-0	-0	0	-0	0	0	0.000903433	2.05071	0	0	
275	167	0	0	0	0	0	0	0	0	-0	0.00428207	1.71627	0	0	
164	110	0	0	0	0	0	-0	0	0	0	0.00679216	0.488128	0	0	
131	3	0	0	0	0	0	0	0	-0	0	0.00436131	0.810463	0	0	
698	219	0	0	0	0	0	-0	0	-0	-0	0.000362927	4.12133	0	0	
529	21	0	0	0	-0	0	0	0	0	-0	0.000940002	2.89105	0	0	
300	146	0	0	0	0	0	-0	-0	0	0	0.00393853	1.20751	0	0	
178	109	0	0	0	-0	-0	0	0	0	0	0.00824012	1.01753	0	0	
216	87	0	0	0	0	0	-0	0	-0	-0	0.000852097	3.61542	0	0	
141	35	0	0	0	0	-0	0	0	0	0	0.00588696	4.51127	0	0	
343	0	0	0	0	-0	-0	-0	0	-0	0	0.00185408	1.41386	0	0	
555	50	0	0	0	0	-0	0	-0	0	0	0.0100782	1.73335	0	0	
683	643	0	0	0	-0	-0	-0	-0	-0	0	0.000288929	3.40836	0	0	
40	37	0	0	0	0	-0	-0	0	0	0	0.00574261	0.521571	0	0	
513	61	0	0	0	-0	-0	-0	0	-0	0	0.00108408	0.492397	0	0	
207	78	0	0	0	0	-0	0	-0	0	0	0.00320114	0.521571	0	0	
242	166	0	0	0	0	0	0	0	0	-0	0.00390195	6.61463	0	0	
636	481	0	0	0	-0	-0	-0	-0	0	0	0.000350056	0.387798	0	0	
177	54	0	0	0	-0	0	-0	0	-0	-0	0.000362332	0.886599	0	0	
248	6	0	0	0	-0	0	0	0	0	0	0.000846859	0.0135196	0	0	
661	362	0	0	0	-0	0	0	0	0	0	0.000406897	0.433338	0	0	
315	115	0	0	0	0	-0	0	-0	-0	-0	0.00115623	1.04812	0	0	
201	31	0	0	0	0	0	-0	-0	0	0	0.000950741	1.85574	0	0	
405	2	0	0	0	0	0	-0	0	-0	0	0.000793116	0.542206	0	0	
603	166	0	0	0	-0	0	0	-0	0	-0	0.000573309	4.1007	0	0	
387	29	0	0	0	-0	0	-0	-0	-0	0	0.00310702	1.41956	0	0	
544	57	0	0	0	0	-0	0	-0	0	0	0.0129974	0.0896561	0	0	
416	38	0	0	0	0	0	-0	0	0	0	0.000323572	2.92663	0	0	
477	6	0	0	0	-0	0	-0	0	0	0	0.000311648	5.03711	0	0	
398	347	0	0	0	0	-0	-0	0	-0	0	0.000818293	3.24185	0	0	
154	13	0	0	0	0	0	0	0	-0	-0	0.000672587	3.53217	0	0	
370	300	0	0	0	0	-0	-0	-0	-0	0	0.00109312	0.151562	0	0	
541	155	0	0	0	0	0	-0	-0	0	-0	0.000822643	2.07632	0	0	
118	97	0	0	0	0	0	0	-0	-0	0	0.00504456	1.63445	0	0	
489	185	0	0	0	-0	-0	0	0	-0	0	0.000539175	0.435473	0	0	
592	112	0	0	0	-0	0	0	-0	0	-0	0.000636355	0.222717	0	0	
330	169	0	0	0	0	-0	0	0	0	-0	0.000711297	0.68594	0	0	
397	260	0	0	0	-0	0	-0	0	-0	-0	0.000673498	5.16234	0	0	
651	232	0	0	0	-0	-0	0	-0	0	0	0.00201458	2.06067	0	0	
431	301	0	0	0	-0	0	-0	0	0	0	0.000174474	1.86143	0	0	
341	23	0	0	0	-0	-0	0	-0	-0	-0	0.00338213	1.92832	0	0	
419	25	0	0	0	-0	0	-0	-0	-0	-0	0.00117799	5.34735	0	0	
326	161	0	0	0	0	-0	-0	-0	-0	-0	0.00197309	0.964159	0	0	
679	563	0	0	0	-0	-0	0	0	-0	-0	0.000746873	1.40746	0	0	
593	115	0	0	0	0	-0	-0	-0	-0	-0	0.00237689	5.34308	0	0	
652	32	0	0	0	0	0	0	-0	0	-0	0.00866121	5.34308	0	0	
558	424	0	0	0	-0	-0	0	-0	0	0	0.000110613	0.19639	0	0	
426	79	0	0	0	0	-0	0	-0	-0	0	0.000829437	1.65295	0	0	
419	255	0	0	0	-0	-0	-0	-0	0	-0	0.00286616	5.3381	0	0	
633	120	0	0	0	0	-0	-0	-0	-0	-0	0.000982771	4.40169	0	0	
285	44	0	0	0	-0	0	0	-0	-0	-0	8.08639e-05	1.14418	0	0	
175	67	0	0	0	0	0	-0	0	-0	0	0.00812933	5.33667	0	0	
340	84	0	0	0	-0	-0	-0	-0	-0	0	0.000428981	5.33454	0	0	
310	82	0	0	0	0	-0	-0	-0	-0	-0	0.00109661	5.33383	0	0	
480	131	0	0	0	-0	0	-0	0	0	-0	0.000154844	3.99325	0	0	
645	478	0	0	0	-0	-0	-0	0	0	-0	0.000386659	1.99734	0	0	
438	70	0	0	0	-0	-0	0	-0	0	0	0.00246255	0.823271	0	0	
514	69	0	0	0	0	0	0	0	-0	0	0.000936888	2.40506	0	0	
165	139	0	0	0	-0	0	0	-0	-0	0	6.16267e-05	0.897273	0	0	
472	1	0	0	0	-0	0	0	0	0	-0	0.00147109	2.19515	0	0	
639	232	0	0	0	0	0	0	-0	-0	0	0.000379125	0.826829	0	0	
399	242	0	0	0	0	-0	0	-0	-0	-0	0.00282981	4.86064	0	0	
99	46	0	0	0	0	-0	-0	0	0	0	0.00145786	2.63489	0	0	
209	159	0	0	0	0	-0	0	-0	-0	-0	0.00045307	0.910792	0	0	
567	337	0	0	0	-0	-0	-0	0	0	-0	0.000621061	0.0177889	0	0	
99	16	0	0	0	0	-0	0	0	0	-0	0.0015654	2.99209	0	0	
284	145	0	0	0	0	0	-0	0	-0	-0	0.000609942	0.670998	0	0	
313	246	0	0	0	-0	-0	-0	0	-0	0	0.00125284	0.647516	0	0	
625	569	0	0	0	-0	0	0	0	-0	0	0.000177849	2.24923	0	0	
89	60	0	0	0	-0	0	0	-0	-0	0	0.00656041	4.83289	0	0	
674	663	0	0	0	-0	0	-0	0	0	0	0.000364936	4.83218	0	0	
554	108	0	0	0	-0	-0	-0	0	-0	0	0.00161231	4.66283	0	0	
543	95	0	0	0	0	-0	-0	-0	-0	-0	0.00113366	0.738596	0	0	
455	74	0	0	0	0	-0	-0	0	0	-0	0.00113462	2.40648	0	0	
458	187	0	0	0	0	-0	-0	0	0	-0	0.000850422	0.85031	0	0	
145	65	0	0	0	0	-0	0	0	0	-0	0.00123105	0.700883	0	0	
593	233	0	0	0	-0	0	0	0	-0	0	0.00130643	1.29574	0	0	
164	143	0	0	0	0	0	0	-0	0	0	0.00216049	0.273949	0	0	
411	332	0	0	0	-0	-0	-0	-0	-0	0	0.000414836	0.434049	0	0	
180	0	0	0	0	0	-0	-0	0	0	0	0.00242639	0.513744	0	0	
80	11	0	0	0	0	0	0	-0	-0	0	0.0194863	3.72642	0	0	
632	386	0	0	0	-0	0	-0	0	0	0	0.000347695	2.08059	0	0	
692	687	0	0	0	-0	0	0	0	0	-0	0.000295896	2.59291	0	0	
406	4	0	0	0	-0	-0	0	-0	0	0	0.00226701	2.58864	0	0	
367	76	0	0	0	0	-0	0	-0	-0	-0	0.000867699	4.54186	0	0	
244	160	0	0	0	0	0	-0	-0	-0	-0	0.00138066	2.1119	0	0	
179	15	0	0	0	0	0	-0	0	-0	0	0.00406953	4.53688	0	0	
693	25	0	0	0	0	-0	0	-0	0	0	0.000495444	1.78743	0	0	
381	73	0	0	0	-0	0	-0	-0	-0	-0	0.000766443	1.56827	0	0	
574	194	0	0	0	0	-0	-0	0	0	-0	0.00188431	2.17309	0	0	
572	458	0	0	0	-0	-0	-0	0	-0	0	0.000433914	1.74972	0	0	
95	29	0	0	0	-0	-0	-0	-0	-0	0	0.00600164	3.48236	0	0	
315	102	0	0	0	-0	-0	-0	0	-0	0	0.00419989	3.80683	0	0	
651	473	0	0	0	-0	0	0	-0	-0	-0	0.00124996	0.296719	0	0	
188	28	0	0	0	-0	0	-0	-0	0	0	0.000864566	4.10497	0	0	
442	34	0	0	0	0	-0	0	-0	0	0	0.000494113	4.10212	0	0	
279	43	0	0	0	-0	-0	0	-0	-0	-0	0.0137523	4.1007	0	0	
434	247	0	0	0	-0	-0	-0	-0	0	-0	0.00108361	3.79758	0	0	
571	377	0	0	0	0	0	-0	-0	0	-0	0.00111385	3.78192	0	0	
559	41	0	0	0	0	0	-0	0	-0	0	0.0171991	2.18946	0	0	
170	122	0	0	0	-0	-0	-0	-0	0	-0	0.00492637	3.13298	0	0	
193	175	0	0	0	-0	-0	0	0	-0	-0	0.00813823	0.20137	0	0	
130	64	0	0	0	0	0	0	-0	0	-0	0.00650565	1.60243	0	0	
154	63	0	0	0	0	-0	0	0	-0	-0	0.00856586	2.72099	0	0	
371	217	0	0	0	0	-0	0	0	0	-0	0.000877308	2.78432	0	0	
241	49	0	0	0	0	0	0	-0	0	-0	0.00226036	3.93989	0	0	
228	75	0	0	0	0	0	0	-0	-0	0	0.000231691	0.833233	0	0	
195	47	0	0	0	0	-0	-0	0	0	-0	0.00958286	3.9342	0	0	
123	22	0	0	0	0	-0	-0	-0	-0	0	0.0196094	1.9212	0	0	
164	80	0	0	0	-0	0	-0	0	0	0	0.00922561	3.86446	0	0	
555	351	0	0	0	-0	-0	0	0	0	0	0.000536929	3.86233	0	0	
517	77	0	0	0	0	0	-0	-0	-0	-0	0.00210857	3.55778	0	0	
355	82	0	0	0	-0	-0	-0	-0	0	0	0.000800603	3.72002	0	0	
457	155	0	0	0	0	0	0	-0	0	0	0.00141823	0.527975	0	0	
568	43	0	0	0	-0	-0	-0	-0	0	0	0.0040988	0.0611939	0	0	
127	16	0	0	0	-0	-0	-0	-0	0	0	0.00199973	3.21125	0	0	
556	18	0	0	0	0	-0	-0	0	0	0	0.00101669	3.55351	0	0	
186	102	0	0	0	0	-0	-0	-0	0	-0	0.0061118	2.04217	0	0	
574	229	0	0	0	-0	-0	-0	-0	-0	0	0.000911777	1.34128	0	0	
377	249	0	0	0	0	-0	-0	-0	0	-0	0.00211775	0.0597707	0	0	
578	3	0	0	0	-0	-0	-0	0	0	-0	0.000859218	3.54497	0	0	
575	488	0	0	0	-0	-0	-0	-0	-0	0	0.000580495	3.54284	0	0	
485	311	0	0	0	0	0	0	-0	0	0	0.000437737	3.53786	0	0	
173	85	0	0	0	-0	-0	-0	-0	0	0	0.0088699	0.681671	0	0	
452	109	0	0	0	-0	-0	0	-0	-0	-0	0.000892274	1.00685	0	0	
197	9	0	0	0	0	0	-0	0	-0	0	0.00280701	3.48734	0	0	
648	374	0	0	0	0	0	-0	-0	-0	-0	0.00067599	3.48449	0	0	
75	21	0	0	0	-0	0	0	-0	-0	0	0.00471131	3.48378	0	0	
448	29	0	0	0	0	0	-0	-0	-0	-0	0.000257224	0.465358	0	0	
488	75	0	0	0	-0	0	0	-0	-0	-0	0.00105838	3.47595	0	0	
680	591	0	0	0	0	0	0	-0	0	-0	0.00015659	0.954197	0	0	
470	289	0	0	0	0	0	-0	-0	0	-0	0.000324874	3.46528	0	0	
166	19	0	0	0	0	0	-0	0	-0	0	0.00339265	3.46315	0	0	
315	70	0	0	0	-0	-0	-0	0	-0	0	0.0060844	0.453973	0	0	
59	37	0	0	0	0	0	-0	0	0	0	0.00446298	0.837502	0	0	
189	86	0	0	0	-0	0	-0	0	0	-0	0.000291096	1.03318	0	0	
177	140	0	0	0	0	0	0	0	-0	0	0.000224464	0.0441165	0	0	
695	108	0	0	0	0	-0	-0	-0	-0	-0	0.00063655	3.29379	0	0	
660	625	0	0	0	0	0	0	0	-0	0	0.000129922	1.62804	0	0	
56	47	0	0	0	0	0	0	-0	0	-0	0.0128548	0.503782	0	0	
90	15	0	0	0	0	-0	0	0	-0	-0	0.00143909	1.06307	0	0	
692	156	0	0	0	0	0	0	0	0	-0	0.000715715	3.05115	0	0	
206	153	0	0	0	0	0	-0	-0	0	0	0.00138082	0.45255	0	0	
472	82	0	0	0	0	0	-0	0	0	0	0.000621352	0.365028	0	0	
479	224	0	0	0	-0	0	-0	0	-0	-0	0.000356102	3.19702	0	0	
170	72	0	0	0	0	-0	-0	-0	0	-0	0.00325659	3.19631	0	0	
361	67	0	0	0	0	-0	-0	-0	-0	-0	0.000823782	1.25874	0	0	
547	87	0	0	0	-0	-0	-0	-0	0	0	0.000541401	2.81919	0	0	
266	99	0	0	0	0	0	0	0	0	-0	1.27616e-05	0.523706	0	0	
395	44	0	0	0	0	-0	-0	-0	-0	-0	0.000897637	3.16785	0	0	
570	39	0	0	0	-0	0	-0	0	0	-0	0.000717119	0.379971	0	0	
593	137	0	0	0	-0	-0	-0	0	0	-0	0.00372368	0.217025	0	0	
208	84	0	0	0	-0	-0	-0	-0	-0	0	0.000190447	2.14748	0	0	
154	79	0	0	0	-0	0	0	-0	-0	0	0.00412005	1.23384	0	0	
169	21	0	0	0	0	0	0	-0	0	0	0.00332394	3.14864	0	0	
531	332	0	0	0	0	-0	-0	-0	-0	0	0.000529544	3.14721	0	0	
151	56	0	0	0	0	-0	0	0	-0	-0	0.00680098	2.09696	0	0	
181	20	0	0	0	-0	-0	0	-0	-0	-0	0.00687289	0.204928	0	0	
534	245	0	0	0	0	-0	0	-0	0	0	0.000395892	3.14508	0	0	
290	158	0	0	0	0	0	-0	-0	0	-0	0.00174709	2.84053	0	0	
172	122	0	0	0	-0	-0	-0	-0	-0	0	0.000696423	2.96079	0	0	
248	240	0	0	0	-0	-0	-0	-0	-0	0	0.00385124	0.167216	0	0	
189	91	0	0	0	0	-0	-0	0	0	-0	0.00581756	0.555726	0	0	
80	36	0	0	0	0	0	0	-0	-0	0	0.00362913	0.254026	0	0	
633	0	0	0	0	0	-0	-0	-0	0	-0	0.00118666	0.908658	0	0	
105	97	0	0	0	0	-0	0	-0	-0	0	0.00336812	0.836079	0	0	
666	506	0	0	0	0	0	-0	-0	-0	-0	0.00458916	1.80451	0	0	
653	95	0	0	0	0	-0	0	0	0	0	0.00300281	0.174331	0	0	
167	27	0	0	0	-0	0	0	0	0	-0	0.00147622	0.466781	0	0	
650	280	0	0	0	0	-0	-0	-0	-0	-0	0.000501405	1.54906	0	0	
603	242	0	0	0	-0	-0	0	0	-0	-0	0.000285814	0.878772	0	0	
220	10	0	0	0	-0	0	-0	0	0	-0	0.000904436	1.73762	0	0	
202	151	0	0	0	0	-0	-0	-0	-0	-0	0.000969004	1.712	0	0	
566	86	0	0	0	0	0	0	0	0	-0	0.000108567	0.801213	0	0	
166	8	0	0	0	0	0	-0	0	-0	0	0.000900616	1.99022	0	0	
171	63	0	0	0	0	0	-0	0	-0	-0	0.0135426	2.9188	0	0	
305	216	0	0	0	0	-0	0	-0	-0	0	0.000356414	2.62849	0	0	
127	79	0	0	0	-0	-0	0	-0	-0	-0	0.00178068	1.92974	0	0	
58	16	0	0	0	-0	0	-0	-0	-0	-0	0.000897397	1.63302	0	0	
473	207	0	0	0	0	-0	0	0	0	-0	2.89498e-05	0.263276	0	0	
185	125	0	0	0	-0	0	0	-0	0	-0	0.00370193	0.111003	0	0	
119	83	0	0	0	0	-0	-0	-0	0	-0	0.00531555	0.771327	0	0	
394	123	0	0	0	0	-0	-0	0	0	0	0.00152358	0.0768481	0	0	
107	14	0	0	0	0	-0	-0	-0	-0	0	0.000136995	0.7635	0	0	
554	320	0	0	0	0	0	0	-0	-0	0	0.00167314	0.762789	0	0	
405	331	0	0	0	0	-0	0	0	0	0	0.000920238	0.758519	0	0	
108	38	0	0	0	0	-0	0	-0	0	0	0.000727608	0.757096	0	0	
630	154	0	0	0	0	-0	0	-0	-0	-0	0.000980044	0.155119	0	0	
526	327	0	0	0	-0	0	-0	-0	-0	0	0.000487339	0.725076	0	0	
440	327	0	0	0	-0	0	0	0	0	0	0.000315462	0.723653	0	0	
384	33	0	0	0	-0	-0	-0	-0	-0	0	0.000773813	0.396337	0	0	
176	67	0	0	0	-0	-0	-0	0	-0	0	0.00500269	0.115984	0	0	
230	161	0	0	0	-0	0	0	-0	-0	-0	0.00268294	0.705152	0	0	
299	7	0	0	0	0	0	-0	-0	-0	-0	0.00130112	0.251179	0	0	
568	7	0	0	0	-0	0	0	-0	-0	-0	2.24168e-05	0.246199	0	0	
240	146	0	0	0	0	0	0	-0	0	0	0.00335841	0.245487	0	0	
594	46	0	0	0	-0	0	0	-0	-0	0	0.000409761	0.22841	0	0	
114	65	0	0	0	0	-0	-0	0	-0	0	0.0118452	0.226275	0	0	
696	609	0	0	0	0	0	-0	0	-0	-0	0.00073903	0.225563	0	0	
90	79	0	0	0	-0	-0	0	-0	-0	-0	0.00173099	0.217025	0	0	
375	173	0	0	0	-0	-0	-0	-0	0	0	0.00149925	0.210621	0	0	
490	73	0	0	0	0	-0	0	-0	-0	-0	0.00226396	0.210621	0	0	
421	333	0	0	0	0	-0	-0	-0	0	-0	0.000714023	0.181447	0	0	
459	18	0	0	0	-0	-0	0	-0	-0	-0	4.81009e-05	0.180735	0	0	
506	193	0	0	0	0	0	-0	0	-0	0	0.00222259	0.179312	0	0	
526	4	0	0	0	0	-0	-0	-0	0	-0	0.00236655	0.176466	0	0	
605	135	0	0	0	0	0	0	-0	-0	0	0.00170144	0.175754	0	0	
432	90	0	0	0	-0	-0	0	0	-0	-0	0.00150489	0.165793	0	0	
66	3	0	0	0	0	0	-0	0	-0	-0	0.00299488	0.153696	0	0	
369	23	0	0	0	0	0	-0	0	-0	-0	0.000679675	0.153696	0	0	
195	24	0	0	0	0	0	-0	0	-0	-0	0.00966382	0.131638	0	0	
389	110	0	0	0	0	-0	0	0	0	-0	0.00257558	0.131638	0	0	
690	37	0	0	0	-0	-0	0	-0	0	0	0.00806242	0.130926	0	0	
612	195	0	0	0	-0	0	0	0	-0	0	0.00214515	0.103176	0	0	
40	33	0	0	0	-0	-0	0	0	-0	0	0.0172162	0.0989063	0	0	
201	17	0	0	0	-0	0	0	0	0	-0	0.00425123	0.0925023	0	0	
218	32	0	0	0	-0	0	-0	-0	-0	-0	0.00292652	0.0910792	0	0	
605	173	0	0	0	0	-0	0	-0	-0	0	0.00290655	0.0654632	0	0	
436	176	0	0	0	-0	0	-0	-0	0	0	0.000574318	0.0547898	0	0	
641	158	0	0	0	-0	0	-0	0	0	-0	0.00155997	0.0533667	0	0	
326	116	0	0	0	0	-0	0	0	-0	-0	0.000302147	0.0512321	0	0	
454	68	0	0	0	0	0	0	-0	0	0	0.00405838	0.0512321	0	0	
367	253	0	0	0	-0	0	0	-0	-0	-0	0.000792935	0.0505205	0	0	
600	5	0	0	0	0	-0	0	-0	-0	0	0.00123905	0.049809	0	0	
70	67	0	0	0	0	-0	-0	-0	0	-0	0.00134434	0.0142311	0	0	
625	466	0	0	0	0	0	-0	-0	0	0	0.000413621	0.00569245	0	0	
569	100	0	0	0	0	0	-0	-0	0	-0	4.8736e-06	0.0049809	0	0	
663	119	0	0	0	0	0	0	0	-0	0	1.63627e-05	0.00355778	0	0	
546	181	0	0	0	-0	0	-0	0	0	0	1.47705e-05	0.00213467	0	0	
284	98	0	0	0	0	0	-0	-0	-0	-0	1.31698e-06	0.000711556	0	0	
