549	440	0	0	0	-0	0	-0	-0	-0	-0	2.29181e-12	45.9438	0	0	
617	575	0	0	0	-0	-0	0	-0	0	-0	1.38687e-12	49.2297	0	0	
459	18	0	0	0	-0	0	0	0	0	-0	1.09361e-12	47.8543	0	0	
517	77	0	0	0	-0	0	0	0	0	0	8.6568e-13	47.586	0	0	
574	229	0	0	0	0	-0	0	0	0	-0	1.53768e-12	47.475	0	0	
488	142	0	0	0	-0	-0	0	0	-0	0	1.20957e-12	48.7964	0	0	
547	87	0	0	0	-0	-0	-0	0	0	-0	1.18129e-12	59.5914	0	0	
536	284	0	0	0	-0	0	0	-0	-0	-0	1.37023e-12	49.2361	0	0	
438	360	0	0	0	0	-0	-0	-0	-0	0	1.54834e-12	47.4558	0	0	
313	268	0	0	0	0	-0	-0	0	-0	0	6.85635e-13	74.4715	0	0	
641	134	0	0	0	-0	0	0	-0	-0	0	1.21067e-12	66.5803	0	0	
569	377	0	0	0	0	-0	-0	0	0	-0	1.62962e-12	48.3858	0	0	
584	352	0	0	0	-0	0	0	-0	0	-0	1.27139e-12	51.0414	0	0	
675	432	0	0	0	-0	0	0	0	-0	0	1.17528e-12	49.5336	0	0	
551	325	0	0	0	-0	-0	-0	-0	0	-0	1.40758e-12	49.4717	0	0	
643	81	0	0	0	0	-0	-0	0	-0	0	1.17199e-12	49.1038	0	0	
321	310	0	0	0	-0	-0	0	0	-0	0	1.43846e-12	48.4726	0	0	
678	562	0	0	0	-0	-0	0	-0	-0	-0	1.61524e-12	48.5096	0	0	
589	542	0	0	0	0	-0	-0	-0	-0	0	1.64886e-12	46.8083	0	0	
559	20	0	0	0	-0	0	-0	-0	-0	0	1.6445e-12	46.9883	0	0	
529	21	0	0	0	-0	0	0	0	-0	0	1.31184e-12	45.8847	0	0	
442	326	0	0	0	-0	0	0	0	0	-0	2.06218e-12	46.3045	0	0	
660	260	0	0	0	0	-0	0	-0	-0	-0	1.65061e-12	47.2025	0	0	
326	161	0	0	0	0	-0	-0	0	0	0	2.08578e-12	46.9442	0	0	
422	187	0	0	0	0	-0	0	-0	-0	0	1.19562e-12	48.7743	0	0	
414	345	0	0	0	0	-0	-0	-0	-0	0	2.04144e-12	47.3868	0	0	
318	26	0	0	0	-0	0	-0	-0	0	0	1.77282e-12	47.6601	0	0	
625	466	0	0	0	0	0	-0	0	0	0	1.53213e-12	46.4283	0	0	
465	373	0	0	0	0	0	0	0	0	-0	2.02634e-12	46.1444	0	0	
654	509	0	0	0	0	0	-0	0	0	0	1.48759e-12	48.4435	0	0	
333	237	0	0	0	0	-0	0	0	0	0	1.69679e-12	46.8702	0	0	
410	153	0	0	0	-0	0	-0	-0	0	0	1.32873e-12	47.8258	0	0	
320	89	0	0	0	0	-0	0	0	-0	-0	1.24248e-12	48.1902	0	0	
474	188	0	0	0	-0	0	-0	-0	-0	-0	1.36263e-12	47.6743	0	0	
516	311	0	0	0	-0	0	0	-0	-0	0	1.63414e-12	47.2004	0	0	
538	50	0	0	0	0	0	0	0	0	-0	1.18005e-12	65.3252	0	0	
673	537	0	0	0	-0	-0	-0	-0	-0	0	1.44989e-12	49.1693	0	0	
388	361	0	0	0	0	-0	0	0	0	-0	1.42277e-12	48.864	0	0	
584	337	0	0	0	0	0	0	-0	0	-0	1.22387e-12	49.5827	0	0	
318	216	0	0	0	-0	-0	0	-0	0	0	1.89206e-12	46.2419	0	0	
373	214	0	0	0	-0	0	0	0	-0	0	2.3545e-12	47.142	0	0	
345	178	0	0	0	-0	0	0	0	-0	0	1.72632e-12	47.1086	0	0	
682	678	0	0	0	0	-0	-0	0	-0	0	1.6676e-12	49.2988	0	0	
640	44	0	0	0	0	0	0	-0	0	0	1.22133e-12	63.0596	0	0	
390	245	0	0	0	0	0	-0	0	-0	0	1.37849e-12	47.9048	0	0	
315	102	0	0	0	0	0	0	-0	-0	0	1.64325e-12	46.5486	0	0	
322	45	0	0	0	-0	-0	-0	-0	0	0	1.41673e-12	46.0327	0	0	
315	4	0	0	0	-0	0	0	-0	-0	0	1.61134e-12	46.7009	0	0	
377	181	0	0	0	0	0	0	-0	0	0	1.47298e-12	48.679	0	0	
397	260	0	0	0	-0	0	-0	0	0	0	1.62439e-12	47.8771	0	0	
588	129	0	0	0	0	-0	0	0	0	-0	1.22082e-12	48.6171	0	0	
346	213	0	0	0	0	0	0	0	0	-0	1.33372e-12	49.4311	0	0	
668	558	0	0	0	0	-0	-0	0	0	-0	1.46914e-12	63.653	0	0	
464	100	0	0	0	0	0	-0	-0	-0	-0	1.33209e-12	47.2381	0	0	
300	146	0	0	0	0	0	-0	0	-0	0	1.38331e-12	46.8396	0	0	
214	77	0	0	0	0	-0	-0	-0	-0	-0	2.15816e-12	47.6259	0	0	
229	27	0	0	0	-0	-0	-0	0	0	-0	1.33987e-12	47.8835	0	0	
440	205	0	0	0	-0	-0	-0	-0	0	0	1.63915e-12	47.0851	0	0	
334	65	0	0	0	0	0	0	0	-0	-0	1.33852e-12	48.3503	0	0	
533	510	0	0	0	0	0	0	-0	0	-0	1.97138e-12	47.1947	0	0	
510	185	0	0	0	-0	-0	-0	0	-0	-0	1.82021e-12	46.0128	0	0	
311	223	0	0	0	0	0	0	0	-0	-0	1.53685e-12	47.3398	0	0	
577	393	0	0	0	-0	-0	-0	0	-0	-0	1.31193e-12	48.9544	0	0	
526	327	0	0	0	0	-0	0	0	-0	-0	1.36392e-12	77.4707	0	0	
423	38	0	0	0	0	0	0	-0	0	-0	1.1081e-12	48.8277	0	0	
604	136	0	0	0	0	-0	0	0	0	0	1.43895e-12	46.0398	0	0	
474	466	0	0	0	0	-0	0	0	0	-0	1.66438e-12	48.0934	0	0	
532	254	0	0	0	-0	0	0	-0	-0	-0	1.304e-12	52.024	0	0	
610	310	0	0	0	0	0	0	-0	0	-0	1.30283e-12	48.5274	0	0	
469	50	0	0	0	-0	0	-0	0	-0	-0	1.23574e-12	48.1503	0	0	
330	176	0	0	0	0	0	0	0	-0	-0	1.40078e-12	47.6978	0	0	
451	432	0	0	0	-0	-0	-0	0	-0	0	1.29253e-12	66.6565	0	0	
524	153	0	0	0	0	-0	-0	-0	-0	0	1.25773e-12	47.9774	0	0	
344	187	0	0	0	-0	-0	0	-0	-0	-0	9.10106e-13	49.641	0	0	
275	167	0	0	0	0	0	0	-0	0	-0	1.31126e-12	47.189	0	0	
379	210	0	0	0	-0	0	-0	-0	-0	0	1.30297e-12	72.3681	0	0	
452	200	0	0	0	0	0	-0	-0	0	0	1.41147e-12	48.5324	0	0	
563	97	0	0	0	-0	0	-0	0	0	0	1.15791e-12	48.3097	0	0	
503	101	0	0	0	-0	-0	-0	-0	0	0	1.2847e-12	47.7141	0	0	
551	217	0	0	0	0	0	-0	-0	-0	-0	1.39922e-12	82.3676	0	0	
559	0	0	0	0	-0	-0	0	-0	0	0	1.64059e-12	47.0808	0	0	
345	339	0	0	0	-0	-0	-0	0	0	-0	1.95058e-12	47.8579	0	0	
695	561	0	0	0	0	0	-0	-0	0	-0	1.51282e-12	48.5161	0	0	
675	264	0	0	0	0	0	0	-0	0	0	1.54989e-12	48.0002	0	0	
581	458	0	0	0	0	0	-0	-0	0	-0	1.33293e-12	49.3728	0	0	
440	82	0	0	0	0	-0	0	-0	0	0	2.24444e-12	46.6938	0	0	
482	466	0	0	0	-0	0	0	0	0	0	1.57337e-12	48.0528	0	0	
552	163	0	0	0	-0	-0	0	-0	-0	-0	1.35903e-12	47.1783	0	0	
505	71	0	0	0	-0	0	-0	0	0	-0	1.28464e-12	47.6316	0	0	
627	534	0	0	0	0	-0	0	0	0	-0	1.39166e-12	49.3699	0	0	
611	52	0	0	0	0	-0	0	-0	0	0	1.28637e-12	47.3028	0	0	
478	435	0	0	0	-0	0	0	0	-0	0	1.60043e-12	47.1541	0	0	
296	45	0	0	0	-0	-0	-0	0	-0	0	7.09391e-13	48.4292	0	0	
229	179	0	0	0	0	-0	-0	-0	0	-0	1.22599e-12	48.0372	0	0	
335	237	0	0	0	0	-0	0	0	-0	-0	1.62886e-12	48.1197	0	0	
682	454	0	0	0	-0	-0	-0	0	-0	0	1.51492e-12	64.6164	0	0	
449	352	0	0	0	0	-0	0	-0	-0	-0	1.1139e-12	59.0378	0	0	
544	2	0	0	0	0	-0	-0	0	0	-0	1.32898e-12	48.9693	0	0	
446	153	0	0	0	0	0	-0	0	0	0	1.22512e-12	48.9394	0	0	
394	339	0	0	0	-0	0	0	-0	-0	-0	1.78519e-12	48.0471	0	0	
450	314	0	0	0	-0	0	0	0	0	0	1.41841e-12	48.5118	0	0	
622	339	0	0	0	0	-0	-0	0	0	0	1.61498e-12	47.6245	0	0	
306	241	0	0	0	0	-0	0	-0	0	0	1.60086e-12	43.6874	0	0	
499	113	0	0	0	0	-0	0	0	0	-0	1.27489e-12	48.4442	0	0	
670	237	0	0	0	0	0	-0	-0	-0	-0	1.57016e-12	47.9333	0	0	
