198	95	0	0	0	-0	-0	0	0	-0	-0	0.00252445	7.64567	0	0	
491	22	0	0	0	0	-0	0	0	0	-0	0.000320534	0.347951	0	0	
507	156	0	0	0	-0	-0	0	-0	-0	-0	0.00134416	4.30705	0	0	
528	22	0	0	0	0	0	0	0	-0	0	0.00233714	1.18688	0	0	
127	79	0	0	0	0	0	-0	-0	-0	-0	0.00286959	8.66178	0	0	
308	294	0	0	0	-0	0	0	0	-0	0	0.000106812	1.90555	0	0	
475	6	0	0	0	-0	-0	0	0	0	0	0.000486053	7.85487	0	0	
395	91	0	0	0	-0	0	0	-0	0	-0	0.000896889	9.63234	0	0	
399	19	0	0	0	0	-0	-0	0	-0	0	0.00181622	0.68096	0	0	
402	132	0	0	0	-0	-0	-0	-0	0	0	0.000925407	0.463935	0	0	
189	150	0	0	0	0	-0	0	-0	-0	-0	0.00105864	3.14864	0	0	
524	503	0	0	0	0	0	-0	0	-0	0	0.000106933	6.15781	0	0	
651	112	0	0	0	-0	-0	-0	-0	0	0	0.000620773	3.23616	0	0	
613	75	0	0	0	-0	-0	-0	-0	0	0	0.000179185	3.15433	0	0	
428	186	0	0	0	0	0	-0	0	-0	0	0.00107761	1.53056	0	0	
676	6	0	0	0	-0	0	0	0	-0	0	0.000254916	5.42419	0	0	
654	509	0	0	0	0	0	-0	-0	-0	-0	0.000112649	7.24578	0	0	
81	30	0	0	0	0	0	-0	-0	0	0	0.00318093	6.77829	0	0	
119	83	0	0	0	0	-0	-0	-0	-0	0	0.000226955	8.46325	0	0	
254	67	0	0	0	-0	-0	-0	0	-0	-0	0.000454421	1.38754	0	0	
74	4	0	0	0	0	0	-0	0	-0	0	0.00146129	4.10497	0	0	
250	194	0	0	0	-0	-0	0	-0	-0	-0	0.000227477	1.4224	0	0	
148	62	0	0	0	-0	-0	0	0	0	0	0.00412461	0.569957	0	0	
183	138	0	0	0	0	-0	0	-0	0	0	0.00545304	9.26091	0	0	
358	5	0	0	0	-0	0	-0	0	0	0	0.000242612	4.45363	0	0	
62	10	0	0	0	0	-0	-0	-0	0	-0	0.0053941	5.79492	0	0	
80	11	0	0	0	0	0	0	0	0	-0	0.00212138	0.402029	0	0	
428	103	0	0	0	-0	-0	0	0	-0	0	0.00132528	5.8248	0	0	
186	76	0	0	0	-0	-0	0	0	-0	0	0.00433166	6.23181	0	0	
414	151	0	0	0	-0	-0	-0	-0	0	-0	0.000454911	5.03497	0	0	
174	133	0	0	0	0	0	0	0	-0	0	0.00150963	2.94869	0	0	
107	83	0	0	0	-0	-0	-0	0	-0	-0	0.00126977	10.8185	0	0	
186	169	0	0	0	0	-0	0	-0	-0	0	0.000704196	0.113849	0	0	
628	365	0	0	0	-0	0	-0	-0	-0	0	0.000785132	0.146581	0	0	
344	187	0	0	0	0	0	-0	0	-0	0	0.000194968	8.06051	0	0	
513	225	0	0	0	0	-0	0	-0	-0	0	0.000184749	5.34308	0	0	
387	111	0	0	0	0	0	0	0	0	-0	0.00324635	8.84963	0	0	
107	94	0	0	0	0	0	-0	0	-0	-0	0.00488956	4.62085	0	0	
378	86	0	0	0	0	0	0	-0	-0	0	0.000354095	0.563553	0	0	
515	3	0	0	0	0	-0	0	0	0	-0	0.00048782	5.69316	0	0	
356	141	0	0	0	0	-0	0	0	-0	-0	0.000534445	1.36121	0	0	
536	145	0	0	0	0	0	0	-0	0	0	0.000182096	2.01015	0	0	
197	88	0	0	0	-0	-0	-0	-0	-0	0	0.00279787	2.11759	0	0	
349	341	0	0	0	-0	0	0	-0	-0	-0	0.000104819	0.351509	0	0	
415	42	0	0	0	0	-0	-0	-0	0	-0	0.000285967	1.14845	0	0	
156	128	0	0	0	0	-0	-0	0	-0	0	0.00257602	2.09553	0	0	
180	170	0	0	0	-0	0	0	-0	-0	-0	0.00204442	10.9857	0	0	
183	162	0	0	0	0	-0	-0	-0	-0	0	0.00270636	0.993333	0	0	
691	84	0	0	0	0	0	-0	0	-0	0	8.09514e-05	0.816155	0	0	
66	57	0	0	0	0	0	0	-0	0	-0	0.00168894	1.50921	0	0	
584	129	0	0	0	-0	0	0	0	0	-0	6.9108e-05	0.4433	0	0	
67	13	0	0	0	0	-0	0	-0	-0	0	0.00159951	8.72439	0	0	
547	31	0	0	0	-0	0	-0	-0	-0	0	0.000757382	5.10826	0	0	
195	148	0	0	0	-0	0	0	-0	-0	-0	7.58343e-05	6.67653	0	0	
340	112	0	0	0	-0	0	-0	-0	0	0	0.00370952	7.04299	0	0	
459	18	0	0	0	0	-0	-0	0	-0	0	0.000270444	5.8184	0	0	
630	425	0	0	0	0	0	-0	0	-0	0	0.00034122	0.757096	0	0	
671	354	0	0	0	-0	-0	-0	0	-0	0	0.000909781	4.55325	0	0	
656	50	0	0	0	-0	-0	0	0	-0	-0	0.00123892	7.45996	0	0	
507	35	0	0	0	-0	-0	-0	-0	0	0	0.000845419	9.12358	0	0	
361	67	0	0	0	-0	0	0	0	0	-0	0.000384741	4.06085	0	0	
63	13	0	0	0	-0	-0	0	-0	0	0	0.00618663	10.1874	0	0	
669	161	0	0	0	0	0	0	0	0	-0	0.000363471	1.30073	0	0	
648	374	0	0	0	-0	-0	0	-0	0	-0	0.00014592	6.91917	0	0	
155	42	0	0	0	-0	0	-0	-0	0	0	0.000379492	6.2247	0	0	
661	362	0	0	0	-0	0	0	0	-0	0	0.000500109	5.19934	0	0	
158	30	0	0	0	-0	0	0	0	0	-0	0.00127017	5.09261	0	0	
291	288	0	0	0	-0	0	-0	-0	-0	0	0.00466714	4.37821	0	0	
166	19	0	0	0	-0	-0	0	0	0	0	0.00303457	1.84222	0	0	
225	212	0	0	0	-0	-0	-0	0	-0	-0	0.000422623	14.4937	0	0	
506	193	0	0	0	0	0	0	0	-0	-0	0.000929108	1.99663	0	0	
367	76	0	0	0	-0	0	-0	0	-0	-0	0.000705581	2.87682	0	0	
107	36	0	0	0	-0	0	0	0	0	0	0.000650244	0.696614	0	0	
581	458	0	0	0	0	0	0	-0	0	-0	0.000105631	7.56811	0	0	
442	326	0	0	0	0	-0	-0	-0	-0	-0	0.000157272	5.79634	0	0	
161	42	0	0	0	0	-0	-0	-0	-0	0	0.00126982	7.34895	0	0	
385	212	0	0	0	-0	-0	0	-0	0	-0	0.00199764	8.07261	0	0	
287	63	0	0	0	0	-0	0	0	-0	-0	0.000662027	0.129503	0	0	
288	33	0	0	0	0	-0	0	0	0	0	0.00377586	3.88154	0	0	
333	149	0	0	0	-0	0	0	-0	0	-0	0.000832531	0.701595	0	0	
546	181	0	0	0	0	-0	0	0	-0	-0	0.000105252	0.490262	0	0	
420	169	0	0	0	-0	-0	-0	0	-0	-0	0.000243054	5.85255	0	0	
184	166	0	0	0	-0	0	0	-0	0	-0	0.00472077	5.3751	0	0	
599	36	0	0	0	0	-0	0	-0	-0	-0	0.00031517	0.577072	0	0	
250	105	0	0	0	-0	-0	-0	-0	-0	0	0.000123742	3.24185	0	0	
367	259	0	0	0	0	-0	0	-0	-0	-0	0.000220945	2.01228	0	0	
697	178	0	0	0	-0	0	-0	0	-0	-0	0.0026214	3.36068	0	0	
449	61	0	0	0	0	-0	0	0	-0	-0	0.000594317	2.03434	0	0	
242	195	0	0	0	-0	0	-0	-0	0	0	0.000967738	1.59531	0	0	
340	160	0	0	0	-0	0	0	-0	-0	-0	0.00210863	14.4218	0	0	
685	113	0	0	0	0	0	0	-0	0	-0	0.000248589	2.1425	0	0	
367	33	0	0	0	-0	-0	-0	0	-0	-0	0.000706472	19.7215	0	0	
150	79	0	0	0	-0	-0	-0	-0	0	-0	0.000792864	0.929293	0	0	
675	432	0	0	0	0	0	-0	-0	-0	-0	0.000704731	19.7293	0	0	
388	250	0	0	0	-0	0	0	0	-0	0	0.000115144	8.93501	0	0	
573	174	0	0	0	0	0	-0	-0	0	0	0.000320794	4.00322	0	0	
98	76	0	0	0	-0	0	0	0	0	0	0.00108709	18.8178	0	0	
590	71	0	0	0	0	-0	0	0	0	-0	0.000194474	1.57325	0	0	
384	348	0	0	0	0	-0	0	0	-0	-0	0.00279847	18.5403	0	0	
235	141	0	0	0	0	-0	-0	0	0	0	0.000292803	5.92513	0	0	
652	112	0	0	0	0	-0	0	0	0	0	0.000168682	6.57549	0	0	
551	441	0	0	0	-0	0	-0	-0	0	0	0.000190273	0.47105	0	0	
18	6	0	0	0	-0	-0	-0	-0	0	0	0.00284624	8.61481	0	0	
471	308	0	0	0	-0	-0	-0	0	-0	0	0.000120509	2.05071	0	0	
530	521	0	0	0	-0	0	0	0	0	-0	0.000289947	6.5513	0	0	
255	125	0	0	0	-0	0	-0	0	0	-0	0.00165169	0.37499	0	0	
201	135	0	0	0	-0	0	-0	0	0	0	0.000338589	4.37821	0	0	
471	197	0	0	0	-0	-0	0	-0	-0	-0	0.000264368	6.70002	0	0	
611	593	0	0	0	0	0	-0	-0	0	-0	0.000156138	3.24897	0	0	
288	40	0	0	0	0	0	0	-0	-0	0	0.00131463	0.231256	0	0	
65	40	0	0	0	-0	0	-0	-0	-0	-0	0.000598094	10.1639	0	0	
291	177	0	0	0	-0	-0	0	-0	0	0	0.00563066	4.67991	0	0	
52	27	0	0	0	0	-0	-0	0	0	-0	0.002547	3.10737	0	0	
607	471	0	0	0	0	0	0	0	-0	-0	0.000253829	4.7596	0	0	
192	118	0	0	0	0	-0	-0	0	-0	0	0.00100285	5.38435	0	0	
70	51	0	0	0	-0	0	0	-0	0	-0	0.00227222	9.96535	0	0	
525	240	0	0	0	-0	0	0	0	0	0	0.000292926	2.73451	0	0	
544	2	0	0	0	0	-0	-0	-0	-0	0	0.0010517	9.22248	0	0	
694	133	0	0	0	0	-0	-0	0	0	-0	0.000253478	4.16189	0	0	
463	259	0	0	0	-0	0	0	-0	-0	-0	0.000116706	7.28634	0	0	
538	50	0	0	0	0	0	0	0	-0	-0	0.000313922	4.13059	0	0	
546	501	0	0	0	-0	0	-0	0	0	-0	3.88193e-05	1.42382	0	0	
189	26	0	0	0	0	-0	0	0	-0	-0	0.00108111	2.07917	0	0	
385	122	0	0	0	-0	0	0	-0	-0	0	0.00276274	2.57228	0	0	
465	11	0	0	0	-0	-0	0	0	-0	0	0.00185135	0.641112	0	0	
173	65	0	0	0	0	0	-0	0	-0	-0	0.000534884	10.4499	0	0	
180	0	0	0	0	0	-0	-0	-0	0	-0	0.00172175	0.75425	0	0	
93	33	0	0	0	0	0	-0	0	-0	-0	0.00337798	10.0116	0	0	
157	127	0	0	0	0	0	-0	0	-0	-0	0.000519097	0.675979	0	0	
677	261	0	0	0	-0	0	-0	0	0	0	8.23333e-05	5.79918	0	0	
249	20	0	0	0	-0	-0	0	-0	-0	-0	0.000122496	1.38327	0	0	
345	47	0	0	0	0	-0	0	0	0	0	8.25203e-05	4.00606	0	0	
481	65	0	0	0	0	-0	0	-0	-0	-0	0.000131084	1.10291	0	0	
76	59	0	0	0	-0	-0	-0	-0	-0	0	0.00171323	18.536	0	0	
696	425	0	0	0	0	-0	-0	-0	-0	0	7.82986e-05	3.59763	0	0	
683	643	0	0	0	0	-0	-0	-0	-0	-0	0.000118612	6.46591	0	0	
311	223	0	0	0	0	0	0	-0	-0	0	0.000438046	6.13575	0	0	
637	264	0	0	0	0	-0	0	-0	-0	-0	0.000432467	26.3795	0	0	
266	227	0	0	0	0	-0	0	0	-0	-0	0.000147158	4.53831	0	0	
481	250	0	0	0	0	-0	-0	-0	-0	0	0.00011631	0.976967	0	0	
188	142	0	0	0	0	0	0	-0	0	0	0.0016307	4.79874	0	0	
315	102	0	0	0	-0	-0	-0	0	0	-0	0.00136278	9.58538	0	0	
355	82	0	0	0	-0	-0	-0	-0	-0	0	0.00266304	1.18118	0	0	
99	46	0	0	0	-0	0	0	0	0	-0	0.00293795	7.84491	0	0	
48	22	0	0	0	0	-0	-0	0	-0	0	0.00254326	7.40588	0	0	
360	70	0	0	0	0	0	-0	0	0	0	0.000178591	1.59602	0	0	
694	100	0	0	0	0	-0	0	0	-0	-0	0.000200665	4.83503	0	0	
179	27	0	0	0	-0	0	0	-0	-0	0	0.000999687	20.8571	0	0	
94	80	0	0	0	-0	0	0	-0	-0	0	0.00133967	0.645382	0	0	
667	195	0	0	0	0	-0	0	-0	0	0	0.00075036	4.35188	0	0	
176	67	0	0	0	0	0	0	0	0	-0	0.00159833	6.71282	0	0	
445	181	0	0	0	0	-0	-0	0	-0	0	0.000497048	0.136619	0	0	
199	125	0	0	0	0	0	-0	0	-0	-0	0.00411904	4.42232	0	0	
172	61	0	0	0	0	-0	-0	-0	-0	-0	0.0105209	7.08141	0	0	
117	75	0	0	0	0	0	-0	-0	0	-0	0.00416466	19.6247	0	0	
517	295	0	0	0	-0	0	-0	0	0	0	0.00219001	6.58403	0	0	
29	1	0	0	0	-0	0	0	-0	0	-0	0.00109541	1.02749	0	0	
493	315	0	0	0	-0	-0	0	-0	0	0	0.000758996	3.07037	0	0	
488	142	0	0	0	0	0	-0	-0	-0	-0	0.000214733	3.54569	0	0	
699	263	0	0	0	-0	0	-0	-0	-0	0	0.000177494	0.555014	0	0	
391	89	0	0	0	-0	-0	0	0	-0	0	0.00101815	2.14463	0	0	
196	152	0	0	0	-0	-0	0	-0	0	-0	0.00438194	7.90966	0	0	
57	27	0	0	0	-0	0	0	0	-0	0	0.00133512	9.36479	0	0	
209	67	0	0	0	-0	-0	0	0	-0	-0	0.000353959	1.34271	0	0	
173	45	0	0	0	-0	0	-0	0	0	-0	0.00133208	2.69751	0	0	
616	468	0	0	0	-0	-0	-0	0	-0	-0	0.000204055	0.779154	0	0	
646	121	0	0	0	-0	-0	-0	-0	0	-0	0.000218322	5.86038	0	0	
647	306	0	0	0	-0	-0	0	0	0	0	9.82881e-05	0.629727	0	0	
254	194	0	0	0	0	0	-0	-0	-0	-0	0.000453704	1.31851	0	0	
608	519	0	0	0	0	-0	-0	0	0	0	0.000294287	4.26934	0	0	
370	12	0	0	0	0	0	0	0	-0	0	0.00149644	1.57539	0	0	
665	118	0	0	0	-0	-0	0	-0	0	-0	0.000132482	3.5464	0	0	
649	8	0	0	0	-0	0	-0	-0	-0	0	8.94901e-05	9.86786	0	0	
556	428	0	0	0	-0	-0	-0	0	0	-0	0.000551075	14.3656	0	0	
109	54	0	0	0	0	-0	0	0	0	0	0.00660405	2.14463	0	0	
544	57	0	0	0	-0	-0	0	-0	-0	-0	0.000333712	6.06673	0	0	
567	473	0	0	0	-0	-0	-0	-0	0	0	0.000321467	3.16145	0	0	
303	130	0	0	0	0	-0	-0	0	-0	0	0.000245662	6.2496	0	0	
140	45	0	0	0	-0	-0	0	0	0	0	0.00350133	14.557	0	0	
614	205	0	0	0	-0	0	-0	-0	-0	-0	0.000168959	3.53857	0	0	
564	89	0	0	0	-0	0	0	0	0	-0	0.000432626	0.0277507	0	0	
612	62	0	0	0	0	-0	-0	-0	-0	0	9.75733e-06	3.89933	0	0	
521	133	0	0	0	0	-0	0	0	-0	-0	0.000197989	0.561418	0	0	
551	325	0	0	0	-0	-0	-0	-0	0	-0	0.000773469	6.79892	0	0	
163	43	0	0	0	0	0	-0	-0	0	0	0.00483449	7.16182	0	0	
517	170	0	0	0	0	0	0	0	-0	-0	0.000380756	0.13733	0	0	
583	367	0	0	0	-0	0	0	-0	0	-0	0.000326253	6.48655	0	0	
196	22	0	0	0	-0	-0	-0	0	-0	0	0.00248792	7.71327	0	0	
125	71	0	0	0	-0	-0	0	-0	-0	-0	0.00153469	5.78709	0	0	
278	111	0	0	0	0	-0	0	0	0	-0	0.000173767	1.9639	0	0	
245	143	0	0	0	-0	-0	-0	-0	-0	0	0.000262134	3.04546	0	0	
677	618	0	0	0	-0	-0	0	0	0	0	8.08238e-05	3.3308	0	0	
367	253	0	0	0	0	-0	-0	0	0	0	0.00011117	0.0576361	0	0	
90	15	0	0	0	0	-0	0	-0	-0	0	0.00198678	2.12542	0	0	
385	147	0	0	0	-0	0	0	-0	-0	0	0.00303233	2.34316	0	0	
656	628	0	0	0	0	0	-0	-0	-0	-0	0.000744551	1.47434	0	0	
563	176	0	0	0	-0	-0	0	-0	-0	-0	0.000847481	5.53093	0	0	
295	29	0	0	0	0	-0	0	0	-0	-0	0.00178189	1.08157	0	0	
663	280	0	0	0	-0	-0	-0	0	0	-0	0.000544522	6.27095	0	0	
68	2	0	0	0	0	0	-0	0	-0	0	0.000443567	2.48049	0	0	
126	117	0	0	0	-0	0	-0	0	0	0	0.0022309	7.58448	0	0	
395	44	0	0	0	-0	0	0	-0	0	-0	0.00117396	9.53913	0	0	
323	279	0	0	0	0	0	0	-0	0	-0	0.000398507	8.14376	0	0	
605	206	0	0	0	-0	0	0	0	0	0	0.000270525	10.2806	0	0	
191	84	0	0	0	0	-0	0	0	0	-0	0.000290625	2.07774	0	0	
549	4	0	0	0	0	0	0	0	-0	0	0.000634915	4.32982	0	0	
202	136	0	0	0	0	-0	0	0	0	-0	0.00120586	0.907946	0	0	
512	303	0	0	0	0	0	-0	-0	0	-0	0.000160018	5.98846	0	0	
306	42	0	0	0	0	0	-0	-0	0	0	0.000264756	8.15444	0	0	
357	48	0	0	0	0	0	0	-0	-0	0	0.00379575	6.76548	0	0	
118	68	0	0	0	-0	-0	-0	-0	0	0	0.00241191	1.07303	0	0	
183	119	0	0	0	-0	0	0	0	0	-0	0.00538845	9.50497	0	0	
272	189	0	0	0	0	0	-0	-0	-0	-0	0.000330854	4.93891	0	0	
106	51	0	0	0	-0	0	-0	0	0	0	0.0011334	3.88937	0	0	
161	134	0	0	0	0	0	0	0	0	-0	0.00424745	6.11156	0	0	
284	145	0	0	0	0	0	-0	-0	0	0	0.000382075	5.14242	0	0	
504	178	0	0	0	0	-0	-0	-0	-0	0	0.00209869	8.22417	0	0	
495	489	0	0	0	-0	-0	0	0	-0	-0	0.000556379	1.01895	0	0	
91	26	0	0	0	-0	0	0	0	0	-0	0.00106157	0.0213467	0	0	
384	33	0	0	0	-0	-0	-0	0	-0	0	0.002149	9.04531	0	0	
484	39	0	0	0	-0	-0	0	-0	-0	-0	0.00070885	4.54685	0	0	
445	260	0	0	0	-0	-0	0	0	-0	0	0.000767249	8.15871	0	0	
661	163	0	0	0	0	-0	0	-0	-0	0	0.000592967	6.54561	0	0	
518	198	0	0	0	0	0	-0	0	-0	-0	0.00112299	7.98082	0	0	
164	94	0	0	0	0	0	-0	-0	0	0	0.00655134	3.091	0	0	
584	239	0	0	0	0	0	-0	-0	0	-0	7.10556e-05	4.53546	0	0	
613	91	0	0	0	0	0	0	-0	-0	0	0.000317426	4.06441	0	0	
410	53	0	0	0	-0	-0	-0	0	-0	-0	0.000186407	3.82746	0	0	
281	136	0	0	0	-0	-0	-0	0	-0	-0	0.00176081	2.66122	0	0	
79	15	0	0	0	0	0	-0	-0	0	0	0.00293796	7.44146	0	0	
199	66	0	0	0	0	0	-0	0	-0	-0	0.00360708	4.66852	0	0	
173	49	0	0	0	-0	0	-0	0	-0	-0	0.000601402	5.67822	0	0	
381	73	0	0	0	0	-0	0	0	-0	-0	0.000420385	1.63943	0	0	
305	142	0	0	0	0	-0	-0	0	0	0	0.000303877	3.44607	0	0	
440	327	0	0	0	0	0	-0	0	-0	-0	0.000104391	2.57228	0	0	
691	234	0	0	0	0	0	0	0	-0	-0	0.000164614	5.20788	0	0	
151	129	0	0	0	-0	-0	0	-0	-0	-0	0.00310535	12.2117	0	0	
527	83	0	0	0	0	-0	0	0	0	0	0.00111322	4.42375	0	0	
419	36	0	0	0	-0	0	0	-0	0	-0	0.000202221	15.5084	0	0	
528	110	0	0	0	-0	-0	0	0	-0	0	0.000448045	12.0011	0	0	
163	122	0	0	0	-0	-0	0	-0	0	-0	0.00125988	2.85334	0	0	
593	137	0	0	0	0	0	0	0	-0	0	0.000344664	2.82061	0	0	
699	408	0	0	0	0	0	0	-0	-0	0	0.000112231	2.39439	0	0	
365	171	0	0	0	-0	-0	0	0	-0	-0	0.00244047	1.32492	0	0	
97	10	0	0	0	-0	0	-0	0	0	-0	0.00334554	5.62557	0	0	
166	62	0	0	0	0	-0	0	-0	-0	0	0.00478458	7.94382	0	0	
124	122	0	0	0	0	0	-0	-0	0	-0	0.00136072	0.696614	0	0	
559	20	0	0	0	-0	0	0	-0	-0	-0	0.00114431	13.6889	0	0	
695	245	0	0	0	-0	0	-0	0	0	0	0.000145947	11.1124	0	0	
168	138	0	0	0	0	0	0	-0	-0	0	0.00161089	5.44554	0	0	
625	541	0	0	0	0	-0	0	-0	-0	0	0.000169054	0.474608	0	0	
80	30	0	0	0	0	0	-0	0	-0	-0	6.06931e-05	2.51251	0	0	
337	129	0	0	0	0	-0	-0	-0	-0	0	0.00260242	3.29664	0	0	
583	354	0	0	0	0	0	-0	-0	0	0	0.000438307	13.3495	0	0	
623	338	0	0	0	0	-0	0	0	0	-0	7.23788e-05	5.86892	0	0	
120	15	0	0	0	-0	-0	-0	-0	0	0	0.00493403	1.63018	0	0	
152	77	0	0	0	-0	-0	0	0	-0	-0	0.00427663	0.508051	0	0	
291	76	0	0	0	-0	-0	0	-0	0	0	0.0030795	4.57246	0	0	
665	2	0	0	0	-0	-0	0	-0	0	-0	0.00019165	0.545052	0	0	
350	185	0	0	0	0	0	-0	-0	-0	-0	0.000395604	13.2784	0	0	
301	221	0	0	0	-0	-0	0	-0	0	-0	0.000228306	4.44723	0	0	
207	78	0	0	0	0	0	0	-0	-0	0	0.000875903	3.33222	0	0	
689	590	0	0	0	0	-0	-0	0	-0	0	0.000122438	3.00988	0	0	
587	14	0	0	0	-0	-0	-0	0	-0	-0	0.00188265	2.01655	0	0	
77	69	0	0	0	-0	0	-0	-0	0	0	0.00131854	0.298142	0	0	
472	82	0	0	0	0	0	-0	0	0	0	0.00113853	1.31923	0	0	
364	240	0	0	0	-0	-0	0	-0	-0	-0	0.000362022	0.156542	0	0	
559	0	0	0	0	-0	-0	0	-0	-0	-0	0.00176327	12.5063	0	0	
657	472	0	0	0	-0	0	0	-0	-0	-0	0.00164306	4.46431	0	0	
139	87	0	0	0	-0	-0	-0	0	-0	-0	0.00399285	7.5674	0	0	
51	39	0	0	0	0	-0	-0	0	-0	0	0.00465397	14.6189	0	0	
431	91	0	0	0	0	-0	0	-0	0	0	0.000207993	4.89835	0	0	
454	68	0	0	0	-0	-0	-0	0	-0	0	9.14051e-05	0.353644	0	0	
489	125	0	0	0	0	0	-0	-0	0	0	0.000633473	0.446857	0	0	
189	86	0	0	0	0	-0	0	-0	-0	0	0.00091482	1.80522	0	0	
368	130	0	0	0	0	0	-0	0	-0	0	5.20691e-05	3.05613	0	0	
449	258	0	0	0	0	0	-0	0	0	0	0.000218523	6.7484	0	0	
98	65	0	0	0	0	0	0	-0	-0	0	0.000754189	10.44	0	0	
540	320	0	0	0	0	0	0	-0	0	-0	0.000311204	2.13965	0	0	
327	74	0	0	0	-0	-0	-0	-0	0	0	0.000155321	7.37599	0	0	
418	54	0	0	0	-0	0	0	-0	-0	0	0.000664907	0.121676	0	0	
477	424	0	0	0	-0	-0	-0	-0	0	-0	0.000223059	4.51696	0	0	
173	85	0	0	0	0	0	0	0	-0	-0	0.000800317	8.91224	0	0	
285	74	0	0	0	-0	-0	-0	-0	-0	0	0.000446129	7.95734	0	0	
601	131	0	0	0	-0	0	-0	0	0	0	0.000354667	8.08684	0	0	
138	50	0	0	0	0	-0	-0	0	0	-0	0.00366901	3.29451	0	0	
100	24	0	0	0	0	0	0	-0	0	0	0.00153118	15.3191	0	0	
695	561	0	0	0	-0	0	0	0	0	0	6.14163e-05	6.81244	0	0	
77	72	0	0	0	0	0	0	0	-0	-0	0.00398381	7.39663	0	0	
583	276	0	0	0	-0	-0	-0	0	-0	0	0.000234786	4.94603	0	0	
626	196	0	0	0	0	-0	-0	-0	-0	-0	0.000464821	0.492397	0	0	
256	166	0	0	0	-0	0	-0	0	-0	-0	4.27696e-05	1.99805	0	0	
652	225	0	0	0	-0	-0	0	0	-0	0	0.000178063	6.32503	0	0	
387	124	0	0	0	0	-0	-0	0	0	0	0.00252308	9.1805	0	0	
371	217	0	0	0	-0	0	-0	0	-0	-0	0.000161286	6.85371	0	0	
329	270	0	0	0	0	0	-0	-0	-0	-0	0.000106745	5.64478	0	0	
475	126	0	0	0	-0	0	0	0	-0	0	0.00116392	9.03107	0	0	
268	18	0	0	0	0	-0	0	-0	0	0	0.000483577	4.19463	0	0	
520	446	0	0	0	0	-0	0	-0	-0	0	0.000159856	8.08043	0	0	
631	118	0	0	0	0	-0	-0	0	0	-0	0.0003116	0.683806	0	0	
285	44	0	0	0	-0	0	0	-0	-0	-0	0.000486648	7.13549	0	0	
645	174	0	0	0	-0	0	-0	-0	-0	0	0.00101655	3.31301	0	0	
356	44	0	0	0	-0	0	0	0	-0	0	0.00051912	2.79713	0	0	
633	335	0	0	0	0	0	0	-0	-0	0	0.000174879	2.5673	0	0	
274	188	0	0	0	0	0	-0	0	-0	0	0.00424689	1.00472	0	0	
27	9	0	0	0	-0	0	0	-0	0	-0	0.00272106	2.83342	0	0	
248	92	0	0	0	0	-0	0	-0	0	0	0.00299569	10.0714	0	0	
341	243	0	0	0	0	-0	-0	0	0	0	5.48864e-05	0.890869	0	0	
214	77	0	0	0	0	-0	0	0	0	-0	0.00049097	0.957755	0	0	
554	108	0	0	0	-0	-0	0	0	-0	-0	0.000328142	0.528686	0	0	
101	13	0	0	0	-0	0	-0	0	-0	-0	0.00486309	9.45587	0	0	
606	294	0	0	0	0	0	0	0	0	-0	0.00032606	0.855291	0	0	
582	139	0	0	0	0	0	0	0	-0	0	0.00033811	3.11519	0	0	
319	114	0	0	0	-0	-0	-0	-0	-0	0	0.000192188	0.707287	0	0	
568	104	0	0	0	0	-0	0	-0	-0	-0	1.37091e-06	10.7175	0	0	
360	67	0	0	0	-0	0	-0	0	0	-0	0.00062168	2.02153	0	0	
519	92	0	0	0	-0	-0	-0	-0	0	0	0.000547189	4.0025	0	0	
346	131	0	0	0	-0	0	0	-0	0	-0	0.00117397	5.93723	0	0	
290	165	0	0	0	-0	0	0	0	0	-0	0.000846691	1.96959	0	0	
429	9	0	0	0	0	-0	-0	0	-0	0	0.000251715	1.38754	0	0	
684	574	0	0	0	0	0	0	0	0	-0	0.000391547	1.32136	0	0	
300	146	0	0	0	-0	-0	0	0	0	0	0.00164829	0.16437	0	0	
561	151	0	0	0	-0	0	-0	0	-0	-0	6.6059e-05	3.90573	0	0	
56	45	0	0	0	0	-0	0	0	0	0	0.00139028	4.1932	0	0	
147	73	0	0	0	-0	-0	0	-0	0	0	0.00136538	2.04146	0	0	
335	223	0	0	0	0	-0	-0	0	0	0	0.000206083	6.93554	0	0	
464	136	0	0	0	0	0	0	-0	0	-0	0.000317331	7.35963	0	0	
682	580	0	0	0	0	-0	0	-0	-0	0	0.000324535	3.55921	0	0	
37	19	0	0	0	-0	-0	-0	-0	0	-0	0.00155494	4.69698	0	0	
290	30	0	0	0	0	0	0	-0	0	-0	7.79711e-06	3.96337	0	0	
123	116	0	0	0	0	0	-0	-0	0	-0	0.00130435	0.844617	0	0	
684	194	0	0	0	0	-0	-0	0	0	-0	0.00149669	1.33346	0	0	
304	145	0	0	0	-0	-0	-0	-0	0	0	0.00161429	0.678113	0	0	
687	156	0	0	0	-0	0	-0	-0	-0	0	0.000335127	20.485	0	0	
167	52	0	0	0	-0	0	-0	-0	-0	0	0.000814982	2.16029	0	0	
156	5	0	0	0	-0	-0	-0	0	0	-0	0.00109415	0.751404	0	0	
158	134	0	0	0	0	0	-0	-0	0	0	0.00284146	0.787693	0	0	
671	52	0	0	0	0	-0	-0	0	-0	0	0.000675562	7.97512	0	0	
481	114	0	0	0	-0	-0	0	-0	-0	-0	0.000249376	4.0267	0	0	
425	189	0	0	0	-0	-0	-0	-0	0	0	0.000354497	3.34005	0	0	
193	175	0	0	0	0	0	-0	0	-0	0	0.00104839	3.64815	0	0	
657	321	0	0	0	0	-0	-0	-0	-0	0	0.00230437	2.27627	0	0	
171	50	0	0	0	-0	0	0	0	0	0	0.000427714	1.64227	0	0	
338	133	0	0	0	0	-0	-0	-0	0	-0	0.000259422	2.3211	0	0	
212	124	0	0	0	-0	0	0	0	-0	0	0.00177604	4.78451	0	0	
653	95	0	0	0	-0	0	-0	0	-0	-0	0.00034619	2.16029	0	0	
388	361	0	0	0	0	-0	0	-0	-0	0	0.000194259	8.46752	0	0	
253	59	0	0	0	-0	-0	-0	-0	0	0	0.000162928	1.00187	0	0	
537	128	0	0	0	-0	-0	0	-0	0	0	0.000121144	1.342	0	0	
259	33	0	0	0	0	0	0	0	-0	0	0.000464033	0.690921	0	0	
439	30	0	0	0	-0	0	0	-0	0	-0	0.000455899	8.25334	0	0	
299	43	0	0	0	0	0	0	0	0	-0	0.00522714	6.81885	0	0	
201	31	0	0	0	0	0	-0	-0	0	0	0.000171753	1.09793	0	0	
84	46	0	0	0	-0	-0	0	-0	0	-0	0.00269529	14.002	0	0	
551	307	0	0	0	-0	0	0	-0	-0	-0	0.000508568	5.67893	0	0	
526	276	0	0	0	-0	-0	-0	-0	0	0	0.000203718	3.76058	0	0	
469	179	0	0	0	0	0	-0	0	-0	0	0.00010148	1.22174	0	0	
501	269	0	0	0	0	0	0	-0	-0	0	0.000531779	0.118118	0	0	
272	13	0	0	0	-0	0	-0	-0	-0	0	0.000389014	4.47569	0	0	
117	59	0	0	0	0	-0	-0	-0	-0	0	0.00127453	8.92007	0	0	
524	378	0	0	0	0	-0	-0	0	0	0	0.000240981	4.22309	0	0	
492	228	0	0	0	0	-0	0	0	-0	-0	2.06576e-05	4.78095	0	0	
268	31	0	0	0	-0	-0	0	0	0	0	0.000290392	4.26151	0	0	
566	137	0	0	0	-0	0	-0	0	0	0	0.000355774	7.37172	0	0	
411	26	0	0	0	-0	-0	-0	0	-0	-0	0.000208327	1.17336	0	0	
659	281	0	0	0	0	0	-0	-0	0	0	0.000278989	1.54408	0	0	
674	391	0	0	0	0	-0	-0	-0	-0	-0	0.00255204	0.906523	0	0	
330	252	0	0	0	-0	-0	-0	-0	0	0	0.000185275	1.94611	0	0	
134	83	0	0	0	-0	-0	0	-0	0	0	0.00157817	2.24923	0	0	
63	50	0	0	0	0	0	0	0	-0	0	0.00650043	8.62904	0	0	
435	174	0	0	0	-0	0	0	-0	-0	-0	0.000537238	2.63916	0	0	
585	191	0	0	0	0	-0	-0	0	0	0	0.000435366	7.11058	0	0	
191	36	0	0	0	-0	0	-0	-0	0	0	0.000457049	0.0405587	0	0	
585	430	0	0	0	-0	0	-0	0	-0	-0	0.000200799	7.27993	0	0	
524	153	0	0	0	0	-0	-0	0	-0	0	0.00120152	11.3052	0	0	
275	4	0	0	0	0	0	-0	-0	-0	-0	0.000388391	1.09366	0	0	
121	1	0	0	0	0	0	-0	-0	0	-0	0.00185704	7.94097	0	0	
405	3	0	0	0	-0	0	0	0	0	-0	0.00045997	2.93232	0	0	
414	345	0	0	0	-0	0	0	-0	-0	-0	0.000335197	4.54471	0	0	
663	38	0	0	0	0	-0	0	0	-0	-0	0.000258283	3.64246	0	0	
285	102	0	0	0	0	-0	0	-0	-0	-0	0.000659538	4.96239	0	0	
312	138	0	0	0	0	-0	0	-0	0	0	0.000185053	2.21792	0	0	
523	324	0	0	0	0	-0	-0	0	0	-0	0.00012639	0.249756	0	0	
545	97	0	0	0	-0	-0	0	0	0	0	8.48054e-05	22.1607	0	0	
588	239	0	0	0	0	0	0	0	-0	0	0.000137338	2.28694	0	0	
394	392	0	0	0	-0	-0	0	0	-0	0	0.0015453	4.9503	0	0	
547	87	0	0	0	0	0	0	-0	-0	0	0.000184249	3.94914	0	0	
375	85	0	0	0	0	0	-0	-0	0	0	0.000799855	4.44011	0	0	
341	23	0	0	0	0	0	-0	0	-0	-0	0.000181455	7.10774	0	0	
352	320	0	0	0	-0	-0	0	-0	0	-0	0.000130541	5.0428	0	0	
202	100	0	0	0	0	-0	-0	0	0	-0	0.00103559	1.18972	0	0	
671	493	0	0	0	0	0	0	0	-0	0	0.000750084	9.61526	0	0	
457	298	0	0	0	0	0	0	0	0	-0	0.001822	3.10808	0	0	
628	124	0	0	0	-0	-0	0	-0	0	0	0.00189773	1.30998	0	0	
636	462	0	0	0	-0	0	-0	-0	-0	0	0.000156135	3.29878	0	0	
315	70	0	0	0	0	0	0	0	-0	-0	0.00111519	9.62878	0	0	
357	126	0	0	0	0	-0	-0	-0	-0	0	0.00243648	4.9752	0	0	
155	100	0	0	0	0	0	0	-0	0	0	0.00141866	11.8588	0	0	
434	247	0	0	0	-0	-0	-0	-0	-0	0	0.00129813	3.01273	0	0	
422	412	0	0	0	-0	-0	-0	-0	0	-0	9.2141e-05	7.07358	0	0	
307	203	0	0	0	-0	-0	0	-0	0	0	0.000287896	6.09092	0	0	
328	184	0	0	0	0	0	0	0	0	-0	0.00177847	5.91588	0	0	
639	337	0	0	0	0	-0	-0	0	0	0	0.000781281	3.59265	0	0	
331	72	0	0	0	0	-0	0	0	0	-0	0.000718551	0.271103	0	0	
127	16	0	0	0	0	0	0	-0	0	-0	0.000968425	0.844617	0	0	
303	75	0	0	0	0	0	0	0	-0	0	0.000216933	6.09163	0	0	
413	93	0	0	0	-0	-0	0	0	-0	0	0.00166547	5.96	0	0	
443	98	0	0	0	-0	0	0	0	-0	0	0.000196685	3.26604	0	0	
622	47	0	0	0	-0	0	-0	-0	0	0	0.00028756	1.58392	0	0	
540	89	0	0	0	0	-0	0	0	0	0	0.00181134	11.9207	0	0	
685	615	0	0	0	-0	0	-0	0	0	0	0.000139994	1.27297	0	0	
514	480	0	0	0	0	0	-0	0	-0	0	0.000270979	4.17399	0	0	
531	211	0	0	0	-0	-0	0	0	0	0	0.000177301	0.272526	0	0	
668	37	0	0	0	0	0	0	-0	-0	0	0.000320055	9.40749	0	0	
399	184	0	0	0	0	0	-0	0	-0	0	0.00154227	4.49063	0	0	
137	128	0	0	0	-0	-0	-0	0	-0	0	0.00166217	11.619	0	0	
194	182	0	0	0	-0	0	0	0	0	-0	0.00187382	7.76806	0	0	
323	73	0	0	0	-0	0	0	0	0	0	0.000757257	6.78184	0	0	
651	232	0	0	0	0	0	0	-0	0	0	0.000657204	3.76556	0	0	
542	94	0	0	0	0	0	0	0	0	-0	0.00180372	0.0896561	0	0	
345	339	0	0	0	0	0	0	0	-0	0	0.000100742	4.0758	0	0	
470	5	0	0	0	-0	0	-0	0	-0	-0	0.000150813	4.55894	0	0	
400	322	0	0	0	-0	-0	0	0	-0	-0	9.13089e-05	20.4793	0	0	
484	297	0	0	0	0	0	-0	-0	-0	-0	0.000568067	0.357913	0	0	
545	132	0	0	0	-0	0	0	0	0	0	8.69281e-05	0.385664	0	0	
540	197	0	0	0	0	0	-0	-0	0	0	0.000633118	15.9695	0	0	
613	189	0	0	0	-0	-0	0	-0	0	0	7.19248e-05	2.6662	0	0	
113	86	0	0	0	0	-0	0	-0	-0	0	0.000759655	1.24736	0	0	
487	15	0	0	0	-0	-0	0	0	-0	-0	0.000234958	0.116695	0	0	
273	42	0	0	0	0	-0	0	-0	0	0	0.000394348	2.37802	0	0	
435	26	0	0	0	-0	0	-0	-0	-0	-0	0.000711754	7.21589	0	0	
563	97	0	0	0	-0	0	-0	-0	-0	0	0.00169648	7.52044	0	0	
507	52	0	0	0	-0	0	-0	-0	-0	0	0.00165575	11.8816	0	0	
698	206	0	0	0	-0	0	-0	0	-0	-0	0.000243907	9.8636	0	0	
521	219	0	0	0	0	-0	0	0	-0	-0	0.000181928	8.09467	0	0	
551	217	0	0	0	-0	-0	0	-0	0	-0	0.000401887	12.369	0	0	
690	37	0	0	0	0	0	-0	0	-0	-0	0.000634469	5.80986	0	0	
99	16	0	0	0	0	-0	0	0	0	0	0.0020385	8.59845	0	0	
294	124	0	0	0	-0	-0	-0	-0	-0	0	0.000507072	3.27529	0	0	
508	12	0	0	0	-0	-0	-0	0	0	-0	0.000283766	10.7573	0	0	
389	298	0	0	0	0	-0	-0	-0	-0	0	0.000797063	14.451	0	0	
56	7	0	0	0	0	0	-0	0	-0	0	0.00223513	9.87711	0	0	
128	86	0	0	0	-0	0	0	0	-0	0	0.00291969	11.4689	0	0	
297	4	0	0	0	0	-0	-0	-0	-0	-0	0.000534123	7.94026	0	0	
575	188	0	0	0	0	-0	-0	0	0	-0	0.000120247	3.45674	0	0	
54	28	0	0	0	-0	0	-0	0	0	-0	0.00381186	0.570668	0	0	
483	267	0	0	0	0	-0	0	0	0	0	0.000275273	14.5165	0	0	
303	28	0	0	0	-0	-0	-0	0	-0	0	0.000301729	6.18485	0	0	
353	277	0	0	0	0	-0	0	0	0	0	0.000140575	14.8075	0	0	
528	92	0	0	0	0	0	0	0	-0	0	0.00229974	13.7928	0	0	
621	265	0	0	0	-0	-0	0	-0	-0	-0	0.000142308	3.24968	0	0	
157	90	0	0	0	0	0	-0	-0	0	-0	0.00136486	3.13868	0	0	
657	479	0	0	0	-0	-0	-0	-0	0	0	0.00132145	3.07321	0	0	
315	4	0	0	0	0	-0	-0	0	0	-0	0.00149102	2.46341	0	0	
404	104	0	0	0	0	-0	0	-0	-0	-0	0.00079305	2.07205	0	0	
337	78	0	0	0	0	-0	0	-0	-0	0	0.00253225	3.22549	0	0	
31	17	0	0	0	0	0	0	-0	0	-0	0.00274261	9.65724	0	0	
632	19	0	0	0	0	0	0	-0	0	0	0.000736985	4.39884	0	0	
86	13	0	0	0	0	0	-0	-0	-0	-0	0.00103991	6.44528	0	0	
567	337	0	0	0	0	0	0	-0	0	0	0.000483234	3.75844	0	0	
607	540	0	0	0	0	-0	0	-0	-0	-0	0.00106495	7.52542	0	0	
111	2	0	0	0	-0	0	0	-0	-0	-0	0.00357999	4.78095	0	0	
181	32	0	0	0	0	-0	-0	-0	0	-0	0.0129001	3.73069	0	0	
527	404	0	0	0	-0	0	0	0	0	-0	0.00118279	7.0316	0	0	
379	165	0	0	0	0	0	0	0	-0	0	0.00401896	0.513744	0	0	
406	233	0	0	0	-0	0	-0	0	-0	-0	0.000157633	1.91551	0	0	
598	210	0	0	0	-0	-0	0	0	-0	0	0.00057108	1.45656	0	0	
574	171	0	0	0	0	-0	0	-0	-0	-0	0.000305965	10.573	0	0	
131	69	0	0	0	-0	0	0	0	0	-0	0.00220068	5.99913	0	0	
369	326	0	0	0	0	-0	0	0	-0	-0	0.000174963	7.27638	0	0	
623	136	0	0	0	-0	-0	-0	0	-0	0	0.000403703	6.64024	0	0	
420	21	0	0	0	0	0	-0	-0	-0	-0	0.000938641	3.40764	0	0	
156	8	0	0	0	-0	-0	0	-0	-0	-0	0.0022185	8.88378	0	0	
681	454	0	0	0	-0	-0	0	0	0	0	2.25557e-05	1.88918	0	0	
632	24	0	0	0	-0	-0	0	-0	0	-0	0.000934131	4.5504	0	0	
404	23	0	0	0	-0	-0	-0	0	-0	0	0.00118487	2.1553	0	0	
125	108	0	0	0	0	-0	0	-0	0	0	0.0044012	16.3615	0	0	
549	440	0	0	0	0	-0	0	0	-0	-0	0.000685515	3.07321	0	0	
681	167	0	0	0	-0	0	-0	-0	0	0	0.000921521	2.45772	0	0	
431	301	0	0	0	0	-0	-0	-0	-0	-0	0.000312839	1.95891	0	0	
656	88	0	0	0	-0	-0	-0	0	-0	0	0.000539981	6.95119	0	0	
409	151	0	0	0	0	-0	-0	0	-0	0	0.000203864	4.94674	0	0	
141	127	0	0	0	-0	-0	-0	-0	0	-0	0.00142124	7.44786	0	0	
100	12	0	0	0	-0	0	-0	0	0	0	0.00058405	2.32679	0	0	
137	76	0	0	0	0	0	0	-0	0	0	0.00152007	8.61197	0	0	
518	362	0	0	0	0	-0	0	-0	-0	-0	0.000899108	5.86749	0	0	
112	32	0	0	0	0	0	0	0	0	-0	0.00798551	9.35199	0	0	
168	149	0	0	0	-0	-0	0	0	-0	-0	0.00246172	4.41734	0	0	
636	105	0	0	0	-0	-0	0	-0	0	0	0.000366927	4.11564	0	0	
228	91	0	0	0	0	0	-0	0	-0	0	0.000717999	4.64148	0	0	
229	27	0	0	0	-0	-0	-0	-0	-0	0	0.000107941	0.389221	0	0	
317	0	0	0	0	0	-0	-0	-0	-0	-0	0.000574124	6.79394	0	0	
532	194	0	0	0	0	0	0	0	0	-0	0.000279001	3.54924	0	0	
17	10	0	0	0	0	-0	-0	0	-0	0	0.00594214	6.15069	0	0	
578	5	0	0	0	0	-0	-0	-0	-0	0	0.000732413	5.18582	0	0	
557	35	0	0	0	-0	0	0	0	0	0	0.000234725	22.123	0	0	
40	10	0	0	0	0	0	0	0	0	-0	0.00447944	14.7684	0	0	
140	37	0	0	0	-0	-0	0	0	0	0	0.00366793	16.5031	0	0	
479	224	0	0	0	-0	0	-0	0	-0	-0	0.00101419	5.45835	0	0	
204	184	0	0	0	-0	0	0	0	0	-0	0.000518772	1.33417	0	0	
321	127	0	0	0	-0	0	0	-0	-0	-0	0.00279339	4.01033	0	0	
494	72	0	0	0	0	-0	-0	0	0	0	0.00061032	0.918619	0	0	
692	265	0	0	0	-0	0	0	0	0	0	0.000144525	3.56917	0	0	
468	67	0	0	0	-0	-0	-0	-0	-0	0	0.000646579	8.64328	0	0	
629	620	0	0	0	-0	0	0	0	0	-0	9.01218e-05	1.29788	0	0	
340	124	0	0	0	-0	-0	0	-0	0	-0	0.00201396	6.16777	0	0	
114	101	0	0	0	-0	0	0	-0	-0	-0	0.00153692	6.61676	0	0	
608	313	0	0	0	0	0	-0	-0	0	0	3.03592e-05	4.65927	0	0	
120	2	0	0	0	-0	0	-0	-0	0	0	0.0015868	1.33346	0	0	
647	604	0	0	0	-0	0	-0	0	0	0	0.000127513	16.1253	0	0	
560	120	0	0	0	0	0	-0	0	-0	-0	0.000384709	0.670998	0	0	
175	68	0	0	0	-0	-0	0	-0	0	-0	0.00226601	3.36566	0	0	
574	229	0	0	0	-0	-0	-0	0	-0	-0	0.000203082	0.602688	0	0	
329	11	0	0	0	-0	0	-0	0	0	-0	0.000462108	1.10362	0	0	
477	475	0	0	0	0	-0	-0	-0	0	-0	0.00097558	9.15346	0	0	
327	285	0	0	0	-0	0	0	0	0	-0	0.000252591	6.33285	0	0	
514	69	0	0	0	0	0	0	0	0	-0	0.000538801	0.803347	0	0	
660	439	0	0	0	0	-0	0	0	0	-0	0.000647904	3.70223	0	0	
699	179	0	0	0	-0	0	-0	-0	0	0	0.00032642	1.09082	0	0	
674	183	0	0	0	-0	-0	0	0	-0	-0	0.003311	0.0974832	0	0	
482	474	0	0	0	-0	-0	-0	-0	-0	0	0.000305447	1.98595	0	0	
186	17	0	0	0	-0	0	0	0	-0	0	0.00777454	6.08167	0	0	
302	137	0	0	0	-0	0	-0	0	0	-0	0.000247473	4.5134	0	0	
566	86	0	0	0	0	0	0	-0	0	0	0.000299153	7.21518	0	0	
179	9	0	0	0	-0	-0	-0	-0	0	0	0.000315731	1.78245	0	0	
569	100	0	0	0	-0	-0	0	-0	0	0	0.000198061	8.53797	0	0	
355	68	0	0	0	-0	0	0	0	-0	0	0.000771384	3.06112	0	0	
202	151	0	0	0	0	0	-0	-0	0	-0	0.000419284	0.399183	0	0	
684	63	0	0	0	0	-0	-0	0	0	-0	0.00157353	1.19541	0	0	
423	38	0	0	0	0	0	0	-0	0	0	0.00105202	3.32937	0	0	
348	166	0	0	0	0	-0	-0	-0	-0	0	0.0033044	1.30215	0	0	
407	370	0	0	0	-0	-0	0	-0	-0	-0	0.00200593	0.614785	0	0	
563	159	0	0	0	0	-0	-0	0	0	-0	0.00329263	6.06175	0	0	
426	157	0	0	0	0	-0	-0	0	-0	0	0.000367978	11.4596	0	0	
379	139	0	0	0	0	-0	-0	0	-0	0	0.00359304	2.42712	0	0	
120	72	0	0	0	0	0	0	0	-0	-0	0.0048488	2.66976	0	0	
651	207	0	0	0	0	-0	0	-0	0	0	0.000609401	6.98677	0	0	
561	286	0	0	0	0	-0	-0	-0	-0	-0	3.90628e-05	0.59415	0	0	
115	13	0	0	0	-0	-0	-0	-0	-0	0	0.00315031	0.266834	0	0	
333	15	0	0	0	0	-0	-0	-0	0	-0	0.000481194	1.24095	0	0	
58	16	0	0	0	0	-0	-0	-0	-0	0	0.000847271	8.4106	0	0	
621	137	0	0	0	-0	0	-0	-0	-0	0	0.000164018	14.9398	0	0	
624	557	0	0	0	-0	-0	0	-0	0	-0	0.000126073	21.5032	0	0	
78	41	0	0	0	-0	0	0	-0	-0	0	5.70087e-05	0.0241929	0	0	
114	65	0	0	0	0	-0	-0	0	0	0	0.000688154	2.89461	0	0	
601	199	0	0	0	0	-0	-0	0	0	0	0.000687565	2.4627	0	0	
450	435	0	0	0	0	-0	0	0	0	-0	0.000673443	6.97681	0	0	
413	321	0	0	0	0	0	-0	0	-0	0	0.00159562	6.91419	0	0	
198	69	0	0	0	0	0	0	-0	-0	0	0.00197394	5.37866	0	0	
482	81	0	0	0	-0	0	-0	-0	-0	0	0.00183062	4.11991	0	0	
616	251	0	0	0	0	-0	-0	-0	-0	-0	5.8589e-05	0.424799	0	0	
388	114	0	0	0	0	-0	0	-0	0	0	0.000307585	4.92966	0	0	
606	231	0	0	0	-0	0	-0	-0	0	0	0.000122561	2.29192	0	0	
115	102	0	0	0	0	-0	0	0	-0	-0	0.00156442	0.180735	0	0	
605	173	0	0	0	-0	0	-0	-0	0	0	0.000614153	4.58598	0	0	
216	87	0	0	0	-0	0	-0	0	-0	-0	2.15424e-05	0.954197	0	0	
343	0	0	0	0	-0	0	0	-0	0	-0	0.00038384	3.1892	0	0	
627	534	0	0	0	-0	0	-0	0	-0	-0	0.000188304	3.20841	0	0	
654	135	0	0	0	-0	0	0	-0	-0	-0	0.000126748	2.67901	0	0	
527	94	0	0	0	-0	-0	0	0	0	0	0.00110957	2.78574	0	0	
416	38	0	0	0	0	0	-0	0	0	0	0.000278105	3.90218	0	0	
309	155	0	0	0	0	-0	-0	-0	0	-0	0.000108412	0.268257	0	0	
683	110	0	0	0	0	0	-0	-0	-0	-0	0.000206858	6.87933	0	0	
635	111	0	0	0	0	0	0	-0	-0	0	0.000151837	0.401318	0	0	
185	125	0	0	0	0	-0	-0	0	0	-0	0.000190914	0.690921	0	0	
71	58	0	0	0	-0	0	-0	0	0	-0	0.00260755	3.17639	0	0	
640	413	0	0	0	0	-0	-0	-0	-0	-0	0.000141824	5.31533	0	0	
641	380	0	0	0	0	-0	0	-0	-0	0	0.000133759	19.9592	0	0	
164	30	0	0	0	-0	-0	-0	-0	0	-0	0.00265032	4.1562	0	0	
543	121	0	0	0	0	-0	-0	0	0	0	0.000269366	0.282488	0	0	
88	29	0	0	0	0	0	-0	0	-0	0	0.00226993	3.01486	0	0	
379	210	0	0	0	0	-0	0	0	0	-0	0.0045776	2.36948	0	0	
141	21	0	0	0	0	0	-0	-0	0	0	0.00155778	21.0244	0	0	
509	19	0	0	0	-0	0	-0	0	0	0	0.000854924	4.43584	0	0	
614	167	0	0	0	-0	0	0	-0	-0	-0	0.000285994	3.11662	0	0	
563	91	0	0	0	-0	-0	-0	0	-0	0	0.00304763	3.89079	0	0	
123	119	0	0	0	0	-0	-0	0	0	-0	0.00714321	11.893	0	0	
541	466	0	0	0	-0	-0	0	-0	0	-0	0.000369679	1.20538	0	0	
261	44	0	0	0	0	0	0	0	0	-0	0.000332244	5.57078	0	0	
180	84	0	0	0	0	0	-0	0	-0	-0	0.00204387	10.8904	0	0	
509	450	0	0	0	-0	0	-0	-0	0	0	0.000683323	7.61863	0	0	
188	42	0	0	0	-0	0	0	-0	0	-0	0.0024149	9.12785	0	0	
662	10	0	0	0	-0	0	-0	-0	0	0	0.000424295	1.86214	0	0	
202	129	0	0	0	-0	0	-0	0	0	-0	0.00120834	0.836079	0	0	
164	80	0	0	0	-0	0	-0	-0	-0	0	0.00305871	0.954909	0	0	
578	57	0	0	0	0	-0	0	-0	-0	-0	0.000239424	9.25664	0	0	
193	84	0	0	0	0	-0	-0	0	0	0	0.00108754	4.01958	0	0	
441	249	0	0	0	-0	0	0	-0	-0	0	9.4911e-05	1.57752	0	0	
155	136	0	0	0	-0	-0	0	0	-0	0	0.00353482	0.190697	0	0	
634	47	0	0	0	-0	0	0	-0	-0	0	0.000725833	4.50415	0	0	
133	49	0	0	0	-0	-0	0	0	-0	0	0.00184904	5.69032	0	0	
89	39	0	0	0	0	-0	-0	-0	-0	0	0.0040637	15.5753	0	0	
399	146	0	0	0	0	-0	0	0	0	-0	0.00210562	7.83566	0	0	
690	348	0	0	0	-0	-0	-0	0	0	-0	0.00193383	15.312	0	0	
678	29	0	0	0	-0	-0	0	0	0	0	0.000506898	0.468204	0	0	
681	171	0	0	0	-0	0	0	0	0	0	0.000104209	2.15032	0	0	
492	26	0	0	0	0	-0	-0	0	-0	0	0.000204106	3.16429	0	0	
559	203	0	0	0	-0	-0	-0	-0	0	-0	0.000266119	6.22256	0	0	
304	114	0	0	0	-0	0	-0	-0	-0	-0	0.000719114	2.76226	0	0	
297	35	0	0	0	-0	0	-0	-0	-0	-0	0.000628591	0.358624	0	0	
452	200	0	0	0	0	0	-0	0	-0	-0	3.38614e-05	0.293161	0	0	
697	392	0	0	0	0	0	0	0	0	-0	0.0013893	4.28357	0	0	
78	72	0	0	0	0	0	-0	0	-0	0	0.00368318	20.5647	0	0	
567	232	0	0	0	0	0	-0	0	-0	-0	2.67751e-05	2.21365	0	0	
587	504	0	0	0	0	-0	-0	0	-0	0	0.00198483	2.23286	0	0	
459	452	0	0	0	-0	-0	0	0	-0	-0	7.59233e-05	3.9961	0	0	
159	99	0	0	0	-0	-0	-0	-0	0	-0	0.00115611	4.58954	0	0	
397	80	0	0	0	0	0	-0	-0	0	-0	0.00117751	3.95768	0	0	
445	269	0	0	0	0	0	0	-0	0	0	0.00124491	1.08939	0	0	
178	23	0	0	0	-0	-0	0	-0	-0	-0	0.000773752	0.108868	0	0	
183	83	0	0	0	0	-0	0	-0	-0	-0	0.00124864	2.59576	0	0	
547	139	0	0	0	-0	0	0	0	-0	0	0.000722588	0.159389	0	0	
606	471	0	0	0	-0	0	-0	0	0	-0	0.000224466	5.0307	0	0	
401	66	0	0	0	-0	0	0	0	0	0	0.000297695	10.0116	0	0	
398	386	0	0	0	0	-0	-0	-0	-0	0	0.000326657	4.67706	0	0	
492	252	0	0	0	0	-0	-0	0	-0	0	0.000190824	6.28874	0	0	
601	480	0	0	0	0	-0	-0	0	0	0	0.00039682	1.30073	0	0	
532	105	0	0	0	0	-0	-0	0	0	-0	0.000268693	5.21073	0	0	
482	133	0	0	0	-0	-0	0	-0	0	-0	0.00126118	3.58411	0	0	
321	3	0	0	0	-0	0	-0	-0	-0	0	0.00178578	2.16882	0	0	
645	96	0	0	0	-0	-0	0	-0	0	-0	0.0011718	12.6038	0	0	
141	5	0	0	0	-0	0	0	0	0	-0	0.000644728	6.55343	0	0	
586	163	0	0	0	-0	-0	-0	0	-0	-0	0.000286465	1.17763	0	0	
394	123	0	0	0	0	-0	-0	-0	-0	0	0.00226869	0.863118	0	0	
597	56	0	0	0	-0	0	0	0	0	0	0.000240726	10.6157	0	0	
389	22	0	0	0	-0	-0	0	0	-0	0	0.0011024	9.75402	0	0	
633	317	0	0	0	0	0	0	-0	0	0	0.000302468	0.599131	0	0	
615	378	0	0	0	0	-0	-0	0	0	-0	0.000223306	0.317354	0	0	
632	300	0	0	0	0	-0	0	-0	-0	0	0.0013418	5.22211	0	0	
648	18	0	0	0	0	-0	-0	-0	0	-0	0.000137439	6.23608	0	0	
457	155	0	0	0	0	0	-0	-0	0	-0	0.0021806	7.46352	0	0	
51	46	0	0	0	0	0	-0	-0	0	-0	0.00342301	8.83397	0	0	
314	201	0	0	0	-0	-0	0	-0	-0	-0	0.000676769	3.52007	0	0	
579	116	0	0	0	0	-0	-0	0	-0	0	0.000268102	19.5998	0	0	
131	66	0	0	0	-0	-0	-0	-0	-0	0	6.03453e-05	0.595573	0	0	
450	10	0	0	0	0	-0	-0	0	0	-0	0.000831295	5.22567	0	0	
148	132	0	0	0	-0	0	0	0	0	-0	0.00453578	6.18912	0	0	
267	35	0	0	0	0	-0	-0	0	0	0	0.000274633	7.71185	0	0	
194	167	0	0	0	0	0	0	-0	0	0	0.000722558	1.16553	0	0	
540	95	0	0	0	-0	0	0	0	0	0	0.001659	13.7942	0	0	
585	0	0	0	0	0	-0	-0	-0	-0	-0	0.000381241	2.05497	0	0	
477	37	0	0	0	-0	0	0	0	0	-0	0.00113091	9.28937	0	0	
191	121	0	0	0	-0	-0	0	0	-0	0	0.00163592	2.33462	0	0	
577	6	0	0	0	0	0	-0	0	0	0	0.000334895	2.5922	0	0	
530	499	0	0	0	0	-0	-0	0	-0	0	0.0002277	2.99281	0	0	
292	199	0	0	0	-0	-0	-0	-0	-0	0	0.000381339	0.174331	0	0	
436	67	0	0	0	-0	0	0	0	0	-0	0.000401056	2.9245	0	0	
535	257	0	0	0	0	0	-0	0	-0	0	0.000122612	4.66283	0	0	
444	110	0	0	0	0	-0	0	-0	0	0	0.000174229	13.2819	0	0	
163	77	0	0	0	0	0	0	0	0	-0	0.00378341	7.83708	0	0	
314	26	0	0	0	-0	0	-0	-0	0	0	0.00396022	0.0604823	0	0	
576	347	0	0	0	0	-0	-0	-0	-0	-0	0.000161195	0.932139	0	0	
679	563	0	0	0	0	0	-0	-0	0	0	4.51993e-05	3.84454	0	0	
516	263	0	0	0	-0	-0	0	0	-0	-0	0.000132517	3.05329	0	0	
180	80	0	0	0	0	-0	0	-0	-0	-0	0.00324969	16.5295	0	0	
59	8	0	0	0	-0	0	-0	0	0	0	0.000923282	0.111714	0	0	
636	251	0	0	0	-0	0	0	-0	-0	-0	6.92162e-07	1.28365	0	0	
447	224	0	0	0	-0	-0	0	-0	0	-0	0.000257306	4.64219	0	0	
492	91	0	0	0	0	-0	0	0	-0	-0	0.000656064	7.89401	0	0	
406	4	0	0	0	-0	-0	0	-0	-0	-0	0.000163944	1.53127	0	0	
178	123	0	0	0	-0	0	-0	-0	0	0	0.00237729	1.25874	0	0	
167	27	0	0	0	-0	-0	-0	0	-0	0	0.00120816	1.52415	0	0	
466	100	0	0	0	0	-0	-0	0	0	0	0.000328103	1.76679	0	0	
403	328	0	0	0	0	-0	-0	0	-0	0	0.000452562	19.5806	0	0	
125	25	0	0	0	-0	-0	-0	0	-0	0	0.0034499	13.5744	0	0	
526	327	0	0	0	-0	0	-0	-0	-0	-0	0.000267668	7.47205	0	0	
621	98	0	0	0	-0	-0	-0	-0	0	0	0.000202829	3.64246	0	0	
78	60	0	0	0	0	0	0	-0	0	-0	0.00126606	2.11617	0	0	
651	88	0	0	0	-0	0	0	-0	-0	0	0.000688947	4.63223	0	0	
448	231	0	0	0	-0	0	0	-0	0	-0	0.000125841	1.38042	0	0	
103	54	0	0	0	-0	-0	0	0	-0	0	0.00457386	2.04572	0	0	
377	181	0	0	0	-0	-0	-0	0	0	-0	9.83064e-07	0.57138	0	0	
104	92	0	0	0	-0	-0	0	-0	-0	-0	8.3801e-05	5.12748	0	0	
248	48	0	0	0	-0	-0	0	0	0	0	0.0023388	9.03036	0	0	
665	68	0	0	0	0	-0	-0	-0	0	-0	0.000298409	0.476031	0	0	
397	260	0	0	0	-0	0	-0	0	0	-0	0.000495684	7.3333	0	0	
680	591	0	0	0	-0	-0	-0	-0	0	-0	7.01494e-05	9.39041	0	0	
467	25	0	0	0	0	0	0	0	0	-0	0.00030692	10.0265	0	0	
113	75	0	0	0	0	0	-0	0	-0	0	0.00266946	19.2085	0	0	
70	67	0	0	0	0	-0	-0	0	0	-0	0.00151361	0.632574	0	0	
313	268	0	0	0	0	-0	0	0	0	0	0.000172198	4.47284	0	0	
313	246	0	0	0	0	0	0	-0	0	-0	9.55606e-05	4.3533	0	0	
673	537	0	0	0	0	0	0	0	0	-0	4.38019e-05	3.68515	0	0	
517	77	0	0	0	0	0	-0	0	0	0	0.00359804	0.925735	0	0	
73	56	0	0	0	0	0	0	-0	-0	0	0.000804433	0.363605	0	0	
25	20	0	0	0	-0	0	-0	-0	0	0	0.00499783	0.167927	0	0	
175	63	0	0	0	0	-0	-0	-0	-0	-0	0.0044085	5.92655	0	0	
41	32	0	0	0	-0	0	-0	0	0	-0	0.00446691	10.2884	0	0	
629	143	0	0	0	-0	0	0	0	0	-0	0.000129281	4.00749	0	0	
375	139	0	0	0	0	0	0	0	0	-0	0.00167888	10.1212	0	0	
422	148	0	0	0	-0	0	-0	-0	-0	-0	0.000175262	5.03711	0	0	
503	101	0	0	0	-0	-0	-0	0	-0	-0	0.00031603	6.61178	0	0	
305	216	0	0	0	0	-0	0	0	-0	-0	8.8243e-05	0.812597	0	0	
369	34	0	0	0	0	-0	-0	-0	-0	0	0.000237274	1.92405	0	0	
579	522	0	0	0	-0	-0	0	0	0	0	0.000104995	18.9359	0	0	
654	139	0	0	0	-0	-0	0	-0	0	-0	0.000314992	2.90528	0	0	
495	222	0	0	0	-0	0	-0	0	0	0	0.000331043	0.222006	0	0	
692	156	0	0	0	0	-0	0	0	0	-0	0.000189403	4.70054	0	0	
675	343	0	0	0	0	-0	0	0	-0	-0	0.000555143	7.74671	0	0	
78	9	0	0	0	0	-0	-0	-0	0	-0	0.00231525	3.07037	0	0	
77	60	0	0	0	-0	0	0	0	0	0	0.0042612	15.3227	0	0	
533	510	0	0	0	0	0	0	-0	0	-0	0.000216407	10.277	0	0	
406	35	0	0	0	-0	-0	-0	-0	-0	0	0.000545254	2.78503	0	0	
190	33	0	0	0	-0	0	0	0	0	0	0.00464903	0.172908	0	0	
296	45	0	0	0	0	0	0	0	-0	-0	0.000583803	3.36566	0	0	
217	20	0	0	0	0	0	0	-0	-0	0	0.000380946	7.16964	0	0	
518	107	0	0	0	-0	-0	-0	0	-0	-0	0.00209457	8.74716	0	0	
548	66	0	0	0	0	-0	-0	-0	-0	-0	7.57031e-05	18.4158	0	0	
71	60	0	0	0	0	-0	0	0	0	-0	0.00359524	11.6653	0	0	
235	128	0	0	0	0	0	0	0	-0	-0	0.000283684	2.75799	0	0	
342	8	0	0	0	-0	0	0	-0	-0	0	0.000212126	18.4115	0	0	
410	153	0	0	0	0	-0	0	0	-0	-0	0.000294338	3.73425	0	0	
130	128	0	0	0	-0	-0	0	0	-0	-0	0.00074534	4.56179	0	0	
548	292	0	0	0	0	0	-0	0	-0	-0	0.000198092	7.28563	0	0	
346	213	0	0	0	-0	-0	-0	-0	0	-0	0.000355716	1.91266	0	0	
607	258	0	0	0	-0	0	0	0	-0	0	0.000743303	6.69077	0	0	
682	678	0	0	0	0	-0	-0	0	0	0	0.00036967	3.64815	0	0	
593	233	0	0	0	0	0	0	0	0	-0	0.000216405	2.35667	0	0	
307	214	0	0	0	-0	-0	-0	-0	-0	0	0.000218062	0.821848	0	0	
645	499	0	0	0	-0	0	-0	-0	0	0	0.000462127	3.15504	0	0	
177	140	0	0	0	-0	-0	-0	-0	0	-0	0.00286804	5.62201	0	0	
496	271	0	0	0	0	0	0	-0	0	0	0.000136578	17.6509	0	0	
382	108	0	0	0	-0	-0	-0	-0	-0	0	0.00018595	3.3066	0	0	
472	1	0	0	0	-0	0	0	0	0	-0	0.00139404	2.10336	0	0	
142	26	0	0	0	0	0	0	0	-0	0	0.000750318	3.24897	0	0	
189	101	0	0	0	-0	0	0	-0	-0	-0	0.000756099	4.71335	0	0	
605	293	0	0	0	0	-0	0	-0	0	0	0.000532096	4.94603	0	0	
564	78	0	0	0	0	0	-0	-0	0	-0	0.000325326	0.785558	0	0	
626	409	0	0	0	-0	0	-0	-0	0	0	0.00032449	4.507	0	0	
442	34	0	0	0	0	-0	0	0	-0	-0	0.000222236	6.09448	0	0	
572	458	0	0	0	0	0	0	-0	-0	0	0.000116912	7.52471	0	0	
494	66	0	0	0	-0	0	0	0	0	-0	0.000637724	1.91338	0	0	
360	99	0	0	0	0	0	-0	0	-0	-0	0.000564362	2.39795	0	0	
395	221	0	0	0	0	0	-0	-0	0	0	0.000106278	8.80551	0	0	
648	215	0	0	0	-0	0	-0	0	-0	-0	0.000146491	8.15017	0	0	
123	23	0	0	0	-0	0	-0	-0	-0	-0	0.00503228	7.60725	0	0	
171	63	0	0	0	0	0	-0	0	-0	0	0.0013163	1.77604	0	0	
255	149	0	0	0	-0	0	-0	0	0	-0	0.00168592	1.03318	0	0	
689	143	0	0	0	0	0	-0	0	-0	0	0.000246832	4.10283	0	0	
421	149	0	0	0	-0	0	-0	-0	-0	-0	0.000351235	0.797655	0	0	
690	40	0	0	0	0	-0	-0	0	-0	0	0.000220921	0.291027	0	0	
213	127	0	0	0	0	-0	0	-0	-0	0	0.000411101	0.489551	0	0	
421	0	0	0	0	-0	-0	-0	-0	0	-0	0.000147564	1.88634	0	0	
197	9	0	0	0	-0	-0	0	0	-0	-0	0.000213297	3.13085	0	0	
688	112	0	0	0	0	-0	-0	-0	0	-0	0.000187796	5.40925	0	0	
233	128	0	0	0	-0	-0	0	0	-0	-0	0.000217165	2.70463	0	0	
130	75	0	0	0	-0	0	-0	0	-0	-0	0.00259358	0.791251	0	0	
555	51	0	0	0	-0	-0	-0	0	-0	-0	0.000876094	4.53617	0	0	
518	71	0	0	0	0	-0	-0	0	-0	0	0.00218493	9.77252	0	0	
476	81	0	0	0	0	-0	-0	-0	-0	-0	0.000398801	2.11546	0	0	
441	12	0	0	0	-0	-0	0	0	-0	0	0.00149703	17.5057	0	0	
558	477	0	0	0	-0	-0	-0	0	-0	0	0.000310044	4.25368	0	0	
340	84	0	0	0	-0	-0	-0	-0	0	-0	0.00298901	4.13628	0	0	
134	116	0	0	0	0	0	0	-0	-0	0	0.00340371	2.78574	0	0	
280	183	0	0	0	0	0	0	0	-0	0	0.00185147	2.85975	0	0	
346	157	0	0	0	-0	0	0	-0	-0	-0	0.00098907	2.14961	0	0	
675	149	0	0	0	-0	0	0	-0	-0	-0	0.000363317	3.47738	0	0	
469	88	0	0	0	0	0	-0	0	-0	0	0.000202302	8.91936	0	0	
208	84	0	0	0	-0	-0	-0	0	-0	-0	0.000599835	1.00828	0	0	
269	181	0	0	0	0	-0	0	-0	-0	-0	0.000470161	2.67616	0	0	
304	173	0	0	0	-0	-0	-0	-0	0	0	0.00123031	0.40701	0	0	
504	38	0	0	0	0	-0	0	-0	-0	-0	0.000348344	1.75328	0	0	
387	170	0	0	0	0	-0	0	0	0	-0	0.00168195	4.7902	0	0	
533	168	0	0	0	-0	0	0	0	0	-0	0.000253562	3.68586	0	0	
634	109	0	0	0	-0	0	-0	-0	-0	0	0.00213677	4.69698	0	0	
391	108	0	0	0	-0	0	0	0	-0	0	0.00197736	2.22077	0	0	
209	118	0	0	0	0	0	-0	0	-0	0	5.64784e-05	1.26088	0	0	
607	423	0	0	0	0	0	-0	0	-0	-0	0.000792521	9.10863	0	0	
300	43	0	0	0	-0	0	-0	-0	0	0	0.00171843	13.6448	0	0	
691	324	0	0	0	0	-0	-0	0	-0	0	0.000103207	9.93262	0	0	
160	83	0	0	0	0	-0	0	-0	-0	-0	0.00308092	10.943	0	0	
349	92	0	0	0	-0	-0	0	-0	-0	-0	0.000266668	0.938543	0	0	
473	112	0	0	0	-0	-0	-0	0	0	-0	0.00025142	8.20353	0	0	
350	138	0	0	0	0	-0	-0	-0	0	-0	0.000288647	0.954909	0	0	
325	11	0	0	0	-0	-0	0	-0	0	-0	0.000114523	0.350797	0	0	
513	308	0	0	0	0	-0	-0	-0	-0	-0	5.36966e-05	0.446857	0	0	
662	332	0	0	0	-0	-0	0	-0	0	0	0.000544632	4.87914	0	0	
380	230	0	0	0	-0	-0	-0	0	0	-0	0.000166501	8.31667	0	0	
593	493	0	0	0	0	-0	0	-0	-0	-0	0.000347099	10.2578	0	0	
205	182	0	0	0	-0	-0	-0	-0	-0	0	0.000370744	9.51564	0	0	
456	201	0	0	0	0	-0	0	-0	-0	-0	0.000281984	4.50059	0	0	
374	31	0	0	0	-0	-0	-0	0	-0	-0	0.000390756	5.64335	0	0	
437	29	0	0	0	-0	-0	-0	0	-0	0	0.000233319	2.15815	0	0	
402	190	0	0	0	-0	0	0	-0	0	-0	0.00259438	0.0718672	0	0	
221	127	0	0	0	0	-0	0	0	0	-0	0.000174003	2.40791	0	0	
477	6	0	0	0	-0	0	-0	-0	-0	-0	0.000556317	8.96775	0	0	
470	57	0	0	0	-0	0	0	-0	-0	-0	0.000248988	4.79162	0	0	
234	84	0	0	0	-0	0	-0	0	-0	-0	0.000236243	0.848175	0	0	
322	45	0	0	0	-0	-0	-0	-0	0	0	0.000316256	3.56561	0	0	
389	188	0	0	0	-0	-0	0	0	-0	0	0.00133126	3.36139	0	0	
529	21	0	0	0	-0	0	0	-0	-0	0	0.000419432	1.1698	0	0	
698	219	0	0	0	0	0	-0	0	-0	-0	0.000566605	14.1215	0	0	
398	174	0	0	0	-0	-0	0	-0	0	0	0.000159606	1.49498	0	0	
346	199	0	0	0	0	-0	0	-0	0	0	0.000567528	2.88038	0	0	
325	165	0	0	0	0	0	0	-0	0	0	0.00130247	2.53528	0	0	
554	89	0	0	0	0	-0	-0	-0	-0	-0	0.000310038	0.424799	0	0	
49	45	0	0	0	-0	0	0	-0	0	-0	0.00461693	8.42981	0	0	
144	39	0	0	0	0	0	0	-0	-0	0	0.00224899	2.60074	0	0	
555	50	0	0	0	-0	-0	0	-0	-0	-0	0.000805544	11.7336	0	0	
243	23	0	0	0	-0	0	-0	-0	-0	-0	0.000837969	1.40105	0	0	
40	37	0	0	0	-0	0	0	0	-0	0	0.00220778	10.5218	0	0	
112	50	0	0	0	0	0	0	0	0	-0	0.00486651	3.00419	0	0	
561	359	0	0	0	0	-0	-0	-0	-0	0	0.000129003	2.61924	0	0	
482	142	0	0	0	-0	0	-0	-0	-0	0	0.00114126	3.44322	0	0	
434	190	0	0	0	0	0	0	0	-0	0	0.00200309	0.133773	0	0	
594	51	0	0	0	-0	0	-0	-0	-0	0	0.000221719	0.157254	0	0	
248	6	0	0	0	-0	0	0	0	-0	0	0.00300794	10.0137	0	0	
154	63	0	0	0	-0	0	-0	0	-0	-0	0.0019758	3.04902	0	0	
315	115	0	0	0	0	-0	0	0	0	-0	0.00121792	11.0483	0	0	
438	266	0	0	0	-0	-0	0	-0	0	-0	0.000142662	2.05782	0	0	
320	38	0	0	0	-0	-0	0	0	-0	0	0.000178969	4.90689	0	0	
623	100	0	0	0	0	0	-0	0	-0	0	0.000146174	5.96284	0	0	
192	132	0	0	0	-0	0	0	-0	-0	-0	0.00387448	5.51599	0	0	
109	23	0	0	0	0	-0	-0	0	0	-0	0.00547896	7.15683	0	0	
564	197	0	0	0	-0	-0	-0	-0	0	-0	0.000437887	4.38319	0	0	
61	32	0	0	0	0	0	-0	-0	0	-0	0.00985293	0.224852	0	0	
398	347	0	0	0	-0	0	0	-0	0	-0	0.000255237	13.2421	0	0	
101	86	0	0	0	0	-0	-0	0	0	-0	0.00258263	0.601265	0	0	
364	43	0	0	0	-0	-0	0	0	0	0	0.000300731	4.32057	0	0	
191	180	0	0	0	0	0	-0	-0	0	0	0.000829756	1.97243	0	0	
571	129	0	0	0	0	-0	0	-0	-0	0	0.000294222	0.349374	0	0	
575	488	0	0	0	0	0	-0	0	-0	0	8.32513e-05	2.40791	0	0	
697	196	0	0	0	0	-0	-0	-0	0	-0	0.00337447	2.09625	0	0	
330	169	0	0	0	-0	0	-0	-0	-0	0	0.000257387	10.6862	0	0	
162	46	0	0	0	-0	0	0	-0	-0	0	0.00109618	0.618343	0	0	
579	218	0	0	0	0	-0	-0	-0	-0	0	0.000179832	2.91454	0	0	
385	11	0	0	0	0	-0	0	-0	-0	0	0.00223281	2.51535	0	0	
511	172	0	0	0	-0	-0	-0	0	-0	0	0.000282383	3.19773	0	0	
423	172	0	0	0	0	-0	0	-0	0	0	0.00176945	6.58545	0	0	
633	383	0	0	0	-0	-0	0	0	0	0	0.000209548	2.83342	0	0	
182	98	0	0	0	0	-0	0	-0	-0	-0	0.00106739	1.61025	0	0	
593	115	0	0	0	0	-0	-0	0	0	0	0.000371755	15.3433	0	0	
461	432	0	0	0	0	-0	0	0	-0	-0	0.00089102	5.19223	0	0	
674	280	0	0	0	-0	0	-0	-0	-0	0	0.000855123	0.984083	0	0	
696	422	0	0	0	0	-0	-0	0	-0	0	1.00696e-05	9.55976	0	0	
419	255	0	0	0	-0	-0	-0	-0	-0	0	3.88682e-05	15.3383	0	0	
96	49	0	0	0	-0	0	0	0	0	-0	0.00401338	7.32619	0	0	
377	249	0	0	0	-0	0	-0	0	0	-0	0.00048914	3.45318	0	0	
261	74	0	0	0	0	-0	-0	-0	0	-0	0.000395435	0.476743	0	0	
210	43	0	0	0	0	-0	-0	-0	-0	-0	0.00472903	0.108157	0	0	
181	25	0	0	0	0	-0	-0	-0	0	-0	0.0050223	3.23758	0	0	
552	152	0	0	0	0	-0	0	-0	0	0	0.000293807	2.90671	0	0	
602	129	0	0	0	0	-0	0	0	-0	-0	0.00040175	6.17702	0	0	
300	165	0	0	0	0	0	-0	-0	0	0	0.00241231	5.97992	0	0	
612	195	0	0	0	-0	0	0	-0	-0	0	6.67721e-05	2.77649	0	0	
476	347	0	0	0	-0	-0	-0	-0	0	-0	0.000197569	7.5119	0	0	
359	352	0	0	0	0	0	0	0	0	-0	0.000320525	0.823982	0	0	
461	50	0	0	0	0	-0	-0	0	-0	0	0.000335723	7.61863	0	0	
166	8	0	0	0	-0	-0	0	0	0	0	0.00170867	1.66575	0	0	
293	251	0	0	0	-0	0	0	-0	-0	0	0.000201757	1.55048	0	0	
381	136	0	0	0	0	-0	-0	0	-0	0	0.00232084	0.995467	0	0	
635	29	0	0	0	-0	-0	-0	0	-0	0	0.00012934	2.49187	0	0	
673	64	0	0	0	0	0	-0	-0	0	0	0.000203752	4.50984	0	0	
230	147	0	0	0	-0	0	-0	0	0	-0	2.62078e-05	3.55209	0	0	
283	2	0	0	0	0	0	-0	0	-0	0	0.000221858	4.2729	0	0	
625	569	0	0	0	0	-0	-0	-0	0	-0	0.000104341	12.2494	0	0	
89	60	0	0	0	-0	0	0	0	0	-0	0.00451977	14.8331	0	0	
172	163	0	0	0	-0	-0	0	-0	0	-0	0.00413804	5.13317	0	0	
458	422	0	0	0	-0	-0	0	0	-0	-0	4.92973e-05	7.64923	0	0	
311	192	0	0	0	-0	0	-0	-0	0	0	0.000298863	2.51179	0	0	
281	147	0	0	0	0	-0	-0	0	0	-0	0.00174305	8.22986	0	0	
524	113	0	0	0	0	-0	0	0	0	-0	0.00152641	7.60227	0	0	
145	65	0	0	0	-0	0	0	0	-0	0	0.00019404	10.7011	0	0	
640	93	0	0	0	-0	-0	0	0	-0	-0	0.000399432	9.74477	0	0	
154	15	0	0	0	-0	-0	-0	0	-0	0	0.00185287	1.37117	0	0	
317	111	0	0	0	-0	-0	-0	0	-0	-0	0.000497008	7.13406	0	0	
565	401	0	0	0	0	0	0	0	-0	-0	0.0001506	4.7162	0	0	
129	41	0	0	0	0	0	-0	0	0	0	0.00194277	0.759942	0	0	
130	21	0	0	0	-0	-0	-0	0	-0	0	0.00141603	8.86172	0	0	
145	64	0	0	0	0	-0	0	-0	-0	0	0.00172489	0.500936	0	0	
206	153	0	0	0	0	0	0	0	-0	-0	0.00025668	0.93285	0	0	
636	114	0	0	0	-0	-0	0	-0	0	-0	0.000449978	2.61141	0	0	
630	154	0	0	0	0	-0	0	0	0	0	0.000585512	0.649651	0	0	
134	23	0	0	0	-0	0	0	-0	-0	-0	0.00539162	5.18938	0	0	
510	185	0	0	0	0	0	0	-0	0	0	0.00053341	0.135196	0	0	
445	377	0	0	0	-0	0	-0	-0	-0	0	0.00223197	0.0868099	0	0	
230	161	0	0	0	-0	0	0	0	0	-0	0.000301836	3.41334	0	0	
417	198	0	0	0	-0	0	0	0	0	-0	8.91206e-05	5.61133	0	0	
365	88	0	0	0	-0	-0	-0	0	-0	-0	0.00379904	1.76466	0	0	
689	362	0	0	0	0	-0	0	0	0	-0	0.000472524	4.51696	0	0	
678	562	0	0	0	-0	-0	0	-0	-0	-0	0.000401161	0.41128	0	0	
188	28	0	0	0	-0	0	-0	-0	-0	0	0.00188819	14.1052	0	0	
602	588	0	0	0	-0	0	0	0	-0	0	0.000118267	2.02936	0	0	
578	544	0	0	0	0	-0	-0	0	0	0	0.000743023	6.22327	0	0	
242	166	0	0	0	0	0	0	-0	0	-0	0.000727746	0.6219	0	0	
571	377	0	0	0	-0	0	0	0	-0	0	0.000898333	13.7821	0	0	
559	41	0	0	0	-0	-0	0	-0	-0	-0	0.0019506	12.1897	0	0	
31	18	0	0	0	0	0	-0	-0	0	-0	0.00133028	5.00224	0	0	
134	94	0	0	0	0	0	0	0	-0	0	0.00781582	3.05115	0	0	
286	151	0	0	0	0	0	-0	0	0	0	0.000440124	0.197813	0	0	
506	68	0	0	0	-0	-0	-0	0	-0	-0	0.00291752	2.22931	0	0	
405	331	0	0	0	0	-0	0	0	0	-0	0.000389427	1.07445	0	0	
177	54	0	0	0	0	-0	0	-0	-0	0	0.00481046	6.74698	0	0	
161	85	0	0	0	-0	-0	0	0	0	0	0.00244266	4.96382	0	0	
195	47	0	0	0	-0	0	0	-0	0	-0	4.05899e-05	13.9344	0	0	
123	22	0	0	0	0	-0	-0	-0	-0	-0	0.00717609	11.9214	0	0	
398	19	0	0	0	-0	-0	-0	-0	0	0	0.000129581	1.54906	0	0	
578	289	0	0	0	-0	-0	-0	-0	-0	0	0.000341561	4.77099	0	0	
290	87	0	0	0	-0	0	-0	0	0	-0	0.000541048	5.71238	0	0	
370	300	0	0	0	0	-0	-0	0	-0	0	5.98366e-07	1.92334	0	0	
72	69	0	0	0	-0	-0	-0	-0	0	0	0.00153485	2.91952	0	0	
448	198	0	0	0	0	-0	0	0	0	0	0.000284461	4.73754	0	0	
381	61	0	0	0	0	-0	-0	0	0	0	0.00343665	1.45656	0	0	
564	352	0	0	0	0	0	-0	-0	0	0	0.000171809	0.710133	0	0	
86	53	0	0	0	0	-0	-0	-0	0	-0	6.19442e-05	1.57467	0	0	
515	331	0	0	0	0	-0	-0	-0	-0	0	0.000443632	1.47933	0	0	
342	33	0	0	0	0	-0	0	-0	-0	-0	0.000427747	0.163658	0	0	
632	386	0	0	0	-0	0	-0	-0	-0	0	0.000845247	4.4145	0	0	
181	168	0	0	0	-0	0	0	0	0	-0	0.000987428	8.17223	0	0	
640	141	0	0	0	0	-0	-0	-0	-0	0	0.000221764	5.51954	0	0	
524	53	0	0	0	-0	-0	0	0	0	0	0.00106369	3.46172	0	0	
264	149	0	0	0	-0	-0	0	0	0	0	5.65692e-05	1.1328	0	0	
330	17	0	0	0	-0	0	-0	-0	0	0	0.000191051	9.33847	0	0	
646	224	0	0	0	-0	0	-0	-0	-0	-0	0.000238977	1.17336	0	0	
102	44	0	0	0	-0	-0	0	-0	0	0	0.00146562	8.92576	0	0	
596	119	0	0	0	0	-0	0	0	-0	-0	7.49393e-05	1.75826	0	0	
354	205	0	0	0	0	-0	0	0	-0	-0	0.000232214	4.18537	0	0	
118	97	0	0	0	-0	-0	-0	-0	-0	0	0.00380202	5.47756	0	0	
682	1	0	0	0	-0	-0	0	0	-0	0	0.000606539	3.61044	0	0	
242	184	0	0	0	-0	0	-0	0	0	-0	0.000339651	0.348663	0	0	
279	43	0	0	0	-0	-0	0	0	0	0	0.000325144	0.317354	0	0	
59	37	0	0	0	0	0	-0	-0	0	0	0.00105524	10.8377	0	0	
443	52	0	0	0	0	0	0	-0	-0	0	0.000318291	1.51846	0	0	
396	53	0	0	0	-0	0	0	-0	-0	0	0.000208353	3.84596	0	0	
418	34	0	0	0	0	-0	-0	-0	-0	0	0.000456324	7.21305	0	0	
101	96	0	0	0	0	-0	0	0	0	-0	0.00592215	6.86012	0	0	
354	98	0	0	0	-0	-0	0	0	-0	0	0.000915011	1.70631	0	0	
507	128	0	0	0	-0	0	0	-0	-0	-0	0.00107529	4.49846	0	0	
661	198	0	0	0	0	-0	0	0	0	0	0.000405422	5.11182	0	0	
531	435	0	0	0	0	0	0	0	-0	0	0.000299688	3.1586	0	0	
663	119	0	0	0	0	0	0	0	-0	-0	0.000422563	6.02973	0	0	
174	19	0	0	0	-0	0	-0	-0	-0	0	0.00265247	4.53475	0	0	
170	72	0	0	0	0	-0	-0	0	0	0	0.00337307	13.1965	0	0	
143	22	0	0	0	0	0	-0	0	-0	-0	0.000998258	4.17043	0	0	
514	331	0	0	0	-0	-0	-0	0	-0	-0	0.000538281	1.73264	0	0	
609	211	0	0	0	-0	0	0	0	0	-0	0.000157154	2.16313	0	0	
251	114	0	0	0	0	-0	0	0	-0	-0	0.000412802	5.45123	0	0	
671	549	0	0	0	0	-0	0	0	0	0	0.000557603	3.1771	0	0	
502	309	0	0	0	-0	-0	0	-0	0	-0	0.000135434	7.20024	0	0	
453	368	0	0	0	-0	0	0	0	0	-0	9.76024e-05	2.83769	0	0	
563	395	0	0	0	0	0	0	0	-0	0	0.00064115	3.18848	0	0	
276	102	0	0	0	0	-0	-0	0	0	-0	0.000577829	3.23687	0	0	
281	161	0	0	0	0	-0	0	0	-0	-0	0.00211278	2.80496	0	0	
151	56	0	0	0	-0	0	-0	-0	-0	-0	0.00244228	12.0972	0	0	
508	129	0	0	0	0	-0	-0	-0	0	-0	0.000253021	8.38498	0	0	
198	107	0	0	0	-0	-0	0	0	-0	0	0.00197098	3.24043	0	0	
555	138	0	0	0	0	-0	-0	-0	0	-0	0.00100737	9.12927	0	0	
143	36	0	0	0	0	-0	0	0	0	-0	0.000624425	4.26578	0	0	
248	240	0	0	0	0	0	0	-0	-0	0	0.00144869	10.1674	0	0	
189	91	0	0	0	-0	0	0	0	-0	0	0.00250547	10.5559	0	0	
186	102	0	0	0	0	-0	-0	-0	-0	0	0.00463096	5.56864	0	0	
665	190	0	0	0	-0	0	-0	-0	-0	-0	0.000393993	3.36851	0	0	
684	171	0	0	0	0	0	0	0	-0	-0	0.000480778	0.774173	0	0	
126	31	0	0	0	0	0	0	-0	0	0	0.00101888	7.93172	0	0	
178	109	0	0	0	-0	-0	0	-0	-0	-0	0.0041707	1.81803	0	0	
420	59	0	0	0	-0	-0	0	-0	-0	-0	0.00113434	3.36922	0	0	
179	50	0	0	0	0	-0	0	0	0	0	0.00162231	9.23387	0	0	
299	7	0	0	0	-0	0	-0	0	0	-0	0.00226577	6.23608	0	0	
646	131	0	0	0	-0	0	-0	0	0	-0	0.000273442	8.55504	0	0	
399	242	0	0	0	0	-0	0	0	-0	-0	0.000985625	1.11857	0	0	
333	237	0	0	0	0	0	-0	-0	-0	-0	0.000471685	0.806905	0	0	
287	179	0	0	0	0	0	0	0	-0	-0	0.000187099	9.2851	0	0	
184	48	0	0	0	-0	0	-0	0	0	-0	0.00475227	7.71185	0	0	
208	99	0	0	0	-0	-0	0	0	-0	-0	0.00021274	3.75488	0	0	
478	435	0	0	0	0	0	-0	-0	0	-0	0.00025057	3.16927	0	0	
697	108	0	0	0	-0	0	0	0	0	-0	0.00409113	6.30297	0	0	
476	87	0	0	0	-0	-0	0	-0	-0	-0	0.000174224	1.06307	0	0	
328	47	0	0	0	0	0	0	0	0	-0	0.00155167	1.40319	0	0	
566	53	0	0	0	-0	-0	0	0	0	0	0.000325037	4.56321	0	0	
587	404	0	0	0	0	0	-0	-0	-0	-0	0.000847821	2.20013	0	0	
381	56	0	0	0	-0	-0	0	0	-0	0	0.00233479	1.04741	0	0	
485	192	0	0	0	0	0	0	-0	-0	0	0.000193709	1.59389	0	0	
323	7	0	0	0	0	0	0	0	-0	0	0.00168465	8.76993	0	0	
108	38	0	0	0	-0	-0	-0	0	0	-0	0.00155727	10.7573	0	0	
526	493	0	0	0	-0	0	-0	-0	-0	-0	0.00022525	2.57441	0	0	
137	103	0	0	0	0	-0	-0	0	-0	0	0.000207707	3.19275	0	0	
293	17	0	0	0	-0	0	-0	-0	0	0	0.000727095	4.72331	0	0	
331	2	0	0	0	0	0	-0	0	-0	0	0.00069305	6.87506	0	0	
421	333	0	0	0	-0	0	0	-0	-0	-0	5.46835e-05	1.10434	0	0	
256	59	0	0	0	0	-0	-0	-0	0	-0	0.00017362	1.44873	0	0	
153	85	0	0	0	0	-0	-0	0	0	0	0.00129886	4.4885	0	0	
611	265	0	0	0	0	0	-0	-0	0	-0	0.000124301	9.72484	0	0	
240	146	0	0	0	-0	0	-0	-0	-0	0	0.00142579	10.2457	0	0	
30	11	0	0	0	0	-0	0	0	-0	-0	0.00330303	6.27877	0	0	
169	21	0	0	0	0	0	0	0	0	-0	0.00154252	0.283911	0	0	
696	609	0	0	0	-0	-0	0	-0	-0	-0	0.000104471	10.2258	0	0	
306	241	0	0	0	-0	0	-0	-0	0	0	0.000208272	8.32094	0	0	
375	173	0	0	0	0	0	0	-0	0	-0	0.00144816	10.2108	0	0	
179	15	0	0	0	-0	0	0	-0	-0	0	0.000739684	0.918619	0	0	
105	40	0	0	0	0	-0	-0	-0	-0	0	0.000677937	5.70099	0	0	
452	109	0	0	0	0	0	-0	-0	-0	-0	0.000107533	2.09126	0	0	
441	30	0	0	0	-0	0	0	-0	-0	0	0.000413141	3.71859	0	0	
299	210	0	0	0	0	0	0	0	0	-0	0.00204821	0.374279	0	0	
584	352	0	0	0	-0	0	0	-0	0	-0	2.14336e-05	0.629016	0	0	
164	22	0	0	0	-0	0	-0	-0	-0	0	0.00547716	4.79376	0	0	
279	172	0	0	0	0	-0	0	0	0	-0	0.000425942	0.577784	0	0	
580	506	0	0	0	-0	-0	0	-0	0	0	0.000400573	3.43824	0	0	
195	24	0	0	0	0	0	-0	-0	0	0	0.000130679	10.1319	0	0	
389	110	0	0	0	0	0	0	-0	-0	0	0.000664673	10.1319	0	0	
168	112	0	0	0	-0	0	0	0	-0	0	0.00278271	6.09946	0	0	
493	406	0	0	0	0	0	0	0	0	-0	0.000438057	7.70331	0	0	
394	274	0	0	0	-0	-0	-0	-0	0	0	0.00368375	0.212044	0	0	
150	141	0	0	0	0	0	-0	-0	0	-0	0.00152016	9.83513	0	0	
318	216	0	0	0	-0	-0	0	-0	0	0	6.78975e-05	8.9955	0	0	
693	22	0	0	0	0	-0	-0	-0	-0	0	0.000213069	4.09358	0	0	
274	48	0	0	0	-0	0	0	0	-0	0	0.00446491	3.13796	0	0	
645	435	0	0	0	0	0	0	-0	0	-0	0.000511322	3.21339	0	0	
158	55	0	0	0	0	0	0	-0	0	0	0.00291056	0.668151	0	0	
147	32	0	0	0	-0	0	-0	0	-0	-0	0.000928111	9.22889	0	0	
657	131	0	0	0	0	-0	0	-0	-0	0	0.00102768	3.39982	0	0	
441	439	0	0	0	0	-0	0	-0	-0	-0	0.000653776	9.44449	0	0	
299	140	0	0	0	0	-0	-0	0	0	-0	0.00421174	7.21091	0	0	
299	6	0	0	0	0	0	-0	0	-0	-0	0.00357701	6.6189	0	0	
461	168	0	0	0	0	-0	-0	0	-0	0	2.40532e-05	1.62519	0	0	
74	46	0	0	0	0	0	0	-0	0	-0	0.00182167	0.540783	0	0	
634	45	0	0	0	-0	0	-0	-0	-0	0	0.00218582	6.02261	0	0	
602	12	0	0	0	-0	0	0	0	-0	0	0.00030046	2.18234	0	0	
120	57	0	0	0	-0	0	0	0	0	-0	0.00121343	5.85042	0	0	
617	142	0	0	0	-0	0	-0	0	-0	-0	0.000185919	7.44502	0	0	
130	64	0	0	0	-0	-0	-0	0	-0	0	0.00304112	9.18548	0	0	
457	116	0	0	0	-0	0	-0	0	0	0	0.00301136	7.1483	0	0	
106	79	0	0	0	-0	0	-0	0	-0	-0	0.00197905	7.71043	0	0	
357	87	0	0	0	0	-0	0	-0	-0	0	0.00401607	5.01434	0	0	
414	24	0	0	0	0	-0	-0	-0	-0	-0	0.000446204	5.46902	0	0	
429	144	0	0	0	-0	-0	0	0	0	0	0.000544523	0.0711556	0	0	
95	29	0	0	0	0	0	0	-0	0	0	0.00333528	7.38311	0	0	
166	117	0	0	0	0	0	-0	0	-0	0	0.00663814	7.65421	0	0	
495	183	0	0	0	0	0	0	-0	0	-0	0.000472496	2.04501	0	0	
441	397	0	0	0	-0	-0	0	0	-0	0	0.00123716	6.29301	0	0	
492	456	0	0	0	0	-0	0	0	0	0	0.000379842	6.83236	0	0	
603	166	0	0	0	-0	0	0	0	0	-0	0.000405857	3.00063	0	0	
440	82	0	0	0	-0	0	-0	0	-0	-0	0.000970338	2.54168	0	0	
514	131	0	0	0	0	-0	0	0	0	-0	0.000331633	7.22657	0	0	
196	146	0	0	0	-0	0	0	-0	-0	0	0.00142489	0.846041	0	0	
69	29	0	0	0	-0	-0	0	0	-0	0	0.00314091	7.21945	0	0	
56	47	0	0	0	-0	-0	-0	-0	-0	0	0.00250482	5.21286	0	0	
603	368	0	0	0	0	0	-0	0	0	0	4.96697e-05	2.64841	0	0	
164	25	0	0	0	0	-0	-0	-0	0	-0	0.00343183	1.75897	0	0	
224	74	0	0	0	-0	0	-0	0	0	-0	0.00115741	5.65616	0	0	
211	96	0	0	0	-0	-0	-0	0	-0	0	0.000489228	2.70818	0	0	
642	25	0	0	0	-0	0	-0	0	0	-0	0.00346116	0.687364	0	0	
419	20	0	0	0	-0	-0	-0	-0	0	0	4.13932e-05	7.1177	0	0	
633	343	0	0	0	0	-0	0	0	0	0	0.00032117	3.26391	0	0	
420	93	0	0	0	0	-0	0	-0	-0	-0	0.000842401	3.31301	0	0	
423	95	0	0	0	-0	0	0	0	0	0	0.00130661	6.50363	0	0	
442	23	0	0	0	-0	-0	-0	0	-0	-0	0.000118015	0.964871	0	0	
417	121	0	0	0	0	-0	0	-0	-0	-0	0.000307649	5.79705	0	0	
220	97	0	0	0	-0	-0	-0	0	-0	0	0.000296528	0.321624	0	0	
526	4	0	0	0	-0	-0	-0	-0	0	0	0.000536756	1.45158	0	0	
660	467	0	0	0	0	0	-0	-0	0	0	0.00044782	0.584188	0	0	
178	151	0	0	0	-0	-0	0	0	0	0	0.00143162	7.01239	0	0	
662	411	0	0	0	-0	0	-0	-0	0	0	0.000176932	0.947082	0	0	
370	146	0	0	0	-0	-0	0	0	-0	0	0.00281349	3.73354	0	0	
622	339	0	0	0	-0	0	0	0	0	0	0.00012588	7.00243	0	0	
625	439	0	0	0	0	-0	0	0	-0	-0	0.000304326	2.07846	0	0	
162	160	0	0	0	0	0	0	-0	0	0	0.000498429	1.25803	0	0	
517	122	0	0	0	0	-0	-0	0	0	0	0.00267389	0.7635	0	0	
166	37	0	0	0	-0	-0	0	0	-0	0	0.00298711	0.243352	0	0	
673	284	0	0	0	0	-0	0	-0	0	0	0.000159303	6.93625	0	0	
622	236	0	0	0	-0	-0	0	-0	0	-0	0.000181999	6.2802	0	0	
413	44	0	0	0	0	-0	0	-0	-0	0	0.000472491	1.16909	0	0	
617	113	0	0	0	-0	-0	0	-0	-0	-0	0.000100146	4.15834	0	0	
387	29	0	0	0	0	-0	0	0	0	-0	0.00270106	4.96524	0	0	
279	163	0	0	0	0	-0	-0	0	-0	0	0.000179629	1.61096	0	0	
490	73	0	0	0	-0	0	-0	-0	0	0	0.000176153	6.71211	0	0	
662	26	0	0	0	-0	-0	-0	-0	0	0	0.000583466	6.83663	0	0	
252	169	0	0	0	0	-0	-0	-0	-0	0	0.00025625	0.103176	0	0	
501	119	0	0	0	0	0	0	0	-0	-0	0.000141582	6.82596	0	0	
635	580	0	0	0	-0	-0	0	0	-0	-0	0.000171429	2.80211	0	0	
430	58	0	0	0	0	0	-0	-0	0	0	0.000372091	6.82454	0	0	
144	29	0	0	0	0	-0	0	0	-0	-0	0.00241044	0.410568	0	0	
639	352	0	0	0	0	0	0	0	0	-0	0.000743657	5.71593	0	0	
345	178	0	0	0	0	-0	-0	0	-0	0	0.000652535	2.89817	0	0	
689	552	0	0	0	0	-0	-0	0	0	0	7.24094e-05	3.33222	0	0	
565	358	0	0	0	-0	-0	-0	0	-0	0	0.000131326	3.94629	0	0	
330	176	0	0	0	0	0	0	-0	-0	0	0.000348618	6.49722	0	0	
175	118	0	0	0	-0	0	0	-0	-0	-0	0.00237683	6.74413	0	0	
280	95	0	0	0	0	0	0	0	-0	-0	0.00274471	6.05748	0	0	
681	666	0	0	0	-0	0	-0	-0	0	0	0.000595915	0.378548	0	0	
417	71	0	0	0	-0	-0	0	0	-0	-0	0.000214325	3.19916	0	0	
94	92	0	0	0	-0	-0	0	-0	-0	-0	0.00446588	0.327316	0	0	
150	13	0	0	0	-0	0	0	-0	0	-0	0.00225483	6.65376	0	0	
674	185	0	0	0	0	-0	0	-0	-0	-0	0.00160662	1.49285	0	0	
390	245	0	0	0	0	0	-0	-0	0	0	0.00015793	2.32039	0	0	
467	164	0	0	0	0	0	-0	0	0	0	0.0022341	0.197101	0	0	
238	121	0	0	0	-0	0	0	-0	-0	0	0.000286171	1.58606	0	0	
106	63	0	0	0	0	-0	-0	0	0	-0	0.00241108	2.16313	0	0	
468	53	0	0	0	-0	-0	0	-0	0	0	0.000483471	1.43023	0	0	
653	570	0	0	0	0	0	-0	0	-0	-0	0.000113942	6.63242	0	0	
323	172	0	0	0	-0	-0	0	0	0	0	0.00157919	4.39101	0	0	
182	40	0	0	0	-0	-0	-0	0	-0	0	0.00199763	6.48868	0	0	
526	102	0	0	0	-0	0	0	-0	-0	-0	0.000758092	6.62246	0	0	
462	293	0	0	0	0	-0	0	-0	-0	-0	0.000218085	1.45727	0	0	
465	407	0	0	0	-0	-0	0	-0	0	0	0.00185526	0.328739	0	0	
111	72	0	0	0	0	0	-0	0	-0	-0	0.00385308	1.61168	0	0	
535	14	0	0	0	0	0	-0	0	-0	0	0.000187438	4.97947	0	0	
488	75	0	0	0	-0	0	-0	-0	-0	-0	0.000366948	4.37963	0	0	
555	106	0	0	0	0	0	-0	-0	-0	-0	0.000942054	4.30634	0	0	
566	378	0	0	0	-0	0	-0	-0	0	0	0.000186777	1.45869	0	0	
534	125	0	0	0	0	-0	-0	-0	-0	0	0.000417629	0.974121	0	0	
264	168	0	0	0	0	-0	0	-0	0	0	0.00332058	0.0555014	0	0	
403	28	0	0	0	0	0	-0	-0	0	0	0.000692518	0.165793	0	0	
681	68	0	0	0	0	0	0	-0	0	0	0.000654043	2.46199	0	0	
336	238	0	0	0	0	-0	0	0	0	-0	0.000165724	1.63445	0	0	
610	44	0	0	0	-0	0	-0	-0	-0	0	0.000257729	4.31203	0	0	
506	365	0	0	0	-0	0	0	0	0	-0	0.0039747	2.66264	0	0	
319	145	0	0	0	0	-0	0	-0	-0	0	0.000520639	5.48397	0	0	
357	92	0	0	0	-0	-0	0	0	-0	-0	0.00196133	5.05419	0	0	
212	160	0	0	0	-0	-0	0	0	0	0	0.00179376	5.44483	0	0	
207	9	0	0	0	0	-0	0	-0	-0	0	0.00059215	1.62662	0	0	
661	14	0	0	0	0	0	0	0	-0	0	0.000709968	5.15451	0	0	
330	91	0	0	0	-0	-0	0	-0	0	-0	0.000256593	4.88483	0	0	
609	545	0	0	0	0	-0	-0	-0	0	-0	0.000115748	0.414126	0	0	
542	535	0	0	0	-0	0	0	-0	-0	-0	9.87758e-05	1.7611	0	0	
385	329	0	0	0	-0	-0	0	-0	0	0	0.000337716	0.0590592	0	0	
608	34	0	0	0	-0	0	0	0	0	0	0.000355882	5.35304	0	0	
515	2	0	0	0	0	0	-0	0	-0	0	2.09037e-05	5.34521	0	0	
64	54	0	0	0	-0	0	0	0	0	0	0.00671311	2.06707	0	0	
370	152	0	0	0	0	-0	-0	0	0	0	0.000556866	3.1522	0	0	
284	98	0	0	0	0	0	-0	0	0	0	0.000486721	4.7596	0	0	
467	110	0	0	0	0	0	0	0	0	-0	5.77558e-05	1.06876	0	0	
434	40	0	0	0	0	-0	0	0	0	0	0.00119231	5.3324	0	0	
594	523	0	0	0	-0	-0	-0	-0	-0	0	0.000127369	1.36334	0	0	
397	20	0	0	0	0	0	0	-0	0	-0	0.000768721	5.26623	0	0	
215	6	0	0	0	-0	0	0	0	0	0	0.000144472	3.55636	0	0	
75	26	0	0	0	0	0	0	0	-0	-0	0.00196943	0.430492	0	0	
652	160	0	0	0	0	0	0	0	-0	-0	0.000282962	5.23136	0	0	
483	106	0	0	0	0	0	0	-0	0	0	0.00102316	2.07276	0	0	
678	144	0	0	0	0	0	0	-0	-0	0	0.000476015	4.90476	0	0	
307	249	0	0	0	-0	0	-0	0	-0	-0	0.000123581	3.92779	0	0	
617	415	0	0	0	0	-0	-0	0	0	0	0.000128674	4.08505	0	0	
172	122	0	0	0	-0	-0	-0	-0	0	0	0.00244511	3.16571	0	0	
541	298	0	0	0	-0	-0	-0	-0	0	-0	0.000635787	0.605535	0	0	
444	48	0	0	0	-0	-0	0	0	0	0	0.000211283	3.41761	0	0	
400	375	0	0	0	-0	0	0	-0	-0	0	0.000357291	4.04378	0	0	
5	3	0	0	0	-0	0	0	-0	-0	0	0.00066615	0.326604	0	0	
325	30	0	0	0	-0	0	-0	0	0	0	0.000190005	1.10078	0	0	
469	9	0	0	0	0	0	0	0	-0	-0	0.000290924	1.39323	0	0	
246	85	0	0	0	0	0	-0	0	-0	0	0.0001784	1.94824	0	0	
283	192	0	0	0	-0	0	0	0	-0	0	0.000795177	3.34218	0	0	
618	285	0	0	0	-0	0	-0	0	0	-0	0.000277245	3.71575	0	0	
110	87	0	0	0	-0	-0	-0	0	-0	0	0.00102839	0.702306	0	0	
376	177	0	0	0	0	0	-0	0	0	0	0.000512366	0.898696	0	0	
667	145	0	0	0	-0	-0	0	-0	0	0	0.000719241	1.55689	0	0	
598	55	0	0	0	-0	-0	0	0	-0	-0	0.000566405	1.70916	0	0	
662	220	0	0	0	-0	0	0	-0	0	-0	0.000285976	1.97599	0	0	
209	159	0	0	0	0	-0	0	0	-0	-0	0.000384607	2.80424	0	0	
603	184	0	0	0	0	-0	0	0	0	-0	0.000170923	2.52104	0	0	
140	7	0	0	0	0	-0	0	0	0	0	0.00573608	0.0839637	0	0	
670	16	0	0	0	0	-0	-0	-0	0	-0	0.00014476	0.853868	0	0	
363	179	0	0	0	0	-0	-0	-0	0	-0	0.000135063	0.308815	0	0	
148	96	0	0	0	0	0	0	-0	-0	0	0.00440472	3.21979	0	0	
199	157	0	0	0	0	-0	0	-0	-0	-0	0.00167355	3.52149	0	0	
639	232	0	0	0	-0	-0	-0	0	0	-0	0.000798941	3.50868	0	0	
162	107	0	0	0	-0	0	-0	-0	0	0	0.0034996	2.74945	0	0	
616	67	0	0	0	0	-0	0	0	-0	-0	9.97034e-05	0.977679	0	0	
666	506	0	0	0	-0	0	-0	-0	-0	0	0.00062293	0.229121	0	0	
223	2	0	0	0	-0	-0	-0	-0	0	0	0.000941804	3.49303	0	0	
229	179	0	0	0	-0	0	0	-0	-0	0	0.00038576	0.650363	0	0	
273	246	0	0	0	0	0	0	-0	0	-0	0.000126435	3.48663	0	0	
634	56	0	0	0	-0	-0	0	-0	0	0	0.000414976	3.4788	0	0	
157	16	0	0	0	-0	0	-0	0	-0	-0	0.00155046	2.52603	0	0	
148	64	0	0	0	-0	0	0	0	-0	0	0.00681189	0.775597	0	0	
572	145	0	0	0	-0	0	0	-0	-0	0	0.00033684	3.34574	0	0	
135	10	0	0	0	0	0	-0	-0	0	0	0.000896317	1.16411	0	0	
570	89	0	0	0	-0	-0	-0	-0	0	-0	0.000183039	1.32634	0	0	
175	67	0	0	0	-0	-0	0	-0	0	-0	0.000938256	0.394202	0	0	
73	55	0	0	0	-0	0	-0	0	0	0	0.00169512	2.9245	0	0	
170	122	0	0	0	0	0	0	0	-0	0	0.00239134	2.92165	0	0	
403	47	0	0	0	0	0	0	0	0	-0	0.000475682	2.07846	0	0	
379	19	0	0	0	-0	-0	0	0	-0	0	0.00550105	2.89959	0	0	
363	63	0	0	0	-0	-0	-0	0	0	-0	0.000159166	0.481012	0	0	
543	95	0	0	0	-0	0	0	0	0	-0	0.000303278	0.0732903	0	0	
314	10	0	0	0	0	0	0	-0	0	0	0.000796597	0.815444	0	0	
698	304	0	0	0	0	0	-0	0	-0	-0	0.000727281	1.53412	0	0	
384	132	0	0	0	-0	0	-0	-0	-0	-0	0.00320403	1.18616	0	0	
158	92	0	0	0	-0	0	-0	-0	-0	0	0.0028441	1.55333	0	0	
620	152	0	0	0	-0	-0	-0	-0	0	-0	0.000102415	1.63373	0	0	
461	138	0	0	0	0	-0	0	-0	-0	-0	0.000685223	2.83911	0	0	
401	213	0	0	0	-0	-0	-0	0	0	-0	0.000217828	2.82346	0	0	
175	99	0	0	0	-0	0	-0	-0	-0	0	0.00175732	2.82274	0	0	
506	111	0	0	0	0	0	-0	0	-0	0	0.0035786	2.82132	0	0	
656	365	0	0	0	-0	0	0	-0	-0	-0	0.00065454	1.06449	0	0	
355	190	0	0	0	-0	-0	0	-0	0	0	0.00320041	2.64486	0	0	
152	12	0	0	0	-0	0	-0	-0	-0	-0	0.000767173	2.63418	0	0	
141	35	0	0	0	-0	0	-0	-0	0	0	0.00119354	1.57254	0	0	
554	352	0	0	0	0	0	0	0	-0	-0	0.000423634	2.63205	0	0	
366	118	0	0	0	0	-0	0	0	0	-0	0.00051697	2.63062	0	0	
174	62	0	0	0	-0	-0	-0	0	-0	0	0.00118964	2.62991	0	0	
642	457	0	0	0	-0	-0	0	0	-0	-0	0.00241432	0.394202	0	0	
301	79	0	0	0	-0	-0	0	-0	-0	-0	0.000628751	2.21152	0	0	
406	52	0	0	0	-0	-0	0	-0	-0	-0	0.000323148	2.62849	0	0	
663	391	0	0	0	0	0	-0	0	-0	-0	0.000127729	2.6171	0	0	
534	143	0	0	0	-0	-0	-0	-0	-0	0	0.000264199	2.50681	0	0	
483	4	0	0	0	0	-0	0	-0	0	0	0.000996469	2.49827	0	0	
530	96	0	0	0	0	0	0	0	-0	0	0.000468471	2.35454	0	0	
455	46	0	0	0	-0	-0	0	-0	0	-0	0.000372405	2.346	0	0	
194	68	0	0	0	0	0	-0	-0	0	0	0.00099441	2.34529	0	0	
550	486	0	0	0	-0	-0	-0	-0	-0	0	0.000127398	2.34387	0	0	
360	175	0	0	0	0	0	-0	-0	0	-0	2.83582e-05	0.398472	0	0	
70	63	0	0	0	-0	-0	-0	0	-0	-0	0.000254719	1.58891	0	0	
556	18	0	0	0	0	-0	0	0	0	0	0.00110242	0.0775597	0	0	
617	575	0	0	0	-0	-0	0	-0	-0	-0	5.18229e-05	1.45015	0	0	
562	171	0	0	0	-0	-0	0	0	-0	0	0.000285446	2.3154	0	0	
121	46	0	0	0	-0	0	-0	0	0	-0	0.00168827	0.266122	0	0	
326	116	0	0	0	0	-0	0	-0	0	0	0.000309333	2.30687	0	0	
290	55	0	0	0	-0	0	-0	0	0	0	0.000123896	2.2969	0	0	
294	29	0	0	0	0	-0	-0	-0	-0	0	0.000421665	0.0804059	0	0	
529	130	0	0	0	-0	-0	-0	-0	0	0	9.72278e-05	2.29406	0	0	
590	534	0	0	0	0	-0	-0	0	0	0	0.000261888	2.29406	0	0	
394	226	0	0	0	0	-0	0	-0	-0	-0	0.00157511	2.29263	0	0	
154	150	0	0	0	-0	-0	0	0	-0	-0	0.000890861	2.28694	0	0	
660	298	0	0	0	-0	0	-0	0	0	0	0.000475027	2.2841	0	0	
468	186	0	0	0	0	0	0	-0	-0	0	0.000583803	2.27912	0	0	
97	91	0	0	0	0	0	0	0	-0	-0	0.000451792	2.27698	0	0	
234	50	0	0	0	-0	0	-0	0	0	-0	0.00036236	1.89772	0	0	
197	89	0	0	0	0	0	0	-0	-0	0	0.00101988	2.01015	0	0	
320	89	0	0	0	0	-0	0	0	0	-0	0.000290829	1.6437	0	0	
467	298	0	0	0	0	0	-0	-0	0	0	0.00189327	1.34271	0	0	
318	314	0	0	0	0	0	0	0	0	-0	4.5421e-05	0.662459	0	0	
275	167	0	0	0	-0	-0	-0	0	-0	-0	0.000312585	0.467493	0	0	
642	123	0	0	0	0	-0	0	0	0	-0	0.00237565	1.48004	0	0	
332	132	0	0	0	0	0	-0	-0	0	-0	0.000778371	1.46652	0	0	
577	48	0	0	0	-0	0	0	0	0	-0	0.000438708	1.40746	0	0	
461	112	0	0	0	-0	-0	0	0	-0	0	0.000827865	0.226275	0	0	
149	0	0	0	0	-0	0	-0	-0	-0	-0	0.00299247	0.166504	0	0	
596	495	0	0	0	-0	-0	-0	0	-0	-0	0.000319141	1.17905	0	0	
474	466	0	0	0	-0	0	-0	-0	-0	0	0.00014612	1.39394	0	0	
479	58	0	0	0	0	0	-0	0	-0	-0	0.00157998	1.38896	0	0	
690	288	0	0	0	-0	-0	-0	-0	0	0	0.00171815	0.463935	0	0	
669	306	0	0	0	-0	-0	-0	0	-0	0	0.000207442	0.242641	0	0	
574	167	0	0	0	0	0	-0	0	-0	0	0.00040532	1.21818	0	0	
51	4	0	0	0	-0	-0	-0	0	-0	0	6.15472e-05	1.21392	0	0	
633	0	0	0	0	-0	0	0	-0	-0	0	0.000244851	0.596284	0	0	
628	193	0	0	0	-0	-0	-0	-0	-0	0	0.00129948	1.19399	0	0	
100	81	0	0	0	0	-0	-0	0	0	0	0.00112149	1.19257	0	0	
386	81	0	0	0	0	0	0	-0	0	-0	0.00102918	1.18688	0	0	
670	79	0	0	0	-0	0	-0	-0	-0	-0	0.000185168	0.411991	0	0	
112	88	0	0	0	-0	0	0	-0	-0	-0	0.0027288	0.401318	0	0	
355	2	0	0	0	0	-0	0	-0	-0	0	0.00236427	0.397048	0	0	
122	11	0	0	0	0	-0	0	0	0	0	0.00148571	0.387798	0	0	
115	86	0	0	0	0	-0	0	-0	-0	0	0.000766682	0.386375	0	0	
387	295	0	0	0	0	0	-0	0	-0	0	0.00108461	0.311662	0	0	
199	185	0	0	0	0	0	-0	0	0	0	0.00194186	0.31095	0	0	
430	191	0	0	0	-0	-0	0	0	0	0	2.43349e-05	0.00569245	0	0	
