208	2	0	0	0	-0	0	0	0	0	0	0.000235891	25.276	0	0	
429	371	0	0	0	-0	0	-0	0	0	0	0.000499791	35.4162	0	0	
118	56	0	0	0	-0	-0	-0	-0	0	-0	0.00114965	38.8499	0	0	
153	21	0	0	0	-0	-0	0	-0	0	0	0.00103819	13.119	0	0	
396	21	0	0	0	0	0	-0	-0	-0	-0	0.000457618	15.319	0	0	
547	401	0	0	0	0	-0	0	0	0	0	5.69009e-06	4.50049	0	0	
353	220	0	0	0	-0	0	-0	0	0	0	2.15636e-05	4.72189	0	0	
516	139	0	0	0	-0	0	-0	0	0	0	0.000427847	11.9174	0	0	
553	489	0	0	0	-0	0	0	-0	0	-0	3.62235e-05	21.5363	0	0	
520	299	0	0	0	-0	0	0	-0	-0	-0	2.12225e-05	11.0379	0	0	
339	79	0	0	0	0	-0	0	-0	0	0	0.000775439	33.7094	0	0	
590	79	0	0	0	0	0	0	-0	0	0	0.000287904	30.1649	0	0	
97	72	0	0	0	-0	0	0	0	0	0	0.000797762	52.774	0	0	
125	37	0	0	0	-0	0	0	0	0	0	0.000630574	32.4313	0	0	
230	226	0	0	0	-0	0	0	0	0	-0	0.000473323	32.2179	0	0	
104	74	0	0	0	0	-0	0	0	0	-0	0.000961945	11.2049	0	0	
358	1	0	0	0	-0	-0	-0	-0	-0	0	0.000170895	20.6467	0	0	
448	64	0	0	0	-0	0	-0	0	0	0	0.000492098	23.7222	0	0	
197	33	0	0	0	0	0	-0	-0	-0	-0	0.000574894	11.9879	0	0	
253	129	0	0	0	0	-0	0	-0	-0	-0	0.000290806	24.4085	0	0	
595	379	0	0	0	0	-0	0	0	0	-0	4.64239e-05	33.9408	0	0	
424	157	0	0	0	0	-0	0	0	0	0	2.48842e-05	10.1261	0	0	
442	259	0	0	0	-0	-0	-0	-0	0	-0	0.0006542	23.1827	0	0	
449	145	0	0	0	0	0	-0	-0	-0	-0	2.85103e-05	2.87017	0	0	
290	66	0	0	0	0	0	-0	0	-0	-0	0.000137607	35.9073	0	0	
314	200	0	0	0	0	0	-0	-0	0	0	3.37618e-05	9.08148	0	0	
460	431	0	0	0	-0	0	0	0	0	-0	4.74777e-05	12.3019	0	0	
515	109	0	0	0	0	0	-0	-0	0	-0	0.000147641	32.1495	0	0	
316	152	0	0	0	-0	0	0	-0	-0	-0	0.00120283	26.3206	0	0	
259	61	0	0	0	-0	0	-0	-0	-0	0	0.000345464	41.1807	0	0	
450	68	0	0	0	-0	-0	-0	0	0	-0	0.000241923	15.4136	0	0	
446	26	0	0	0	-0	0	0	0	-0	0	4.09176e-05	14.7695	0	0	
439	191	0	0	0	-0	0	0	0	-0	0	9.47916e-06	6.11873	0	0	
324	188	0	0	0	0	0	0	-0	-0	0	6.85247e-05	12.8051	0	0	
576	135	0	0	0	-0	0	0	0	0	-0	4.83132e-05	19.5276	0	0	
594	455	0	0	0	0	-0	-0	0	0	0	2.39662e-06	4.52263	0	0	
585	530	0	0	0	0	0	-0	0	0	0	4.7656e-05	18.3119	0	0	
186	44	0	0	0	-0	0	0	-0	-0	0	0.00012587	24.2897	0	0	
501	112	0	0	0	-0	-0	-0	-0	0	-0	0.000149048	5.58334	0	0	
257	97	0	0	0	0	-0	-0	0	-0	0	0.000106976	22.593	0	0	
596	123	0	0	0	-0	0	-0	-0	-0	-0	0.000510165	21.6349	0	0	
253	47	0	0	0	-0	-0	-0	0	-0	0	0.000770892	20.2381	0	0	
255	205	0	0	0	0	0	-0	0	-0	0	0.00013833	30.0945	0	0	
317	30	0	0	0	-0	0	0	0	-0	0	8.07239e-05	17.8751	0	0	
301	86	0	0	0	0	0	0	0	0	-0	0.000502784	16.7681	0	0	
260	110	0	0	0	-0	0	-0	0	0	0	1.75694e-06	5.07009	0	0	
320	292	0	0	0	-0	0	0	0	0	-0	0.000217811	13.5961	0	0	
561	473	0	0	0	0	-0	-0	0	0	0	9.77512e-06	4.38777	0	0	
505	415	0	0	0	0	-0	0	-0	-0	-0	5.53033e-05	1.19758	0	0	
544	167	0	0	0	-0	-0	-0	0	-0	-0	1.26117e-05	4.50451	0	0	
114	43	0	0	0	-0	-0	0	0	0	0	0.000306231	48.4326	0	0	
177	109	0	0	0	0	-0	-0	-0	0	-0	0.000333796	33.7758	0	0	
471	221	0	0	0	-0	-0	0	0	0	0	1.14203e-05	21.2727	0	0	
408	50	0	0	0	-0	-0	0	-0	0	0	8.36231e-06	6.91175	0	0	
404	315	0	0	0	0	-0	0	0	0	0	0.000273845	14.7957	0	0	
572	249	0	0	0	0	0	-0	0	-0	-0	8.73791e-05	17.2109	0	0	
264	102	0	0	0	0	-0	0	0	0	-0	0.000709734	26.5098	0	0	
380	253	0	0	0	0	0	-0	-0	0	0	0.000732606	31.3726	0	0	
458	110	0	0	0	-0	0	0	0	0	-0	3.96998e-05	4.45017	0	0	
267	164	0	0	0	-0	0	-0	-0	-0	0	0.00207027	40.6553	0	0	
184	154	0	0	0	0	0	-0	-0	0	0	0.00106298	17.2351	0	0	
202	28	0	0	0	0	-0	0	0	0	0	0.000994521	12.8876	0	0	
472	339	0	0	0	0	0	-0	0	-0	-0	0.000357303	32.4333	0	0	
445	432	0	0	0	-0	0	-0	0	0	-0	0.000171809	29.5209	0	0	
457	103	0	0	0	0	-0	-0	0	-0	0	9.0173e-05	9.43975	0	0	
248	169	0	0	0	-0	0	0	-0	-0	0	1.35747e-05	6.45687	0	0	
10	6	0	0	0	0	-0	-0	-0	-0	0	0.000607581	47.4846	0	0	
385	92	0	0	0	-0	0	0	0	-0	0	7.95217e-05	22.595	0	0	
366	86	0	0	0	0	-0	0	-0	-0	0	0.000210355	33.3692	0	0	
270	101	0	0	0	-0	-0	-0	-0	0	-0	0.00212185	34.2025	0	0	
99	24	0	0	0	0	-0	0	-0	-0	0	0.000486008	35.6336	0	0	
106	33	0	0	0	-0	0	-0	0	0	0	0.00105539	18.3381	0	0	
531	126	0	0	0	0	0	-0	0	-0	0	0.000340032	35.6718	0	0	
256	55	0	0	0	0	-0	-0	-0	0	-0	0.00078726	18.8896	0	0	
498	2	0	0	0	-0	0	0	-0	-0	0	1.84532e-05	11.696	0	0	
295	78	0	0	0	0	0	-0	-0	0	0	9.92313e-06	5.83493	0	0	
587	509	0	0	0	-0	-0	-0	-0	-0	0	0.000229021	29.7141	0	0	
554	113	0	0	0	0	0	0	-0	0	0	0.000186583	31.918	0	0	
304	36	0	0	0	0	-0	0	-0	0	0	0.000188338	21.5182	0	0	
569	312	0	0	0	-0	-0	0	-0	-0	-0	0.000204424	19.1854	0	0	
152	6	0	0	0	-0	0	-0	-0	-0	0	0.00129894	40.1944	0	0	
562	461	0	0	0	-0	0	-0	-0	0	0	0.000173175	27.2465	0	0	
163	26	0	0	0	0	0	-0	-0	0	-0	0.00117111	20.0268	0	0	
216	198	0	0	0	0	-0	0	-0	0	0	0.000189019	20.1355	0	0	
295	212	0	0	0	-0	0	-0	0	0	-0	3.43174e-05	7.61621	0	0	
273	193	0	0	0	0	0	-0	-0	0	0	0.000415	14.6366	0	0	
164	119	0	0	0	-0	0	0	-0	0	-0	0.000233631	18.4709	0	0	
232	121	0	0	0	-0	-0	-0	0	-0	0	0.000306729	27.8563	0	0	
127	45	0	0	0	-0	-0	-0	0	-0	-0	0.000494878	10.9151	0	0	
478	353	0	0	0	0	-0	0	0	0	-0	2.74144e-05	12.2495	0	0	
346	58	0	0	0	-0	0	0	0	0	-0	7.32793e-05	9.05532	0	0	
587	178	0	0	0	-0	-0	0	0	0	0	0.000622985	31.0767	0	0	
441	356	0	0	0	0	-0	0	-0	0	0	0.000104311	15.2183	0	0	
107	27	0	0	0	-0	-0	0	0	-0	0	0.000852574	43.6926	0	0	
475	210	0	0	0	0	-0	-0	-0	-0	-0	0.000112592	21.4518	0	0	
231	93	0	0	0	0	0	-0	-0	0	-0	0.000252208	38.0066	0	0	
288	62	0	0	0	-0	0	0	0	-0	0	0.000240692	14.1959	0	0	
519	278	0	0	0	-0	-0	-0	-0	0	-0	0.00017162	30.0583	0	0	
89	2	0	0	0	-0	0	0	-0	-0	0	0.00153461	46.6593	0	0	
274	54	0	0	0	-0	0	-0	-0	0	0	0.000101539	22.1321	0	0	
455	94	0	0	0	0	-0	0	-0	-0	0	1.42202e-05	11.1224	0	0	
289	34	0	0	0	0	-0	-0	0	0	-0	0.000105824	33.5242	0	0	
195	37	0	0	0	0	0	-0	0	0	0	0.000681915	40.6151	0	0	
77	20	0	0	0	0	-0	-0	0	-0	0	0.000652404	25.4652	0	0	
205	203	0	0	0	0	-0	-0	0	-0	0	0.000295246	29.4222	0	0	
571	483	0	0	0	-0	-0	0	0	0	0	3.74097e-05	26.3689	0	0	
71	43	0	0	0	-0	0	0	-0	-0	0	0.000901366	27.1499	0	0	
521	149	0	0	0	0	-0	-0	0	-0	0	0.000436768	15.1237	0	0	
267	38	0	0	0	-0	0	-0	-0	-0	0	0.0024614	29.1002	0	0	
409	314	0	0	0	0	-0	0	0	-0	-0	8.9097e-05	16.0234	0	0	
61	26	0	0	0	0	-0	-0	0	0	0	0.00033405	51.7234	0	0	
450	291	0	0	0	0	-0	-0	-0	0	-0	8.19008e-05	18.3904	0	0	
410	4	0	0	0	-0	0	0	0	-0	0	0.000237006	31.121	0	0	
528	306	0	0	0	-0	-0	-0	-0	-0	0	4.26763e-05	13.896	0	0	
537	55	0	0	0	-0	0	-0	0	0	-0	4.29579e-05	6.94798	0	0	
359	22	0	0	0	-0	-0	0	-0	0	0	6.74001e-05	40.7197	0	0	
443	181	0	0	0	0	-0	0	0	0	-0	7.22046e-05	38.8378	0	0	
244	171	0	0	0	-0	0	0	0	0	0	0.000810826	21.4317	0	0	
86	57	0	0	0	-0	0	-0	0	0	0	1.79319e-07	5.68398	0	0	
10	1	0	0	0	-0	-0	0	-0	0	0	0.000707686	34.6996	0	0	
338	72	0	0	0	-0	0	-0	-0	0	0	0.000443287	33.5826	0	0	
64	47	0	0	0	0	0	-0	0	0	0	0.000303167	51.19	0	0	
329	105	0	0	0	0	-0	-0	-0	0	-0	0.000202481	21.7919	0	0	
300	30	0	0	0	-0	0	0	0	0	-0	0.000107473	11.4887	0	0	
327	274	0	0	0	0	-0	0	0	-0	-0	2.58708e-05	7.20762	0	0	
205	26	0	0	0	0	0	0	-0	0	0	0.000276046	29.8912	0	0	
215	199	0	0	0	-0	-0	0	0	-0	-0	0.000147189	20.532	0	0	
199	77	0	0	0	0	0	0	-0	0	-0	0.00093162	27.2465	0	0	
270	158	0	0	0	-0	0	0	-0	0	-0	0.00221925	34.3635	0	0	
370	35	0	0	0	0	0	-0	0	0	0	0.000246772	20.8117	0	0	
188	2	0	0	0	-0	0	-0	-0	-0	0	0.000849731	17.6618	0	0	
543	13	0	0	0	0	0	-0	-0	-0	-0	2.32749e-05	8.06908	0	0	
357	16	0	0	0	-0	0	-0	-0	0	0	0.00011064	37.2236	0	0	
194	176	0	0	0	0	0	-0	-0	-0	-0	0.00043872	50.6506	0	0	
97	28	0	0	0	0	0	0	0	0	-0	0.000429531	9.4156	0	0	
48	9	0	0	0	-0	-0	0	-0	-0	-0	0.00165401	47.5389	0	0	
487	202	0	0	0	-0	-0	-0	0	0	-0	7.5803e-05	11.8349	0	0	
321	114	0	0	0	-0	0	-0	0	-0	-0	0.000125232	22.1965	0	0	
62	3	0	0	0	-0	-0	-0	-0	0	0	0.000406339	38.0046	0	0	
598	44	0	0	0	-0	-0	0	0	-0	-0	7.29991e-05	10.9292	0	0	
90	46	0	0	0	0	-0	0	-0	0	0	0.000212395	27.2163	0	0	
477	171	0	0	0	-0	0	-0	0	0	0	0.000367763	23.2451	0	0	
519	246	0	0	0	-0	-0	-0	0	0	-0	0.000166444	30.2756	0	0	
562	135	0	0	0	-0	-0	-0	0	0	-0	7.68966e-05	7.32034	0	0	
351	182	0	0	0	-0	-0	0	-0	-0	-0	0.000167978	13.582	0	0	
554	41	0	0	0	-0	0	0	0	0	0	0.000324141	31.2599	0	0	
404	181	0	0	0	0	0	0	-0	0	0	0.000311129	25.3927	0	0	
225	196	0	0	0	-0	0	-0	0	-0	-0	0.000512406	27.7597	0	0	
315	87	0	0	0	-0	0	-0	-0	0	0	0.000358917	28.7641	0	0	
523	88	0	0	0	0	-0	0	-0	0	0	0.000122339	37.6624	0	0	
296	89	0	0	0	0	-0	0	0	0	-0	7.5703e-05	8.42332	0	0	
509	120	0	0	0	0	0	0	0	-0	-0	0.000180343	8.25626	0	0	
261	120	0	0	0	-0	-0	0	-0	0	-0	0.000644146	31.0083	0	0	
435	98	0	0	0	0	-0	0	-0	-0	0	5.70709e-05	11.4646	0	0	
87	67	0	0	0	0	-0	-0	-0	-0	0	0.00096548	40.6634	0	0	
414	157	0	0	0	0	-0	-0	0	0	-0	0.000127166	19.0425	0	0	
311	84	0	0	0	0	0	0	-0	0	0	0.000224104	25.8557	0	0	
180	15	0	0	0	0	0	0	-0	0	-0	0.000547797	20.6245	0	0	
361	259	0	0	0	0	0	-0	0	-0	0	0.000210496	21.8805	0	0	
380	121	0	0	0	0	-0	0	0	0	-0	0.000424563	18.4105	0	0	
562	559	0	0	0	0	-0	0	0	0	0	0.0001827	25.272	0	0	
99	31	0	0	0	0	-0	-0	-0	-0	0	7.59367e-05	4.59106	0	0	
198	197	0	0	0	0	0	0	-0	0	-0	0.000827865	29.0056	0	0	
176	136	0	0	0	0	0	0	-0	-0	0	0.00203839	48.1588	0	0	
545	240	0	0	0	0	0	0	0	-0	0	0.000112816	16.3797	0	0	
118	66	0	0	0	-0	0	-0	-0	0	0	0.00123405	49.9804	0	0	
495	146	0	0	0	0	0	0	0	-0	0	9.64265e-05	30.177	0	0	
406	390	0	0	0	0	-0	-0	0	-0	0	0.000263917	21.8906	0	0	
296	124	0	0	0	-0	-0	-0	0	-0	0	0.000226709	20.3045	0	0	
500	125	0	0	0	-0	0	-0	-0	-0	-0	0.000511466	9.94897	0	0	
487	23	0	0	0	-0	-0	0	0	-0	0	5.62834e-05	7.95636	0	0	
137	128	0	0	0	-0	-0	0	-0	-0	-0	5.18014e-06	4.75409	0	0	
163	58	0	0	0	-0	0	0	-0	0	-0	4.64296e-05	17.0419	0	0	
447	1	0	0	0	-0	-0	-0	0	0	-0	0.000485064	13.9543	0	0	
397	283	0	0	0	-0	-0	-0	-0	0	0	7.54011e-05	17.9577	0	0	
590	551	0	0	0	-0	-0	0	-0	0	0	0.000505062	23.5531	0	0	
477	65	0	0	0	-0	-0	-0	-0	0	-0	0.000486618	23.9637	0	0	
219	70	0	0	0	0	-0	0	0	0	0	0.000936424	15.7779	0	0	
271	181	0	0	0	0	-0	-0	-0	0	-0	0.000333399	8.1516	0	0	
261	1	0	0	0	-0	-0	0	-0	0	-0	0.000469299	30.7728	0	0	
42	14	0	0	0	0	0	0	0	0	-0	0.000469367	15.3854	0	0	
183	64	0	0	0	0	-0	-0	-0	-0	0	0.000799289	20.7997	0	0	
127	21	0	0	0	0	-0	0	-0	-0	0	0.000535059	12.1469	0	0	
203	81	0	0	0	0	-0	-0	-0	0	-0	0.000652578	22.1079	0	0	
506	398	0	0	0	0	-0	-0	0	0	0	3.23396e-05	25.8999	0	0	
170	72	0	0	0	0	0	-0	0	-0	0	0.000153585	35.5732	0	0	
370	193	0	0	0	0	0	0	0	0	-0	0.000144752	21.2163	0	0	
197	15	0	0	0	-0	0	-0	0	-0	-0	0.000910733	31.445	0	0	
345	336	0	0	0	-0	0	-0	-0	-0	0	1.77467e-05	23.7423	0	0	
446	440	0	0	0	0	0	-0	0	0	0	1.91275e-05	8.22003	0	0	
219	165	0	0	0	0	-0	0	0	0	0	0.000630939	14.9365	0	0	
87	63	0	0	0	0	-0	0	0	0	-0	0.00047668	37.8979	0	0	
61	5	0	0	0	0	0	-0	0	-0	-0	0.000374613	33.4377	0	0	
213	105	0	0	0	-0	-0	0	-0	0	-0	0.000298446	27.4095	0	0	
122	76	0	0	0	0	0	-0	0	-0	0	0.000236818	16.7098	0	0	
263	105	0	0	0	0	-0	0	-0	0	0	0.000169272	41.861	0	0	
59	27	0	0	0	-0	-0	-0	-0	0	0	0.00130638	28.3494	0	0	
411	170	0	0	0	-0	-0	-0	-0	0	-0	0.000555603	17.8389	0	0	
187	162	0	0	0	0	-0	-0	-0	-0	-0	0.000585486	41.6476	0	0	
431	190	0	0	0	-0	0	-0	0	-0	-0	0.00011769	15.641	0	0	
162	99	0	0	0	-0	0	-0	-0	-0	0	0.00026143	41.1444	0	0	
140	77	0	0	0	0	0	-0	-0	0	0	0.00023522	18.9681	0	0	
100	98	0	0	0	0	-0	0	-0	-0	0	0.000334742	43.6282	0	0	
516	161	0	0	0	0	-0	0	0	0	0	0.000412732	27.7195	0	0	
531	183	0	0	0	0	0	-0	0	-0	0	0.00037169	35.4886	0	0	
407	120	0	0	0	0	-0	-0	-0	-0	0	0.000197597	31.127	0	0	
518	417	0	0	0	-0	-0	0	0	0	0	3.67431e-06	8.45552	0	0	
135	98	0	0	0	0	-0	0	0	0	0	0.000493679	47.1806	0	0	
71	18	0	0	0	-0	-0	0	-0	0	-0	0.00104089	8.4837	0	0	
366	87	0	0	0	-0	-0	-0	-0	-0	0	0.000223522	33.5343	0	0	
166	130	0	0	0	0	0	-0	-0	0	-0	0.00193272	43.2638	0	0	
508	6	0	0	0	-0	0	0	0	-0	0	0.000931424	31.1492	0	0	
169	82	0	0	0	-0	-0	-0	0	0	-0	0.000929973	29.1606	0	0	
133	0	0	0	0	0	-0	-0	-0	-0	-0	0.00266454	51.2725	0	0	
364	351	0	0	0	0	-0	0	0	0	-0	0.000199564	25.0506	0	0	
96	34	0	0	0	0	0	0	-0	0	-0	0.000745475	29.2995	0	0	
163	23	0	0	0	0	0	-0	-0	0	0	0.000380402	16.6735	0	0	
321	31	0	0	0	-0	-0	-0	0	0	-0	1.80338e-05	7.07881	0	0	
411	54	0	0	0	-0	-0	-0	-0	0	-0	0.000511718	17.5068	0	0	
412	155	0	0	0	-0	0	0	-0	-0	-0	6.38624e-05	5.80474	0	0	
432	61	0	0	0	0	0	0	0	-0	0	0.000203521	29.2954	0	0	
202	58	0	0	0	-0	-0	0	0	-0	0	0.000301327	11.1808	0	0	
329	195	0	0	0	-0	-0	-0	-0	0	-0	0.000729747	42.5534	0	0	
269	4	0	0	0	0	-0	-0	0	-0	0	0.000201211	27.9288	0	0	
474	303	0	0	0	0	-0	0	-0	0	0	4.79201e-05	7.15328	0	0	
550	313	0	0	0	-0	-0	0	-0	-0	-0	0.000231685	9.85236	0	0	
414	21	0	0	0	0	0	-0	-0	-0	-0	0.000340027	38.2702	0	0	
567	550	0	0	0	-0	-0	-0	0	-0	-0	0.000225969	23.2914	0	0	
405	191	0	0	0	-0	-0	0	0	-0	0	0.00158106	22.3334	0	0	
359	278	0	0	0	-0	-0	-0	-0	0	0	8.39748e-05	27.967	0	0	
195	126	0	0	0	-0	0	-0	-0	0	0	0.000376314	18.1992	0	0	
192	179	0	0	0	0	0	-0	0	-0	-0	0.000411839	27.7174	0	0	
474	150	0	0	0	-0	-0	0	-0	0	0	9.52027e-05	17.8933	0	0	
226	45	0	0	0	-0	-0	0	0	-0	0	0.000374011	32.6426	0	0	
320	65	0	0	0	0	0	-0	-0	0	-0	0.000366243	14.7353	0	0	
184	13	0	0	0	0	0	-0	-0	0	-0	0.000943573	22.0214	0	0	
232	196	0	0	0	0	-0	-0	-0	-0	-0	0.000331223	41.4846	0	0	
174	12	0	0	0	0	-0	0	-0	0	0	0.000392065	36.3199	0	0	
180	66	0	0	0	-0	0	0	0	0	0	0.00130569	50.1917	0	0	
488	465	0	0	0	-0	-0	-0	-0	0	0	2.45459e-05	6.47297	0	0	
25	18	0	0	0	-0	-0	-0	-0	0	-0	0.000478339	35.1807	0	0	
473	27	0	0	0	-0	-0	0	-0	0	0	2.89766e-05	13.4833	0	0	
587	28	0	0	0	-0	-0	0	0	-0	0	0.000532146	30.0381	0	0	
161	130	0	0	0	-0	0	-0	0	0	-0	0.000510882	28.4038	0	0	
516	130	0	0	0	-0	-0	0	0	0	0	0.000973289	39.7717	0	0	
338	24	0	0	0	0	0	-0	-0	0	0	0.000475299	36.7305	0	0	
557	222	0	0	0	-0	0	-0	0	-0	-0	3.7793e-05	12.9741	0	0	
414	153	0	0	0	-0	-0	-0	0	0	-0	0.000323094	23.8812	0	0	
76	17	0	0	0	-0	0	-0	-0	-0	0	6.23154e-05	35.7885	0	0	
493	98	0	0	0	-0	-0	0	0	-0	0	4.27312e-05	13.9282	0	0	
454	121	0	0	0	0	-0	-0	0	-0	0	0.00012474	10.3797	0	0	
265	48	0	0	0	-0	0	0	-0	-0	0	0.00076176	29.4142	0	0	
557	11	0	0	0	-0	0	0	0	-0	0	3.46464e-05	12.8755	0	0	
504	197	0	0	0	0	0	0	0	0	-0	0.00087798	7.62627	0	0	
301	118	0	0	0	0	0	-0	-0	0	0	0.000440252	23.5813	0	0	
547	119	0	0	0	0	-0	0	-0	0	0	1.75568e-05	30.9338	0	0	
514	67	0	0	0	-0	-0	0	-0	-0	-0	0.000147377	18.8976	0	0	
559	135	0	0	0	-0	-0	-0	-0	0	-0	0.000222767	13.421	0	0	
554	70	0	0	0	-0	-0	0	0	0	0	0.000110086	31.0465	0	0	
282	124	0	0	0	0	-0	0	-0	0	0	0.000578208	33.3692	0	0	
384	9	0	0	0	-0	0	-0	0	0	-0	0.000219877	14.2723	0	0	
321	242	0	0	0	-0	0	-0	0	-0	-0	2.84572e-05	1.82354	0	0	
489	122	0	0	0	0	-0	-0	-0	-0	0	0.000247308	40.4158	0	0	
139	130	0	0	0	-0	0	0	-0	0	-0	0.000914134	29.5913	0	0	
203	166	0	0	0	0	0	0	-0	0	-0	0.000541158	23.3417	0	0	
390	3	0	0	0	0	0	-0	-0	0	0	0.00070277	29.2532	0	0	
264	119	0	0	0	0	0	-0	0	0	0	0.000255673	29.9737	0	0	
296	34	0	0	0	0	-0	0	0	-0	-0	0.000237714	14.1838	0	0	
519	19	0	0	0	0	-0	-0	-0	0	-0	4.84143e-05	11.8893	0	0	
279	112	0	0	0	-0	0	0	0	0	0	4.40521e-05	13.2217	0	0	
386	267	0	0	0	0	-0	-0	0	0	-0	0.000148961	19.2982	0	0	
250	186	0	0	0	0	-0	0	0	-0	-0	0.000241835	28.595	0	0	
558	16	0	0	0	-0	0	-0	0	0	0	9.37332e-06	7.01239	0	0	
215	89	0	0	0	-0	-0	-0	0	-0	0	0.000349938	17.7302	0	0	
358	11	0	0	0	0	-0	0	-0	-0	0	0.000173127	27.7416	0	0	
462	364	0	0	0	-0	-0	-0	-0	0	-0	0.000286488	8.43338	0	0	
164	141	0	0	0	-0	0	-0	-0	0	0	0.00185054	36.3481	0	0	
560	123	0	0	0	0	-0	0	-0	0	0	2.19827e-05	24.8412	0	0	
251	160	0	0	0	-0	0	0	0	0	-0	8.2076e-05	18.956	0	0	
129	109	0	0	0	-0	0	-0	0	0	-0	3.25427e-05	15.2888	0	0	
96	5	0	0	0	-0	-0	-0	0	-0	-0	0.000234939	22.1301	0	0	
453	381	0	0	0	-0	-0	0	0	-0	-0	1.36898e-05	5.53504	0	0	
332	11	0	0	0	0	-0	0	-0	-0	0	1.49291e-05	4.1543	0	0	
263	37	0	0	0	0	0	-0	-0	0	0	5.62337e-05	22.3535	0	0	
227	112	0	0	0	-0	0	-0	-0	-0	0	0.000221458	16.9151	0	0	
207	146	0	0	0	0	-0	-0	-0	-0	0	2.91213e-05	3.87855	0	0	
178	129	0	0	0	0	-0	-0	-0	-0	-0	7.06665e-05	24.5595	0	0	
198	17	0	0	0	0	0	-0	-0	-0	-0	0.000876836	36.1387	0	0	
111	13	0	0	0	0	0	0	0	-0	0	0.000907767	26.8278	0	0	
165	101	0	0	0	0	0	0	-0	0	-0	0.0020978	49.8495	0	0	
194	126	0	0	0	-0	0	-0	-0	0	0	0.000237938	15.4337	0	0	
423	30	0	0	0	-0	0	-0	-0	-0	0	3.62214e-05	12.1992	0	0	
520	23	0	0	0	0	0	-0	-0	0	-0	0.000140659	10.8145	0	0	
337	320	0	0	0	-0	-0	-0	0	-0	0	0.00014544	8.89631	0	0	
325	25	0	0	0	-0	-0	-0	0	-0	-0	0.00112524	29.3639	0	0	
255	235	0	0	0	0	0	-0	0	0	0	0.000172212	30.2917	0	0	
254	18	0	0	0	0	-0	-0	-0	0	-0	0.000201363	18.6702	0	0	
362	71	0	0	0	0	-0	-0	0	0	-0	0.00021895	12.2656	0	0	
118	75	0	0	0	-0	-0	-0	-0	0	0	0.000201667	28.4803	0	0	
406	104	0	0	0	-0	-0	0	-0	0	0	7.11185e-06	5.85506	0	0	
88	19	0	0	0	0	0	-0	0	0	0	0.000258804	28.8164	0	0	
26	6	0	0	0	-0	0	-0	-0	-0	-0	0.000643004	48.2232	0	0	
453	69	0	0	0	0	-0	0	-0	0	0	1.416e-05	7.39078	0	0	
402	75	0	0	0	-0	0	0	0	-0	0	0.000472272	33.3773	0	0	
256	190	0	0	0	0	0	-0	-0	0	0	0.000595193	18.7205	0	0	
27	22	0	0	0	0	-0	0	-0	-0	0	0.000699828	29.6819	0	0	
130	81	0	0	0	-0	-0	0	-0	0	-0	0.000150095	49.6362	0	0	
245	132	0	0	0	0	0	0	-0	0	0	0.000229626	25.2458	0	0	
161	8	0	0	0	0	-0	0	0	0	0	0.00100448	52.3775	0	0	
162	22	0	0	0	-0	-0	0	-0	0	-0	7.50928e-05	5.81481	0	0	
44	5	0	0	0	-0	0	-0	0	-0	-0	0.00123575	49.7187	0	0	
181	145	0	0	0	-0	-0	0	-0	-0	-0	0.000108727	6.59374	0	0	
468	286	0	0	0	-0	-0	-0	-0	-0	0	7.36315e-06	4.80441	0	0	
197	36	0	0	0	-0	-0	0	0	-0	-0	0.00123774	51.5483	0	0	
382	11	0	0	0	-0	-0	0	0	0	0	0.000201096	19.5075	0	0	
113	70	0	0	0	-0	-0	0	0	0	0	0.000471731	16.9251	0	0	
389	200	0	0	0	0	-0	-0	-0	0	-0	3.61508e-05	5.58535	0	0	
133	66	0	0	0	-0	0	0	-0	0	-0	0.00166482	49.7147	0	0	
435	233	0	0	0	0	0	-0	0	-0	0	4.2345e-05	20.0066	0	0	
209	84	0	0	0	0	-0	-0	0	-0	0	2.52746e-05	24.6098	0	0	
596	116	0	0	0	-0	0	-0	-0	-0	-0	0.00157632	25.2055	0	0	
189	75	0	0	0	-0	-0	0	-0	0	0	0.000568122	31.749	0	0	
551	251	0	0	0	0	-0	0	0	0	0	0.000106085	20.4031	0	0	
388	114	0	0	0	-0	0	0	0	-0	0	0.000140657	9.82418	0	0	
158	124	0	0	0	0	-0	-0	-0	0	-0	0.00149925	37.0988	0	0	
403	306	0	0	0	0	-0	0	0	-0	-0	7.36146e-06	9.93086	0	0	
152	0	0	0	0	-0	0	0	-0	-0	-0	0.00247503	49.3584	0	0	
126	51	0	0	0	-0	-0	0	0	0	0	0.000649889	34.1079	0	0	
448	356	0	0	0	-0	0	-0	0	0	0	0.000120738	23.1606	0	0	
294	277	0	0	0	0	0	0	-0	0	0	0.000151243	29.7745	0	0	
438	225	0	0	0	0	-0	-0	0	0	-0	0.000295447	26.1656	0	0	
197	60	0	0	0	-0	-0	-0	-0	0	-0	0.000646721	40.8526	0	0	
579	93	0	0	0	-0	0	0	-0	0	-0	0.000242178	18.4448	0	0	
50	36	0	0	0	0	0	-0	-0	0	-0	0.000452927	6.95603	0	0	
109	12	0	0	0	0	0	0	0	-0	0	0.00107655	37.4571	0	0	
508	361	0	0	0	0	-0	-0	-0	-0	0	0.000200735	8.54207	0	0	
150	146	0	0	0	0	-0	-0	0	0	-0	8.74214e-05	26.1636	0	0	
202	34	0	0	0	-0	-0	0	0	-0	0	0.000187777	5.54107	0	0	
371	170	0	0	0	0	-0	-0	-0	-0	0	0.000773015	27.7295	0	0	
515	407	0	0	0	0	-0	-0	-0	0	-0	0.000224174	28.748	0	0	
138	41	0	0	0	-0	-0	0	0	-0	-0	0.000591586	25.9241	0	0	
418	161	0	0	0	-0	0	0	0	0	0	0.0003772	36.2957	0	0	
42	34	0	0	0	0	0	-0	-0	0	-0	0.000674623	50.5158	0	0	
120	23	0	0	0	-0	0	0	0	0	-0	0.000574706	35.5329	0	0	
182	156	0	0	0	-0	0	-0	0	-0	-0	0.000290874	14.6266	0	0	
246	142	0	0	0	0	0	0	0	-0	0	0.000255342	14.693	0	0	
254	142	0	0	0	-0	-0	0	0	-0	-0	0.000278481	19.0908	0	0	
409	125	0	0	0	0	0	-0	-0	-0	-0	9.53367e-05	15.6128	0	0	
249	37	0	0	0	-0	0	0	-0	0	-0	0.000115737	27.0935	0	0	
269	194	0	0	0	-0	-0	-0	0	-0	-0	0.000239141	6.47297	0	0	
183	176	0	0	0	0	-0	-0	-0	0	-0	0.00163791	51.6771	0	0	
267	59	0	0	0	-0	-0	0	-0	0	0	0.00174101	26.1938	0	0	
445	172	0	0	0	-0	-0	-0	0	0	-0	9.86158e-05	30.6037	0	0	
281	142	0	0	0	0	-0	0	0	-0	-0	0.000426488	16.0999	0	0	
339	45	0	0	0	0	-0	0	-0	0	0	0.000652117	32.86	0	0	
116	51	0	0	0	-0	0	0	0	-0	0	0.000561841	35.5893	0	0	
122	60	0	0	0	0	0	-0	-0	-0	-0	0.000740666	38.1475	0	0	
337	87	0	0	0	-0	-0	-0	-0	0	-0	0.000167118	14.7312	0	0	
152	11	0	0	0	-0	0	-0	-0	-0	-0	0.00024023	23.3317	0	0	
359	149	0	0	0	-0	0	0	-0	-0	0	0.000180103	14.856	0	0	
385	201	0	0	0	0	-0	0	0	0	0	5.81509e-05	5.92953	0	0	
404	372	0	0	0	-0	-0	0	-0	0	-0	0.000202931	11.6014	0	0	
528	352	0	0	0	-0	-0	-0	-0	0	-0	6.71711e-05	14.4615	0	0	
480	131	0	0	0	0	-0	0	0	-0	-0	0.00117631	18.8795	0	0	
103	24	0	0	0	0	-0	-0	-0	-0	-0	2.51465e-05	3.54846	0	0	
418	71	0	0	0	0	0	-0	0	0	0	0.000690543	33.1539	0	0	
357	126	0	0	0	-0	0	0	0	-0	0	0.000140388	40.0455	0	0	
523	13	0	0	0	-0	0	0	0	0	0	0.000341665	21.4639	0	0	
215	140	0	0	0	-0	-0	-0	0	-0	0	0.00038303	18.0885	0	0	
98	91	0	0	0	-0	-0	0	-0	0	-0	0.000372651	26.3146	0	0	
375	283	0	0	0	-0	-0	-0	-0	0	-0	2.93866e-05	18.01	0	0	
416	116	0	0	0	0	0	-0	0	-0	0	0.00153503	23.0378	0	0	
587	129	0	0	0	0	-0	0	-0	-0	0	0.000301078	12.8131	0	0	
257	169	0	0	0	0	0	0	0	-0	-0	0.000714664	7.13315	0	0	
505	112	0	0	0	0	0	-0	0	-0	-0	0.000356315	13.7188	0	0	
257	196	0	0	0	0	-0	-0	0	0	0	0.000576776	34.2427	0	0	
199	2	0	0	0	-0	0	0	-0	0	-0	0.000941126	21.959	0	0	
166	40	0	0	0	-0	0	0	-0	-0	-0	8.17735e-05	5.60951	0	0	
134	116	0	0	0	-0	-0	-0	-0	0	-0	0.00138484	35.7644	0	0	
428	293	0	0	0	-0	-0	-0	-0	0	0	6.07537e-05	10.3113	0	0	
577	342	0	0	0	-0	-0	0	-0	-0	-0	0.00016866	4.93926	0	0	
317	214	0	0	0	0	-0	-0	0	0	0	5.12852e-05	19.3304	0	0	
49	2	0	0	0	-0	-0	0	-0	0	-0	0.00164569	51.1659	0	0	
224	68	0	0	0	-0	0	0	-0	0	-0	0.00108291	31.592	0	0	
507	4	0	0	0	-0	0	0	-0	-0	0	8.4279e-05	24.7245	0	0	
443	290	0	0	0	0	0	0	0	0	-0	0.000148607	36.9036	0	0	
587	34	0	0	0	0	-0	0	-0	-0	0	0.000460205	29.7262	0	0	
102	4	0	0	0	-0	0	-0	-0	0	0	0.00034257	22.6635	0	0	
329	265	0	0	0	0	0	-0	-0	0	-0	0.000753574	31.4954	0	0	
563	418	0	0	0	-0	0	-0	0	-0	-0	0.000327221	30.5675	0	0	
223	134	0	0	0	0	-0	0	0	0	0	2.04766e-05	3.63903	0	0	
313	168	0	0	0	0	0	0	-0	0	0	0.000462793	11.5088	0	0	
165	27	0	0	0	-0	0	0	-0	0	-0	0.000321155	26.2059	0	0	
401	267	0	0	0	0	0	-0	0	-0	-0	3.03026e-05	20.1757	0	0	
407	129	0	0	0	-0	-0	0	0	0	0	0.00016927	25.8697	0	0	
516	132	0	0	0	0	0	-0	0	0	0	0.00113444	41.6396	0	0	
36	16	0	0	0	0	0	-0	-0	-0	-0	0.000866782	32.8117	0	0	
134	77	0	0	0	-0	-0	-0	-0	0	0	0.00067181	39.5302	0	0	
235	186	0	0	0	-0	-0	0	-0	-0	-0	5.44087e-05	8.32872	0	0	
568	219	0	0	0	0	0	0	-0	0	0	0.000576899	13.8758	0	0	
448	224	0	0	0	-0	0	0	0	0	0	0.00086309	26.0267	0	0	
310	52	0	0	0	-0	-0	-0	-0	0	-0	0.000279645	22.2368	0	0	
452	143	0	0	0	-0	-0	-0	-0	-0	0	6.53575e-06	4.16637	0	0	
156	64	0	0	0	-0	-0	-0	-0	-0	0	0.000683318	22.0214	0	0	
448	38	0	0	0	-0	-0	0	-0	0	0	0.000677871	30.1992	0	0	
278	275	0	0	0	0	-0	0	-0	-0	-0	1.27667e-05	6.16704	0	0	
554	75	0	0	0	-0	0	0	0	-0	0	0.000343739	32.077	0	0	
38	16	0	0	0	0	0	-0	-0	-0	-0	0.00101539	32.5621	0	0	
148	29	0	0	0	0	-0	0	0	-0	-0	0.000444543	39.0411	0	0	
370	136	0	0	0	0	0	0	-0	0	0	5.24377e-05	21.5061	0	0	
154	77	0	0	0	-0	0	-0	-0	-0	-0	0.00071105	23.1827	0	0	
177	123	0	0	0	0	0	0	-0	-0	0	0.000177666	44.4956	0	0	
571	106	0	0	0	-0	-0	0	0	0	0	6.50942e-06	5.3398	0	0	
115	41	0	0	0	0	-0	-0	0	0	-0	0.000470288	49.0847	0	0	
59	39	0	0	0	-0	-0	0	-0	-0	-0	0.000510661	40.8566	0	0	
463	184	0	0	0	-0	0	0	-0	-0	-0	0.000459381	18.1851	0	0	
441	265	0	0	0	0	-0	-0	-0	-0	-0	0.000130817	21.806	0	0	
179	95	0	0	0	0	-0	0	0	-0	-0	2.08352e-06	23.9415	0	0	
432	173	0	0	0	0	0	0	0	-0	0	0.000646666	31.5859	0	0	
599	95	0	0	0	0	-0	0	0	0	-0	0.000210648	16.5105	0	0	
514	173	0	0	0	-0	0	0	-0	-0	0	0.000490761	26.7876	0	0	
312	58	0	0	0	0	-0	0	0	-0	-0	0.000190513	14.5199	0	0	
537	460	0	0	0	0	0	-0	0	-0	-0	3.69882e-05	13.4089	0	0	
306	73	0	0	0	0	0	-0	0	0	0	0.000256009	20.4434	0	0	
454	196	0	0	0	0	0	0	0	-0	-0	0.000401936	8.94864	0	0	
179	119	0	0	0	0	-0	0	-0	0	0	0.000397049	38.6446	0	0	
472	423	0	0	0	0	0	-0	0	-0	0	4.25286e-05	5.2452	0	0	
591	566	0	0	0	0	-0	0	-0	-0	-0	6.89508e-05	23.9637	0	0	
163	5	0	0	0	0	-0	-0	-0	0	-0	0.000871514	35.6798	0	0	
501	352	0	0	0	0	0	-0	-0	-0	-0	0.000298242	24.5655	0	0	
472	83	0	0	0	-0	-0	-0	0	0	-0	0.000401418	29.2189	0	0	
463	43	0	0	0	-0	-0	0	-0	0	-0	0.00109579	18.2233	0	0	
397	343	0	0	0	0	0	0	-0	0	-0	0.00014229	26.6748	0	0	
183	135	0	0	0	0	-0	0	-0	-0	-0	0.000624849	19.7973	0	0	
126	69	0	0	0	0	0	-0	0	0	0	0.000337558	4.88895	0	0	
143	23	0	0	0	-0	0	0	0	0	0	0.000830638	48.2957	0	0	
208	199	0	0	0	0	-0	0	-0	0	0	0.000407105	25.8315	0	0	
378	181	0	0	0	-0	-0	0	0	-0	-0	7.05791e-05	7.54979	0	0	
271	99	0	0	0	-0	-0	-0	-0	0	-0	0.000107969	5.49679	0	0	
229	118	0	0	0	0	0	0	0	-0	0	0.000310321	7.76716	0	0	
504	108	0	0	0	0	-0	0	0	0	0	0.000585245	14.5581	0	0	
367	168	0	0	0	0	-0	-0	-0	0	-0	3.61839e-05	7.36864	0	0	
132	44	0	0	0	-0	0	-0	0	-0	-0	0.000594258	28.6131	0	0	
22	0	0	0	0	-0	0	-0	0	0	-0	0.00156277	47.0116	0	0	
569	293	0	0	0	-0	-0	0	-0	-0	-0	0.000234584	23.5229	0	0	
177	128	0	0	0	-0	0	0	-0	-0	-0	0.000168177	33.3551	0	0	
293	11	0	0	0	0	0	0	0	0	-0	0.00014843	23.8892	0	0	
553	258	0	0	0	-0	0	-0	-0	-0	0	5.22609e-05	16.9835	0	0	
456	170	0	0	0	-0	-0	0	0	0	0	1.24475e-05	5.69605	0	0	
110	46	0	0	0	0	-0	0	-0	-0	0	0.000152532	20.7695	0	0	
110	106	0	0	0	-0	-0	0	0	0	0	0.000118513	21.2888	0	0	
49	8	0	0	0	0	-0	0	0	0	-0	0.00229086	49.9019	0	0	
495	366	0	0	0	0	0	-0	0	0	0	7.46142e-05	31.9663	0	0	
151	106	0	0	0	-0	-0	0	0	0	0	0.000256991	16.4582	0	0	
466	134	0	0	0	0	0	-0	0	-0	0	1.47331e-05	13.4149	0	0	
129	120	0	0	0	-0	-0	0	0	-0	0	0.000155427	12.634	0	0	
329	121	0	0	0	-0	0	0	0	0	-0	0.000351239	33.9509	0	0	
287	103	0	0	0	0	0	0	0	-0	-0	0.000125061	8.15764	0	0	
449	443	0	0	0	-0	0	0	0	-0	0	7.94298e-05	38.5923	0	0	
553	17	0	0	0	-0	-0	-0	-0	0	0	4.00577e-05	8.47162	0	0	
161	94	0	0	0	-0	-0	0	0	-0	-0	0.000516952	42.5574	0	0	
287	61	0	0	0	-0	-0	-0	-0	-0	0	0.000113361	16.0516	0	0	
234	67	0	0	0	-0	0	0	-0	-0	-0	0.00011311	41.1766	0	0	
122	74	0	0	0	0	0	0	-0	-0	0	0.000280703	15.17	0	0	
219	118	0	0	0	0	-0	-0	0	0	0	0.000148458	12.324	0	0	
79	35	0	0	0	0	-0	-0	-0	-0	0	0.000291764	42.972	0	0	
514	480	0	0	0	0	-0	0	-0	0	0	0.000680563	19.0526	0	0	
316	44	0	0	0	-0	-0	-0	-0	0	0	0.000773166	26.1797	0	0	
93	45	0	0	0	-0	-0	-0	0	0	-0	0.000382119	6.25157	0	0	
322	303	0	0	0	-0	0	0	0	0	0	0.00032062	25.8838	0	0	
297	155	0	0	0	0	0	0	0	0	-0	0.000653663	36.3622	0	0	
148	59	0	0	0	-0	0	0	0	-0	0	0.000371085	12.803	0	0	
166	26	0	0	0	-0	0	-0	-0	-0	-0	0.000600922	41.0337	0	0	
432	5	0	0	0	-0	-0	0	0	-0	0	0.000533911	23.7101	0	0	
569	170	0	0	0	0	0	0	-0	-0	0	9.62173e-05	21.2022	0	0	
212	22	0	0	0	0	-0	0	-0	-0	0	4.8949e-05	7.06472	0	0	
542	426	0	0	0	0	-0	0	0	0	0	1.37914e-05	5.8289	0	0	
282	24	0	0	0	-0	-0	0	0	0	0	0.000111165	14.1918	0	0	
83	69	0	0	0	-0	0	0	0	0	0	0.00077044	39.2625	0	0	
599	174	0	0	0	0	-0	-0	-0	0	-0	0.000140526	16.0073	0	0	
264	148	0	0	0	0	0	-0	0	0	0	0.000611838	29.1525	0	0	
485	88	0	0	0	-0	0	0	-0	-0	-0	2.5215e-05	4.30726	0	0	
180	29	0	0	0	0	0	-0	-0	0	0	0.000386418	12.8594	0	0	
143	5	0	0	0	0	0	-0	0	0	0	0.00028886	35.5913	0	0	
382	316	0	0	0	0	-0	0	0	0	0	0.000494804	20.5903	0	0	
195	92	0	0	0	-0	0	-0	-0	-0	-0	3.08759e-05	9.95703	0	0	
68	46	0	0	0	0	0	-0	-0	0	0	0.00043885	34.289	0	0	
584	110	0	0	0	0	-0	0	-0	-0	-0	2.88608e-05	6.89162	0	0	
144	35	0	0	0	-0	-0	-0	0	-0	-0	0.000397657	26.4816	0	0	
273	69	0	0	0	-0	0	-0	0	0	-0	0.000218954	35.0841	0	0	
406	63	0	0	0	-0	0	0	0	-0	0	0.000241794	18.8312	0	0	
549	14	0	0	0	0	-0	-0	-0	0	-0	0.000131677	4.23078	0	0	
297	115	0	0	0	-0	0	-0	0	-0	-0	0.000208081	7.31832	0	0	
76	6	0	0	0	-0	-0	-0	0	-0	0	0.000131554	47.8106	0	0	
380	156	0	0	0	-0	0	0	0	0	-0	0.000611905	37.916	0	0	
295	7	0	0	0	-0	0	0	0	0	-0	3.73851e-05	5.28948	0	0	
414	40	0	0	0	0	0	-0	-0	-0	-0	0.00041979	38.0428	0	0	
33	15	0	0	0	-0	-0	0	-0	-0	-0	0.000389632	5.71216	0	0	
384	345	0	0	0	-0	-0	-0	0	0	-0	1.65977e-05	24.5313	0	0	
144	84	0	0	0	0	-0	-0	0	0	-0	0.000686592	18.0643	0	0	
250	163	0	0	0	0	-0	0	0	-0	-0	0.000316066	22.0315	0	0	
191	170	0	0	0	-0	0	-0	-0	-0	0	0.00138304	23.3116	0	0	
519	353	0	0	0	0	0	-0	-0	0	-0	5.20232e-05	11.7061	0	0	
234	90	0	0	0	-0	-0	-0	0	-0	-0	8.99192e-05	41.1384	0	0	
151	138	0	0	0	-0	0	0	0	0	-0	0.000178621	17.2331	0	0	
504	303	0	0	0	0	0	0	0	0	-0	0.000762916	7.23983	0	0	
198	108	0	0	0	0	0	-0	0	-0	-0	0.000272385	8.34683	0	0	
416	232	0	0	0	0	-0	0	0	0	0	0.000188486	28.4923	0	0	
563	161	0	0	0	0	-0	-0	0	0	0	0.000199186	6.29183	0	0	
279	228	0	0	0	-0	-0	-0	0	-0	-0	2.8412e-05	14.9084	0	0	
318	80	0	0	0	0	-0	0	0	-0	-0	7.37356e-05	5.19086	0	0	
513	256	0	0	0	-0	-0	-0	0	-0	0	7.53316e-06	3.13585	0	0	
463	10	0	0	0	0	0	-0	-0	-0	-0	0.00110853	18.3018	0	0	
416	195	0	0	0	0	-0	-0	0	0	0	0.00050424	28.6574	0	0	
289	28	0	0	0	0	-0	0	0	0	-0	8.10419e-05	37.1632	0	0	
68	12	0	0	0	0	0	-0	0	0	0	0.000597237	38.4373	0	0	
476	188	0	0	0	0	-0	0	-0	-0	-0	3.25886e-05	7.76314	0	0	
17	0	0	0	0	0	0	0	0	-0	-0	0.000849324	33.176	0	0	
475	461	0	0	0	-0	-0	-0	-0	0	0	0.00021972	16.4099	0	0	
320	74	0	0	0	0	0	-0	-0	0	0	0.000291293	14.4877	0	0	
228	102	0	0	0	-0	-0	0	0	-0	0	3.77192e-05	6.17911	0	0	
317	73	0	0	0	0	0	0	0	-0	-0	3.98951e-05	17.531	0	0	
236	76	0	0	0	0	-0	0	-0	-0	0	1.0788e-05	5.74235	0	0	
469	147	0	0	0	0	0	-0	-0	-0	-0	0.000290343	30.3038	0	0	
468	58	0	0	0	0	-0	0	-0	0	0	1.50155e-05	8.47967	0	0	
152	24	0	0	0	-0	-0	-0	-0	0	-0	0.00162059	47.3759	0	0	
180	39	0	0	0	-0	-0	0	0	0	0	0.00127992	32.0529	0	0	
158	89	0	0	0	-0	-0	-0	0	0	-0	0.00110658	40.2065	0	0	
158	52	0	0	0	0	0	-0	0	-0	-0	0.00049362	23.7302	0	0	
446	63	0	0	0	0	0	-0	0	-0	0	3.7981e-05	6.02011	0	0	
409	326	0	0	0	-0	0	0	-0	-0	-0	0.000110317	18.1509	0	0	
463	7	0	0	0	-0	0	-0	-0	-0	0	0.000520856	19.0667	0	0	
588	351	0	0	0	-0	0	-0	0	-0	-0	9.43987e-05	28.6936	0	0	
590	273	0	0	0	-0	0	0	0	0	0	0.000446111	22.5306	0	0	
434	83	0	0	0	0	0	0	0	-0	-0	0.000152388	33.2968	0	0	
80	67	0	0	0	-0	-0	-0	-0	-0	0	0.00081875	34.2206	0	0	
500	93	0	0	0	-0	0	-0	-0	0	0	0.000547785	24.2575	0	0	
72	2	0	0	0	-0	-0	0	0	-0	0	0.000335857	41.1545	0	0	
134	79	0	0	0	-0	0	-0	-0	0	0	0.000534145	33.2867	0	0	
361	315	0	0	0	0	-0	-0	0	0	0	0.000138751	22.8869	0	0	
281	18	0	0	0	-0	-0	-0	0	-0	-0	0.000100783	15.957	0	0	
101	18	0	0	0	-0	-0	0	-0	0	-0	0.00101404	34.8586	0	0	
271	0	0	0	0	0	0	-0	-0	-0	-0	0.000908704	30.2213	0	0	
384	41	0	0	0	-0	0	-0	0	0	-0	0.000218505	12.9721	0	0	
446	61	0	0	0	0	-0	0	-0	0	0	1.7342e-05	15.9973	0	0	
66	57	0	0	0	-0	-0	-0	0	-0	-0	0.000206755	16.6635	0	0	
343	37	0	0	0	0	-0	-0	-0	-0	0	1.46195e-05	5.71216	0	0	
66	29	0	0	0	0	-0	0	0	0	-0	0.000435798	32.4615	0	0	
395	29	0	0	0	0	-0	-0	0	0	0	1.67081e-05	11.8711	0	0	
237	148	0	0	0	-0	0	0	0	0	0	7.00698e-05	12.4669	0	0	
310	19	0	0	0	-0	-0	-0	-0	0	-0	0.000204619	16.0516	0	0	
517	488	0	0	0	0	0	-0	0	-0	-0	0.000114924	7.06069	0	0	
402	145	0	0	0	0	0	0	-0	-0	0	0.00026877	37.5859	0	0	
82	28	0	0	0	0	0	-0	0	-0	0	0.000546971	41.6577	0	0	
165	118	0	0	0	0	0	-0	0	0	0	0.000404888	27.4638	0	0	
180	115	0	0	0	0	0	-0	0	0	0	0.00174275	40.7338	0	0	
535	367	0	0	0	0	-0	0	0	0	0	6.17077e-05	10.9191	0	0	
440	417	0	0	0	0	-0	-0	0	-0	0	8.25566e-06	7.17139	0	0	
308	259	0	0	0	-0	0	0	0	0	0	0.00013284	10.8909	0	0	
447	82	0	0	0	0	0	-0	0	-0	-0	0.000623514	34.2568	0	0	
185	9	0	0	0	-0	0	0	0	0	0	0.00222733	9.96105	0	0	
138	107	0	0	0	0	-0	0	0	-0	-0	0.00033729	15.7477	0	0	
202	124	0	0	0	0	-0	0	-0	0	0	0.000953445	11.8973	0	0	
352	319	0	0	0	0	-0	-0	0	0	0	8.46122e-05	18.3401	0	0	
584	16	0	0	0	0	-0	-0	-0	-0	-0	3.95921e-05	19.5336	0	0	
319	4	0	0	0	0	0	-0	-0	0	-0	2.19699e-05	9.51422	0	0	
564	336	0	0	0	-0	0	0	-0	-0	0	2.3838e-05	24.7889	0	0	
133	59	0	0	0	-0	0	-0	-0	-0	-0	0.00138213	32.4373	0	0	
544	8	0	0	0	0	-0	0	0	0	0	1.08042e-05	6.88156	0	0	
158	111	0	0	0	-0	0	-0	0	0	-0	0.000479924	39.3269	0	0	
189	101	0	0	0	0	-0	0	0	0	0	0.000364434	38.7875	0	0	
182	178	0	0	0	0	0	0	-0	0	0	0.000357226	27.4357	0	0	
572	144	0	0	0	-0	-0	0	-0	0	-0	6.9311e-05	13.8376	0	0	
291	121	0	0	0	-0	-0	-0	-0	0	-0	4.5486e-05	7.37267	0	0	
348	26	0	0	0	-0	-0	0	0	-0	0	0.000432026	19.3867	0	0	
522	368	0	0	0	-0	0	-0	0	-0	-0	7.79446e-05	18.4005	0	0	
194	112	0	0	0	0	0	-0	-0	0	0	0.000682226	33.5645	0	0	
186	130	0	0	0	0	0	-0	-0	0	0	0.000148867	20.6467	0	0	
380	224	0	0	0	0	0	0	0	-0	-0	0.00058432	34.9009	0	0	
70	29	0	0	0	0	0	-0	0	-0	-0	0.000631045	16.6232	0	0	
314	209	0	0	0	0	0	-0	-0	0	0	8.47724e-05	34.917	0	0	
457	6	0	0	0	0	0	0	0	-0	0	2.44149e-05	14.7172	0	0	
434	45	0	0	0	0	-0	-0	0	-0	0	4.45994e-05	3.28278	0	0	
566	168	0	0	0	0	0	-0	0	0	0	5.29899e-05	20.8782	0	0	
388	55	0	0	0	-0	-0	0	0	0	0	0.00015231	12.1107	0	0	
585	17	0	0	0	0	-0	-0	0	0	-0	0.000671618	18.4709	0	0	
222	191	0	0	0	-0	-0	-0	-0	0	0	0.00167643	35.9818	0	0	
505	85	0	0	0	-0	-0	-0	0	-0	0	0.000325557	4.62326	0	0	
433	8	0	0	0	0	0	0	0	-0	-0	5.65447e-05	19.431	0	0	
205	63	0	0	0	-0	0	0	-0	-0	0	0.000178689	31.3484	0	0	
194	16	0	0	0	-0	0	0	0	0	-0	0.000237768	45.1538	0	0	
171	60	0	0	0	-0	0	0	0	-0	0	0.0016224	43.4973	0	0	
300	12	0	0	0	-0	0	-0	0	0	0	0.000110784	14.1878	0	0	
567	517	0	0	0	-0	-0	0	-0	-0	-0	0.000138617	9.79198	0	0	
340	318	0	0	0	-0	0	-0	-0	0	0	8.42097e-05	0.523312	0	0	
366	67	0	0	0	-0	0	0	-0	-0	-0	5.97241e-05	33.4538	0	0	
95	12	0	0	0	0	0	0	0	0	-0	7.59497e-05	37.133	0	0	
518	139	0	0	0	0	-0	0	0	0	-0	9.71786e-06	3.26668	0	0	
523	24	0	0	0	0	0	0	-0	0	0	0.00044023	33.6228	0	0	
160	102	0	0	0	-0	-0	0	0	-0	-0	0.000187194	21.2706	0	0	
526	52	0	0	0	-0	-0	-0	0	-0	-0	5.23017e-05	22.4038	0	0	
85	50	0	0	0	0	-0	0	-0	0	0	0.000484399	29.8832	0	0	
304	50	0	0	0	-0	-0	0	0	0	0	0.000321455	30.9821	0	0	
576	178	0	0	0	0	0	-0	-0	0	0	5.54063e-05	16.2368	0	0	
430	53	0	0	0	-0	-0	0	-0	0	0	3.87147e-05	8.02278	0	0	
566	367	0	0	0	-0	0	-0	0	0	-0	3.55614e-05	18.3139	0	0	
494	198	0	0	0	-0	0	0	0	0	0	3.24079e-05	8.00869	0	0	
265	164	0	0	0	-0	-0	0	0	0	0	0.000796758	29.1284	0	0	
353	99	0	0	0	0	0	0	-0	0	0	4.7831e-05	7.22976	0	0	
515	472	0	0	0	-0	0	0	-0	0	-0	0.000316308	32.3286	0	0	
280	161	0	0	0	0	0	0	-0	-0	0	2.70604e-05	3.35926	0	0	
359	162	0	0	0	-0	0	0	-0	-0	0	0.00019652	14.9849	0	0	
315	229	0	0	0	-0	0	0	-0	0	-0	0.000194952	9.14589	0	0	
430	37	0	0	0	-0	0	0	-0	-0	0	1.78409e-05	4.83661	0	0	
90	80	0	0	0	0	-0	-0	-0	-0	0	0.000270097	12.1771	0	0	
107	33	0	0	0	-0	0	0	0	0	-0	0.00025056	32.9667	0	0	
95	57	0	0	0	0	0	-0	0	-0	-0	7.79696e-05	23.6115	0	0	
442	158	0	0	0	-0	-0	0	-0	0	-0	0.000832754	22.1039	0	0	
503	171	0	0	0	-0	-0	-0	-0	0	-0	8.20566e-07	0.245554	0	0	
147	10	0	0	0	-0	0	-0	-0	-0	0	0.000526742	44.6224	0	0	
414	396	0	0	0	0	-0	-0	0	0	-0	0.000109946	24.1368	0	0	
438	69	0	0	0	0	0	-0	0	0	0	7.37441e-05	21.0452	0	0	
325	147	0	0	0	0	-0	-0	0	-0	0	0.00233473	31.1753	0	0	
568	113	0	0	0	0	-0	-0	0	0	0	0.000939792	22.9291	0	0	
553	379	0	0	0	-0	0	0	-0	-0	-0	3.92287e-05	16.6574	0	0	
64	53	0	0	0	0	-0	0	0	0	0	0.00191965	27.0714	0	0	
529	165	0	0	0	0	-0	0	-0	-0	-0	0.00143674	25.0526	0	0	
568	27	0	0	0	-0	-0	0	0	0	0	0.00118244	27.3692	0	0	
190	118	0	0	0	0	0	-0	0	0	0	0.000808009	18.0724	0	0	
62	15	0	0	0	-0	0	-0	-0	0	0	0.000722719	36.2494	0	0	
397	51	0	0	0	-0	0	-0	-0	-0	0	3.22658e-05	15.9248	0	0	
374	1	0	0	0	0	0	-0	-0	-0	-0	0.000526884	39.6409	0	0	
324	34	0	0	0	0	0	0	-0	0	-0	6.06592e-05	21.0855	0	0	
259	190	0	0	0	-0	-0	-0	-0	-0	0	0.000470357	18.3904	0	0	
55	18	0	0	0	-0	-0	-0	-0	0	0	0.000683944	24.3924	0	0	
344	71	0	0	0	0	0	-0	0	0	0	0.000786687	8.03083	0	0	
55	22	0	0	0	-0	-0	-0	0	-0	0	0.000588982	24.7627	0	0	
392	54	0	0	0	-0	0	-0	0	0	-0	0.00142195	29.1807	0	0	
571	113	0	0	0	0	-0	-0	-0	-0	0	0.00019666	21.9811	0	0	
392	371	0	0	0	0	0	-0	-0	0	-0	0.000783008	29.1727	0	0	
420	173	0	0	0	0	-0	0	0	0	-0	0.000386797	17.6497	0	0	
598	235	0	0	0	0	-0	-0	0	-0	0	9.32082e-05	17.1224	0	0	
526	199	0	0	0	-0	-0	-0	0	-0	0	4.2913e-05	22.2871	0	0	
288	115	0	0	0	-0	-0	0	0	0	0	0.00125026	38.9687	0	0	
140	13	0	0	0	0	0	0	-0	-0	0	9.92493e-05	32.8218	0	0	
473	55	0	0	0	-0	0	0	-0	0	-0	3.40872e-05	6.56355	0	0	
319	237	0	0	0	0	-0	-0	-0	0	-0	6.71246e-05	17.9536	0	0	
244	18	0	0	0	-0	0	-0	0	0	0	0.000102813	7.81144	0	0	
167	49	0	0	0	0	-0	-0	0	0	0	0.000213432	20.4172	0	0	
136	2	0	0	0	0	0	0	-0	-0	0	0.00192698	40.8949	0	0	
245	154	0	0	0	-0	0	-0	-0	0	0	0.000309712	28.1602	0	0	
269	136	0	0	0	0	-0	-0	0	0	0	0.000392701	8.35891	0	0	
267	46	0	0	0	-0	0	0	-0	0	-0	0.000445688	25.8899	0	0	
591	185	0	0	0	-0	-0	0	-0	-0	-0	2.59739e-05	7.9946	0	0	
522	68	0	0	0	0	0	0	0	0	-0	0.00018582	21.7517	0	0	
255	81	0	0	0	0	0	0	0	-0	0	9.70798e-05	6.98823	0	0	
528	507	0	0	0	0	0	-0	-0	-0	-0	7.03524e-05	6.79099	0	0	
551	30	0	0	0	-0	-0	0	0	0	0	0.000421863	25.0687	0	0	
289	188	0	0	0	0	0	0	0	-0	-0	0.000116377	35.2733	0	0	
170	159	0	0	0	0	-0	-0	-0	0	-0	7.07799e-05	42.964	0	0	
398	131	0	0	0	-0	-0	0	-0	0	0	8.97347e-05	3.45587	0	0	
434	231	0	0	0	0	-0	0	-0	-0	0	9.25204e-05	8.98688	0	0	
390	348	0	0	0	0	0	-0	-0	0	0	0.000582066	27.1136	0	0	
69	50	0	0	0	-0	-0	-0	-0	0	0	0.000474271	41.4463	0	0	
395	368	0	0	0	0	-0	0	-0	-0	-0	4.01892e-05	17.4786	0	0	
251	30	0	0	0	0	-0	0	0	0	0	0.000121982	12.318	0	0	
313	185	0	0	0	-0	-0	0	-0	0	-0	0.000639422	36.0381	0	0	
225	69	0	0	0	-0	0	-0	-0	-0	-0	0.000218271	25.8255	0	0	
183	38	0	0	0	0	-0	-0	-0	-0	0	0.00142999	27.5423	0	0	
492	184	0	0	0	0	0	0	-0	-0	0	3.85212e-05	3.8866	0	0	
358	294	0	0	0	-0	-0	-0	0	-0	0	0.000142053	27.5403	0	0	
174	68	0	0	0	0	-0	0	-0	0	0	0.00172304	13.115	0	0	
352	269	0	0	0	-0	-0	0	0	0	0	0.000246856	6.24755	0	0	
574	2	0	0	0	0	-0	0	-0	0	0	2.38062e-05	5.20495	0	0	
43	3	0	0	0	-0	0	-0	0	-0	-0	0.000680598	35.6295	0	0	
93	83	0	0	0	-0	0	-0	-0	-0	0	0.000480948	16.4219	0	0	
288	189	0	0	0	0	0	0	-0	-0	0	0.000600345	38.7452	0	0	
501	209	0	0	0	-0	-0	-0	-0	0	0	0.000233748	7.64841	0	0	
148	16	0	0	0	-0	0	-0	0	0	-0	0.000358512	44.4614	0	0	
531	176	0	0	0	0	0	0	0	-0	0	7.76344e-05	35.7765	0	0	
574	289	0	0	0	-0	0	0	0	0	0	1.14273e-05	5.77858	0	0	
513	165	0	0	0	0	-0	0	-0	-0	-0	1.18436e-05	4.18851	0	0	
372	17	0	0	0	0	0	-0	-0	0	0	0.000146035	7.64237	0	0	
151	108	0	0	0	-0	0	0	0	0	-0	0.000398039	31.1411	0	0	
131	7	0	0	0	-0	0	-0	-0	-0	-0	0.000545962	19.0123	0	0	
141	50	0	0	0	-0	-0	-0	0	0	-0	0.00085745	37.7892	0	0	
322	318	0	0	0	0	0	-0	0	-0	0	0.000285784	7.30222	0	0	
234	22	0	0	0	-0	-0	0	0	-0	-0	9.07546e-05	41.2672	0	0	
271	103	0	0	0	0	0	-0	-0	-0	-0	0.000790273	8.65277	0	0	
300	83	0	0	0	0	0	-0	-0	0	-0	0.000423152	19.9986	0	0	
326	155	0	0	0	-0	0	0	0	0	-0	0.000143914	20.4052	0	0	
263	125	0	0	0	-0	0	0	0	0	0	0.00013458	36.8573	0	0	
494	141	0	0	0	0	-0	0	-0	0	0	2.29998e-05	31.3907	0	0	
429	159	0	0	0	0	0	-0	-0	0	0	0.000398744	34.7781	0	0	
222	134	0	0	0	-0	0	0	-0	-0	0	0.000927359	41.7784	0	0	
345	150	0	0	0	-0	-0	0	-0	-0	-0	9.20324e-06	3.86245	0	0	
172	61	0	0	0	-0	-0	0	-0	0	-0	3.88711e-05	4.61924	0	0	
390	325	0	0	0	-0	-0	-0	-0	0	0	0.000192938	8.14556	0	0	
374	154	0	0	0	-0	-0	-0	0	0	-0	0.00120604	31.5135	0	0	
98	8	0	0	0	0	0	0	0	0	-0	0.00168163	39.0029	0	0	
81	71	0	0	0	0	0	0	0	0	-0	0.00070816	17.5632	0	0	
585	66	0	0	0	0	-0	0	0	0	-0	0.000492735	15.6913	0	0	
489	168	0	0	0	-0	-0	0	0	-0	-0	0.000141412	43.9361	0	0	
308	172	0	0	0	0	-0	0	-0	0	0	0.00051116	28.9573	0	0	
462	429	0	0	0	-0	-0	-0	0	-0	-0	0.000149221	10.2589	0	0	
454	119	0	0	0	0	-0	0	0	-0	-0	0.000334577	8.37702	0	0	
522	70	0	0	0	0	0	0	-0	0	-0	0.00021419	21.8584	0	0	
442	181	0	0	0	-0	-0	0	-0	-0	-0	0.000420523	15.9731	0	0	
290	75	0	0	0	0	-0	-0	-0	0	-0	0.000117121	36.1669	0	0	
190	87	0	0	0	-0	-0	0	-0	0	-0	0.0002485	20.2441	0	0	
488	16	0	0	0	0	0	-0	-0	0	-0	9.41149e-05	6.26969	0	0	
523	49	0	0	0	0	0	0	-0	-0	0	0.000233689	32.3226	0	0	
198	141	0	0	0	0	-0	0	-0	0	0	0.00132969	16.7923	0	0	
425	192	0	0	0	-0	0	-0	-0	-0	0	1.29731e-05	5.27137	0	0	
87	76	0	0	0	0	-0	-0	0	-0	0	0.000244608	5.42836	0	0	
477	322	0	0	0	-0	-0	0	-0	0	-0	0.000510134	19.6645	0	0	
343	195	0	0	0	-0	-0	0	0	-0	-0	0.00010057	24.6963	0	0	
559	64	0	0	0	-0	0	-0	-0	-0	-0	0.000406508	22.7862	0	0	
79	77	0	0	0	-0	-0	0	-0	0	0	0.000147178	18.2435	0	0	
178	42	0	0	0	0	-0	0	-0	-0	0	0.000752232	24.6883	0	0	
324	214	0	0	0	-0	0	-0	-0	-0	0	4.50742e-05	20.8842	0	0	
88	13	0	0	0	0	-0	-0	0	0	0	0.000992602	21.1096	0	0	
339	153	0	0	0	-0	0	0	-0	-0	0	0.000488945	33.7718	0	0	
326	32	0	0	0	0	0	0	0	0	-0	8.30766e-05	16.1764	0	0	
364	156	0	0	0	0	-0	-0	0	0	0	0.000323695	8.21802	0	0	
222	154	0	0	0	-0	-0	-0	-0	0	0	0.00135618	26.544	0	0	
416	117	0	0	0	0	0	-0	0	-0	0	0.00145199	22.8184	0	0	
507	188	0	0	0	-0	-0	-0	-0	-0	0	0.000105775	24.2274	0	0	
167	143	0	0	0	-0	-0	0	-0	-0	-0	0.000235193	34.1763	0	0	
332	58	0	0	0	-0	-0	0	-0	0	0	3.00843e-05	18.4005	0	0	
144	136	0	0	0	-0	-0	0	-0	-0	-0	0.00206046	41.2994	0	0	
153	1	0	0	0	-0	0	-0	0	0	0	0.000999182	12.1227	0	0	
368	174	0	0	0	0	0	-0	-0	-0	-0	5.9257e-05	22.8828	0	0	
141	133	0	0	0	0	0	-0	-0	-0	-0	0.00207002	34.6976	0	0	
187	15	0	0	0	0	-0	-0	-0	0	-0	0.00038484	41.3638	0	0	
77	14	0	0	0	-0	0	-0	0	-0	-0	0.000568569	16.0697	0	0	
457	11	0	0	0	0	-0	-0	0	-0	0	8.84715e-05	9.05934	0	0	
425	17	0	0	0	0	-0	-0	-0	-0	0	5.15734e-05	5.71216	0	0	
136	77	0	0	0	-0	0	-0	0	0	-0	0.000808237	25.113	0	0	
567	197	0	0	0	-0	-0	-0	-0	-0	0	0.000498516	23.4444	0	0	
64	38	0	0	0	0	-0	0	-0	0	0	0.00108705	39.335	0	0	
155	84	0	0	0	-0	-0	-0	0	-0	-0	0.000767084	30.6138	0	0	
407	30	0	0	0	0	0	0	-0	-0	0	0.00011401	11.6075	0	0	
586	466	0	0	0	-0	0	-0	0	-0	-0	1.16133e-05	4.74	0	0	
171	107	0	0	0	0	0	-0	0	-0	0	0.000598995	42.1347	0	0	
381	95	0	0	0	-0	-0	0	-0	0	0	2.26214e-05	8.14153	0	0	
344	7	0	0	0	0	-0	-0	0	0	0	0.000579804	7.67257	0	0	
127	37	0	0	0	-0	-0	0	0	-0	-0	0.000483275	12.0583	0	0	
108	50	0	0	0	-0	0	0	0	-0	0	0.000353143	30.1106	0	0	
338	282	0	0	0	0	0	0	-0	0	-0	0.000878272	32.8741	0	0	
406	203	0	0	0	0	-0	0	-0	0	0	0.000110676	20.5662	0	0	
535	95	0	0	0	-0	0	0	0	-0	0	0.000118391	16.7057	0	0	
495	337	0	0	0	-0	-0	-0	0	-0	0	7.72445e-05	29.4122	0	0	
144	53	0	0	0	-0	0	-0	-0	-0	-0	0.00152392	22.8788	0	0	
120	21	0	0	0	-0	0	-0	-0	0	0	0.000754001	19.4894	0	0	
170	24	0	0	0	-0	-0	-0	0	0	-0	0.00118012	42.0582	0	0	
504	151	0	0	0	0	0	-0	0	0	0	0.000132517	17.4283	0	0	
207	115	0	0	0	-0	-0	0	0	-0	0	3.84731e-05	2.98691	0	0	
145	62	0	0	0	0	-0	0	0	0	0	0.000506318	36.1649	0	0	
512	85	0	0	0	-0	-0	0	-0	-0	-0	3.02707e-05	8.8319	0	0	
30	28	0	0	0	-0	0	0	0	0	-0	0.00104483	36.9358	0	0	
422	378	0	0	0	0	0	-0	-0	0	0	2.34013e-05	5.39817	0	0	
571	110	0	0	0	0	0	0	-0	-0	0	3.69995e-05	30.4427	0	0	
323	52	0	0	0	-0	0	-0	-0	-0	0	7.59335e-06	4.19656	0	0	
274	136	0	0	0	-0	0	0	0	0	0	7.62572e-05	6.4609	0	0	
219	75	0	0	0	0	0	0	0	-0	-0	0.000328899	8.38105	0	0	
585	545	0	0	0	-0	0	-0	0	0	-0	0.000121291	14.9526	0	0	
159	123	0	0	0	-0	0	0	0	-0	0	0.000323817	40.438	0	0	
404	66	0	0	0	-0	0	-0	-0	0	0	0.000406826	25.431	0	0	
568	56	0	0	0	0	0	-0	0	0	0	0.00154711	29.5672	0	0	
475	98	0	0	0	0	-0	-0	-0	-0	-0	0.000264424	21.5967	0	0	
145	111	0	0	0	0	0	0	-0	0	-0	0.000598081	22.0355	0	0	
382	7	0	0	0	0	0	0	0	-0	0	0.000189331	20.2663	0	0	
109	21	0	0	0	-0	-0	-0	-0	0	0	0.00134108	40.4299	0	0	
428	44	0	0	0	-0	-0	0	-0	0	-0	0.000231878	11.7242	0	0	
281	25	0	0	0	0	0	-0	0	-0	0	0.000710673	11.2955	0	0	
191	132	0	0	0	-0	-0	0	0	-0	0	0.00158949	14.1757	0	0	
506	420	0	0	0	0	0	0	-0	0	0	3.93247e-05	12.5575	0	0	
504	60	0	0	0	-0	0	-0	0	0	0	0.000449432	15.0171	0	0	
571	125	0	0	0	-0	0	0	0	-0	0	0.000200781	32.234	0	0	
143	88	0	0	0	-0	0	0	0	0	0	0.000892506	34.0234	0	0	
273	248	0	0	0	-0	0	-0	0	0	0	3.94025e-06	6.33812	0	0	
538	209	0	0	0	0	0	0	-0	0	-0	0.000384473	25.1351	0	0	
433	375	0	0	0	-0	-0	-0	0	0	-0	1.90271e-05	11.2009	0	0	
234	27	0	0	0	0	-0	-0	-0	-0	0	5.52937e-05	10.746	0	0	
102	29	0	0	0	0	0	-0	0	-0	-0	0.000870326	34.1381	0	0	
396	230	0	0	0	0	-0	-0	-0	-0	-0	0.000762556	31.4974	0	0	
254	25	0	0	0	-0	0	-0	0	-0	-0	0.000303544	19.0405	0	0	
312	286	0	0	0	0	-0	-0	-0	-0	0	4.95115e-05	36.2857	0	0	
297	15	0	0	0	0	-0	-0	0	0	-0	0.00032928	36.499	0	0	
212	149	0	0	0	0	0	0	-0	0	0	1.23359e-05	5.16469	0	0	
522	57	0	0	0	0	-0	-0	0	0	-0	8.41606e-05	19.2317	0	0	
292	175	0	0	0	-0	-0	0	0	-0	-0	5.09691e-05	5.86311	0	0	
206	143	0	0	0	-0	0	-0	-0	-0	-0	2.28441e-05	5.04594	0	0	
480	80	0	0	0	-0	-0	0	0	-0	-0	0.00073463	19.274	0	0	
388	246	0	0	0	0	0	0	0	-0	-0	0.000151928	14.5904	0	0	
118	67	0	0	0	-0	0	-0	-0	-0	0	0.000299288	40.2025	0	0	
174	102	0	0	0	0	0	0	-0	0	0	0.000334378	19.6303	0	0	
388	18	0	0	0	0	-0	0	-0	0	0	6.2609e-06	14.5159	0	0	
462	411	0	0	0	-0	0	0	0	-0	0	0.000219689	11.9335	0	0	
448	156	0	0	0	0	0	0	-0	0	-0	0.0002772	14.1697	0	0	
595	192	0	0	0	-0	0	-0	0	0	0	0.000192262	28.8003	0	0	
156	128	0	0	0	-0	-0	-0	-0	-0	0	0.000183581	22.1281	0	0	
91	8	0	0	0	0	0	-0	0	0	0	0.000447127	37.1773	0	0	
508	61	0	0	0	-0	-0	0	0	-0	0	0.000259897	31.9824	0	0	
230	42	0	0	0	0	0	-0	-0	0	0	0.000753052	28.9835	0	0	
383	373	0	0	0	0	-0	-0	0	-0	0	1.64659e-06	0.964103	0	0	
506	175	0	0	0	-0	-0	0	-0	0	0	5.77865e-05	14.7151	0	0	
342	169	0	0	0	-0	-0	0	0	-0	-0	0.000237108	13.2116	0	0	
171	18	0	0	0	-0	0	0	0	-0	0	0.000969057	33.9247	0	0	
464	102	0	0	0	-0	0	0	0	-0	0	0.000289895	19.741	0	0	
86	67	0	0	0	-0	-0	0	-0	-0	-0	0.000424651	11.1385	0	0	
179	102	0	0	0	0	-0	-0	0	-0	0	0.000443211	28.285	0	0	
111	3	0	0	0	0	-0	0	0	0	0	0.000398006	39.1357	0	0	
350	123	0	0	0	0	-0	0	-0	0	0	3.29517e-05	8.99494	0	0	
372	0	0	0	0	0	0	0	0	0	-0	0.000145093	8.00869	0	0	
164	117	0	0	0	0	0	0	-0	0	-0	0.00165751	25.4068	0	0	
508	87	0	0	0	0	0	0	0	-0	0	0.000832807	31.3645	0	0	
500	37	0	0	0	-0	-0	-0	-0	0	-0	0.000206043	21.4578	0	0	
102	73	0	0	0	-0	0	0	0	-0	0	0.000487309	28.9835	0	0	
68	56	0	0	0	0	0	-0	0	-0	-0	0.00181749	39.9891	0	0	
226	144	0	0	0	-0	0	0	-0	-0	0	0.000766094	33.0472	0	0	
179	50	0	0	0	-0	0	0	0	0	0	0.000502421	29.8167	0	0	
590	169	0	0	0	-0	0	-0	0	0	0	0.000351875	31.119	0	0	
493	341	0	0	0	-0	-0	0	-0	-0	-0	1.30699e-05	8.82989	0	0	
344	43	0	0	0	0	0	0	0	-0	-0	6.71314e-05	5.47264	0	0	
263	92	0	0	0	-0	-0	0	-0	0	0	0.000113362	39.6148	0	0	
216	80	0	0	0	-0	0	0	-0	-0	0	0.000324832	22.7802	0	0	
338	49	0	0	0	-0	-0	-0	-0	0	0	0.00109361	34.1079	0	0	
162	55	0	0	0	-0	0	0	-0	0	-0	0.000379326	27.9791	0	0	
289	72	0	0	0	0	0	-0	0	-0	-0	9.7568e-05	32.2743	0	0	
402	308	0	0	0	0	-0	0	0	0	-0	0.000391008	31.0546	0	0	
569	24	0	0	0	0	-0	-0	0	-0	0	2.25675e-05	5.40823	0	0	
521	139	0	0	0	0	-0	-0	0	-0	0	0.000660577	15.6994	0	0	
244	138	0	0	0	-0	0	0	0	0	0	7.56362e-05	7.32436	0	0	
447	222	0	0	0	-0	-0	-0	0	-0	-0	0.000590237	35.1404	0	0	
229	181	0	0	0	0	0	0	0	-0	0	0.000193731	5.52497	0	0	
281	81	0	0	0	0	-0	0	0	-0	-0	0.000139769	14.6789	0	0	
481	14	0	0	0	-0	-0	0	0	0	0	7.83196e-05	4.23883	0	0	
133	39	0	0	0	-0	0	0	-0	-0	-0	0.0010295	31.6966	0	0	
34	23	0	0	0	0	0	0	-0	-0	0	0.000125801	14.3971	0	0	
509	23	0	0	0	-0	-0	-0	0	0	-0	0.000188015	23.6678	0	0	
477	138	0	0	0	0	0	-0	-0	0	-0	0.000612178	21.8121	0	0	
99	0	0	0	0	-0	-0	-0	-0	0	-0	0.000323454	8.97078	0	0	
210	53	0	0	0	-0	-0	-0	-0	0	0	7.24563e-05	6.56757	0	0	
187	33	0	0	0	-0	0	-0	0	0	-0	0.000251053	35.0217	0	0	
529	514	0	0	0	0	-0	0	0	0	-0	0.000844768	19.4229	0	0	
382	132	0	0	0	-0	0	0	0	-0	0	0.000612376	20.5481	0	0	
127	98	0	0	0	0	0	0	0	-0	-0	0.000875524	12.6742	0	0	
511	67	0	0	0	-0	-0	-0	-0	-0	0	1.2441e-05	8.44948	0	0	
155	112	0	0	0	-0	0	-0	0	-0	-0	0.000388586	17.8087	0	0	
410	264	0	0	0	0	-0	0	-0	-0	-0	0.000820502	26.0932	0	0	
91	52	0	0	0	0	-0	0	0	0	0	9.37797e-05	10.3918	0	0	
395	84	0	0	0	-0	0	0	-0	-0	0	3.95885e-05	12.8554	0	0	
274	4	0	0	0	-0	0	-0	-0	0	0	9.21592e-05	21.6168	0	0	
562	210	0	0	0	0	0	-0	0	0	0	3.59089e-05	8.98688	0	0	
410	38	0	0	0	0	0	0	-0	-0	0	0.000723753	37.6926	0	0	
161	142	0	0	0	0	0	-0	0	0	0	0.000280417	15.2606	0	0	
26	1	0	0	0	-0	0	0	-0	-0	-0	0.000505289	11.6799	0	0	
309	284	0	0	0	0	0	-0	-0	0	-0	6.98822e-06	6.08854	0	0	
152	7	0	0	0	-0	0	0	-0	-0	-0	0.000867804	14.4978	0	0	
292	288	0	0	0	0	-0	-0	-0	-0	-0	0.000148637	13.7873	0	0	
311	47	0	0	0	0	0	0	-0	0	0	0.000362541	20.0831	0	0	
98	42	0	0	0	0	-0	-0	-0	0	-0	0.000874489	39.5564	0	0	
437	93	0	0	0	-0	0	0	0	-0	0	0.000139545	28.1703	0	0	
595	301	0	0	0	-0	-0	0	-0	-0	-0	0.000167179	16.903	0	0	
231	209	0	0	0	-0	0	-0	0	0	-0	0.000145408	27.2384	0	0	
304	126	0	0	0	0	0	-0	0	0	0	0.000278497	31.1592	0	0	
445	5	0	0	0	-0	0	-0	-0	-0	-0	0.000186564	12.799	0	0	
429	167	0	0	0	-0	0	-0	0	0	-0	0.000310613	35.6758	0	0	
303	80	0	0	0	-0	-0	-0	0	-0	-0	0.000579512	7.3304	0	0	
153	82	0	0	0	-0	0	-0	0	0	-0	0.000999732	29.7423	0	0	
348	166	0	0	0	0	-0	0	-0	0	0	0.000540253	19.0264	0	0	
180	70	0	0	0	0	0	0	-0	0	-0	0.000517106	15.164	0	0	
155	70	0	0	0	0	-0	0	0	-0	-0	0.000498814	35.2934	0	0	
454	156	0	0	0	0	-0	0	0	-0	-0	0.000528231	8.84801	0	0	
33	16	0	0	0	-0	-0	0	-0	0	-0	0.000319486	5.27137	0	0	
351	54	0	0	0	-0	0	0	-0	-0	-0	0.000268252	32.8218	0	0	
447	154	0	0	0	0	0	-0	-0	-0	-0	0.000420426	28.0757	0	0	
60	43	0	0	0	-0	0	-0	0	0	0	0.00129171	36.5493	0	0	
538	505	0	0	0	0	0	0	-0	0	0	0.000380129	9.99325	0	0	
443	31	0	0	0	-0	-0	-0	0	0	-0	0.000174252	36.2515	0	0	
210	178	0	0	0	-0	-0	0	0	-0	-0	0.000109873	27.335	0	0	
322	80	0	0	0	0	-0	0	0	0	-0	0.00022057	5.81481	0	0	
124	72	0	0	0	-0	0	0	0	-0	0	0.000870629	30.2978	0	0	
489	74	0	0	0	0	-0	0	-0	-0	0	0.00069417	5.42635	0	0	
261	82	0	0	0	-0	0	0	-0	-0	-0	0.000150548	24.1831	0	0	
330	90	0	0	0	0	0	0	-0	0	-0	0.000260014	33.182	0	0	
370	77	0	0	0	0	0	0	0	-0	0	0.000279138	21.8966	0	0	
371	257	0	0	0	-0	0	-0	-0	-0	-0	0.000840307	29.229	0	0	
54	20	0	0	0	0	-0	0	-0	-0	0	0.0014668	30.8392	0	0	
342	223	0	0	0	-0	-0	0	0	-0	0	7.47581e-05	8.55012	0	0	
203	25	0	0	0	-0	-0	-0	-0	0	-0	0.00026382	23.8067	0	0	
288	104	0	0	0	0	0	0	-0	-0	0	0.00124973	34.4259	0	0	
251	97	0	0	0	0	-0	0	-0	-0	-0	0.000248269	19.745	0	0	
464	73	0	0	0	-0	-0	0	0	-0	0	0.000181207	5.64775	0	0	
550	297	0	0	0	-0	0	-0	-0	-0	0	0.000112754	6.18112	0	0	
596	21	0	0	0	-0	-0	-0	-0	0	0	0.0020963	25.8536	0	0	
412	41	0	0	0	-0	-0	0	-0	-0	-0	7.51303e-05	15.4176	0	0	
410	137	0	0	0	-0	-0	0	0	0	0	0.000980571	37.3887	0	0	
364	182	0	0	0	-0	-0	0	0	0	0	1.04823e-05	6.89565	0	0	
445	431	0	0	0	0	0	0	-0	0	-0	8.2407e-05	12.4367	0	0	
393	200	0	0	0	-0	-0	-0	0	-0	0	1.04314e-05	5.61353	0	0	
180	155	0	0	0	-0	0	0	0	-0	0	0.000419955	15.0452	0	0	
429	128	0	0	0	-0	0	0	0	0	-0	0.000218084	32.7131	0	0	
328	51	0	0	0	-0	-0	-0	-0	0	0	0.00042244	22.4239	0	0	
278	149	0	0	0	0	0	0	0	-0	0	0.000141779	10.9111	0	0	
227	69	0	0	0	-0	0	-0	-0	-0	0	0.00030434	21.0674	0	0	
304	117	0	0	0	0	-0	0	-0	0	0	0.000284826	29.3296	0	0	
461	226	0	0	0	0	0	0	0	0	-0	0.00032985	23.3458	0	0	
428	170	0	0	0	-0	-0	0	-0	0	-0	0.000219221	11.372	0	0	
474	80	0	0	0	-0	-0	0	0	-0	0	8.07774e-05	5.529	0	0	
170	49	0	0	0	0	-0	0	0	0	-0	0.00117302	36.5453	0	0	
449	62	0	0	0	0	0	0	0	0	-0	6.43567e-05	6.18716	0	0	
192	133	0	0	0	0	0	0	0	-0	-0	7.69583e-05	2.35088	0	0	
178	47	0	0	0	-0	0	0	0	0	-0	0.000589795	17.2552	0	0	
405	277	0	0	0	-0	-0	-0	0	-0	0	0.000146549	29.4303	0	0	
124	89	0	0	0	-0	-0	-0	0	0	-0	0.000977167	12.5213	0	0	
375	20	0	0	0	0	0	0	0	0	-0	2.81848e-05	6.59977	0	0	
273	225	0	0	0	0	0	0	0	0	-0	0.000203744	26.5501	0	0	
281	71	0	0	0	0	-0	-0	0	-0	0	0.000554289	10.0214	0	0	
294	191	0	0	0	0	0	0	-0	0	-0	3.66111e-05	19.6987	0	0	
305	131	0	0	0	0	0	0	0	0	-0	1.10143e-06	1.39483	0	0	
223	191	0	0	0	-0	0	0	0	0	-0	0.000200393	22.3495	0	0	
387	51	0	0	0	-0	0	0	-0	-0	-0	1.45588e-05	4.62125	0	0	
113	106	0	0	0	-0	0	0	0	-0	0	0.000917014	36.3199	0	0	
290	229	0	0	0	-0	0	-0	0	-0	-0	8.83345e-05	8.16367	0	0	
163	124	0	0	0	-0	-0	-0	0	0	-0	0.00165049	34.9854	0	0	
104	3	0	0	0	0	-0	-0	0	0	-0	6.7867e-05	7.91208	0	0	
313	297	0	0	0	-0	-0	-0	-0	0	0	0.000457726	24.165	0	0	
330	164	0	0	0	0	-0	-0	-0	0	-0	0.000835799	30.0562	0	0	
185	74	0	0	0	0	0	0	0	-0	0	0.000943633	12.5776	0	0	
256	172	0	0	0	0	0	0	0	0	-0	0.000355288	20.1274	0	0	
559	37	0	0	0	-0	-0	-0	0	-0	-0	0.000479814	22.8486	0	0	
270	145	0	0	0	-0	0	-0	-0	0	0	0.000259311	32.6466	0	0	
213	45	0	0	0	-0	-0	0	-0	-0	-0	0.000304745	22.2669	0	0	
426	149	0	0	0	-0	-0	-0	0	0	-0	1.06934e-05	4.8507	0	0	
584	497	0	0	0	0	-0	-0	-0	-0	0	1.1464e-05	8.04291	0	0	
334	17	0	0	0	-0	-0	0	-0	0	0	1.63347e-05	7.48538	0	0	
556	53	0	0	0	-0	0	0	-0	-0	-0	1.32053e-05	7.19555	0	0	
520	182	0	0	0	0	0	-0	-0	0	-0	0.000152884	12.6601	0	0	
250	235	0	0	0	-0	-0	-0	0	-0	0	0.000136885	18.5695	0	0	
344	184	0	0	0	-0	0	-0	0	0	0	0.000752968	7.90806	0	0	
293	132	0	0	0	0	-0	-0	0	0	0	0.000228968	27.166	0	0	
176	20	0	0	0	0	-0	0	0	0	0	0.000493252	35.8248	0	0	
579	109	0	0	0	-0	0	0	-0	0	-0	0.000237794	18.5192	0	0	
530	118	0	0	0	0	-0	-0	0	0	-0	2.71438e-05	7.584	0	0	
122	3	0	0	0	-0	0	-0	0	0	0	0.000405107	31.3686	0	0	
480	22	0	0	0	0	-0	-0	-0	-0	-0	0.000606491	18.3683	0	0	
328	54	0	0	0	0	0	0	-0	0	0	0.000458513	24.5333	0	0	
425	379	0	0	0	-0	-0	0	-0	0	0	1.06281e-05	4.73799	0	0	
566	553	0	0	0	0	0	0	0	-0	0	2.35361e-05	16.7078	0	0	
328	135	0	0	0	-0	0	0	-0	0	-0	0.000107145	20.9023	0	0	
192	66	0	0	0	0	0	-0	0	0	0	0.000212152	10.2952	0	0	
70	32	0	0	0	0	-0	-0	0	0	-0	0.000581861	14.4072	0	0	
509	28	0	0	0	0	-0	-0	0	-0	0	7.60837e-05	7.42299	0	0	
431	173	0	0	0	-0	-0	-0	0	-0	-0	0.000106079	12.0523	0	0	
293	44	0	0	0	0	-0	0	0	0	-0	0.000218481	23.7101	0	0	
346	287	0	0	0	-0	0	0	0	0	0	5.85103e-05	7.5518	0	0	
449	75	0	0	0	0	0	0	-0	0	-0	9.60687e-05	6.36227	0	0	
159	44	0	0	0	-0	-0	0	0	0	0	0.000393382	34.0878	0	0	
270	25	0	0	0	-0	-0	0	-0	0	-0	0.000885869	34.0515	0	0	
469	199	0	0	0	0	-0	-0	-0	0	-0	0.00173446	33.9006	0	0	
564	106	0	0	0	-0	0	-0	-0	-0	0	2.24613e-05	5.88324	0	0	
588	167	0	0	0	-0	-0	-0	-0	0	0	8.99817e-05	33.7074	0	0	
529	22	0	0	0	-0	-0	0	0	-0	-0	0.000967561	24.9922	0	0	
287	6	0	0	0	-0	-0	0	0	-0	-0	3.4308e-05	16.2287	0	0	
442	103	0	0	0	0	-0	-0	-0	-0	-0	0.000475617	23.6316	0	0	
527	4	0	0	0	0	0	0	-0	-0	0	1.01013e-05	5.92551	0	0	
333	201	0	0	0	0	0	0	-0	0	-0	4.7901e-05	23.1183	0	0	
261	58	0	0	0	-0	0	-0	-0	-0	0	0.000385854	30.3843	0	0	
532	184	0	0	0	0	0	0	-0	0	-0	0.000352743	18.3361	0	0	
437	9	0	0	0	0	0	-0	0	-0	0	0.000430697	15.6128	0	0	
529	67	0	0	0	-0	-0	0	0	-0	-0	0.000639998	18.9238	0	0	
366	65	0	0	0	0	-0	0	-0	-0	0	0.000246581	33.3732	0	0	
563	184	0	0	0	0	0	0	0	-0	-0	0.000295558	32.9808	0	0	
427	418	0	0	0	-0	-0	0	-0	-0	-0	0.000348736	6.0664	0	0	
125	41	0	0	0	-0	0	0	0	0	0	0.000451182	33.3793	0	0	
556	37	0	0	0	0	0	-0	0	-0	-0	2.42637e-05	22.0375	0	0	
230	14	0	0	0	0	-0	0	0	0	0	0.000243834	16.5588	0	0	
343	213	0	0	0	0	0	0	0	-0	-0	0.000182227	24.8332	0	0	
294	82	0	0	0	-0	0	-0	-0	0	0	8.727e-05	31.8878	0	0	
537	149	0	0	0	0	-0	0	0	-0	-0	5.08604e-05	7.13114	0	0	
364	137	0	0	0	0	-0	0	0	0	-0	9.8457e-05	25.2156	0	0	
94	20	0	0	0	0	-0	0	0	0	-0	0.00171323	31.5014	0	0	
104	63	0	0	0	0	0	-0	-0	0	-0	0.000288127	33.1237	0	0	
441	401	0	0	0	0	-0	-0	-0	-0	0	3.01419e-05	14.8057	0	0	
19	5	0	0	0	-0	0	0	-0	-0	-0	0.000475155	18.018	0	0	
56	48	0	0	0	0	0	0	-0	0	0	0.00122218	29.2552	0	0	
314	93	0	0	0	-0	0	-0	0	0	0	0.000101492	21.6732	0	0	
481	434	0	0	0	-0	-0	-0	-0	0	0	0.000111238	19.3968	0	0	
310	142	0	0	0	0	-0	-0	-0	0	-0	0.000225221	15.9469	0	0	
378	0	0	0	0	0	-0	0	-0	-0	-0	0.000156479	28.8909	0	0	
227	36	0	0	0	-0	0	0	-0	-0	0	0.000699789	33.1055	0	0	
198	168	0	0	0	-0	-0	-0	0	0	-0	0.000321805	8.99695	0	0	
471	67	0	0	0	-0	-0	-0	-0	-0	0	2.67909e-05	27.8805	0	0	
563	245	0	0	0	0	0	-0	0	-0	-0	0.000260123	24.9258	0	0	
262	208	0	0	0	-0	-0	-0	0	-0	-0	1.6088e-05	12.6521	0	0	
227	35	0	0	0	-0	-0	-0	-0	-0	0	0.000667752	33.025	0	0	
213	109	0	0	0	-0	0	-0	-0	-0	-0	0.000131256	20.7191	0	0	
532	147	0	0	0	-0	0	-0	-0	0	0	0.000276264	18.2535	0	0	
415	412	0	0	0	-0	0	-0	0	0	0	5.6235e-05	10.4723	0	0	
418	139	0	0	0	0	-0	0	-0	0	0	0.000394778	33.0009	0	0	
223	94	0	0	0	-0	-0	0	-0	0	-0	0.000224051	19.0566	0	0	
142	8	0	0	0	-0	0	-0	0	0	0	0.000810987	27.2283	0	0	
339	14	0	0	0	-0	-0	0	-0	0	0	0.000340554	27.0472	0	0	
185	115	0	0	0	0	-0	-0	0	0	0	0.00126153	9.70946	0	0	
420	81	0	0	0	0	-0	-0	-0	-0	-0	0.000372565	15.2163	0	0	
340	322	0	0	0	-0	0	-0	-0	-0	-0	0.000161238	6.72456	0	0	
306	144	0	0	0	-0	0	0	0	0	0	0.000220348	20.2643	0	0	
517	36	0	0	0	0	-0	0	0	-0	-0	8.74981e-06	3.92686	0	0	
539	145	0	0	0	0	-0	-0	-0	-0	0	1.84404e-05	5.55114	0	0	
577	123	0	0	0	0	-0	0	-0	-0	0	0.000168105	2.87822	0	0	
437	393	0	0	0	0	-0	0	0	0	-0	2.97937e-05	8.92046	0	0	
157	130	0	0	0	0	0	0	0	0	-0	8.93949e-05	4.98757	0	0	
150	92	0	0	0	-0	-0	-0	0	-0	0	0.000122648	22.7097	0	0	
330	48	0	0	0	-0	0	-0	0	0	0	0.00122584	30.1166	0	0	
188	73	0	0	0	-0	0	0	0	0	0	0.000870683	8.76146	0	0	
146	138	0	0	0	-0	0	-0	-0	0	0	3.08935e-05	2.69707	0	0	
53	32	0	0	0	0	-0	-0	0	0	0	0.000133229	32.0489	0	0	
55	19	0	0	0	-0	-0	-0	0	-0	0	0.000185599	28.2629	0	0	
186	123	0	0	0	-0	0	-0	0	0	0	0.000391733	29.9757	0	0	
105	48	0	0	0	-0	-0	0	0	0	0	0.000154929	29.6577	0	0	
308	145	0	0	0	-0	0	-0	-0	0	0	0.000348043	32.2059	0	0	
521	316	0	0	0	-0	-0	0	0	-0	0	0.00048491	15.8322	0	0	
148	39	0	0	0	-0	-0	0	0	0	0	0.000263715	28.7359	0	0	
284	164	0	0	0	-0	-0	0	0	-0	0	1.8537e-05	18.5675	0	0	
593	111	0	0	0	-0	-0	-0	-0	0	-0	1.35079e-05	4.20461	0	0	
318	131	0	0	0	0	0	0	0	-0	-0	0.000349803	16.7138	0	0	
151	33	0	0	0	0	-0	0	0	0	-0	0.000302973	32.1555	0	0	
531	333	0	0	0	0	0	0	0	-0	0	3.19492e-05	22.4018	0	0	
175	81	0	0	0	-0	-0	0	0	-0	-0	4.82709e-05	6.55348	0	0	
378	240	0	0	0	0	0	0	0	-0	-0	0.000129659	28.7258	0	0	
325	104	0	0	0	0	-0	-0	0	0	-0	0.00187811	29.1405	0	0	
438	416	0	0	0	-0	0	-0	-0	0	0	0.000232854	28.8224	0	0	
208	42	0	0	0	0	-0	0	-0	0	0	0.000523123	31.4611	0	0	
330	108	0	0	0	-0	0	-0	0	0	-0	0.00105458	30.2515	0	0	
532	3	0	0	0	-0	0	0	-0	0	-0	0.000219732	31.9583	0	0	
374	199	0	0	0	0	-0	0	0	0	-0	0.00018688	31.9563	0	0	
419	53	0	0	0	-0	-0	0	-0	0	-0	3.10344e-05	6.17509	0	0	
173	65	0	0	0	-0	-0	0	0	-0	-0	0.000523018	30.0703	0	0	
405	371	0	0	0	0	0	0	0	-0	0	0.000540869	31.9442	0	0	
196	119	0	0	0	-0	-0	0	0	-0	0	0.00031213	31.906	0	0	
273	79	0	0	0	0	0	0	0	0	-0	0.000135053	27.3672	0	0	
154	140	0	0	0	0	-0	-0	-0	-0	-0	0.000313836	8.99292	0	0	
501	231	0	0	0	-0	0	0	-0	-0	-0	0.000152577	5.98991	0	0	
81	63	0	0	0	-0	0	-0	0	0	0	0.000230388	31.7188	0	0	
447	358	0	0	0	0	-0	-0	0	0	-0	5.48852e-05	27.9348	0	0	
193	176	0	0	0	-0	0	0	-0	0	-0	0.000494141	17.4162	0	0	
596	94	0	0	0	-0	-0	-0	-0	0	-0	0.00141569	25.4632	0	0	
12	9	0	0	0	0	-0	0	-0	-0	0	0.00192466	10.3958	0	0	
47	32	0	0	0	-0	-0	-0	-0	0	0	0.000587112	11.8993	0	0	
549	188	0	0	0	0	-0	-0	0	-0	0	0.000151479	7.29417	0	0	
180	75	0	0	0	-0	0	-0	-0	0	0	0.000523937	30.5474	0	0	
414	100	0	0	0	-0	-0	-0	0	0	-0	0.000318492	20.6487	0	0	
110	32	0	0	0	-0	-0	0	-0	-0	-0	0.000169337	15.3109	0	0	
277	72	0	0	0	-0	0	0	-0	-0	-0	0.000164629	31.5718	0	0	
312	277	0	0	0	0	0	0	0	-0	0	6.02157e-05	31.5578	0	0	
117	69	0	0	0	-0	-0	-0	0	0	-0	0.000462309	31.5517	0	0	
543	532	0	0	0	0	-0	0	-0	-0	0	7.96927e-05	18.6118	0	0	
475	135	0	0	0	-0	0	-0	-0	-0	-0	0.000151026	15.7276	0	0	
427	132	0	0	0	0	0	0	0	-0	0	0.000415449	5.72423	0	0	
282	103	0	0	0	0	0	0	-0	-0	0	0.000726655	31.5155	0	0	
244	189	0	0	0	0	0	-0	0	0	0	0.000803674	21.6329	0	0	
528	84	0	0	0	0	-0	0	-0	-0	-0	5.78586e-05	5.68599	0	0	
110	38	0	0	0	0	0	0	-0	-0	0	5.66476e-05	9.0372	0	0	
156	137	0	0	0	-0	0	0	0	-0	0	0.000453854	6.93389	0	0	
469	1	0	0	0	-0	-0	-0	0	0	-0	0.000348733	30.8452	0	0	
198	60	0	0	0	0	-0	-0	-0	-0	-0	0.00122381	19.9946	0	0	
304	92	0	0	0	-0	0	0	0	-0	0	0.000192636	31.1331	0	0	
97	73	0	0	0	0	0	-0	0	0	0	0.00187396	29.6014	0	0	
599	300	0	0	0	-0	-0	-0	0	-0	-0	0.000460568	20.3669	0	0	
508	240	0	0	0	0	-0	0	-0	0	0	0.000167565	29.5672	0	0	
232	177	0	0	0	0	-0	0	0	-0	-0	0.000206515	28.5004	0	0	
541	8	0	0	0	0	0	-0	0	0	0	6.07254e-06	3.19019	0	0	
483	326	0	0	0	0	-0	0	-0	-0	0	4.9931e-05	16.6212	0	0	
526	147	0	0	0	-0	0	-0	0	0	-0	2.96109e-05	22.4863	0	0	
244	175	0	0	0	0	0	0	-0	0	-0	0.000172634	21.1579	0	0	
531	194	0	0	0	0	-0	0	0	-0	-0	0.000178572	30.1388	0	0	
51	37	0	0	0	0	0	0	0	-0	0	0.000239956	6.06036	0	0	
147	89	0	0	0	-0	0	0	-0	-0	-0	0.00164349	28.9492	0	0	
321	99	0	0	0	0	-0	0	0	-0	-0	0.000114503	17.4424	0	0	
337	63	0	0	0	-0	0	-0	-0	-0	-0	0.000108976	27.0311	0	0	
93	9	0	0	0	-0	-0	0	-0	0	0	0.000645648	13.2036	0	0	
385	357	0	0	0	0	-0	-0	0	-0	0	9.58583e-05	27.5061	0	0	
126	36	0	0	0	-0	0	-0	0	0	0	0.000528992	16.11	0	0	
567	313	0	0	0	0	0	-0	0	-0	-0	0.000393169	29.5792	0	0	
464	84	0	0	0	-0	-0	0	0	-0	0	0.000224509	6.3824	0	0	
139	131	0	0	0	-0	0	0	0	0	0	0.000864227	17.1083	0	0	
591	495	0	0	0	0	0	-0	-0	0	0	7.81773e-05	29.5712	0	0	
175	104	0	0	0	-0	0	0	-0	-0	0	0.000135432	14.9788	0	0	
402	229	0	0	0	-0	-0	0	-0	0	0	0.000268035	27.2807	0	0	
292	207	0	0	0	-0	-0	-0	0	-0	-0	1.94814e-05	3.56255	0	0	
427	7	0	0	0	-0	0	0	0	-0	0	0.000297298	5.6719	0	0	
393	384	0	0	0	-0	-0	0	0	-0	-0	1.6042e-05	24.5011	0	0	
114	18	0	0	0	-0	-0	-0	-0	0	-0	0.000118234	2.45353	0	0	
411	371	0	0	0	-0	0	-0	0	0	-0	0.00014774	15.4035	0	0	
52	40	0	0	0	0	0	0	0	-0	-0	0.000402818	26.2703	0	0	
386	264	0	0	0	0	-0	-0	-0	-0	-0	0.000164227	19.5296	0	0	
214	28	0	0	0	0	0	-0	-0	0	-0	2.62452e-05	12.4629	0	0	
30	12	0	0	0	-0	0	-0	0	0	-0	0.00118018	13.0043	0	0	
521	131	0	0	0	-0	-0	0	0	-0	0	0.00025638	15.4619	0	0	
450	105	0	0	0	-0	-0	-0	-0	0	-0	0.000251174	15.4981	0	0	
469	166	0	0	0	0	-0	-0	-0	0	-0	0.00172571	29.382	0	0	
86	9	0	0	0	-0	-0	-0	-0	0	0	0.000782657	10.9835	0	0	
464	311	0	0	0	0	-0	-0	0	-0	0	0.000210725	19.9624	0	0	
392	137	0	0	0	-0	0	0	-0	0	-0	0.000602841	29.3498	0	0	
505	437	0	0	0	-0	-0	0	-0	-0	-0	0.000394988	12.1932	0	0	
408	95	0	0	0	-0	0	0	-0	0	-0	1.32631e-05	23.4102	0	0	
96	91	0	0	0	-0	-0	0	-0	-0	-0	0.000514618	27.8261	0	0	
579	423	0	0	0	-0	0	-0	-0	-0	0	4.8507e-05	24.5212	0	0	
325	203	0	0	0	0	0	-0	0	-0	-0	0.000770426	26.1636	0	0	
392	97	0	0	0	-0	0	-0	0	0	-0	0.00106422	28.601	0	0	
11	10	0	0	0	-0	-0	-0	-0	0	-0	0.000229392	23.4746	0	0	
547	356	0	0	0	-0	0	0	0	0	-0	1.61159e-05	15.166	0	0	
579	45	0	0	0	-0	-0	0	-0	0	-0	4.63976e-05	15.4558	0	0	
568	165	0	0	0	0	0	0	0	-0	0	0.00098988	23.7362	0	0	
492	161	0	0	0	0	-0	0	-0	0	0	5.0625e-05	28.5467	0	0	
196	169	0	0	0	0	0	0	0	-0	0	0.000294596	20.9265	0	0	
351	135	0	0	0	-0	-0	-0	-0	-0	0	0.000262574	26.2562	0	0	
405	97	0	0	0	-0	-0	0	0	-0	0	0.00140216	15.8906	0	0	
574	34	0	0	0	0	0	0	0	0	-0	1.5118e-05	4.42199	0	0	
317	47	0	0	0	0	0	-0	0	-0	-0	9.31722e-05	18.3401	0	0	
577	223	0	0	0	-0	-0	-0	-0	-0	0	3.67508e-06	1.24186	0	0	
528	4	0	0	0	-0	0	0	-0	-0	-0	4.32991e-05	14.3508	0	0	
362	340	0	0	0	0	-0	0	-0	-0	-0	0.000206708	18.1066	0	0	
550	112	0	0	0	-0	-0	0	-0	0	0	0.000418139	23.1928	0	0	
140	8	0	0	0	-0	0	0	0	0	0	0.000560259	18.5353	0	0	
127	51	0	0	0	-0	0	-0	0	-0	-0	0.00100787	16.6011	0	0	
142	71	0	0	0	0	-0	-0	0	0	-0	0.000256999	19.5155	0	0	
323	166	0	0	0	0	0	-0	0	-0	0	1.30028e-05	4.95134	0	0	
393	268	0	0	0	-0	0	0	0	0	-0	8.25912e-06	14.9909	0	0	
594	130	0	0	0	0	0	-0	0	-0	-0	5.5667e-06	5.09827	0	0	
39	33	0	0	0	0	-0	0	0	0	-0	0.00111369	22.8849	0	0	
337	258	0	0	0	-0	0	-0	-0	0	0	7.77054e-05	23.5028	0	0	
389	105	0	0	0	0	-0	-0	0	0	-0	4.89569e-05	13.2096	0	0	
257	137	0	0	0	0	0	0	0	-0	-0	0.000648417	7.37468	0	0	
100	94	0	0	0	-0	-0	0	0	-0	-0	0.00033564	20.3689	0	0	
410	119	0	0	0	-0	0	0	-0	-0	0	8.01755e-05	5.85104	0	0	
494	425	0	0	0	0	0	-0	0	0	0	2.81034e-05	28.2911	0	0	
540	56	0	0	0	0	0	-0	0	-0	-0	1.33071e-05	2.71519	0	0	
535	425	0	0	0	0	0	0	0	-0	0	6.78777e-05	10.4824	0	0	
163	96	0	0	0	0	0	-0	-0	0	-0	3.16339e-05	15.8322	0	0	
437	85	0	0	0	0	0	0	0	-0	-0	9.70214e-05	24.8412	0	0	
231	35	0	0	0	-0	0	-0	-0	-0	-0	0.00018267	27.5967	0	0	
172	96	0	0	0	0	0	-0	-0	0	-0	0.000752247	27.6631	0	0	
230	127	0	0	0	-0	-0	0	0	0	0	0.00060784	28.0334	0	0	
130	100	0	0	0	0	-0	0	-0	-0	-0	0.000426234	10.5266	0	0	
272	215	0	0	0	-0	0	0	0	0	-0	1.08006e-05	9.70342	0	0	
291	224	0	0	0	0	-0	0	-0	-0	-0	7.7752e-05	16.4179	0	0	
551	160	0	0	0	0	0	0	0	-0	0	0.000234629	22.7742	0	0	
292	189	0	0	0	-0	-0	-0	0	-0	-0	0.000128608	8.42533	0	0	
253	109	0	0	0	-0	-0	0	0	-0	-0	0.00101738	20.1254	0	0	
397	116	0	0	0	-0	0	0	-0	-0	-0	4.1916e-05	6.04627	0	0	
374	147	0	0	0	-0	-0	-0	0	0	-0	0.00133696	27.9992	0	0	
132	94	0	0	0	-0	0	0	-0	0	-0	0.00143124	23.3679	0	0	
471	65	0	0	0	0	-0	-0	-0	-0	0	1.73888e-05	6.90974	0	0	
489	17	0	0	0	0	-0	0	-0	-0	0	0.000760992	7.10699	0	0	
125	106	0	0	0	0	-0	0	0	0	0	0.000772528	7.02849	0	0	
599	102	0	0	0	-0	-0	-0	0	0	-0	0.000496002	27.3874	0	0	
268	85	0	0	0	-0	0	-0	0	-0	-0	1.4634e-05	19.427	0	0	
362	43	0	0	0	-0	0	-0	0	-0	-0	0.000118998	14.8621	0	0	
296	2	0	0	0	0	0	0	0	-0	0	0.000339291	17.2431	0	0	
336	138	0	0	0	-0	0	-0	-0	0	0	2.54975e-05	24.3682	0	0	
438	126	0	0	0	-0	0	0	0	0	-0	0.000310896	27.1438	0	0	
557	132	0	0	0	0	-0	0	0	-0	-0	2.78911e-05	12.1066	0	0	
542	256	0	0	0	0	-0	0	-0	-0	-0	2.65603e-05	6.72054	0	0	
385	106	0	0	0	-0	0	0	0	-0	0	0.000171856	27.5544	0	0	
585	301	0	0	0	0	0	0	0	0	-0	0.0004823	15.7376	0	0	
348	10	0	0	0	-0	-0	-0	-0	-0	0	0.000349364	19.4048	0	0	
396	153	0	0	0	-0	0	-0	0	-0	-0	0.000500381	23.38	0	0	
176	51	0	0	0	0	0	0	-0	-0	0	0.000784984	15.9469	0	0	
526	40	0	0	0	0	0	-0	0	-0	-0	1.64674e-05	22.7379	0	0	
209	53	0	0	0	-0	-0	-0	0	-0	0	0.000724905	27.3874	0	0	
428	24	0	0	0	-0	0	0	-0	-0	-0	8.33097e-05	11.5088	0	0	
564	92	0	0	0	-0	0	0	-0	-0	0	3.3371e-05	24.0683	0	0	
438	193	0	0	0	0	0	0	-0	0	-0	0.000188222	26.5501	0	0	
362	171	0	0	0	0	0	-0	-0	-0	-0	0.00012529	6.95804	0	0	
588	435	0	0	0	-0	-0	-0	-0	0	0	7.26028e-05	21.965	0	0	
507	136	0	0	0	-0	0	-0	-0	-0	0	6.46882e-05	7.12711	0	0	
174	73	0	0	0	0	-0	0	0	0	0	0.00180854	22.5085	0	0	
232	116	0	0	0	-0	-0	-0	0	-0	-0	0.000290913	27.2988	0	0	
572	226	0	0	0	0	0	0	0	-0	-0	4.57295e-05	3.7598	0	0	
445	256	0	0	0	0	-0	-0	-0	-0	-0	0.000236295	21.323	0	0	
512	363	0	0	0	-0	0	0	-0	-0	-0	1.12279e-05	6.83728	0	0	
254	19	0	0	0	0	-0	0	-0	-0	-0	0.000297721	20.5823	0	0	
492	140	0	0	0	-0	0	-0	-0	-0	0	2.31633e-05	21.5142	0	0	
560	157	0	0	0	-0	-0	0	0	0	0	1.42694e-05	4.65346	0	0	
570	130	0	0	0	0	-0	-0	0	0	-0	8.90395e-06	4.58502	0	0	
238	169	0	0	0	0	-0	0	-0	-0	0	2.1904e-05	4.52867	0	0	
333	51	0	0	0	-0	0	-0	-0	-0	0	4.01052e-05	4.46224	0	0	
391	175	0	0	0	-0	-0	0	0	0	0	1.08604e-05	4.44816	0	0	
580	46	0	0	0	0	0	0	0	-0	-0	4.08165e-06	3.3814	0	0	
428	206	0	0	0	-0	-0	-0	-0	0	0	2.4697e-05	4.34349	0	0	
319	84	0	0	0	-0	0	-0	-0	0	0	3.32584e-05	4.29519	0	0	
226	14	0	0	0	0	-0	0	-0	-0	-0	4.06445e-05	4.29116	0	0	
584	266	0	0	0	0	-0	0	-0	-0	-0	1.17454e-05	2.39114	0	0	
249	93	0	0	0	-0	-0	-0	-0	0	0	5.949e-05	4.26298	0	0	
596	283	0	0	0	-0	0	-0	-0	-0	-0	4.69229e-06	0.0966115	0	0	
472	45	0	0	0	0	-0	0	0	-0	-0	2.77676e-05	4.06372	0	0	
308	190	0	0	0	0	0	0	-0	0	0	0.000153269	4.04561	0	0	
350	23	0	0	0	0	-0	0	0	0	-0	2.05923e-05	4.04359	0	0	
590	534	0	0	0	0	0	0	-0	0	-0	1.72829e-06	3.9973	0	0	
373	158	0	0	0	-0	-0	0	-0	-0	-0	7.14937e-06	1.90405	0	0	
228	84	0	0	0	-0	0	0	-0	0	-0	1.82222e-05	3.95101	0	0	
478	24	0	0	0	0	-0	0	0	0	0	1.55671e-05	3.95101	0	0	
485	280	0	0	0	0	0	-0	-0	-0	-0	1.8971e-05	3.9188	0	0	
458	385	0	0	0	0	0	-0	-0	0	-0	4.09262e-05	3.91277	0	0	
135	64	0	0	0	0	-0	-0	-0	-0	-0	1.3606e-05	3.72558	0	0	
524	478	0	0	0	-0	-0	-0	-0	-0	0	1.2269e-05	3.72558	0	0	
592	235	0	0	0	0	0	0	0	-0	0	1.10372e-05	3.68533	0	0	
538	501	0	0	0	-0	-0	0	0	-0	0	5.87616e-05	3.67929	0	0	
424	250	0	0	0	-0	0	0	-0	0	-0	2.6937e-05	3.67325	0	0	
187	31	0	0	0	0	-0	0	-0	-0	-0	7.15411e-05	3.66923	0	0	
67	56	0	0	0	0	-0	0	0	0	-0	0.000684818	3.65715	0	0	
481	144	0	0	0	-0	0	0	0	0	0	7.41339e-05	3.65715	0	0	
562	475	0	0	0	0	0	-0	0	-0	0	1.44303e-05	3.65111	0	0	
423	83	0	0	0	-0	0	0	-0	-0	0	1.60903e-05	3.58469	0	0	
433	94	0	0	0	0	0	-0	-0	-0	-0	2.92202e-05	3.58066	0	0	
588	544	0	0	0	-0	0	0	-0	0	-0	1.35302e-05	3.57664	0	0	
542	19	0	0	0	0	0	-0	0	-0	0	1.17025e-05	3.56658	0	0	
187	39	0	0	0	-0	-0	-0	0	-0	0	4.20799e-05	3.48405	0	0	
216	141	0	0	0	-0	0	0	0	-0	0	0.000195112	3.46996	0	0	
220	204	0	0	0	-0	-0	-0	-0	-0	0	5.22109e-06	3.4438	0	0	
493	40	0	0	0	-0	-0	-0	-0	-0	0	1.4398e-05	3.39751	0	0	
589	187	0	0	0	0	-0	0	0	0	0	1.13944e-05	3.32505	0	0	
357	92	0	0	0	0	0	0	-0	0	0	3.12e-05	3.29687	0	0	
525	452	0	0	0	-0	-0	-0	-0	0	0	2.06542e-06	3.29284	0	0	
115	74	0	0	0	-0	-0	-0	-0	0	-0	0.000217546	3.29083	0	0	
487	163	0	0	0	-0	-0	-0	0	-0	0	2.99138e-05	3.28479	0	0	
598	139	0	0	0	-0	-0	-0	0	-0	-0	4.14411e-05	3.1761	0	0	
150	48	0	0	0	0	-0	0	-0	0	0	2.15371e-05	1.11908	0	0	
452	436	0	0	0	-0	-0	0	0	-0	0	3.80499e-07	3.10163	0	0	
193	134	0	0	0	0	-0	-0	0	0	0	4.1739e-05	3.07547	0	0	
400	81	0	0	0	0	-0	0	-0	-0	-0	4.28576e-06	3.0654	0	0	
586	492	0	0	0	0	0	0	0	-0	-0	2.39973e-05	2.92049	0	0	
76	74	0	0	0	-0	-0	-0	-0	0	0	3.30016e-05	1.77926	0	0	
530	404	0	0	0	-0	-0	-0	0	-0	-0	1.62407e-05	2.76148	0	0	
597	546	0	0	0	-0	-0	-0	0	0	-0	1.17377e-06	2.75343	0	0	
586	94	0	0	0	0	0	0	-0	-0	0	2.03489e-05	2.528	0	0	
115	15	0	0	0	0	0	-0	-0	0	-0	0.000114026	2.51794	0	0	
484	55	0	0	0	-0	0	0	0	0	-0	4.58754e-06	2.49378	0	0	
340	60	0	0	0	-0	-0	-0	0	0	-0	6.40063e-05	2.38308	0	0	
577	116	0	0	0	0	-0	-0	-0	-0	0	7.51114e-05	2.36296	0	0	
524	103	0	0	0	0	0	0	0	-0	-0	1.11563e-05	2.35893	0	0	
335	166	0	0	0	0	0	0	0	-0	-0	5.16098e-06	1.04461	0	0	
356	121	0	0	0	-0	-0	-0	0	-0	-0	3.77698e-05	2.27037	0	0	
597	570	0	0	0	0	0	-0	-0	0	-0	2.62308e-06	2.24219	0	0	
583	391	0	0	0	0	-0	-0	-0	-0	-0	1.07334e-05	2.21401	0	0	
239	174	0	0	0	-0	-0	-0	0	0	-0	8.54393e-05	0.941962	0	0	
491	268	0	0	0	-0	0	-0	0	0	0	1.58163e-06	2.14357	0	0	
84	32	0	0	0	0	-0	0	-0	0	0	6.21065e-05	2.12747	0	0	
547	38	0	0	0	-0	-0	0	-0	0	0	8.03546e-06	1.08084	0	0	
302	204	0	0	0	0	-0	-0	-0	0	-0	8.02949e-07	2.06306	0	0	
398	65	0	0	0	0	0	-0	-0	0	0	7.7757e-05	2.02884	0	0	
483	41	0	0	0	0	0	0	0	-0	0	1.39465e-05	1.96041	0	0	
188	136	0	0	0	-0	-0	-0	-0	0	0	5.18112e-05	1.68869	0	0	
499	39	0	0	0	-0	-0	-0	-0	-0	0	1.73273e-06	1.56591	0	0	
430	314	0	0	0	-0	-0	-0	-0	-0	0	1.09259e-05	1.46125	0	0	
387	183	0	0	0	-0	-0	-0	-0	0	0	1.10342e-05	1.44716	0	0	
347	123	0	0	0	0	0	0	-0	-0	0	3.34295e-06	1.44313	0	0	
363	9	0	0	0	0	0	0	-0	-0	0	1.28141e-06	1.35055	0	0	
451	345	0	0	0	-0	0	0	0	0	0	7.44593e-06	0.452867	0	0	
539	25	0	0	0	0	0	-0	0	0	0	1.15774e-05	1.27608	0	0	
333	183	0	0	0	-0	-0	-0	-0	0	0	2.34832e-05	1.1694	0	0	
482	112	0	0	0	-0	0	0	0	0	-0	1.06472e-05	1.13921	0	0	
500	389	0	0	0	-0	-0	-0	-0	0	-0	1.19163e-05	1.13921	0	0	
564	151	0	0	0	-0	-0	0	-0	0	0	1.04235e-05	0.811134	0	0	
310	91	0	0	0	-0	0	-0	-0	-0	-0	1.60638e-05	0.795032	0	0	
578	453	0	0	0	0	-0	-0	0	0	-0	1.89776e-06	0.786981	0	0	
583	398	0	0	0	0	-0	0	0	-0	-0	1.40757e-05	0.764841	0	0	
421	59	0	0	0	0	-0	0	0	0	0	8.59173e-06	0.692383	0	0	
543	111	0	0	0	-0	-0	-0	0	0	-0	2.67344e-05	0.674268	0	0	
482	285	0	0	0	-0	0	-0	0	0	0	1.06038e-05	0.670242	0	0	
490	239	0	0	0	-0	0	0	-0	0	-0	4.25866e-05	0.551491	0	0	
