549	440	0	0	0	-0	0	-0	0	0	-0	1.12488e-11	25.9448	0	0	
617	575	0	0	0	0	0	-0	-0	0	0	6.15136e-12	29.2307	0	0	
459	18	0	0	0	0	-0	-0	0	0	-0	4.63972e-12	27.8553	0	0	
517	77	0	0	0	0	-0	-0	0	0	0	3.38884e-12	27.587	0	0	
574	229	0	0	0	0	-0	0	-0	0	0	7.04922e-12	27.476	0	0	
488	142	0	0	0	-0	-0	0	0	-0	0	5.39846e-12	28.7974	0	0	
547	87	0	0	0	0	0	0	0	-0	-0	5.2567e-12	39.5924	0	0	
536	284	0	0	0	-0	0	0	-0	-0	-0	6.14945e-12	29.2371	0	0	
438	360	0	0	0	-0	0	0	-0	-0	-0	7.53274e-12	27.4568	0	0	
313	268	0	0	0	-0	0	0	-0	-0	0	2.12262e-12	54.4725	0	0	
641	134	0	0	0	0	-0	-0	-0	-0	0	5.40691e-12	46.5813	0	0	
569	377	0	0	0	0	-0	-0	0	-0	0	7.16966e-12	28.3868	0	0	
584	352	0	0	0	-0	0	0	-0	0	-0	5.61906e-12	31.0424	0	0	
675	432	0	0	0	0	-0	-0	0	-0	0	4.78905e-12	29.5346	0	0	
551	325	0	0	0	0	0	0	0	-0	0	6.15987e-12	29.4727	0	0	
643	81	0	0	0	-0	0	0	0	0	0	5.20947e-12	29.1048	0	0	
321	310	0	0	0	-0	-0	0	0	0	0	6.60786e-12	28.4736	0	0	
678	562	0	0	0	-0	-0	0	-0	-0	-0	7.46933e-12	28.5106	0	0	
589	542	0	0	0	0	-0	-0	0	0	0	8.24541e-12	26.8093	0	0	
559	20	0	0	0	-0	0	-0	-0	-0	0	7.78127e-12	26.9893	0	0	
529	21	0	0	0	0	-0	-0	-0	0	-0	6.27534e-12	25.8857	0	0	
442	326	0	0	0	-0	0	0	0	0	-0	9.34761e-12	26.3055	0	0	
660	260	0	0	0	0	-0	0	-0	-0	0	7.95329e-12	27.2035	0	0	
326	161	0	0	0	0	-0	-0	-0	-0	0	9.47789e-12	26.9452	0	0	
422	187	0	0	0	0	-0	0	0	0	-0	5.17845e-12	28.7753	0	0	
414	345	0	0	0	-0	0	0	0	-0	0	9.20459e-12	27.3878	0	0	
318	26	0	0	0	0	-0	0	-0	-0	-0	8.50976e-12	27.661	0	0	
625	466	0	0	0	-0	-0	0	-0	0	-0	6.43304e-12	26.4293	0	0	
465	373	0	0	0	-0	-0	-0	-0	-0	0	9.64284e-12	26.1454	0	0	
654	509	0	0	0	0	0	-0	0	0	0	6.90812e-12	28.4445	0	0	
333	237	0	0	0	0	-0	0	-0	0	0	7.77481e-12	26.8712	0	0	
410	153	0	0	0	0	-0	0	0	-0	-0	6.20811e-12	27.8268	0	0	
320	89	0	0	0	0	-0	0	-0	0	0	5.65478e-12	28.1912	0	0	
474	188	0	0	0	0	-0	0	0	0	-0	5.69124e-12	27.6753	0	0	
516	311	0	0	0	-0	0	0	-0	0	-0	7.82314e-12	27.2014	0	0	
538	50	0	0	0	0	0	0	0	-0	-0	5.27078e-12	45.3261	0	0	
673	537	0	0	0	0	0	0	-0	-0	0	6.58208e-12	29.1703	0	0	
388	361	0	0	0	0	-0	0	0	0	0	6.54329e-12	28.865	0	0	
584	337	0	0	0	-0	-0	-0	-0	0	-0	5.18805e-12	29.5837	0	0	
318	216	0	0	0	-0	-0	0	-0	0	-0	9.28104e-12	26.2429	0	0	
373	214	0	0	0	-0	0	0	-0	0	-0	1.10659e-11	27.143	0	0	
345	178	0	0	0	0	-0	-0	0	0	-0	7.13507e-12	27.1096	0	0	
682	678	0	0	0	-0	0	0	-0	-0	-0	7.53315e-12	29.2998	0	0	
640	44	0	0	0	0	0	0	-0	0	0	5.61428e-12	43.0605	0	0	
390	245	0	0	0	-0	-0	0	-0	0	-0	6.27205e-12	27.9058	0	0	
315	102	0	0	0	-0	-0	-0	0	0	-0	7.41171e-12	26.5496	0	0	
322	45	0	0	0	-0	-0	-0	0	-0	0	7.13115e-12	26.0337	0	0	
315	4	0	0	0	0	-0	-0	0	0	-0	7.15581e-12	26.7019	0	0	
377	181	0	0	0	0	0	0	-0	0	-0	6.5187e-12	28.68	0	0	
397	260	0	0	0	0	-0	0	0	0	-0	7.75859e-12	27.8781	0	0	
588	129	0	0	0	0	-0	0	0	-0	-0	5.58493e-12	28.6181	0	0	
346	213	0	0	0	0	0	0	0	-0	0	5.9463e-12	29.4321	0	0	
668	558	0	0	0	0	-0	-0	0	0	-0	6.74065e-12	43.654	0	0	
464	100	0	0	0	0	0	-0	-0	0	0	6.38657e-12	27.2391	0	0	
300	146	0	0	0	0	0	-0	-0	0	-0	6.74683e-12	26.8406	0	0	
214	77	0	0	0	-0	0	0	0	0	-0	9.83634e-12	27.6269	0	0	
229	27	0	0	0	-0	-0	-0	0	-0	-0	6.14997e-12	27.8845	0	0	
440	205	0	0	0	0	0	0	-0	0	0	8.08073e-12	27.0861	0	0	
334	65	0	0	0	-0	-0	-0	-0	0	-0	6.35078e-12	28.3513	0	0	
533	510	0	0	0	-0	-0	-0	0	-0	-0	9.67057e-12	27.1957	0	0	
510	185	0	0	0	0	0	0	-0	-0	0	8.79583e-12	26.0138	0	0	
311	223	0	0	0	-0	-0	-0	-0	0	-0	7.11369e-12	27.3408	0	0	
577	393	0	0	0	-0	-0	-0	-0	-0	0	5.66959e-12	28.9554	0	0	
526	327	0	0	0	-0	0	-0	0	0	-0	6.09226e-12	57.4717	0	0	
423	38	0	0	0	-0	-0	-0	0	-0	-0	4.74096e-12	28.8287	0	0	
604	136	0	0	0	-0	0	-0	0	-0	-0	7.39312e-12	26.0408	0	0	
474	466	0	0	0	0	-0	0	0	0	-0	7.53323e-12	28.0944	0	0	
532	254	0	0	0	0	-0	-0	0	0	0	5.68293e-12	32.025	0	0	
610	310	0	0	0	-0	-0	-0	-0	0	-0	5.51533e-12	28.5284	0	0	
469	50	0	0	0	-0	0	-0	0	0	-0	5.7159e-12	28.1513	0	0	
330	176	0	0	0	0	0	0	-0	0	0	6.90175e-12	27.6988	0	0	
451	432	0	0	0	0	0	0	-0	0	0	5.61585e-12	46.6575	0	0	
524	153	0	0	0	-0	0	0	0	0	-0	5.86909e-12	27.9784	0	0	
344	187	0	0	0	-0	-0	0	-0	-0	-0	3.30381e-12	29.642	0	0	
275	167	0	0	0	0	0	0	0	0	-0	6.06676e-12	27.19	0	0	
379	210	0	0	0	0	-0	0	0	-0	-0	5.71374e-12	52.3691	0	0	
452	200	0	0	0	0	0	-0	0	-0	0	6.52319e-12	28.5334	0	0	
563	97	0	0	0	-0	0	-0	0	-0	-0	5.11202e-12	28.3107	0	0	
503	101	0	0	0	-0	-0	-0	-0	-0	0	6.03185e-12	27.7151	0	0	
551	217	0	0	0	0	0	-0	0	-0	0	6.15526e-12	62.3686	0	0	
559	0	0	0	0	-0	-0	0	-0	0	0	7.74882e-12	27.0818	0	0	
345	339	0	0	0	-0	-0	-0	0	-0	-0	8.80606e-12	27.8589	0	0	
695	561	0	0	0	0	0	-0	-0	-0	-0	7.0842e-12	28.517	0	0	
675	264	0	0	0	-0	-0	-0	0	-0	0	7.54094e-12	28.0012	0	0	
581	458	0	0	0	-0	-0	0	-0	0	0	5.80377e-12	29.3738	0	0	
440	82	0	0	0	-0	0	-0	0	0	0	1.07562e-11	26.6948	0	0	
482	466	0	0	0	0	-0	-0	-0	-0	0	7.59524e-12	28.0538	0	0	
552	163	0	0	0	0	0	-0	-0	0	-0	6.61261e-12	27.1793	0	0	
505	71	0	0	0	0	-0	0	-0	-0	0	6.06869e-12	27.6326	0	0	
627	534	0	0	0	-0	0	-0	-0	0	0	6.19263e-12	29.3709	0	0	
611	52	0	0	0	-0	0	-0	0	-0	-0	6.1152e-12	27.3038	0	0	
478	435	0	0	0	0	-0	-0	-0	-0	0	7.95645e-12	27.1551	0	0	
296	45	0	0	0	0	0	0	-0	-0	0	2.39024e-12	28.4302	0	0	
229	179	0	0	0	0	-0	-0	-0	-0	0	5.43524e-12	28.0382	0	0	
335	237	0	0	0	0	-0	0	0	0	0	7.54297e-12	28.1207	0	0	
682	454	0	0	0	-0	-0	-0	-0	-0	0	6.67221e-12	44.6174	0	0	
449	352	0	0	0	0	-0	0	0	0	0	4.47847e-12	39.0388	0	0	
544	2	0	0	0	-0	0	0	-0	-0	0	6.42272e-12	28.9703	0	0	
446	153	0	0	0	-0	-0	0	-0	0	-0	5.50922e-12	28.9404	0	0	
394	339	0	0	0	-0	0	0	-0	-0	-0	7.72718e-12	28.0481	0	0	
450	314	0	0	0	0	-0	-0	0	-0	0	6.52697e-12	28.5128	0	0	
622	339	0	0	0	-0	0	0	0	-0	0	7.15779e-12	27.6255	0	0	
306	241	0	0	0	-0	0	-0	0	-0	-0	8.09354e-12	23.6884	0	0	
499	113	0	0	0	-0	0	-0	-0	-0	0	5.97342e-12	28.4452	0	0	
670	237	0	0	0	0	0	-0	0	-0	-0	6.96875e-12	27.9343	0	0	
