549	440	0	0	0	0	-0	0	0	0	-0	4.16916e-11	15.9446	0	0	
617	575	0	0	0	0	0	-0	-0	0	-0	1.97623e-11	19.2305	0	0	
459	18	0	0	0	-0	0	0	-0	-0	0	1.41962e-11	17.8551	0	0	
517	77	0	0	0	-0	0	0	-0	-0	-0	9.49341e-12	17.5868	0	0	
574	229	0	0	0	0	-0	0	0	0	-0	2.36848e-11	17.4758	0	0	
488	142	0	0	0	0	0	-0	0	-0	0	1.75519e-11	18.7972	0	0	
547	87	0	0	0	-0	-0	-0	0	0	-0	1.70267e-11	29.5922	0	0	
536	284	0	0	0	-0	0	0	0	0	-0	2.00605e-11	19.2369	0	0	
438	360	0	0	0	0	-0	-0	-0	-0	0	2.72533e-11	17.4566	0	0	
313	268	0	0	0	-0	0	0	0	0	0	4.63103e-12	44.4723	0	0	
641	134	0	0	0	0	-0	-0	-0	-0	0	1.76412e-11	36.5811	0	0	
569	377	0	0	0	0	-0	-0	0	0	-0	2.33349e-11	18.3866	0	0	
584	352	0	0	0	0	-0	-0	0	-0	0	1.79237e-11	21.0421	0	0	
675	432	0	0	0	-0	0	0	-0	-0	-0	1.39271e-11	19.5344	0	0	
551	325	0	0	0	-0	-0	-0	-0	0	-0	1.95443e-11	19.4725	0	0	
643	81	0	0	0	0	-0	-0	0	-0	0	1.68433e-11	19.1046	0	0	
321	310	0	0	0	0	0	-0	-0	-0	-0	2.22474e-11	18.4734	0	0	
678	562	0	0	0	0	0	-0	-0	0	-0	2.53011e-11	18.5104	0	0	
589	542	0	0	0	0	-0	-0	0	-0	0	3.09116e-11	16.8091	0	0	
559	20	0	0	0	-0	0	-0	-0	-0	0	2.73653e-11	16.9891	0	0	
529	21	0	0	0	-0	0	0	-0	-0	-0	2.22776e-11	15.8855	0	0	
442	326	0	0	0	-0	0	0	0	0	-0	3.11183e-11	16.3053	0	0	
660	260	0	0	0	0	-0	0	-0	-0	-0	2.84368e-11	17.2033	0	0	
326	161	0	0	0	0	-0	-0	0	0	0	3.19396e-11	16.945	0	0	
422	187	0	0	0	0	-0	0	0	-0	-0	1.6354e-11	18.7751	0	0	
414	345	0	0	0	0	-0	-0	-0	-0	-0	3.07341e-11	17.3876	0	0	
318	26	0	0	0	0	-0	0	-0	0	0	3.05628e-11	17.6608	0	0	
625	466	0	0	0	-0	-0	0	0	-0	0	1.92925e-11	16.4291	0	0	
465	373	0	0	0	-0	-0	-0	-0	0	-0	3.43059e-11	16.1452	0	0	
654	509	0	0	0	0	0	-0	-0	0	0	2.34996e-11	18.4443	0	0	
333	237	0	0	0	0	-0	0	0	-0	-0	2.61987e-11	16.871	0	0	
410	153	0	0	0	0	-0	0	0	0	0	2.14214e-11	17.8266	0	0	
320	89	0	0	0	-0	0	-0	-0	0	0	1.88809e-11	18.1909	0	0	
474	188	0	0	0	0	-0	0	0	0	-0	1.70613e-11	17.6751	0	0	
516	311	0	0	0	-0	0	0	-0	-0	0	2.78094e-11	17.2012	0	0	
538	50	0	0	0	0	0	0	0	0	-0	1.71828e-11	35.3259	0	0	
673	537	0	0	0	0	0	0	-0	-0	0	2.17717e-11	19.17	0	0	
388	361	0	0	0	0	-0	0	0	-0	-0	2.20212e-11	18.8648	0	0	
584	337	0	0	0	-0	-0	-0	0	-0	0	1.58236e-11	19.5835	0	0	
318	216	0	0	0	-0	-0	0	-0	0	0	3.42358e-11	16.2427	0	0	
373	214	0	0	0	-0	0	0	-0	-0	0	3.88177e-11	17.1428	0	0	
345	178	0	0	0	-0	0	0	0	-0	0	2.09587e-11	17.1094	0	0	
682	678	0	0	0	-0	0	0	0	-0	0	2.48585e-11	19.2995	0	0	
640	44	0	0	0	-0	-0	-0	-0	0	-0	1.89187e-11	33.0603	0	0	
390	245	0	0	0	-0	-0	0	0	-0	-0	2.08294e-11	17.9056	0	0	
315	102	0	0	0	0	0	0	-0	-0	0	2.46358e-11	16.5494	0	0	
322	45	0	0	0	0	0	0	-0	-0	0	2.70851e-11	16.0335	0	0	
315	4	0	0	0	-0	0	0	-0	-0	0	2.3257e-11	16.7017	0	0	
377	181	0	0	0	0	0	0	-0	-0	0	2.07755e-11	18.6798	0	0	
397	260	0	0	0	-0	0	-0	-0	0	0	2.7493e-11	17.8779	0	0	
588	129	0	0	0	0	-0	0	0	0	0	1.86686e-11	18.6179	0	0	
346	213	0	0	0	0	0	0	0	0	-0	1.92667e-11	19.4319	0	0	
668	558	0	0	0	0	-0	-0	0	0	-0	2.25931e-11	33.6538	0	0	
464	100	0	0	0	-0	-0	0	-0	0	0	2.27799e-11	17.2389	0	0	
300	146	0	0	0	0	0	-0	-0	0	0	2.46502e-11	16.8404	0	0	
214	77	0	0	0	0	-0	-0	0	0	-0	3.29862e-11	17.6267	0	0	
229	27	0	0	0	-0	-0	-0	0	0	-0	2.07917e-11	17.8843	0	0	
440	205	0	0	0	0	0	0	-0	0	0	2.98261e-11	17.0859	0	0	
334	65	0	0	0	-0	-0	-0	0	-0	-0	2.23408e-11	18.351	0	0	
533	510	0	0	0	0	0	0	0	-0	-0	3.55914e-11	17.1955	0	0	
510	185	0	0	0	0	0	0	-0	0	0	3.18417e-11	16.0136	0	0	
311	223	0	0	0	-0	-0	-0	-0	0	-0	2.41651e-11	17.3406	0	0	
577	393	0	0	0	-0	-0	-0	0	0	-0	1.76759e-11	18.9552	0	0	
526	327	0	0	0	0	-0	0	-0	-0	-0	1.9764e-11	47.4715	0	0	
423	38	0	0	0	-0	-0	-0	-0	-0	0	1.46293e-11	18.8285	0	0	
604	136	0	0	0	0	-0	0	0	0	0	2.87164e-11	16.0406	0	0	
474	466	0	0	0	0	-0	0	0	0	0	2.51126e-11	18.0942	0	0	
532	254	0	0	0	-0	0	0	-0	0	-0	1.78956e-11	22.0248	0	0	
610	310	0	0	0	0	0	0	-0	0	0	1.67595e-11	18.5282	0	0	
469	50	0	0	0	-0	0	-0	0	0	-0	1.94234e-11	18.1511	0	0	
330	176	0	0	0	0	0	0	-0	-0	0	2.5512e-11	17.6985	0	0	
451	432	0	0	0	-0	-0	-0	0	-0	0	1.7604e-11	36.6573	0	0	
524	153	0	0	0	0	-0	-0	-0	0	-0	2.01849e-11	17.9782	0	0	
344	187	0	0	0	-0	-0	0	-0	0	-0	8.3846e-12	19.6418	0	0	
275	167	0	0	0	-0	-0	-0	-0	0	-0	2.07021e-11	17.1898	0	0	
379	210	0	0	0	-0	0	-0	-0	0	0	1.8141e-11	42.3689	0	0	
452	200	0	0	0	-0	-0	0	-0	0	0	2.2081e-11	18.5332	0	0	
563	97	0	0	0	0	-0	0	0	0	0	1.63856e-11	18.3105	0	0	
503	101	0	0	0	-0	-0	-0	-0	-0	0	2.09283e-11	17.7149	0	0	
551	217	0	0	0	-0	-0	0	-0	0	-0	1.96234e-11	52.3684	0	0	
559	0	0	0	0	-0	-0	0	-0	0	-0	2.72004e-11	17.0816	0	0	
345	339	0	0	0	-0	-0	-0	0	-0	0	2.93628e-11	17.8586	0	0	
695	561	0	0	0	0	0	-0	0	0	0	2.43629e-11	18.5168	0	0	
675	264	0	0	0	0	0	0	-0	0	0	2.72783e-11	18.001	0	0	
581	458	0	0	0	-0	-0	0	-0	-0	-0	1.82465e-11	19.3735	0	0	
440	82	0	0	0	-0	0	-0	-0	0	0	3.86646e-11	16.6945	0	0	
482	466	0	0	0	-0	0	0	-0	-0	0	2.72284e-11	18.0536	0	0	
552	163	0	0	0	0	0	-0	-0	0	-0	2.40155e-11	17.1791	0	0	
505	71	0	0	0	0	-0	0	-0	0	0	2.11798e-11	17.6324	0	0	
627	534	0	0	0	-0	0	-0	0	0	-0	1.99911e-11	19.3707	0	0	
611	52	0	0	0	0	-0	0	0	0	-0	2.15306e-11	17.3036	0	0	
478	435	0	0	0	-0	0	0	-0	-0	-0	2.96087e-11	17.1549	0	0	
296	45	0	0	0	0	0	0	-0	0	0	5.76386e-12	18.43	0	0	
229	179	0	0	0	0	-0	-0	-0	0	-0	1.75685e-11	18.038	0	0	
335	237	0	0	0	0	-0	0	0	-0	-0	2.57425e-11	18.1205	0	0	
682	454	0	0	0	-0	-0	-0	-0	0	-0	2.13132e-11	34.6172	0	0	
449	352	0	0	0	-0	0	-0	0	0	-0	1.28432e-11	29.0386	0	0	
544	2	0	0	0	0	-0	-0	0	0	-0	2.30991e-11	18.9701	0	0	
446	153	0	0	0	-0	-0	0	0	0	0	1.80796e-11	18.9402	0	0	
394	339	0	0	0	-0	0	0	-0	-0	-0	2.4177e-11	18.0479	0	0	
450	314	0	0	0	-0	0	0	0	0	0	2.19882e-11	18.5126	0	0	
622	339	0	0	0	0	-0	-0	0	-0	0	2.31044e-11	17.6253	0	0	
306	241	0	0	0	0	-0	0	-0	-0	-0	3.08718e-11	13.6882	0	0	
499	113	0	0	0	-0	0	-0	-0	0	0	2.06397e-11	18.445	0	0	
670	237	0	0	0	0	0	-0	0	-0	-0	2.24469e-11	17.9341	0	0	
