208	2	0	0	0	0	0	-0	0	-0	0	0.0038776	15.2747	0	0	
429	371	0	0	0	-0	0	-0	0	-0	-0	0.00832058	25.4149	0	0	
118	56	0	0	0	0	0	0	-0	0	-0	0.0187841	28.8486	0	0	
153	21	0	0	0	-0	-0	0	0	0	0	0.0168707	3.11773	0	0	
396	21	0	0	0	-0	-0	0	0	-0	0	0.00655374	5.31766	0	0	
481	14	0	0	0	-0	-0	0	-0	-0	-0	0.00265948	6.23144	0	0	
471	65	0	0	0	0	-0	-0	0	0	0	0.00171933	11.1486	0	0	
476	324	0	0	0	0	0	-0	0	-0	-0	0.000321943	0.650115	0	0	
553	489	0	0	0	0	-0	-0	-0	0	-0	0.000988399	11.535	0	0	
520	299	0	0	0	-0	0	0	-0	-0	-0	0.000934792	1.03656	0	0	
339	79	0	0	0	0	-0	0	0	0	-0	0.0129811	23.7081	0	0	
590	79	0	0	0	-0	-0	-0	0	-0	-0	0.00469711	20.1636	0	0	
97	72	0	0	0	0	-0	-0	-0	-0	0	0.0222096	42.7727	0	0	
125	37	0	0	0	-0	0	0	-0	0	-0	0.0151875	22.43	0	0	
230	226	0	0	0	-0	0	0	-0	-0	0	0.00763448	22.2166	0	0	
272	215	0	0	0	0	-0	-0	-0	-0	0	1.52953e-05	3.43575	0	0	
358	1	0	0	0	-0	-0	-0	-0	-0	0	0.00531832	10.6454	0	0	
448	64	0	0	0	-0	0	-0	0	0	-0	0.0087037	13.7208	0	0	
175	81	0	0	0	0	0	-0	0	-0	-0	0.00417493	35.3759	0	0	
253	129	0	0	0	0	-0	0	0	-0	-0	0.00327584	14.4072	0	0	
595	379	0	0	0	-0	0	-0	0	0	0	0.000612697	23.9395	0	0	
424	157	0	0	0	-0	0	-0	-0	-0	0	0.000436315	0.12479	0	0	
442	259	0	0	0	0	0	0	-0	-0	0	0.00976426	13.1814	0	0	
295	78	0	0	0	-0	-0	0	0	-0	0	0.00209451	14.2905	0	0	
290	66	0	0	0	0	0	-0	0	-0	-0	0.00273893	25.906	0	0	
271	181	0	0	0	-0	0	0	-0	-0	0	0.00260875	26.2039	0	0	
460	431	0	0	0	0	-0	-0	-0	-0	0	0.00135306	2.30056	0	0	
515	109	0	0	0	0	0	-0	-0	0	-0	0.0050973	22.1482	0	0	
316	152	0	0	0	0	-0	-0	0	0	0	0.0279537	16.3193	0	0	
259	61	0	0	0	-0	0	-0	0	-0	-0	0.00689929	31.1794	0	0	
590	534	0	0	0	-0	-0	-0	0	0	-0	0.000734533	0.311975	0	0	
446	26	0	0	0	-0	0	0	-0	-0	0	0.00069282	4.76818	0	0	
201	37	0	0	0	0	-0	0	0	0	0	0.00210088	7.83761	0	0	
324	188	0	0	0	-0	-0	-0	-0	-0	0	0.00174517	2.80375	0	0	
576	135	0	0	0	-0	0	0	0	0	-0	0.000610527	9.5263	0	0	
501	84	0	0	0	-0	0	-0	-0	0	0	0.00125861	9.91878	0	0	
585	530	0	0	0	0	0	-0	0	0	0	0.000462965	8.3106	0	0	
186	44	0	0	0	0	-0	-0	0	-0	0	0.00577659	14.2884	0	0	
577	439	0	0	0	0	-0	-0	0	0	-0	0.000964907	8.30859	0	0	
257	97	0	0	0	-0	0	0	0	-0	0	0.00473015	12.5917	0	0	
596	123	0	0	0	-0	0	-0	-0	-0	-0	0.00647257	11.6336	0	0	
253	47	0	0	0	-0	-0	-0	0	-0	-0	0.0113781	10.2368	0	0	
255	205	0	0	0	-0	-0	0	0	-0	0	0.00226708	20.0932	0	0	
317	30	0	0	0	-0	0	0	-0	0	-0	0.00677235	7.87384	0	0	
301	86	0	0	0	0	0	0	-0	-0	0	0.00884914	6.76683	0	0	
172	158	0	0	0	0	0	0	-0	0	0	0.00293157	4.1704	0	0	
320	292	0	0	0	-0	0	0	0	0	-0	0.00117579	3.59475	0	0	
332	11	0	0	0	0	-0	0	-0	-0	0	0.00130836	6.92181	0	0	
155	29	0	0	0	0	-0	-0	-0	-0	-0	0.00629091	12.0241	0	0	
207	146	0	0	0	-0	0	0	0	-0	0	0.00367624	0.402548	0	0	
114	43	0	0	0	-0	-0	0	-0	-0	-0	0.00759402	38.4313	0	0	
177	109	0	0	0	-0	0	0	-0	-0	0	0.0103736	23.7745	0	0	
471	221	0	0	0	-0	-0	0	0	0	0	0.00368864	11.2713	0	0	
482	285	0	0	0	-0	0	-0	0	-0	-0	0.000365407	12.2495	0	0	
404	315	0	0	0	0	-0	0	-0	-0	0	0.00415362	4.79435	0	0	
572	249	0	0	0	0	0	-0	0	0	0	0.00439641	7.20964	0	0	
264	102	0	0	0	0	-0	0	-0	-0	0	0.0109946	16.5085	0	0	
380	253	0	0	0	-0	-0	0	-0	0	0	0.00915594	21.3713	0	0	
410	119	0	0	0	-0	0	0	-0	-0	0	0.00223805	22.9211	0	0	
267	164	0	0	0	0	-0	0	-0	-0	-0	0.0337624	30.654	0	0	
184	154	0	0	0	-0	-0	0	-0	0	0	0.00890678	7.23379	0	0	
202	28	0	0	0	-0	0	-0	-0	-0	0	0.00320894	2.88627	0	0	
472	339	0	0	0	-0	-0	0	-0	0	-0	0.0101249	22.432	0	0	
445	432	0	0	0	-0	0	-0	-0	-0	0	0.00338633	19.5196	0	0	
287	103	0	0	0	-0	-0	-0	0	-0	0	0.000946847	6.31397	0	0	
564	106	0	0	0	-0	0	-0	-0	-0	0	0.00225264	11.2794	0	0	
10	6	0	0	0	0	-0	-0	0	0	0	0.0156583	37.4833	0	0	
385	92	0	0	0	0	-0	-0	0	-0	0	0.00176034	12.5937	0	0	
366	86	0	0	0	-0	0	-0	-0	0	0	0.00732074	23.3679	0	0	
270	101	0	0	0	0	0	0	0	-0	-0	0.0300018	24.2012	0	0	
99	24	0	0	0	0	-0	0	0	0	0	0.00690438	25.6322	0	0	
106	33	0	0	0	-0	0	-0	0	0	0	0.0097904	8.33677	0	0	
531	126	0	0	0	-0	-0	0	0	0	0	0.00767224	25.6705	0	0	
512	9	0	0	0	-0	0	0	-0	-0	0	0.00347586	20.4756	0	0	
437	393	0	0	0	0	-0	0	-0	-0	0	0.000304756	14.8158	0	0	
204	142	0	0	0	-0	-0	-0	0	0	-0	2.8442e-05	1.16336	0	0	
587	509	0	0	0	-0	-0	-0	0	-0	0	0.00158411	19.7128	0	0	
554	113	0	0	0	-0	-0	-0	-0	0	-0	0.0030503	21.9167	0	0	
485	13	0	0	0	-0	-0	-0	-0	-0	0	0.00539193	5.36597	0	0	
569	312	0	0	0	-0	-0	0	0	-0	-0	0.00880367	9.18413	0	0	
152	6	0	0	0	-0	0	-0	0	0	-0	0.0242018	30.1931	0	0	
562	461	0	0	0	0	-0	0	0	-0	-0	0.00175778	17.2452	0	0	
558	16	0	0	0	0	-0	0	-0	-0	-0	0.000500492	6.81916	0	0	
216	198	0	0	0	0	-0	0	0	0	-0	0.00602079	10.1341	0	0	
121	117	0	0	0	-0	0	-0	0	0	0	0.00070982	6.21937	0	0	
273	193	0	0	0	-0	-0	0	-0	0	-0	0.00581651	4.63534	0	0	
593	31	0	0	0	0	-0	0	-0	-0	0	0.0007244	11.7443	0	0	
232	121	0	0	0	0	0	0	-0	0	0	0.00699502	17.855	0	0	
376	186	0	0	0	0	0	-0	-0	0	-0	0.000361045	3.4277	0	0	
302	184	0	0	0	0	0	-0	0	-0	-0	0.000204219	7.49544	0	0	
295	152	0	0	0	-0	-0	0	0	-0	0	0.00181801	10.9131	0	0	
587	178	0	0	0	-0	-0	0	0	-0	-0	0.00352668	21.0754	0	0	
355	244	0	0	0	-0	-0	-0	0	-0	0	0.000172801	0.41865	0	0	
107	27	0	0	0	0	0	-0	0	-0	-0	0.0199315	33.6913	0	0	
475	210	0	0	0	-0	0	0	-0	0	-0	0.00117499	11.4505	0	0	
231	93	0	0	0	-0	-0	0	0	0	0	0.0107006	28.0053	0	0	
244	18	0	0	0	-0	0	-0	0	0	-0	0.000343435	5.85305	0	0	
519	278	0	0	0	-0	-0	-0	-0	-0	0	0.00313273	20.057	0	0	
89	2	0	0	0	-0	0	0	0	0	-0	0.0159325	36.658	0	0	
274	54	0	0	0	0	-0	0	0	-0	-0	0.000897878	12.1308	0	0	
455	94	0	0	0	0	-0	0	-0	-0	0	0.000336065	1.1211	0	0	
289	34	0	0	0	0	-0	-0	-0	0	-0	0.00474753	23.5229	0	0	
195	37	0	0	0	-0	-0	0	0	-0	0	0.0112827	30.6138	0	0	
77	20	0	0	0	-0	0	0	0	-0	0	0.0130828	15.4639	0	0	
205	203	0	0	0	-0	0	0	-0	-0	0	0.00587543	19.4209	0	0	
546	142	0	0	0	-0	0	-0	0	-0	-0	0.000144486	3.33914	0	0	
71	43	0	0	0	0	-0	-0	-0	0	-0	0.0121294	17.1485	0	0	
521	149	0	0	0	-0	0	0	-0	-0	-0	0.00668757	5.12242	0	0	
267	38	0	0	0	0	-0	0	-0	-0	-0	0.0407668	19.0989	0	0	
409	314	0	0	0	0	-0	0	0	0	-0	0.00367785	6.02212	0	0	
61	26	0	0	0	-0	0	0	-0	-0	0	0.00723655	41.7221	0	0	
419	53	0	0	0	0	0	-0	0	0	0	0.000621712	10.2489	0	0	
410	4	0	0	0	-0	0	0	-0	-0	-0	0.00480691	21.1197	0	0	
528	306	0	0	0	0	0	0	-0	0	0	0.00177924	3.89465	0	0	
391	175	0	0	0	-0	-0	0	-0	-0	-0	0.00078225	4.41796	0	0	
359	22	0	0	0	-0	-0	0	-0	0	0	0.00244864	30.7184	0	0	
443	181	0	0	0	0	-0	0	0	0	-0	0.00200701	28.8365	0	0	
244	171	0	0	0	-0	-0	0	0	0	0	0.00985852	11.4304	0	0	
193	126	0	0	0	-0	0	0	0	-0	0	0.00196108	12.3884	0	0	
10	1	0	0	0	-0	-0	0	0	-0	0	0.0212495	24.6983	0	0	
338	72	0	0	0	0	-0	0	-0	0	0	0.00507306	23.5813	0	0	
64	47	0	0	0	-0	-0	0	-0	-0	-0	0.0121554	41.1887	0	0	
329	105	0	0	0	-0	0	0	0	0	0	0.002816	11.7906	0	0	
300	30	0	0	0	-0	0	0	0	-0	0	0.00124021	1.48741	0	0	
42	40	0	0	0	-0	0	-0	-0	-0	-0	0.00964703	22.6353	0	0	
205	26	0	0	0	-0	-0	-0	-0	-0	0	0.00547386	19.8899	0	0	
215	199	0	0	0	0	0	-0	-0	0	0	0.00334915	10.5307	0	0	
433	94	0	0	0	-0	-0	0	0	-0	0	0.000988925	0.366319	0	0	
270	158	0	0	0	0	-0	-0	0	0	0	0.0310168	24.3622	0	0	
494	198	0	0	0	-0	0	0	0	0	0	0.00121661	11.1486	0	0	
188	2	0	0	0	-0	0	-0	0	0	0	0.00132595	7.66049	0	0	
185	146	0	0	0	-0	-0	0	0	-0	-0	0.00533929	27.8402	0	0	
357	16	0	0	0	-0	0	-0	0	-0	-0	0.00365668	27.2223	0	0	
194	176	0	0	0	-0	-0	0	0	-0	-0	0.0128592	40.6493	0	0	
430	53	0	0	0	0	0	-0	-0	0	-0	0.000353998	16.0898	0	0	
48	9	0	0	0	-0	-0	0	-0	0	-0	0.0180866	37.5376	0	0	
487	202	0	0	0	0	0	0	0	0	-0	0.000307063	1.83361	0	0	
321	114	0	0	0	-0	0	-0	-0	-0	0	0.00421625	12.1952	0	0	
62	3	0	0	0	-0	-0	-0	-0	0	0	0.00526042	28.0033	0	0	
598	44	0	0	0	0	0	-0	0	-0	0	0.00152444	0.927873	0	0	
90	46	0	0	0	0	-0	0	0	0	-0	0.00688601	17.215	0	0	
477	171	0	0	0	0	-0	0	-0	-0	-0	0.00917606	13.2438	0	0	
519	246	0	0	0	0	0	0	-0	-0	0	0.00289043	20.2743	0	0	
512	85	0	0	0	-0	-0	0	-0	0	-0	0.00287804	19.5437	0	0	
351	182	0	0	0	-0	-0	0	0	-0	0	0.00436058	3.58066	0	0	
554	41	0	0	0	-0	0	0	-0	0	-0	0.00489524	21.2586	0	0	
404	181	0	0	0	-0	-0	-0	-0	0	0	0.00593219	15.3914	0	0	
225	196	0	0	0	-0	0	-0	0	0	0	0.0151872	17.7584	0	0	
315	87	0	0	0	-0	0	-0	-0	0	0	0.00369993	18.7628	0	0	
523	88	0	0	0	-0	0	-0	0	0	-0	0.00297718	27.6611	0	0	
103	24	0	0	0	-0	0	0	0	-0	0	0.00480984	8.2945	0	0	
212	131	0	0	0	0	-0	-0	-0	-0	-0	8.19364e-05	0.0382421	0	0	
261	120	0	0	0	0	0	-0	-0	0	-0	0.0151953	21.007	0	0	
435	98	0	0	0	-0	0	-0	0	0	0	0.00110311	1.46326	0	0	
87	67	0	0	0	0	-0	-0	-0	-0	0	0.00794101	30.6621	0	0	
426	278	0	0	0	0	0	-0	-0	0	-0	0.000256836	13.8497	0	0	
311	84	0	0	0	-0	-0	-0	-0	0	0	0.00435311	15.8544	0	0	
353	220	0	0	0	0	-0	0	0	0	-0	0.000206837	2.69506	0	0	
481	45	0	0	0	0	-0	-0	-0	-0	-0	0.00174854	8.85203	0	0	
380	121	0	0	0	0	-0	0	-0	0	0	0.00551314	8.40923	0	0	
562	559	0	0	0	0	-0	0	-0	0	0	0.00233642	15.2707	0	0	
593	111	0	0	0	-0	-0	-0	-0	0	0	0.000621058	21.2324	0	0	
198	197	0	0	0	-0	-0	-0	0	-0	0	0.0184874	19.0043	0	0	
176	136	0	0	0	0	0	0	-0	0	-0	0.0349916	38.1575	0	0	
545	240	0	0	0	0	0	0	0	-0	-0	0.00296214	6.37837	0	0	
118	66	0	0	0	-0	0	-0	-0	0	0	0.0238316	39.9791	0	0	
495	146	0	0	0	-0	-0	-0	0	-0	-0	0.00308554	20.1757	0	0	
406	390	0	0	0	0	-0	-0	-0	-0	0	0.00790599	11.8893	0	0	
296	124	0	0	0	-0	-0	-0	-0	0	-0	0.00612572	10.3032	0	0	
276	78	0	0	0	0	-0	0	0	-0	-0	2.32252e-05	4.13618	0	0	
457	11	0	0	0	0	-0	-0	0	0	0	0.000997057	0.350217	0	0	
390	147	0	0	0	-0	0	0	0	0	-0	0.00322244	8.36495	0	0	
163	58	0	0	0	0	-0	-0	0	-0	0	0.0135209	7.04056	0	0	
343	37	0	0	0	-0	0	0	0	0	0	0.000781506	4.38375	0	0	
397	283	0	0	0	0	0	0	-0	-0	0	0.00154885	7.95636	0	0	
590	551	0	0	0	0	0	-0	-0	-0	-0	0.00672755	13.5518	0	0	
477	65	0	0	0	-0	-0	-0	0	-0	0	0.0113808	13.9624	0	0	
219	70	0	0	0	-0	0	-0	-0	0	0	0.0161163	5.77656	0	0	
533	349	0	0	0	0	-0	-0	0	-0	0	5.32164e-05	8.33878	0	0	
261	1	0	0	0	0	0	-0	-0	0	-0	0.010935	20.7715	0	0	
42	14	0	0	0	-0	-0	-0	0	-0	-0	0.015543	5.38408	0	0	
183	64	0	0	0	-0	0	0	0	0	-0	0.0193041	10.7984	0	0	
485	88	0	0	0	-0	0	0	-0	-0	-0	8.17147e-05	5.39012	0	0	
203	81	0	0	0	0	-0	-0	-0	0	-0	0.00686679	12.1066	0	0	
506	398	0	0	0	-0	0	0	-0	0	-0	0.000900815	15.8986	0	0	
170	72	0	0	0	-0	-0	0	0	0	0	0.0131857	25.5719	0	0	
370	193	0	0	0	-0	-0	-0	0	-0	0	0.00785066	11.215	0	0	
197	15	0	0	0	-0	0	-0	0	-0	-0	0.012081	21.4437	0	0	
345	336	0	0	0	-0	0	-0	-0	0	0	0.00105889	13.741	0	0	
411	167	0	0	0	0	-0	0	0	0	0	0.00131596	2.74538	0	0	
219	165	0	0	0	-0	0	-0	-0	0	0	0.0129878	4.93524	0	0	
87	63	0	0	0	0	-0	0	0	0	0	0.00975549	27.8966	0	0	
61	5	0	0	0	0	0	-0	0	0	0	0.00698115	23.4363	0	0	
213	105	0	0	0	-0	-0	0	-0	0	-0	0.00887865	17.4082	0	0	
122	76	0	0	0	0	0	-0	-0	0	-0	0.00520239	6.70846	0	0	
263	105	0	0	0	0	-0	0	0	-0	-0	0.0117974	31.8597	0	0	
59	27	0	0	0	-0	-0	-0	0	-0	0	0.0217687	18.3481	0	0	
314	200	0	0	0	-0	-0	0	-0	0	-0	0.000776728	5.36395	0	0	
187	162	0	0	0	0	-0	-0	0	-0	0	0.01903	31.6463	0	0	
431	190	0	0	0	0	-0	0	0	0	0	0.00385311	5.6397	0	0	
162	99	0	0	0	-0	0	-0	-0	-0	-0	0.00743191	31.1431	0	0	
140	77	0	0	0	-0	-0	0	-0	-0	-0	0.0164964	8.96676	0	0	
100	98	0	0	0	-0	0	-0	-0	-0	0	0.00707852	33.6268	0	0	
516	161	0	0	0	-0	0	-0	-0	0	0	0.00956568	17.7182	0	0	
531	183	0	0	0	-0	-0	0	0	-0	0	0.00840498	25.4873	0	0	
407	120	0	0	0	-0	0	0	0	0	-0	0.00632952	21.1257	0	0	
545	17	0	0	0	0	0	-0	-0	-0	-0	0.000499178	0.320026	0	0	
135	98	0	0	0	0	-0	0	-0	-0	0	0.00807561	37.1793	0	0	
504	303	0	0	0	-0	-0	-0	-0	-0	0	0.00047012	7.09893	0	0	
366	87	0	0	0	0	0	0	-0	0	0	0.00693379	23.533	0	0	
166	130	0	0	0	0	0	-0	-0	-0	-0	0.0373843	33.2625	0	0	
508	6	0	0	0	-0	0	0	-0	-0	-0	0.00701457	21.1479	0	0	
169	82	0	0	0	-0	-0	-0	-0	0	-0	0.00356932	19.1593	0	0	
133	0	0	0	0	0	-0	-0	-0	0	-0	0.0428516	41.2712	0	0	
364	351	0	0	0	-0	0	-0	0	0	-0	0.001504	15.0493	0	0	
96	34	0	0	0	-0	-0	-0	0	-0	0	0.00929698	19.2982	0	0	
163	23	0	0	0	-0	-0	0	0	-0	-0	0.0101587	6.67223	0	0	
578	453	0	0	0	0	-0	-0	0	-0	0	7.91351e-05	3.37335	0	0	
411	54	0	0	0	0	0	0	-0	-0	0	0.0052698	7.50551	0	0	
430	249	0	0	0	-0	0	-0	-0	-0	-0	0.000495329	0.364306	0	0	
432	61	0	0	0	-0	-0	-0	0	0	-0	0.00414902	19.2941	0	0	
340	322	0	0	0	-0	0	-0	-0	-0	-0	0.0079557	7.81547	0	0	
329	195	0	0	0	0	0	0	-0	0	0	0.0104593	32.552	0	0	
269	4	0	0	0	0	-0	-0	0	0	-0	0.00163154	17.9275	0	0	
577	123	0	0	0	-0	0	-0	0	0	-0	0.000535856	8.70913	0	0	
368	32	0	0	0	0	-0	-0	0	-0	0	0.000288789	1.62227	0	0	
414	21	0	0	0	-0	-0	0	-0	0	0	0.00394486	28.2689	0	0	
567	550	0	0	0	0	0	0	-0	-0	0	0.00330459	13.2901	0	0	
405	191	0	0	0	-0	-0	0	0	-0	0	0.0271565	12.3321	0	0	
359	278	0	0	0	-0	-0	-0	-0	0	-0	0.00235162	17.9657	0	0	
195	126	0	0	0	0	-0	0	-0	-0	0	0.00678538	8.19789	0	0	
192	179	0	0	0	0	0	-0	0	-0	0	0.00470088	17.7161	0	0	
474	150	0	0	0	0	0	-0	0	-0	0	0.000438917	7.89195	0	0	
226	45	0	0	0	0	0	-0	-0	0	-0	0.00694134	22.6413	0	0	
104	3	0	0	0	-0	0	0	0	-0	0	0.000153242	10.7923	0	0	
184	13	0	0	0	-0	-0	0	0	-0	0	0.01313	12.0201	0	0	
232	196	0	0	0	-0	0	0	0	0	0	0.010038	31.4833	0	0	
174	12	0	0	0	-0	0	-0	-0	0	0	0.00698625	26.3186	0	0	
180	66	0	0	0	-0	0	0	0	0	-0	0.018737	40.1904	0	0	
439	159	0	0	0	-0	0	-0	-0	-0	0	0.000315633	10.8285	0	0	
25	18	0	0	0	-0	-0	-0	0	0	-0	0.0120798	25.1794	0	0	
473	27	0	0	0	-0	-0	0	0	-0	0	0.000618963	3.48204	0	0	
587	28	0	0	0	0	0	-0	0	-0	-0	0.0029402	20.0368	0	0	
161	130	0	0	0	-0	0	-0	-0	-0	-0	0.00523991	18.4025	0	0	
516	130	0	0	0	-0	-0	0	0	0	0	0.024786	29.7704	0	0	
338	24	0	0	0	-0	-0	0	0	0	0	0.0057783	26.7292	0	0	
557	222	0	0	0	0	-0	0	-0	-0	0	0.00271482	2.97282	0	0	
414	153	0	0	0	0	0	0	-0	0	0	0.00218121	13.8799	0	0	
76	17	0	0	0	0	-0	0	0	0	0	0.00786965	25.7872	0	0	
597	570	0	0	0	-0	-0	0	-0	0	-0	3.72286e-05	9.8423	0	0	
454	121	0	0	0	0	-0	-0	0	-0	0	0.000453419	0.378395	0	0	
265	48	0	0	0	-0	0	0	-0	-0	-0	0.0118095	19.4129	0	0	
557	11	0	0	0	0	-0	-0	-0	-0	-0	0.00291788	2.87419	0	0	
491	115	0	0	0	0	-0	-0	-0	-0	-0	0.000301502	0.106675	0	0	
301	118	0	0	0	-0	-0	0	0	-0	0	0.00691205	13.58	0	0	
547	119	0	0	0	0	-0	0	-0	-0	0	0.00513212	20.9325	0	0	
514	67	0	0	0	-0	-0	0	0	-0	-0	0.00191309	8.89631	0	0	
559	135	0	0	0	0	0	0	0	-0	-0	0.00276051	3.41965	0	0	
554	70	0	0	0	0	0	-0	-0	0	-0	0.00179648	21.0452	0	0	
282	124	0	0	0	0	-0	0	-0	0	0	0.00645931	23.3679	0	0	
384	9	0	0	0	-0	0	-0	0	0	0	0.00194099	4.27103	0	0	
51	37	0	0	0	0	0	0	-0	0	-0	0.00194339	6.84734	0	0	
489	122	0	0	0	0	-0	-0	0	-0	0	0.00112056	30.4145	0	0	
139	130	0	0	0	0	-0	-0	-0	-0	0	0.0169641	19.59	0	0	
203	166	0	0	0	0	0	0	-0	0	-0	0.0103974	13.3404	0	0	
390	3	0	0	0	0	0	-0	-0	0	-0	0.0124087	19.2519	0	0	
264	119	0	0	0	-0	-0	0	0	-0	0	0.00458206	19.9724	0	0	
296	34	0	0	0	-0	0	-0	0	-0	-0	0.00367376	4.18247	0	0	
519	19	0	0	0	-0	0	0	-0	-0	0	0.00141999	1.88795	0	0	
279	112	0	0	0	0	-0	-0	0	0	0	0.000420169	3.22038	0	0	
386	267	0	0	0	-0	0	0	0	0	-0	0.00210213	9.29685	0	0	
250	186	0	0	0	0	-0	0	-0	0	0	0.00693662	18.5937	0	0	
221	86	0	0	0	0	0	0	0	0	-0	0.00203779	11.3418	0	0	
215	89	0	0	0	0	0	0	-0	0	-0	0.0072102	7.72892	0	0	
358	11	0	0	0	0	-0	0	-0	-0	-0	0.0054838	17.7403	0	0	
485	8	0	0	0	-0	-0	-0	-0	0	0	0.00270816	4.11605	0	0	
164	141	0	0	0	-0	0	-0	0	-0	-0	0.027353	26.3468	0	0	
560	123	0	0	0	0	-0	0	0	-0	-0	0.000439733	14.8399	0	0	
251	160	0	0	0	-0	0	0	-0	0	-0	0.00240515	8.95468	0	0	
381	95	0	0	0	-0	-0	0	-0	0	0	0.00087452	11.8148	0	0	
96	5	0	0	0	0	0	0	0	-0	-0	0.0015653	12.1288	0	0	
454	196	0	0	0	-0	-0	-0	0	0	-0	0.000284225	7.72892	0	0	
524	478	0	0	0	-0	-0	-0	0	-0	0	0.000364969	1.94632	0	0	
263	37	0	0	0	-0	-0	0	0	-0	-0	0.00534059	12.3522	0	0	
227	112	0	0	0	-0	0	-0	-0	-0	0	0.00725523	6.91376	0	0	
187	31	0	0	0	0	-0	0	-0	0	0	0.000668072	1.05468	0	0	
178	129	0	0	0	0	-0	-0	-0	-0	-0	0.01457	14.5581	0	0	
198	17	0	0	0	0	0	-0	0	-0	-0	0.0180383	26.1374	0	0	
111	13	0	0	0	0	0	0	-0	-0	0	0.0226592	16.8265	0	0	
165	101	0	0	0	-0	-0	-0	-0	0	-0	0.0318109	39.8482	0	0	
194	126	0	0	0	0	-0	0	-0	0	0	0.00563474	5.43239	0	0	
423	30	0	0	0	0	-0	0	-0	-0	0	0.00126092	2.19791	0	0	
520	23	0	0	0	-0	-0	0	-0	0	-0	0.00616832	0.813147	0	0	
491	155	0	0	0	-0	-0	0	-0	0	0	0.000732334	0.336128	0	0	
325	25	0	0	0	-0	-0	-0	-0	0	0	0.00784093	19.3626	0	0	
255	235	0	0	0	-0	-0	0	-0	0	-0	0.00209103	20.2904	0	0	
254	18	0	0	0	0	-0	-0	-0	-0	0	0.00587012	8.66887	0	0	
362	71	0	0	0	0	-0	-0	-0	0	-0	0.00893492	2.26433	0	0	
118	75	0	0	0	-0	-0	-0	-0	0	0	0.0101926	18.479	0	0	
336	41	0	0	0	-0	0	0	-0	0	-0	0.00184717	14.693	0	0	
88	19	0	0	0	0	0	-0	0	-0	-0	0.0062108	18.8151	0	0	
26	6	0	0	0	-0	0	-0	0	-0	-0	0.020746	38.2219	0	0	
388	298	0	0	0	-0	0	-0	-0	0	0	0.000381165	4.7863	0	0	
402	75	0	0	0	0	-0	-0	-0	-0	-0	0.00193997	23.376	0	0	
256	190	0	0	0	-0	-0	0	0	0	0	0.0119486	8.71919	0	0	
27	22	0	0	0	-0	0	-0	-0	-0	0	0.00944255	19.6806	0	0	
130	81	0	0	0	0	0	-0	0	0	0	0.0126844	39.6349	0	0	
245	132	0	0	0	0	0	0	0	-0	0	0.00725693	15.2445	0	0	
161	8	0	0	0	-0	0	-0	0	0	0	0.0143925	42.3762	0	0	
152	149	0	0	0	-0	0	-0	0	0	-0	0.00198788	0.688357	0	0	
44	5	0	0	0	-0	0	-0	-0	0	0	0.0341967	39.7174	0	0	
87	76	0	0	0	0	-0	-0	-0	0	-0	0.00887181	39.3571	0	0	
207	115	0	0	0	-0	-0	0	0	-0	0	0.00470125	4.0134	0	0	
197	36	0	0	0	0	0	-0	-0	-0	-0	0.0278426	41.547	0	0	
382	11	0	0	0	0	0	-0	-0	-0	-0	0.00262682	9.50617	0	0	
223	132	0	0	0	0	-0	0	0	-0	-0	0.00186012	1.0104	0	0	
517	36	0	0	0	-0	0	-0	0	0	0	8.30042e-05	11.6799	0	0	
133	66	0	0	0	0	-0	-0	-0	-0	-0	0.0302534	39.7134	0	0	
435	233	0	0	0	0	0	-0	-0	0	-0	0.000539348	10.0053	0	0	
209	84	0	0	0	-0	0	0	-0	0	-0	0.00443649	14.6085	0	0	
596	116	0	0	0	-0	0	-0	-0	-0	-0	0.0213923	15.2042	0	0	
189	75	0	0	0	-0	-0	0	0	0	0	0.00869308	21.7477	0	0	
551	251	0	0	0	0	-0	0	-0	-0	0	0.00236662	10.4018	0	0	
513	165	0	0	0	-0	0	-0	-0	0	0	0.000366525	3.77389	0	0	
158	124	0	0	0	-0	0	0	-0	-0	-0	0.024197	27.0975	0	0	
185	115	0	0	0	0	-0	-0	-0	-0	-0	8.1633e-05	0.432739	0	0	
152	0	0	0	0	-0	0	0	0	0	-0	0.0441237	39.3571	0	0	
126	51	0	0	0	0	0	-0	0	-0	-0	0.00984304	24.1066	0	0	
448	356	0	0	0	0	-0	0	0	0	-0	0.00479053	13.1593	0	0	
294	277	0	0	0	0	0	0	0	-0	0	0.00427098	19.7732	0	0	
538	415	0	0	0	0	-0	0	0	0	-0	0.000811152	11.2573	0	0	
197	60	0	0	0	0	0	0	0	0	-0	0.0211628	30.8513	0	0	
579	93	0	0	0	-0	0	0	-0	0	-0	0.012395	8.44344	0	0	
528	84	0	0	0	0	0	-0	-0	-0	-0	0.0027944	8.32671	0	0	
109	12	0	0	0	0	0	0	0	0	-0	0.0119771	27.4558	0	0	
221	146	0	0	0	0	-0	-0	0	0	0	0.00489542	11.219	0	0	
150	146	0	0	0	0	-0	-0	-0	0	-0	0.00290014	16.1623	0	0	
82	79	0	0	0	0	-0	-0	0	-0	0	0.00968658	39.0109	0	0	
371	170	0	0	0	0	-0	-0	-0	-0	0	0.0121663	17.7282	0	0	
515	407	0	0	0	-0	0	0	-0	0	-0	0.00773501	18.7467	0	0	
138	41	0	0	0	-0	-0	0	-0	-0	-0	0.0105071	15.9228	0	0	
418	161	0	0	0	0	-0	-0	-0	-0	-0	0.00224714	26.2944	0	0	
42	34	0	0	0	-0	-0	0	0	-0	-0	0.00880644	40.5144	0	0	
120	23	0	0	0	-0	0	0	-0	-0	0	0.0163414	25.5316	0	0	
182	156	0	0	0	0	-0	0	-0	-0	0	0.00702528	4.62528	0	0	
246	142	0	0	0	0	0	0	-0	0	-0	0.00390377	4.6917	0	0	
254	142	0	0	0	-0	-0	0	0	-0	-0	0.00784713	9.08953	0	0	
409	125	0	0	0	-0	-0	0	0	0	0	0.00273587	5.61152	0	0	
249	37	0	0	0	-0	0	0	0	0	0	0.00342305	17.0922	0	0	
322	80	0	0	0	0	-0	0	0	0	-0	0.0111356	8.40319	0	0	
183	176	0	0	0	0	-0	-0	0	0	0	0.0306456	41.6758	0	0	
267	59	0	0	0	-0	-0	0	0	-0	-0	0.0294854	16.1925	0	0	
445	172	0	0	0	0	0	0	-0	-0	0	0.00272358	20.6024	0	0	
281	142	0	0	0	-0	0	-0	0	0	-0	0.00415191	6.0986	0	0	
339	45	0	0	0	0	-0	0	0	0	0	0.00966045	22.8587	0	0	
116	51	0	0	0	0	-0	-0	0	-0	0	0.00917154	25.588	0	0	
122	60	0	0	0	0	0	-0	-0	0	0	0.0154468	28.1462	0	0	
143	19	0	0	0	-0	0	-0	0	-0	-0	0.000790798	4.33343	0	0	
152	11	0	0	0	-0	0	-0	0	0	-0	0.0123639	13.3304	0	0	
359	149	0	0	0	-0	0	0	-0	-0	0	0.0041366	4.85473	0	0	
501	231	0	0	0	0	-0	-0	-0	0	-0	0.0027764	26.2642	0	0	
404	372	0	0	0	-0	0	0	0	-0	0	0.00291933	1.60013	0	0	
528	352	0	0	0	-0	-0	-0	-0	0	-0	0.00237987	4.46023	0	0	
363	86	0	0	0	0	0	-0	-0	-0	-0	0.000356002	0.0644077	0	0	
492	245	0	0	0	0	-0	-0	-0	-0	-0	0.00300113	12.0543	0	0	
418	71	0	0	0	-0	-0	0	-0	0	-0	0.00449757	23.1525	0	0	
357	126	0	0	0	0	-0	-0	-0	0	-0	0.00494039	30.0442	0	0	
523	13	0	0	0	0	-0	-0	0	0	0	0.00767458	11.4626	0	0	
215	140	0	0	0	-0	-0	-0	-0	0	-0	0.00826952	8.08719	0	0	
98	91	0	0	0	0	0	-0	-0	0	0	0.0130119	16.3133	0	0	
375	283	0	0	0	-0	-0	-0	-0	0	0	0.00066241	8.00869	0	0	
416	116	0	0	0	-0	-0	0	0	-0	0	0.0263547	13.0365	0	0	
450	48	0	0	0	0	-0	0	-0	-0	0	0.000349791	2.91847	0	0	
146	65	0	0	0	0	0	-0	0	0	0	0.00175453	12.6964	0	0	
505	112	0	0	0	0	0	-0	0	-0	-0	0.00968501	3.71753	0	0	
257	196	0	0	0	-0	0	0	0	-0	0	0.0145881	24.2414	0	0	
199	2	0	0	0	0	-0	-0	0	0	-0	0.0150895	11.9577	0	0	
307	158	0	0	0	0	0	-0	0	0	0	0.000667574	1.1533	0	0	
134	116	0	0	0	0	0	0	0	0	-0	0.0199267	25.7631	0	0	
428	293	0	0	0	-0	-0	-0	-0	0	0	0.00325633	0.309962	0	0	
123	94	0	0	0	-0	-0	-0	-0	-0	0	0.00695463	25.8396	0	0	
317	214	0	0	0	-0	0	0	0	0	-0	0.00398741	9.32905	0	0	
49	2	0	0	0	-0	-0	0	0	-0	-0	0.0213952	41.1646	0	0	
224	68	0	0	0	-0	0	0	-0	0	-0	0.0114576	21.5907	0	0	
507	4	0	0	0	0	-0	-0	0	0	0	0.00416132	14.7232	0	0	
443	290	0	0	0	0	0	0	0	-0	-0	0.00247247	26.9023	0	0	
587	34	0	0	0	0	-0	0	-0	-0	-0	0.00155801	19.7249	0	0	
102	4	0	0	0	-0	0	-0	0	-0	-0	0.00436852	12.6621	0	0	
329	265	0	0	0	0	0	-0	0	-0	0	0.0110689	21.4941	0	0	
563	418	0	0	0	0	-0	0	-0	0	0	0.00627136	20.5662	0	0	
212	22	0	0	0	0	-0	0	0	-0	-0	0.00184072	10.0597	0	0	
193	134	0	0	0	-0	0	0	-0	-0	-0	0.00183818	7.01842	0	0	
165	27	0	0	0	0	-0	-0	0	0	-0	0.00655055	16.2046	0	0	
401	267	0	0	0	0	0	-0	-0	0	0	0.00120118	10.1744	0	0	
407	129	0	0	0	0	0	-0	0	-0	0	0.00653141	15.8684	0	0	
516	132	0	0	0	-0	-0	0	0	0	0	0.0291724	31.6383	0	0	
36	16	0	0	0	0	0	-0	0	-0	0	0.01412	22.8104	0	0	
134	77	0	0	0	-0	-0	-0	0	-0	0	0.0125229	29.5289	0	0	
307	147	0	0	0	0	0	0	0	-0	0	0.000467884	0.871516	0	0	
568	219	0	0	0	-0	-0	-0	0	0	-0	0.00466305	3.87452	0	0	
448	224	0	0	0	0	-0	-0	0	0	0	0.00901913	16.0254	0	0	
310	52	0	0	0	-0	-0	-0	0	0	-0	0.0142264	12.2354	0	0	
453	381	0	0	0	-0	-0	0	-0	0	0	0.000620776	13.2217	0	0	
156	64	0	0	0	0	0	0	-0	0	-0	0.00614292	12.0201	0	0	
448	38	0	0	0	0	0	-0	0	0	0	0.00695937	20.1978	0	0	
273	248	0	0	0	-0	0	-0	-0	0	0	0.000533807	3.34517	0	0	
554	75	0	0	0	-0	0	0	-0	0	-0	0.00522755	22.0757	0	0	
38	16	0	0	0	-0	-0	0	0	-0	0	0.016736	22.5608	0	0	
148	29	0	0	0	-0	0	-0	0	-0	-0	0.00863493	29.0398	0	0	
370	136	0	0	0	0	0	0	0	-0	0	0.00327893	11.5048	0	0	
154	77	0	0	0	-0	0	-0	-0	-0	-0	0.00934104	13.1814	0	0	
177	123	0	0	0	0	0	0	0	-0	0	0.00750846	34.4943	0	0	
422	6	0	0	0	0	-0	0	-0	0	0	0.011866	31.4008	0	0	
115	41	0	0	0	-0	0	0	-0	0	-0	0.0201227	39.0834	0	0	
59	39	0	0	0	0	0	-0	0	-0	-0	0.0068422	30.8553	0	0	
463	184	0	0	0	0	-0	-0	0	0	0	0.0119885	8.1838	0	0	
422	271	0	0	0	0	-0	0	-0	0	0	0.00388642	26.6467	0	0	
179	95	0	0	0	0	-0	0	-0	-0	0	0.00469812	13.9402	0	0	
432	173	0	0	0	-0	-0	-0	-0	0	0	0.0131268	21.5846	0	0	
599	95	0	0	0	-0	0	-0	0	0	0	0.00368618	6.5092	0	0	
514	173	0	0	0	0	-0	-0	-0	-0	0	0.00802623	16.7863	0	0	
312	58	0	0	0	0	0	0	0	-0	-0	0.00829164	4.5186	0	0	
537	460	0	0	0	0	0	-0	0	-0	0	0.00074756	3.40757	0	0	
306	73	0	0	0	0	0	-0	-0	-0	-0	0.0142587	10.4421	0	0	
229	181	0	0	0	-0	-0	-0	-0	0	-0	0.000341584	7.11504	0	0	
179	119	0	0	0	0	-0	0	-0	-0	0	0.00804811	28.6433	0	0	
88	8	0	0	0	0	0	0	-0	0	0	0.000974451	2.87621	0	0	
591	566	0	0	0	0	-0	0	0	-0	-0	0.000741667	13.9624	0	0	
163	5	0	0	0	-0	0	0	0	0	0	0.0282655	25.6785	0	0	
501	352	0	0	0	-0	-0	0	-0	0	-0	0.00252895	14.5642	0	0	
472	83	0	0	0	0	0	0	-0	-0	0	0.0121572	19.2176	0	0	
463	43	0	0	0	0	0	-0	0	-0	0	0.0280606	8.22204	0	0	
397	343	0	0	0	0	0	0	0	-0	0	0.00273631	16.6735	0	0	
183	135	0	0	0	-0	0	-0	0	0	0	0.00829675	9.79601	0	0	
321	242	0	0	0	0	-0	0	-0	-0	-0	0.00104964	11.8349	0	0	
143	23	0	0	0	-0	0	0	-0	0	-0	0.0164895	38.2944	0	0	
208	199	0	0	0	0	-0	0	-0	-0	-0	0.00547577	15.8302	0	0	
309	284	0	0	0	0	0	-0	-0	0	0	0.000246834	6.65412	0	0	
560	157	0	0	0	-0	-0	0	0	-0	-0	0.000505533	11.1828	0	0	
220	204	0	0	0	-0	-0	-0	-0	0	0	6.80466e-05	16.1241	0	0	
504	108	0	0	0	-0	0	-0	-0	-0	-0	0.00999738	4.55684	0	0	
530	118	0	0	0	0	-0	-0	0	0	0	0.000137845	2.40925	0	0	
132	44	0	0	0	0	-0	0	0	0	0	0.0117239	18.6118	0	0	
22	0	0	0	0	-0	0	-0	0	-0	-0	0.0190103	37.0103	0	0	
569	293	0	0	0	-0	-0	0	-0	-0	-0	0.00955351	13.5216	0	0	
177	128	0	0	0	0	-0	-0	0	0	0	0.00451039	23.3538	0	0	
293	11	0	0	0	0	0	0	0	-0	-0	0.00723015	13.8879	0	0	
553	258	0	0	0	-0	0	-0	0	0	0	0.000882368	6.9822	0	0	
356	121	0	0	0	-0	-0	-0	-0	0	-0	0.00423314	14.7232	0	0	
110	46	0	0	0	0	-0	0	-0	-0	0	0.0052317	10.7682	0	0	
110	106	0	0	0	-0	-0	0	0	-0	-0	0.00477506	11.2874	0	0	
49	8	0	0	0	0	-0	0	-0	-0	0	0.0303994	39.9006	0	0	
495	366	0	0	0	0	0	-0	0	-0	-0	0.00146852	21.965	0	0	
586	492	0	0	0	-0	-0	-0	-0	0	0	0.00166842	4.79636	0	0	
466	134	0	0	0	-0	-0	0	-0	0	-0	4.57839e-05	3.41361	0	0	
129	120	0	0	0	0	0	-0	-0	0	-0	0.00521543	2.63266	0	0	
329	121	0	0	0	-0	0	0	0	0	0	0.00470942	23.9496	0	0	
323	147	0	0	0	0	0	0	0	-0	0	0.00511851	6.13684	0	0	
449	443	0	0	0	-0	0	0	-0	-0	-0	0.00169463	28.591	0	0	
341	52	0	0	0	-0	0	-0	0	0	-0	0.00104276	1.98859	0	0	
161	94	0	0	0	-0	-0	0	-0	0	0	0.0111973	32.5561	0	0	
287	61	0	0	0	-0	-0	-0	0	-0	0	0.0010876	6.0503	0	0	
234	67	0	0	0	-0	0	0	-0	-0	0	0.00430312	31.1753	0	0	
122	74	0	0	0	-0	-0	-0	-0	0	-0	0.00730198	5.16872	0	0	
219	118	0	0	0	-0	0	0	-0	0	-0	0.00177296	2.3227	0	0	
79	35	0	0	0	0	-0	-0	0	0	-0	0.0122249	32.9707	0	0	
514	480	0	0	0	-0	0	-0	0	-0	-0	0.0106482	9.05129	0	0	
316	44	0	0	0	0	0	0	0	0	-0	0.0220809	16.1784	0	0	
352	84	0	0	0	0	-0	0	0	0	-0	0.00035885	16.1442	0	0	
322	303	0	0	0	-0	0	0	-0	0	-0	0.00179882	15.8825	0	0	
297	155	0	0	0	0	0	0	0	-0	-0	0.0138924	26.3609	0	0	
148	59	0	0	0	-0	0	0	-0	0	-0	0.00751634	2.80173	0	0	
166	26	0	0	0	0	-0	0	-0	-0	0	0.0270903	31.0324	0	0	
432	5	0	0	0	0	0	-0	0	-0	-0	0.0110154	13.7088	0	0	
569	170	0	0	0	-0	-0	-0	0	-0	0	0.00374967	11.2009	0	0	
181	145	0	0	0	-0	-0	0	0	0	0	0.00590131	23.2149	0	0	
345	150	0	0	0	-0	-0	0	0	0	0	0.000511501	1.84568	0	0	
282	24	0	0	0	-0	-0	0	-0	0	-0	0.00158091	4.19052	0	0	
83	69	0	0	0	0	-0	-0	0	0	-0	0.0151846	29.2612	0	0	
599	174	0	0	0	0	-0	-0	0	0	0	0.00273571	6.00602	0	0	
264	148	0	0	0	-0	-0	0	-0	0	0	0.00963907	19.1512	0	0	
115	74	0	0	0	0	0	0	-0	0	0	0.0159035	37.2659	0	0	
543	13	0	0	0	-0	0	0	0	0	0	0.000488987	8.12342	0	0	
143	5	0	0	0	0	0	-0	-0	0	0	0.00434077	25.59	0	0	
382	316	0	0	0	-0	0	-0	-0	-0	-0	0.0086485	10.589	0	0	
544	8	0	0	0	-0	0	-0	-0	0	0	0.000407358	0.726599	0	0	
68	46	0	0	0	0	0	-0	0	-0	-0	0.0118649	24.2877	0	0	
464	84	0	0	0	0	0	-0	-0	0	0	0.00123965	5.95771	0	0	
144	35	0	0	0	-0	-0	-0	0	-0	-0	0.0125245	16.4803	0	0	
273	69	0	0	0	-0	0	-0	-0	-0	0	0.00468365	25.0828	0	0	
406	63	0	0	0	0	-0	-0	-0	0	-0	0.0077649	8.82989	0	0	
398	65	0	0	0	-0	-0	0	0	0	0	0.00214393	4.55684	0	0	
512	363	0	0	0	-0	0	0	0	-0	0	0.000409474	0.93995	0	0	
76	6	0	0	0	0	0	0	0	-0	0	0.0158264	37.8093	0	0	
380	156	0	0	0	-0	0	0	0	0	0	0.00701645	27.9147	0	0	
216	141	0	0	0	0	-0	-0	0	0	0	0.00716111	12.5998	0	0	
414	40	0	0	0	-0	-0	0	-0	0	0	0.0052243	28.0415	0	0	
309	92	0	0	0	-0	0	-0	0	-0	-0	0.000272446	4.54275	0	0	
384	345	0	0	0	-0	-0	-0	-0	-0	0	0.00154685	14.53	0	0	
144	84	0	0	0	0	-0	-0	-0	-0	0	0.00610463	8.06304	0	0	
250	163	0	0	0	-0	0	-0	-0	0	0	0.0081696	12.0301	0	0	
191	170	0	0	0	0	-0	0	-0	-0	0	0.00753917	13.3103	0	0	
248	169	0	0	0	-0	0	0	-0	-0	-0	8.75774e-05	10.265	0	0	
234	90	0	0	0	-0	-0	-0	-0	-0	0	0.00503053	31.1371	0	0	
525	452	0	0	0	0	0	0	-0	-0	0	0.000555934	8.83794	0	0	
553	17	0	0	0	-0	-0	-0	0	0	-0	0.00030853	6.96811	0	0	
328	20	0	0	0	0	-0	-0	-0	-0	0	6.11724e-05	4.8024	0	0	
416	232	0	0	0	0	-0	0	0	-0	-0	0.00722621	18.491	0	0	
547	156	0	0	0	0	-0	0	-0	-0	0	0.00466738	21.7557	0	0	
279	228	0	0	0	-0	-0	-0	0	-0	0	0.000343084	4.90706	0	0	
378	372	0	0	0	0	0	-0	-0	0	0	0.000621518	1.14324	0	0	
512	367	0	0	0	-0	-0	-0	-0	-0	0	0.00292027	9.5424	0	0	
463	10	0	0	0	0	0	-0	0	0	0	0.0283569	8.30054	0	0	
416	195	0	0	0	-0	0	0	0	-0	0	0.0113286	18.6561	0	0	
289	28	0	0	0	-0	0	-0	0	0	-0	0.00311499	27.1619	0	0	
68	12	0	0	0	0	0	-0	-0	0	-0	0.00681565	28.436	0	0	
341	34	0	0	0	0	-0	-0	0	0	0	0.00110396	2.60247	0	0	
17	0	0	0	0	-0	-0	-0	0	0	-0	0.00567696	23.1747	0	0	
475	461	0	0	0	-0	-0	-0	-0	0	0	0.00513348	6.40856	0	0	
320	74	0	0	0	0	0	-0	-0	0	0	0.00593186	4.4864	0	0	
561	473	0	0	0	-0	0	0	-0	0	-0	0.000479932	2.7011	0	0	
317	73	0	0	0	-0	-0	-0	-0	0	-0	0.00313176	7.52966	0	0	
340	318	0	0	0	-0	-0	-0	0	-0	-0	0.00178571	5.02782	0	0	
469	147	0	0	0	0	0	-0	-0	0	-0	0.00462608	20.3025	0	0	
591	185	0	0	0	0	0	-0	0	-0	0	0.000525658	18.5071	0	0	
152	24	0	0	0	0	0	0	-0	0	-0	0.0182447	37.3746	0	0	
180	39	0	0	0	0	0	-0	0	0	0	0.0166329	22.0516	0	0	
158	89	0	0	0	-0	-0	-0	-0	-0	0	0.0118232	30.2052	0	0	
158	52	0	0	0	-0	-0	0	0	-0	-0	0.00903667	13.7289	0	0	
406	104	0	0	0	0	0	-0	-0	0	-0	0.000335595	3.77389	0	0	
119	117	0	0	0	0	-0	-0	-0	0	-0	0.00381029	17.9617	0	0	
333	51	0	0	0	0	-0	0	0	0	-0	0.00118582	6.04225	0	0	
588	351	0	0	0	0	0	-0	0	-0	-0	0.000455252	18.6923	0	0	
590	273	0	0	0	0	-0	-0	-0	-0	-0	0.00577634	12.5293	0	0	
434	83	0	0	0	0	0	0	-0	0	0	0.00389737	23.2955	0	0	
80	67	0	0	0	0	0	0	-0	-0	0	0.0124508	24.2193	0	0	
500	93	0	0	0	0	-0	0	-0	0	0	0.000561123	14.2562	0	0	
72	2	0	0	0	-0	-0	0	-0	0	0	0.0105751	31.1532	0	0	
134	79	0	0	0	0	-0	0	0	0	0	0.00702102	23.2854	0	0	
361	315	0	0	0	0	-0	-0	0	0	-0	0.000862914	12.8856	0	0	
281	18	0	0	0	0	0	0	0	0	-0	0.00328117	5.9557	0	0	
101	18	0	0	0	0	0	-0	0	-0	0	0.0123134	24.8573	0	0	
271	0	0	0	0	-0	-0	0	-0	0	-0	0.00319394	20.22	0	0	
331	211	0	0	0	-0	-0	-0	0	-0	0	1.37223e-05	1.38074	0	0	
446	61	0	0	0	0	-0	0	0	0	-0	0.00044487	5.99595	0	0	
66	57	0	0	0	-0	-0	-0	-0	-0	0	0.0040188	6.66217	0	0	
286	282	0	0	0	0	-0	0	0	-0	-0	0.000785329	17.5732	0	0	
66	29	0	0	0	0	-0	0	-0	-0	0	0.0127339	22.4602	0	0	
395	29	0	0	0	0	-0	-0	0	0	-0	0.000796866	1.86984	0	0	
562	210	0	0	0	-0	-0	0	-0	0	0	0.000515408	5.52095	0	0	
310	19	0	0	0	0	0	0	-0	0	-0	0.0110195	6.0503	0	0	
192	133	0	0	0	0	0	0	-0	0	-0	0.00075843	19.8054	0	0	
402	145	0	0	0	-0	-0	-0	-0	0	0	0.000603835	27.5846	0	0	
82	28	0	0	0	0	0	-0	0	-0	0	0.0102079	31.6564	0	0	
165	118	0	0	0	0	0	-0	0	-0	-0	0.00273634	17.4625	0	0	
180	115	0	0	0	0	0	-0	-0	0	-0	0.0229336	30.7325	0	0	
535	367	0	0	0	0	-0	0	-0	-0	0	0.00157939	0.917809	0	0	
135	64	0	0	0	-0	0	0	0	0	-0	0.00363001	37.0485	0	0	
308	259	0	0	0	-0	0	0	0	0	0	0.000708395	0.889631	0	0	
447	82	0	0	0	-0	-0	0	0	-0	0	0.00665493	24.2555	0	0	
169	97	0	0	0	0	0	-0	0	0	0	0.000459028	17.6698	0	0	
138	107	0	0	0	0	-0	0	0	0	0	0.0122924	5.74637	0	0	
202	124	0	0	0	-0	0	-0	-0	-0	-0	0.00325649	1.896	0	0	
352	319	0	0	0	0	-0	-0	0	0	0	0.000996023	8.33878	0	0	
584	16	0	0	0	-0	0	0	0	-0	0	0.00112602	9.53234	0	0	
584	497	0	0	0	0	-0	-0	-0	-0	0	0.000497019	1.72291	0	0	
564	336	0	0	0	-0	0	0	-0	-0	0	0.00272445	14.7876	0	0	
133	59	0	0	0	0	-0	0	-0	-0	-0	0.0244666	22.436	0	0	
580	46	0	0	0	-0	-0	-0	0	-0	-0	0.0015218	17.2109	0	0	
158	111	0	0	0	0	-0	0	0	-0	-0	0.0125117	29.3256	0	0	
189	101	0	0	0	-0	0	-0	-0	-0	0	0.00397834	28.7862	0	0	
182	178	0	0	0	0	0	0	-0	0	0	0.010541	17.4344	0	0	
572	144	0	0	0	0	0	-0	0	0	0	0.00370738	3.83628	0	0	
295	7	0	0	0	0	-0	-0	0	0	0	0.001815	11.3056	0	0	
348	26	0	0	0	-0	-0	0	0	-0	0	0.00659921	9.38541	0	0	
522	368	0	0	0	-0	0	-0	0	-0	-0	0.00267458	8.39916	0	0	
194	112	0	0	0	0	0	-0	0	-0	-0	0.018463	23.5631	0	0	
96	52	0	0	0	0	-0	0	0	-0	-0	0.00316084	11.5753	0	0	
380	224	0	0	0	-0	-0	-0	0	-0	0	0.00680806	24.8996	0	0	
70	29	0	0	0	-0	-0	0	-0	-0	-0	0.00738841	6.62191	0	0	
314	209	0	0	0	-0	-0	0	0	-0	0	0.00330679	24.9157	0	0	
167	159	0	0	0	-0	-0	0	-0	0	-0	0.000212644	9.96508	0	0	
114	18	0	0	0	-0	-0	-0	-0	-0	0	0.00740957	36.5675	0	0	
566	168	0	0	0	0	0	-0	0	0	0	0.000568665	10.8768	0	0	
388	55	0	0	0	-0	-0	0	-0	0	-0	0.000689091	2.10935	0	0	
585	17	0	0	0	0	-0	-0	0	0	0	0.0119156	8.46961	0	0	
222	191	0	0	0	0	-0	0	0	0	-0	0.0135951	25.9804	0	0	
146	138	0	0	0	0	-0	0	-0	0	0	0.00592777	15.2928	0	0	
433	8	0	0	0	-0	-0	-0	-0	0	0	0.000776646	9.42969	0	0	
205	63	0	0	0	-0	0	0	-0	-0	-0	0.00301637	21.3471	0	0	
194	16	0	0	0	0	-0	-0	-0	-0	0	0.00634361	35.1525	0	0	
171	60	0	0	0	0	-0	-0	-0	-0	-0	0.026078	33.496	0	0	
518	139	0	0	0	-0	0	-0	0	0	-0	0.000397015	0.855415	0	0	
452	436	0	0	0	-0	-0	0	-0	-0	-0	0.000259015	4.12813	0	0	
249	93	0	0	0	0	0	0	0	-0	0	0.00505418	16.7158	0	0	
366	67	0	0	0	-0	0	0	0	0	-0	0.00102922	23.4524	0	0	
95	12	0	0	0	0	0	0	0	0	-0	0.00972272	27.1317	0	0	
76	74	0	0	0	0	0	0	0	-0	0	0.0139283	35.2109	0	0	
523	24	0	0	0	0	0	0	-0	0	-0	0.0102013	23.6215	0	0	
160	102	0	0	0	-0	-0	0	0	-0	0	0.00259386	11.2693	0	0	
526	52	0	0	0	0	0	0	0	0	-0	0.010977	12.4025	0	0	
85	50	0	0	0	0	-0	0	0	0	-0	0.0110561	19.8818	0	0	
304	50	0	0	0	0	0	-0	0	0	0	0.0120741	20.9808	0	0	
576	178	0	0	0	-0	-0	0	-0	0	0	0.000767416	6.23547	0	0	
422	103	0	0	0	0	0	0	-0	-0	0	0.00382054	30.8251	0	0	
566	367	0	0	0	0	-0	0	0	-0	-0	0.000125237	8.31262	0	0	
80	78	0	0	0	0	-0	0	-0	0	0	0.00133492	33.7033	0	0	
265	164	0	0	0	-0	-0	0	-0	0	-0	0.0116461	19.1271	0	0	
285	39	0	0	0	0	-0	-0	0	0	-0	0.000317218	9.45183	0	0	
515	472	0	0	0	0	-0	-0	0	0	-0	0.010384	22.3273	0	0	
556	53	0	0	0	0	-0	-0	0	0	0	0.000228235	10.5608	0	0	
359	162	0	0	0	-0	0	0	-0	-0	0	0.00448752	4.98354	0	0	
493	341	0	0	0	0	0	-0	-0	-0	-0	0.000860438	3.40153	0	0	
93	12	0	0	0	-0	0	0	0	0	-0	0.000674646	28.9613	0	0	
90	80	0	0	0	-0	0	0	0	0	-0	0.00624738	2.17577	0	0	
107	33	0	0	0	0	-0	-0	-0	-0	0	0.00851236	22.9654	0	0	
95	57	0	0	0	0	0	-0	0	-0	-0	0.00231482	13.6101	0	0	
442	158	0	0	0	0	0	-0	0	0	0	0.0112591	12.1026	0	0	
175	65	0	0	0	0	-0	-0	0	0	0	0.0022444	26.7372	0	0	
147	10	0	0	0	-0	0	-0	0	0	0	0.0159286	34.6211	0	0	
414	396	0	0	0	-0	0	0	-0	0	-0	0.00231102	14.1355	0	0	
438	69	0	0	0	0	0	-0	0	0	0	0.00366325	11.0439	0	0	
325	147	0	0	0	-0	0	0	-0	0	-0	0.020489	21.174	0	0	
568	113	0	0	0	0	-0	-0	0	0	-0	0.0171663	12.9278	0	0	
553	379	0	0	0	0	-0	-0	0	0	-0	0.000939295	6.65613	0	0	
64	53	0	0	0	0	-0	0	0	-0	-0	0.0317564	17.07	0	0	
529	165	0	0	0	-0	0	-0	0	-0	-0	0.0230576	15.0513	0	0	
568	27	0	0	0	0	0	-0	0	0	0	0.0155467	17.3679	0	0	
190	118	0	0	0	-0	-0	0	0	-0	-0	0.0165726	8.07109	0	0	
62	15	0	0	0	0	-0	0	-0	-0	-0	0.0115626	26.2481	0	0	
397	51	0	0	0	0	-0	0	-0	0	0	0.000845695	5.92349	0	0	
374	1	0	0	0	-0	-0	0	0	0	0	0.00421551	29.6396	0	0	
50	36	0	0	0	-0	-0	0	-0	0	-0	0.00154999	9.21835	0	0	
259	190	0	0	0	-0	-0	-0	-0	0	-0	0.00878469	8.3891	0	0	
55	18	0	0	0	0	0	0	0	0	-0	0.00591859	14.3911	0	0	
588	544	0	0	0	0	-0	-0	0	0	-0	0.000137722	9.62694	0	0	
55	22	0	0	0	0	0	0	-0	0	-0	0.00367305	14.7614	0	0	
392	54	0	0	0	0	-0	0	-0	-0	0	0.0251281	19.1794	0	0	
571	113	0	0	0	0	-0	-0	-0	-0	-0	0.00835769	11.9798	0	0	
392	371	0	0	0	0	0	-0	-0	0	-0	0.014838	19.1713	0	0	
420	173	0	0	0	-0	0	0	-0	-0	0	0.00583784	7.64841	0	0	
598	235	0	0	0	-0	0	0	-0	-0	-0	0.00173055	7.12107	0	0	
342	134	0	0	0	-0	-0	-0	0	0	-0	0.000217052	5.57529	0	0	
288	115	0	0	0	0	0	-0	-0	0	0	0.0132622	28.9674	0	0	
140	13	0	0	0	-0	-0	-0	0	-0	0	0.00740245	22.8204	0	0	
236	76	0	0	0	-0	0	-0	-0	-0	-0	0.000384952	3.18415	0	0	
319	237	0	0	0	-0	0	0	0	-0	0	0.000746824	7.95234	0	0	
507	136	0	0	0	0	-0	0	0	0	-0	0.00274018	13.582	0	0	
167	49	0	0	0	-0	0	0	-0	0	-0	0.00334051	10.4159	0	0	
136	2	0	0	0	-0	-0	-0	-0	0	-0	0.0322378	30.8935	0	0	
245	154	0	0	0	0	-0	0	0	0	0	0.00659611	18.1589	0	0	
332	26	0	0	0	0	0	0	-0	-0	0	0.00107918	6.75878	0	0	
267	46	0	0	0	0	-0	-0	0	-0	0	0.0073342	15.8886	0	0	
372	17	0	0	0	-0	-0	0	-0	0	-0	0.00172279	1.91814	0	0	
271	99	0	0	0	0	0	0	-0	-0	0	0.00486929	26.4977	0	0	
162	22	0	0	0	0	0	-0	-0	0	-0	0.00766304	0.644077	0	0	
539	25	0	0	0	-0	-0	0	-0	0	0	0.000613659	2.51391	0	0	
452	88	0	0	0	-0	-0	0	0	-0	-0	0.000256616	5.81481	0	0	
289	188	0	0	0	-0	-0	-0	-0	0	-0	0.00545755	25.272	0	0	
170	159	0	0	0	0	-0	-0	0	0	0	0.00957868	32.9626	0	0	
45	21	0	0	0	-0	0	0	0	-0	0	0.00232979	30.7023	0	0	
574	289	0	0	0	0	-0	-0	0	-0	0	0.000157078	6.03419	0	0	
390	348	0	0	0	0	0	-0	-0	0	-0	0.00842405	17.1123	0	0	
69	50	0	0	0	-0	-0	-0	0	-0	0	0.0116541	31.445	0	0	
395	368	0	0	0	-0	0	-0	-0	0	0	0.00160284	7.47733	0	0	
456	170	0	0	0	-0	-0	0	0	-0	-0	0.000109649	0.724586	0	0	
313	185	0	0	0	0	0	-0	-0	0	-0	0.00651373	26.0368	0	0	
225	69	0	0	0	-0	0	-0	-0	0	0	0.00709089	15.8242	0	0	
183	38	0	0	0	-0	0	0	0	0	-0	0.0229893	17.541	0	0	
547	401	0	0	0	0	-0	0	-0	-0	0	0.00100908	13.3626	0	0	
358	294	0	0	0	-0	-0	-0	0	-0	-0	0.00429907	17.539	0	0	
174	68	0	0	0	0	-0	0	-0	-0	0	0.0245383	3.11371	0	0	
346	58	0	0	0	0	-0	-0	0	0	-0	4.40353e-05	5.47063	0	0	
389	200	0	0	0	-0	0	0	-0	-0	-0	0.000340224	26.3669	0	0	
43	3	0	0	0	0	-0	0	0	0	0	0.0113107	25.6282	0	0	
93	83	0	0	0	-0	0	-0	-0	-0	0	0.00693288	6.42064	0	0	
288	189	0	0	0	-0	-0	-0	0	0	-0	0.00674905	28.7439	0	0	
547	38	0	0	0	-0	-0	0	0	0	0	0.00111641	5.04594	0	0	
148	16	0	0	0	0	-0	0	-0	-0	0	0.00786761	34.4601	0	0	
531	176	0	0	0	0	0	0	-0	-0	0	0.00158731	25.7751	0	0	
458	110	0	0	0	0	-0	-0	-0	-0	-0	0.000281324	1.61019	0	0	
393	200	0	0	0	0	0	0	0	0	-0	0.000142726	19.3766	0	0	
115	15	0	0	0	0	0	-0	0	0	0	0.00862568	5.48472	0	0	
151	108	0	0	0	0	-0	-0	-0	0	-0	0.00448531	21.1398	0	0	
57	56	0	0	0	0	0	-0	0	0	0	0.00121087	14.1375	0	0	
141	50	0	0	0	0	0	0	-0	0	0	0.0187252	27.7879	0	0	
556	461	0	0	0	-0	-0	0	0	-0	-0	0.00106734	3.43575	0	0	
234	22	0	0	0	-0	-0	0	-0	0	0	0.00621479	31.2659	0	0	
360	168	0	0	0	0	-0	0	0	0	-0	0.000706853	13.2921	0	0	
474	303	0	0	0	-0	0	-0	-0	-0	0	0.000273871	3.01911	0	0	
326	155	0	0	0	-0	0	0	-0	-0	0	0.00565811	10.4039	0	0	
263	125	0	0	0	0	-0	-0	-0	-0	0	0.00918774	26.856	0	0	
494	141	0	0	0	0	-0	0	0	-0	-0	0.00151185	21.3894	0	0	
429	159	0	0	0	-0	-0	0	0	-0	-0	0.00492513	24.7768	0	0	
222	134	0	0	0	-0	0	0	0	0	-0	0.0107662	31.7771	0	0	
335	166	0	0	0	0	0	0	-0	0	-0	0.00011579	0.780943	0	0	
228	84	0	0	0	-0	0	0	0	0	0	0.00065322	8.69101	0	0	
278	275	0	0	0	0	-0	0	0	0	0	0.000935031	17.845	0	0	
374	154	0	0	0	0	0	0	-0	-0	0	0.00980202	21.5122	0	0	
98	8	0	0	0	0	0	0	-0	0	-0	0.0301648	29.0016	0	0	
81	71	0	0	0	0	0	0	-0	-0	0	0.00903458	7.56186	0	0	
585	66	0	0	0	0	-0	0	0	0	-0	0.00955841	5.69002	0	0	
489	168	0	0	0	-0	-0	0	0	0	0	0.000355196	33.9348	0	0	
308	172	0	0	0	-0	0	-0	0	0	0	0.00774166	18.956	0	0	
462	429	0	0	0	0	0	0	-0	0	-0	0.000471717	0.257631	0	0	
412	155	0	0	0	-0	0	0	0	0	0	0.0005126	0.935924	0	0	
360	50	0	0	0	0	-0	0	0	0	0	0.000697506	13.4371	0	0	
442	181	0	0	0	-0	-0	0	0	0	0	0.00504889	5.9718	0	0	
290	75	0	0	0	0	-0	-0	0	0	-0	0.00209137	26.1656	0	0	
190	87	0	0	0	-0	-0	0	0	-0	-0	0.0122347	10.2428	0	0	
452	143	0	0	0	-0	-0	-0	-0	-0	0	0.000743532	7.2982	0	0	
523	49	0	0	0	0	0	0	0	-0	-0	0.00601625	22.3213	0	0	
533	459	0	0	0	0	0	-0	-0	0	0	0.000177073	8.07109	0	0	
492	184	0	0	0	-0	-0	-0	0	0	-0	0.00373605	8.63264	0	0	
352	35	0	0	0	0	-0	0	0	0	0	0.00143278	10.8909	0	0	
477	322	0	0	0	-0	-0	0	0	-0	-0	0.00950308	9.66317	0	0	
343	195	0	0	0	0	0	-0	-0	0	0	0.00140085	14.695	0	0	
559	64	0	0	0	0	-0	0	0	0	-0	0.00508578	12.7849	0	0	
79	77	0	0	0	-0	-0	0	-0	0	-0	0.00752821	8.24217	0	0	
178	42	0	0	0	-0	0	-0	0	-0	-0	0.0251204	14.687	0	0	
110	64	0	0	0	0	0	-0	0	-0	0	0.00312968	12.002	0	0	
88	13	0	0	0	-0	0	0	0	-0	0	0.0185166	11.1083	0	0	
339	153	0	0	0	-0	0	0	0	0	0	0.00987473	23.7705	0	0	
326	32	0	0	0	-0	-0	-0	-0	-0	0	0.00297663	6.17509	0	0	
296	262	0	0	0	0	0	-0	-0	-0	-0	0.000316556	1.7068	0	0	
222	154	0	0	0	0	0	0	-0	0	-0	0.00996388	16.5427	0	0	
482	112	0	0	0	0	-0	-0	0	0	-0	0.000636458	6.56556	0	0	
507	188	0	0	0	-0	-0	-0	0	-0	-0	0.00505915	14.226	0	0	
167	143	0	0	0	-0	-0	0	0	-0	-0	0.0048411	24.175	0	0	
332	58	0	0	0	-0	-0	0	0	-0	0	0.000271032	8.39916	0	0	
144	136	0	0	0	-0	-0	0	0	0	0	0.0331735	31.2981	0	0	
275	99	0	0	0	-0	-0	-0	-0	0	-0	2.58901e-05	5.66184	0	0	
368	174	0	0	0	0	0	-0	0	-0	-0	0.00220627	12.8815	0	0	
141	133	0	0	0	0	0	-0	-0	0	0	0.0338063	24.6963	0	0	
187	15	0	0	0	-0	0	0	0	-0	0	0.0135443	31.3625	0	0	
368	239	0	0	0	0	-0	-0	0	-0	0	0.000215185	1.44515	0	0	
153	120	0	0	0	-0	0	0	0	0	-0	0.00159482	4.63735	0	0	
439	191	0	0	0	-0	0	0	-0	0	-0	0.000990656	4.34349	0	0	
136	77	0	0	0	-0	0	-0	-0	-0	-0	0.0105159	15.1117	0	0	
567	197	0	0	0	0	0	0	0	0	-0	0.00618479	13.4431	0	0	
64	38	0	0	0	0	-0	0	-0	-0	-0	0.0204145	29.3337	0	0	
155	84	0	0	0	-0	-0	-0	0	-0	-0	0.00979823	20.6125	0	0	
407	30	0	0	0	0	0	0	0	-0	-0	0.00243087	1.60617	0	0	
577	223	0	0	0	0	0	0	-0	0	-0	0.00100918	11.7564	0	0	
171	107	0	0	0	0	0	-0	0	-0	-0	0.0140236	32.1334	0	0	
274	136	0	0	0	0	-0	-0	0	0	0	0.000471057	11.0177	0	0	
302	71	0	0	0	0	-0	0	0	-0	-0	0.000183398	1.44917	0	0	
127	37	0	0	0	0	0	-0	-0	0	0	0.0170566	2.05702	0	0	
108	50	0	0	0	-0	0	0	-0	-0	0	0.00582439	20.1093	0	0	
338	282	0	0	0	0	0	0	0	-0	0	0.0094404	22.8728	0	0	
174	47	0	0	0	-0	0	0	-0	-0	-0	0.00179841	32.065	0	0	
535	95	0	0	0	0	-0	-0	0	0	0	0.00509562	6.70444	0	0	
495	337	0	0	0	-0	-0	-0	0	-0	-0	0.00273298	19.4109	0	0	
528	507	0	0	0	-0	-0	0	-0	0	0	0.00298899	4.78428	0	0	
120	21	0	0	0	0	-0	0	-0	-0	0	0.0155558	9.48806	0	0	
170	24	0	0	0	-0	0	0	0	-0	0	0.00894382	32.0569	0	0	
504	151	0	0	0	-0	-0	0	-0	-0	-0	0.0080589	7.42701	0	0	
468	286	0	0	0	0	0	0	0	0	-0	0.00071815	4.0758	0	0	
145	62	0	0	0	0	-0	0	0	0	-0	0.0113842	26.1636	0	0	
344	7	0	0	0	0	-0	-0	0	0	-0	0.0001401	3.88459	0	0	
30	28	0	0	0	-0	0	-0	-0	-0	0	0.00386167	26.9345	0	0	
323	166	0	0	0	0	0	-0	0	-0	0	0.00769107	6.36831	0	0	
571	110	0	0	0	-0	-0	-0	0	0	-0	0.0018653	20.4414	0	0	
537	55	0	0	0	0	-0	0	-0	-0	-0	0.000439914	2.528	0	0	
376	23	0	0	0	0	0	0	-0	-0	0	0.000834897	3.41562	0	0	
105	12	0	0	0	-0	0	-0	0	0	-0	0.0106642	10.7621	0	0	
585	545	0	0	0	-0	0	-0	0	0	0	0.00294651	4.95134	0	0	
159	123	0	0	0	-0	0	0	0	0	0	0.0128029	30.4367	0	0	
404	66	0	0	0	0	-0	0	-0	0	0	0.00700969	15.4297	0	0	
568	56	0	0	0	0	0	-0	-0	0	-0	0.0251936	19.5658	0	0	
475	98	0	0	0	-0	0	0	-0	-0	-0	0.00498634	11.5954	0	0	
145	111	0	0	0	-0	-0	-0	0	0	-0	0.0122914	12.0342	0	0	
382	7	0	0	0	-0	-0	-0	0	0	-0	0.00345127	10.265	0	0	
109	21	0	0	0	0	0	0	0	-0	-0	0.0160372	30.4286	0	0	
428	44	0	0	0	0	0	-0	-0	0	0	0.0090608	1.72291	0	0	
281	25	0	0	0	0	0	-0	0	0	0	0.00182148	1.29419	0	0	
525	44	0	0	0	0	-0	-0	0	-0	0	0.00010202	11.9295	0	0	
506	420	0	0	0	-0	-0	-0	0	0	-0	0.000635825	2.55618	0	0	
504	60	0	0	0	0	-0	0	-0	-0	-0	0.0119861	5.01575	0	0	
571	125	0	0	0	0	-0	-0	-0	-0	-0	0.00878558	22.2327	0	0	
143	88	0	0	0	-0	0	0	-0	0	-0	0.0162951	24.0221	0	0	
569	24	0	0	0	0	-0	-0	-0	-0	0	0.00590845	11.6739	0	0	
538	209	0	0	0	0	0	0	0	-0	0	0.000446632	15.1338	0	0	
433	375	0	0	0	-0	-0	-0	0	-0	0	0.000326868	1.19959	0	0	
234	27	0	0	0	0	-0	-0	-0	-0	0	0.0029826	0.744714	0	0	
102	29	0	0	0	0	0	-0	0	-0	-0	0.0123532	24.1368	0	0	
396	230	0	0	0	0	-0	-0	0	-0	0	0.0114883	21.4961	0	0	
493	40	0	0	0	-0	-0	-0	0	0	-0	0.00104722	4.27305	0	0	
312	286	0	0	0	0	-0	-0	0	-0	0	0.00201606	26.2844	0	0	
297	15	0	0	0	0	-0	-0	0	0	-0	0.00750283	26.4977	0	0	
216	108	0	0	0	0	0	-0	0	-0	0	0.000111414	9.78192	0	0	
593	103	0	0	0	-0	0	0	-0	-0	0	0.000928398	18.5716	0	0	
449	75	0	0	0	0	0	0	-0	0	-0	0.00217644	23.6215	0	0	
467	13	0	0	0	0	-0	0	-0	0	0	0.000194738	6.23346	0	0	
504	198	0	0	0	-0	-0	0	-0	-0	-0	0.00512811	3.68331	0	0	
388	246	0	0	0	-0	-0	-0	-0	-0	0	0.00143978	4.58905	0	0	
118	67	0	0	0	-0	0	-0	-0	-0	0	0.0119404	30.2012	0	0	
174	102	0	0	0	-0	-0	-0	-0	-0	0	0.00449463	9.62895	0	0	
388	18	0	0	0	-0	0	-0	-0	-0	0	0.000725979	4.51458	0	0	
462	411	0	0	0	0	-0	-0	-0	0	-0	0.000282904	1.93223	0	0	
448	156	0	0	0	0	0	0	0	0	-0	0.00193962	4.16838	0	0	
595	192	0	0	0	-0	0	-0	-0	0	0	0.00279041	18.799	0	0	
156	128	0	0	0	0	0	0	0	0	-0	0.00381462	12.1268	0	0	
91	8	0	0	0	0	0	-0	0	-0	0	0.0105511	27.176	0	0	
508	61	0	0	0	-0	-0	0	-0	0	0	0.00455369	21.9811	0	0	
230	42	0	0	0	-0	-0	0	-0	0	0	0.0107014	18.9822	0	0	
573	524	0	0	0	0	0	-0	0	-0	-0	4.17043e-05	1.86984	0	0	
506	175	0	0	0	-0	-0	0	-0	0	-0	0.000907013	4.71384	0	0	
342	169	0	0	0	-0	-0	0	-0	-0	-0	0.000522608	3.21032	0	0	
171	18	0	0	0	0	-0	-0	-0	-0	-0	0.0189871	23.9234	0	0	
464	102	0	0	0	-0	0	0	0	0	-0	0.00265042	9.73965	0	0	
86	67	0	0	0	-0	-0	0	0	-0	-0	0.0102701	1.1372	0	0	
179	102	0	0	0	0	-0	-0	-0	-0	0	0.00328108	18.2837	0	0	
111	3	0	0	0	-0	0	-0	0	0	0	0.0101954	29.1344	0	0	
269	194	0	0	0	0	0	0	0	-0	-0	0.00267636	22.2971	0	0	
195	105	0	0	0	0	0	0	0	-0	0	0.00534197	7.9624	0	0	
164	117	0	0	0	0	0	0	-0	0	-0	0.02776	15.4055	0	0	
508	87	0	0	0	0	0	0	-0	-0	0	0.0059789	21.3632	0	0	
500	37	0	0	0	0	0	0	-0	0	0	0.000464804	11.4565	0	0	
102	73	0	0	0	-0	0	0	0	0	-0	0.00668472	18.9822	0	0	
68	56	0	0	0	0	0	-0	-0	-0	-0	0.0188675	29.9878	0	0	
226	144	0	0	0	0	-0	-0	-0	0	-0	0.013119	23.0459	0	0	
179	50	0	0	0	0	-0	-0	0	-0	0	0.00481128	19.8154	0	0	
590	169	0	0	0	-0	0	-0	0	-0	-0	0.00411982	21.1177	0	0	
483	41	0	0	0	0	0	0	-0	0	-0	0.00033209	4.56892	0	0	
589	187	0	0	0	-0	0	-0	0	0	-0	0.00030934	8.66082	0	0	
263	92	0	0	0	0	0	-0	0	-0	-0	0.00916394	29.6134	0	0	
216	80	0	0	0	0	0	0	0	-0	0	0.0107502	12.7789	0	0	
338	49	0	0	0	0	0	0	-0	-0	0	0.0122736	24.1066	0	0	
162	55	0	0	0	0	-0	-0	-0	-0	0	0.0115678	17.9778	0	0	
289	72	0	0	0	0	0	-0	-0	0	-0	0.00416358	22.273	0	0	
402	308	0	0	0	0	-0	0	-0	-0	-0	0.00168255	21.0533	0	0	
422	181	0	0	0	-0	0	0	0	-0	0	0.00726124	19.8195	0	0	
521	139	0	0	0	0	-0	-0	-0	-0	-0	0.0103878	5.69807	0	0	
210	53	0	0	0	0	0	0	-0	0	-0	0.000105349	16.7078	0	0	
447	222	0	0	0	0	0	0	-0	-0	0	0.00695052	25.1391	0	0	
33	16	0	0	0	-0	-0	0	0	0	0	0.0113678	22.9855	0	0	
281	81	0	0	0	0	-0	0	0	0	-0	0.00375343	4.67761	0	0	
316	7	0	0	0	0	0	0	0	-0	-0	0.00420453	14.532	0	0	
133	39	0	0	0	0	-0	-0	-0	-0	-0	0.013996	21.6953	0	0	
34	23	0	0	0	-0	-0	-0	-0	-0	0	0.00606033	4.39582	0	0	
509	23	0	0	0	-0	-0	-0	0	0	-0	0.00104576	13.6665	0	0	
477	138	0	0	0	-0	-0	0	0	-0	-0	0.0120956	11.8108	0	0	
297	115	0	0	0	-0	0	-0	0	-0	-0	0.00525465	20.7715	0	0	
449	62	0	0	0	-0	-0	-0	-0	0	0	0.00116072	28.4783	0	0	
187	33	0	0	0	0	-0	0	-0	0	0	0.00693049	25.0204	0	0	
529	514	0	0	0	-0	0	-0	0	-0	-0	0.0138604	9.42164	0	0	
382	132	0	0	0	0	-0	-0	-0	0	-0	0.0104549	10.5468	0	0	
127	98	0	0	0	-0	-0	-0	-0	0	0	0.0231118	2.67292	0	0	
485	142	0	0	0	-0	0	-0	-0	-0	-0	0.00452293	5.71014	0	0	
155	112	0	0	0	-0	0	-0	0	-0	-0	0.0148193	7.80742	0	0	
321	31	0	0	0	-0	-0	-0	-0	-0	0	0.000655684	12.3059	0	0	
458	125	0	0	0	0	0	0	-0	-0	0	0.000816325	6.81715	0	0	
395	84	0	0	0	-0	0	-0	0	0	-0	0.00181519	2.85407	0	0	
274	4	0	0	0	-0	0	-0	0	0	-0	0.00083509	11.6155	0	0	
525	149	0	0	0	-0	-0	0	0	0	0	0.000450339	9.09155	0	0	
410	38	0	0	0	-0	-0	-0	-0	-0	0	0.0118581	27.6913	0	0	
161	142	0	0	0	0	0	-0	-0	0	0	0.0122773	5.25929	0	0	
26	1	0	0	0	0	-0	-0	0	0	-0	0.005645	1.67863	0	0	
501	112	0	0	0	0	0	0	-0	-0	0	0.000615389	26.391	0	0	
152	7	0	0	0	0	-0	-0	-0	0	-0	0.000286516	4.49646	0	0	
292	288	0	0	0	0	-0	-0	0	-0	0	0.00152437	3.78596	0	0	
311	47	0	0	0	-0	-0	-0	-0	0	0	0.00579559	10.0818	0	0	
98	42	0	0	0	0	-0	-0	0	0	0	0.0138116	29.5551	0	0	
437	93	0	0	0	0	-0	-0	0	-0	0	0.00195498	18.169	0	0	
595	301	0	0	0	0	0	-0	-0	-0	-0	0.00230117	6.90169	0	0	
231	209	0	0	0	0	-0	0	-0	-0	0	0.00758522	17.2371	0	0	
304	126	0	0	0	0	0	-0	0	-0	0	0.0105007	21.1579	0	0	
445	5	0	0	0	0	-0	0	-0	0	0	0.00560199	2.79771	0	0	
429	167	0	0	0	0	-0	0	-0	-0	-0	0.00599699	25.6745	0	0	
206	143	0	0	0	0	-0	0	0	-0	-0	7.27973e-05	28.907	0	0	
153	82	0	0	0	-0	0	-0	-0	0	0	0.00697338	19.741	0	0	
486	116	0	0	0	0	0	0	-0	0	-0	0.000576396	0.132841	0	0	
180	70	0	0	0	0	0	0	0	0	-0	0.00703633	5.16268	0	0	
155	70	0	0	0	-0	0	-0	0	-0	-0	0.01333	25.2921	0	0	
350	123	0	0	0	0	-0	0	-0	0	0	0.000153193	0.0382421	0	0	
226	14	0	0	0	-0	0	-0	0	-0	-0	0.00141106	4.78428	0	0	
351	54	0	0	0	-0	0	0	0	-0	0	0.00516309	22.8204	0	0	
447	154	0	0	0	0	0	-0	0	-0	0	0.00423305	18.0744	0	0	
60	43	0	0	0	0	-0	0	-0	-0	-0	0.0263336	26.548	0	0	
597	335	0	0	0	-0	0	-0	0	0	-0	2.44704e-06	1.24186	0	0	
443	31	0	0	0	0	0	0	0	0	-0	0.00304374	26.2502	0	0	
210	178	0	0	0	-0	-0	0	-0	0	0	0.00134862	17.3337	0	0	
172	61	0	0	0	-0	-0	0	0	0	0	0.000753265	0.937937	0	0	
124	72	0	0	0	-0	0	0	0	-0	0	0.0282785	20.2965	0	0	
580	113	0	0	0	0	0	0	0	-0	-0	0.000966695	3.71552	0	0	
261	82	0	0	0	0	-0	-0	-0	0	-0	0.00383664	14.1818	0	0	
330	90	0	0	0	-0	-0	-0	0	-0	-0	0.00283671	23.1807	0	0	
177	21	0	0	0	0	0	-0	0	0	0	0.00198502	0.144917	0	0	
371	257	0	0	0	0	-0	0	-0	-0	0	0.012455	19.2277	0	0	
54	20	0	0	0	-0	0	-0	-0	-0	0	0.0233049	20.8379	0	0	
425	17	0	0	0	0	0	0	0	0	-0	0.00525337	3.67124	0	0	
203	25	0	0	0	0	0	0	-0	0	-0	0.00993567	13.8054	0	0	
288	104	0	0	0	0	0	0	-0	0	-0	0.0134121	24.4246	0	0	
251	97	0	0	0	-0	0	-0	0	0	0	0.00606085	9.74367	0	0	
228	102	0	0	0	0	0	-0	0	-0	0	0.000701641	5.23111	0	0	
302	204	0	0	0	0	-0	-0	-0	-0	-0	7.73053e-05	7.89397	0	0	
596	21	0	0	0	-0	-0	-0	-0	-0	0	0.0287906	15.8523	0	0	
383	373	0	0	0	0	-0	-0	-0	-0	0	7.96361e-05	5.27539	0	0	
410	137	0	0	0	-0	-0	0	-0	0	0	0.0148468	27.3874	0	0	
581	444	0	0	0	0	-0	-0	-0	0	-0	2.33032e-05	20.1596	0	0	
445	431	0	0	0	-0	-0	0	0	-0	0	0.00309159	2.43542	0	0	
597	546	0	0	0	-0	-0	-0	-0	0	-0	0.000107237	4.94329	0	0	
180	155	0	0	0	-0	0	0	0	0	0	0.00594348	5.04393	0	0	
429	128	0	0	0	0	-0	-0	-0	-0	0	0.00490571	22.7118	0	0	
328	51	0	0	0	0	0	0	0	-0	-0	0.00844987	12.4226	0	0	
278	149	0	0	0	0	0	0	0	-0	0	0.00228016	0.909759	0	0	
227	69	0	0	0	-0	0	-0	-0	-0	0	0.0100061	11.066	0	0	
304	117	0	0	0	0	-0	0	0	0	-0	0.00988346	19.3283	0	0	
461	226	0	0	0	0	0	0	-0	0	0	0.00639722	13.3445	0	0	
331	276	0	0	0	-0	-0	0	-0	0	0	4.80584e-05	0.283796	0	0	
319	4	0	0	0	-0	-0	0	0	-0	0	0.000570458	0.535389	0	0	
170	49	0	0	0	-0	0	-0	0	0	-0	0.0137191	26.544	0	0	
398	131	0	0	0	0	0	-0	0	-0	0	0.00270777	5.17878	0	0	
344	184	0	0	0	-0	0	-0	0	-0	-0	0.000494179	14.9064	0	0	
178	47	0	0	0	0	-0	-0	-0	0	-0	0.0107182	7.25392	0	0	
405	277	0	0	0	-0	-0	-0	0	-0	0	0.00474118	19.429	0	0	
512	185	0	0	0	-0	0	-0	-0	-0	0	0.000733273	10.0979	0	0	
286	72	0	0	0	-0	-0	0	0	0	0	0.00091345	6.48304	0	0	
273	225	0	0	0	-0	-0	-0	-0	0	0	0.00620603	16.5487	0	0	
281	71	0	0	0	0	-0	-0	0	0	-0	2.83282e-05	0.0201274	0	0	
294	191	0	0	0	-0	-0	-0	-0	0	-0	0.00720576	9.69738	0	0	
563	492	0	0	0	-0	0	-0	-0	-0	0	0.00222153	1.23582	0	0	
223	191	0	0	0	0	-0	-0	-0	0	-0	0.00149156	12.3482	0	0	
481	144	0	0	0	0	-0	-0	-0	-0	-0	0.00348495	8.53402	0	0	
113	106	0	0	0	0	-0	-0	-0	-0	-0	0.0144889	26.3186	0	0	
189	175	0	0	0	-0	-0	0	-0	0	0	0.00168143	26.6426	0	0	
163	124	0	0	0	-0	-0	-0	0	0	-0	0.0391299	24.9841	0	0	
292	175	0	0	0	0	0	-0	-0	0	0	0.00156928	3.42568	0	0	
313	297	0	0	0	-0	-0	-0	-0	0	0	0.00951648	14.1637	0	0	
330	164	0	0	0	0	-0	-0	-0	-0	0	0.01051	20.0549	0	0	
185	74	0	0	0	-0	-0	-0	-0	0	-0	0.00351094	2.57631	0	0	
256	172	0	0	0	0	0	0	0	-0	0	0.00673539	10.1261	0	0	
559	37	0	0	0	0	0	0	0	-0	-0	0.00605895	12.8473	0	0	
270	145	0	0	0	0	-0	0	0	-0	-0	0.00424947	22.6453	0	0	
213	45	0	0	0	-0	-0	0	-0	-0	-0	0.00859354	12.2656	0	0	
319	84	0	0	0	0	-0	0	0	-0	-0	0.000754214	2.99093	0	0	
192	57	0	0	0	0	-0	-0	0	-0	0	0.00132672	12.01	0	0	
494	360	0	0	0	0	0	0	-0	0	0	0.000470107	4.2187	0	0	
422	378	0	0	0	-0	-0	0	0	0	0	0.00277571	18.6702	0	0	
520	182	0	0	0	-0	-0	0	-0	0	-0	0.00759546	2.65883	0	0	
459	369	0	0	0	0	-0	-0	0	-0	0	0.0001146	7.54979	0	0	
342	223	0	0	0	0	0	-0	-0	0	0	0.000460229	1.48339	0	0	
293	132	0	0	0	0	-0	-0	0	-0	0	0.0113594	17.1646	0	0	
176	20	0	0	0	-0	0	-0	-0	-0	0	0.0139909	25.8235	0	0	
579	109	0	0	0	0	-0	-0	-0	0	-0	0.0122342	8.51792	0	0	
408	50	0	0	0	-0	-0	0	0	0	0	0.000409863	3.83628	0	0	
122	3	0	0	0	-0	0	-0	-0	-0	0	0.00792473	21.3672	0	0	
480	22	0	0	0	-0	0	0	0	-0	0	0.00873918	8.36696	0	0	
156	137	0	0	0	0	-0	-0	-0	0	-0	0.00437749	4.23078	0	0	
472	45	0	0	0	-0	0	-0	-0	0	0	0.00125816	16.0315	0	0	
566	553	0	0	0	0	0	0	0	-0	0	0.0002363	6.70645	0	0	
328	135	0	0	0	0	-0	-0	0	0	0	0.00252598	10.901	0	0	
192	66	0	0	0	0	0	-0	-0	-0	-0	0.00280444	0.29386	0	0	
373	158	0	0	0	-0	-0	0	-0	0	0	0.00027782	5.53705	0	0	
542	19	0	0	0	-0	-0	0	0	-0	-0	0.000274856	12.6481	0	0	
431	173	0	0	0	0	0	0	-0	0	0	0.00371368	2.05098	0	0	
293	44	0	0	0	0	-0	0	0	-0	-0	0.00788451	13.7088	0	0	
260	110	0	0	0	-0	0	-0	-0	-0	-0	0.000105776	9.15193	0	0	
33	15	0	0	0	0	0	-0	-0	-0	-0	0.00667096	20.852	0	0	
159	44	0	0	0	-0	-0	0	0	-0	0	0.00693152	24.0865	0	0	
270	25	0	0	0	0	0	-0	0	-0	0	0.0131649	24.0502	0	0	
469	199	0	0	0	0	-0	-0	-0	0	-0	0.0298407	23.8993	0	0	
84	32	0	0	0	-0	0	-0	-0	0	0	0.0017075	4.76416	0	0	
588	167	0	0	0	0	0	0	0	0	-0	0.000758286	23.7061	0	0	
529	22	0	0	0	0	0	-0	0	-0	-0	0.0150167	14.9909	0	0	
229	190	0	0	0	0	-0	0	0	0	0	0.000187464	0.760816	0	0	
442	103	0	0	0	-0	0	0	0	-0	0	0.00714951	13.6303	0	0	
242	13	0	0	0	-0	-0	-0	-0	0	0	0.000824356	22.4421	0	0	
333	201	0	0	0	-0	-0	-0	-0	0	-0	0.00144118	13.117	0	0	
261	58	0	0	0	-0	0	-0	0	0	-0	0.009189	20.383	0	0	
532	184	0	0	0	0	0	0	0	-0	-0	0.00339679	8.33476	0	0	
437	9	0	0	0	-0	-0	0	0	-0	0	0.0108566	5.61152	0	0	
538	501	0	0	0	0	0	-0	0	-0	-0	0.000680031	0.573631	0	0	
366	65	0	0	0	-0	0	-0	-0	0	0	0.00773719	23.3719	0	0	
563	184	0	0	0	-0	-0	-0	-0	0	0	0.00399457	22.9795	0	0	
567	15	0	0	0	-0	0	0	0	0	-0	0.000317624	19.8617	0	0	
125	41	0	0	0	0	-0	-0	-0	0	-0	0.0166569	23.378	0	0	
556	37	0	0	0	0	0	-0	0	0	0	0.00138874	12.0362	0	0	
230	14	0	0	0	0	-0	0	-0	-0	0	0.00251107	6.55751	0	0	
343	213	0	0	0	0	0	0	0	0	-0	0.00437199	14.8319	0	0	
294	82	0	0	0	-0	0	-0	-0	0	0	0.00584898	21.8865	0	0	
391	71	0	0	0	0	-0	0	-0	-0	-0	0.00086804	4.37167	0	0	
364	137	0	0	0	-0	0	-0	-0	-0	-0	0.00533031	15.2143	0	0	
94	20	0	0	0	0	-0	0	0	0	-0	0.0322003	21.5001	0	0	
104	63	0	0	0	-0	-0	0	0	0	0	0.00473299	23.1224	0	0	
386	148	0	0	0	0	0	-0	0	-0	0	0.000191078	1.99664	0	0	
19	5	0	0	0	-0	0	0	0	0	0	0.0165525	8.01674	0	0	
56	48	0	0	0	0	0	0	-0	-0	0	0.0249973	19.2539	0	0	
314	93	0	0	0	-0	0	-0	-0	-0	0	0.00426756	11.6719	0	0	
481	434	0	0	0	-0	-0	-0	0	-0	-0	0.00332093	9.39547	0	0	
543	272	0	0	0	0	0	-0	-0	0	0	0.000684315	0.187185	0	0	
378	0	0	0	0	-0	0	-0	-0	0	0	0.0051193	18.8896	0	0	
227	36	0	0	0	-0	0	0	-0	-0	-0	0.0237876	23.1042	0	0	
518	417	0	0	0	-0	-0	0	0	0	0	6.86054e-05	2.41126	0	0	
471	67	0	0	0	0	0	0	0	-0	0	0.00069426	17.8792	0	0	
563	245	0	0	0	-0	-0	0	-0	0	-0	0.00352942	14.9245	0	0	
223	134	0	0	0	-0	0	-0	-0	-0	-0	0.00208139	23.0237	0	0	
227	35	0	0	0	-0	-0	-0	-0	0	0	0.0230418	23.0237	0	0	
248	134	0	0	0	-0	-0	-0	-0	0	-0	0.000318424	4.88291	0	0	
542	426	0	0	0	-0	0	-0	-0	0	0	0.000194928	14.2744	0	0	
415	412	0	0	0	0	-0	0	0	0	0	0.000919187	0.470981	0	0	
418	139	0	0	0	-0	0	-0	0	-0	-0	0.00507723	22.9996	0	0	
223	94	0	0	0	-0	-0	0	-0	-0	-0	0.000631044	9.05532	0	0	
142	8	0	0	0	-0	0	-0	-0	0	0	0.0126849	17.227	0	0	
339	14	0	0	0	0	0	-0	-0	0	0	0.00883475	17.0459	0	0	
525	24	0	0	0	-0	-0	0	-0	-0	-0	0.000594373	12.0603	0	0	
420	81	0	0	0	0	-0	-0	0	-0	0	0.00549136	5.21501	0	0	
364	182	0	0	0	-0	-0	0	0	-0	-0	0.00465254	10.7943	0	0	
306	144	0	0	0	0	-0	-0	-0	-0	-0	0.0131877	10.263	0	0	
190	165	0	0	0	-0	0	0	-0	-0	0	0.00467914	11.7302	0	0	
308	190	0	0	0	0	0	0	-0	0	-0	0.00990422	9.6209	0	0	
259	181	0	0	0	-0	0	-0	-0	-0	-0	0.00244426	22.9392	0	0	
574	2	0	0	0	-0	0	-0	-0	0	0	0.00140436	1.87587	0	0	
449	145	0	0	0	0	0	-0	-0	0	0	0.00086325	18.4206	0	0	
150	92	0	0	0	-0	-0	-0	-0	0	-0	0.00438132	12.7084	0	0	
330	48	0	0	0	-0	0	-0	0	-0	-0	0.0147576	20.1153	0	0	
54	49	0	0	0	0	0	0	-0	0	-0	0.00251944	22.5548	0	0	
491	268	0	0	0	-0	0	-0	0	0	-0	0.000526903	4.15832	0	0	
53	32	0	0	0	0	-0	-0	-0	-0	-0	0.000934083	22.0476	0	0	
55	19	0	0	0	-0	-0	-0	0	0	-0	0.0072771	18.2616	0	0	
186	123	0	0	0	-0	0	-0	0	0	0	0.00911822	19.9744	0	0	
105	48	0	0	0	0	0	-0	-0	0	-0	0.0132314	19.6564	0	0	
308	145	0	0	0	0	0	0	-0	0	0	0.0123274	22.2045	0	0	
521	316	0	0	0	-0	-0	0	-0	-0	-0	0.00743484	5.83091	0	0	
148	39	0	0	0	-0	-0	0	0	-0	-0	0.00353121	18.7346	0	0	
284	164	0	0	0	0	0	-0	0	-0	0	0.000576956	8.56622	0	0	
424	250	0	0	0	0	-0	-0	0	0	-0	0.000265647	0.58772	0	0	
318	131	0	0	0	0	0	0	0	0	-0	0.00126464	6.71249	0	0	
151	33	0	0	0	-0	0	-0	0	-0	-0	0.00565558	22.1542	0	0	
531	333	0	0	0	0	0	0	-0	-0	0	0.000828448	12.4005	0	0	
540	56	0	0	0	0	0	-0	0	-0	-0	0.00024978	5.08619	0	0	
378	240	0	0	0	0	0	0	0	0	-0	0.00358499	18.7245	0	0	
325	104	0	0	0	-0	0	0	-0	-0	-0	0.0168415	19.1391	0	0	
438	416	0	0	0	-0	0	-0	0	0	0	0.00835083	18.8211	0	0	
208	42	0	0	0	-0	0	-0	0	-0	-0	0.0074028	21.4598	0	0	
330	108	0	0	0	0	-0	0	0	-0	-0	0.0124367	20.2502	0	0	
532	3	0	0	0	0	-0	-0	0	-0	0	0.00222547	21.957	0	0	
374	199	0	0	0	-0	0	-0	-0	-0	0	0.00163723	21.955	0	0	
150	48	0	0	0	-0	0	-0	0	0	-0	0.00155966	18.5253	0	0	
173	65	0	0	0	0	0	-0	0	-0	-0	0.0125298	20.069	0	0	
405	371	0	0	0	-0	-0	-0	0	-0	-0	0.0116619	21.9429	0	0	
196	119	0	0	0	0	0	-0	-0	0	0	0.00811192	21.9047	0	0	
273	79	0	0	0	0	0	0	-0	0	0	0.00639241	17.3659	0	0	
405	169	0	0	0	0	-0	0	-0	-0	0	0.0028568	21.8986	0	0	
269	136	0	0	0	0	-0	-0	0	0	-0	0.00343834	21.7215	0	0	
81	63	0	0	0	0	-0	0	-0	0	0	0.00685801	21.7175	0	0	
447	358	0	0	0	0	-0	-0	0	0	0	0.001399	17.9335	0	0	
193	176	0	0	0	0	-0	-0	-0	-0	0	0.00778344	7.41493	0	0	
596	94	0	0	0	-0	-0	-0	-0	0	-0	0.0197944	15.4619	0	0	
12	9	0	0	0	-0	0	-0	-0	-0	-0	0.0103347	0.394497	0	0	
446	63	0	0	0	0	0	-0	-0	0	-0	0.000837231	2.59442	0	0	
591	74	0	0	0	0	-0	-0	0	0	0	2.40936e-05	0.732637	0	0	
180	75	0	0	0	-0	0	-0	0	0	0	0.00432471	20.5461	0	0	
527	16	0	0	0	-0	-0	-0	0	-0	0	0.000231486	0.636026	0	0	
110	32	0	0	0	-0	-0	0	0	-0	0	0.00289272	5.30961	0	0	
277	72	0	0	0	-0	0	0	0	0	-0	0.00451892	21.5705	0	0	
312	277	0	0	0	-0	-0	-0	0	-0	0	0.00237504	21.5564	0	0	
117	69	0	0	0	-0	-0	-0	-0	0	0	0.00749805	21.5504	0	0	
577	116	0	0	0	-0	0	0	-0	0	-0	0.00159128	11.9537	0	0	
475	135	0	0	0	-0	0	-0	-0	0	0	0.0032345	5.72625	0	0	
471	80	0	0	0	-0	-0	0	0	0	0	0.00272878	1.0748	0	0	
282	103	0	0	0	0	0	0	-0	0	0	0.00758795	21.5142	0	0	
244	189	0	0	0	0	0	-0	0	0	0	0.00950058	11.6316	0	0	
290	229	0	0	0	-0	0	-0	0	0	-0	0.000522509	17.7624	0	0	
104	62	0	0	0	-0	-0	0	0	0	0	0.00244783	20.9083	0	0	
562	475	0	0	0	-0	-0	0	0	-0	-0	0.000321272	4.58703	0	0	
469	1	0	0	0	-0	-0	-0	0	0	-0	0.00615122	20.8439	0	0	
198	60	0	0	0	0	-0	-0	-0	-0	-0	0.0112073	9.99325	0	0	
304	92	0	0	0	0	-0	-0	0	0	0	0.00736	21.1318	0	0	
97	73	0	0	0	-0	-0	0	0	-0	-0	0.0366178	19.6001	0	0	
599	300	0	0	0	0	0	0	-0	0	-0	0.00841126	10.3656	0	0	
508	240	0	0	0	-0	0	-0	-0	0	0	0.00388718	19.5658	0	0	
232	177	0	0	0	0	-0	0	-0	0	0	0.00769536	18.4991	0	0	
92	36	0	0	0	0	-0	0	-0	0	0	0.00707271	13.745	0	0	
483	326	0	0	0	-0	0	-0	0	0	0	0.00228975	6.6199	0	0	
526	147	0	0	0	0	-0	0	0	0	-0	0.00417088	12.485	0	0	
425	192	0	0	0	-0	0	-0	0	0	-0	0.000324626	0.974166	0	0	
531	194	0	0	0	0	-0	0	-0	0	0	0.00421325	20.1375	0	0	
486	177	0	0	0	-0	0	-0	0	0	0	0.000542214	0.585707	0	0	
147	89	0	0	0	-0	0	0	-0	-0	0	0.0221703	18.9479	0	0	
321	99	0	0	0	-0	0	-0	-0	-0	0	0.00330385	7.4411	0	0	
337	63	0	0	0	-0	0	-0	0	-0	-0	0.00364415	17.0298	0	0	
93	9	0	0	0	0	0	-0	-0	0	-0	0.0153796	3.20227	0	0	
385	357	0	0	0	-0	0	0	0	-0	0	0.00335928	17.5048	0	0	
126	36	0	0	0	-0	0	-0	-0	-0	-0	0.00439212	6.10867	0	0	
567	313	0	0	0	-0	-0	0	0	-0	0	0.00375012	19.5779	0	0	
484	55	0	0	0	0	-0	-0	-0	-0	0	0.00199101	3.15799	0	0	
139	131	0	0	0	0	-0	-0	-0	-0	-0	0.0141749	7.10699	0	0	
591	495	0	0	0	-0	-0	0	-0	0	0	0.00149816	19.5699	0	0	
175	104	0	0	0	0	-0	-0	0	0	0	0.00149581	4.97751	0	0	
402	229	0	0	0	-0	-0	0	-0	-0	-0	0.000454854	17.2794	0	0	
385	201	0	0	0	0	-0	0	0	0	0	0.00309852	16.8607	0	0	
334	17	0	0	0	-0	-0	0	0	-0	0	0.001178	18.966	0	0	
393	384	0	0	0	0	0	-0	0	-0	0	0.00039964	14.4998	0	0	
564	151	0	0	0	-0	-0	0	-0	0	0	0.00102626	11.7162	0	0	
411	371	0	0	0	-0	0	-0	0	0	-0	0.00292457	5.40219	0	0	
367	168	0	0	0	-0	0	0	0	0	-0	0.000141385	1.69875	0	0	
386	264	0	0	0	0	-0	-0	0	0	-0	0.00210822	9.52831	0	0	
502	349	0	0	0	-0	0	-0	-0	-0	-0	2.3475e-05	7.45921	0	0	
30	12	0	0	0	-0	0	-0	0	0	0	0.00581143	3.00301	0	0	
521	131	0	0	0	-0	-0	0	-0	-0	-0	0.00364095	5.46056	0	0	
574	34	0	0	0	0	0	0	-0	0	-0	0.000787346	0.493121	0	0	
469	166	0	0	0	0	-0	-0	-0	0	-0	0.0296692	19.3807	0	0	
86	9	0	0	0	0	0	-0	0	-0	0	0.0181179	0.982217	0	0	
464	311	0	0	0	0	-0	-0	0	0	0	0.00238336	9.96105	0	0	
392	137	0	0	0	-0	0	0	-0	-0	0	0.0122126	19.3485	0	0	
505	437	0	0	0	0	0	-0	-0	-0	-0	0.00990237	2.19187	0	0	
408	95	0	0	0	-0	0	0	-0	0	-0	0.00050023	13.4089	0	0	
96	91	0	0	0	-0	-0	0	0	-0	0	0.0140033	17.8248	0	0	
579	423	0	0	0	-0	0	-0	0	-0	-0	0.00148622	14.5199	0	0	
325	203	0	0	0	-0	-0	0	-0	0	-0	0.00740856	16.1623	0	0	
392	97	0	0	0	0	-0	0	-0	0	0	0.0174133	18.5997	0	0	
11	10	0	0	0	-0	-0	-0	-0	0	0	0.00670049	13.4733	0	0	
547	356	0	0	0	-0	0	0	-0	-0	0	0.00248588	5.16469	0	0	
579	45	0	0	0	0	0	-0	-0	0	-0	0.00222472	5.45453	0	0	
568	165	0	0	0	0	0	0	0	0	-0	0.018264	13.7349	0	0	
492	161	0	0	0	-0	0	-0	0	-0	-0	0.00592334	18.5454	0	0	
196	169	0	0	0	0	0	0	-0	-0	0	0.00237144	10.9252	0	0	
351	135	0	0	0	0	0	0	0	-0	0	0.00334135	16.2549	0	0	
405	97	0	0	0	-0	-0	0	0	-0	0	0.0232802	5.88928	0	0	
425	367	0	0	0	0	0	0	0	0	-0	0.000943187	3.50016	0	0	
387	51	0	0	0	0	-0	-0	0	0	0	6.03533e-05	0.0744714	0	0	
294	58	0	0	0	-0	0	0	-0	-0	0	0.00526141	5.98186	0	0	
528	4	0	0	0	0	-0	-0	-0	-0	-0	0.00186597	4.34953	0	0	
362	340	0	0	0	-0	0	-0	0	-0	-0	0.00844099	8.1053	0	0	
550	112	0	0	0	0	0	-0	0	-0	-0	0.00377909	13.1915	0	0	
484	107	0	0	0	-0	0	0	0	0	0	0.00200947	3.46795	0	0	
542	445	0	0	0	0	0	-0	-0	0	-0	0.000262736	16.0234	0	0	
142	71	0	0	0	-0	0	0	-0	-0	0	0.0122441	9.51422	0	0	
423	83	0	0	0	-0	0	0	-0	-0	0	0.000295076	0.901708	0	0	
393	268	0	0	0	0	-0	-0	0	0	-0	0.000178346	4.98958	0	0	
565	75	0	0	0	0	0	-0	-0	0	-0	0.000187074	0.48507	0	0	
362	171	0	0	0	0	0	-0	-0	0	-0	0.00520193	1.74505	0	0	
337	258	0	0	0	-0	0	-0	0	-0	-0	0.00137697	13.5015	0	0	
389	105	0	0	0	-0	0	0	0	-0	0	0.000489827	3.20831	0	0	
356	46	0	0	0	0	0	0	-0	0	-0	0.00354613	5.1345	0	0	
530	404	0	0	0	0	0	0	0	0	-0	0.000359663	14.1938	0	0	
340	60	0	0	0	-0	-0	-0	-0	0	-0	0.00301921	7.76113	0	0	
494	425	0	0	0	-0	-0	0	-0	-0	-0	0.00200331	18.2898	0	0	
323	52	0	0	0	0	-0	0	-0	-0	0	0.00419442	6.28981	0	0	
535	425	0	0	0	-0	-0	-0	-0	-0	0	0.00604185	0.481045	0	0	
163	96	0	0	0	0	0	-0	0	0	0	0.00879409	5.83091	0	0	
437	85	0	0	0	0	0	0	0	-0	0	0.0022461	14.8399	0	0	
231	35	0	0	0	0	-0	0	-0	0	0	0.0109534	17.5954	0	0	
172	96	0	0	0	0	0	-0	-0	0	0	0.0121531	17.6618	0	0	
230	127	0	0	0	-0	-0	0	-0	0	-0	0.00823242	18.0321	0	0	
130	100	0	0	0	-0	0	-0	0	0	0	0.0164013	0.525325	0	0	
80	65	0	0	0	-0	0	0	0	0	0	0.00118379	4.05366	0	0	
291	224	0	0	0	0	-0	0	-0	-0	-0	0.000498051	6.41662	0	0	
551	160	0	0	0	0	0	0	0	-0	-0	0.00259776	12.7728	0	0	
592	235	0	0	0	-0	-0	-0	-0	0	0	0.000205791	0.165045	0	0	
253	109	0	0	0	0	0	-0	-0	-0	-0	0.0144881	10.1241	0	0	
352	269	0	0	0	-0	-0	0	0	0	0	0.00165903	15.9852	0	0	
374	147	0	0	0	0	0	0	-0	-0	0	0.0104686	17.9979	0	0	
132	94	0	0	0	-0	0	0	-0	-0	0	0.02504	13.3666	0	0	
313	85	0	0	0	-0	0	-0	0	0	-0	0.00257505	13.9563	0	0	
473	55	0	0	0	0	-0	-0	0	-0	0	0.00121024	11.6437	0	0	
420	63	0	0	0	-0	-0	0	0	0	0	0.000424836	5.40622	0	0	
599	102	0	0	0	0	0	0	-0	0	-0	0.00897716	17.386	0	0	
268	85	0	0	0	0	-0	0	-0	-0	0	0.00128541	9.42566	0	0	
362	43	0	0	0	-0	0	-0	-0	-0	-0	0.00599487	4.86077	0	0	
296	2	0	0	0	-0	-0	-0	0	0	-0	0.00751766	7.24184	0	0	
336	138	0	0	0	-0	0	-0	0	0	0	0.00126302	14.3669	0	0	
438	126	0	0	0	-0	0	0	0	0	-0	0.00839716	17.1425	0	0	
513	256	0	0	0	-0	-0	-0	0	0	-0	0.000120703	3.54645	0	0	
346	287	0	0	0	-0	0	0	0	0	-0	0.00010731	5.73027	0	0	
385	106	0	0	0	0	-0	-0	0	-0	0	0.00637559	17.5531	0	0	
439	238	0	0	0	-0	-0	0	-0	0	0	0.000150135	5.79669	0	0	
348	10	0	0	0	-0	-0	-0	0	-0	0	0.00503493	9.40352	0	0	
396	153	0	0	0	0	-0	0	-0	0	0	0.00716713	13.3787	0	0	
176	51	0	0	0	-0	0	-0	-0	0	0	0.0112928	5.94563	0	0	
526	40	0	0	0	0	0	-0	0	-0	0	0.00133561	12.7366	0	0	
209	53	0	0	0	-0	-0	-0	-0	0	-0	0.00645324	17.386	0	0	
428	24	0	0	0	-0	0	0	-0	0	-0	0.00407473	1.50754	0	0	
564	92	0	0	0	-0	0	0	-0	-0	0	0.00360133	14.067	0	0	
438	193	0	0	0	0	0	0	-0	0	-0	0.0067158	16.5487	0	0	
434	231	0	0	0	0	-0	0	0	0	-0	0.00204075	8.66082	0	0	
588	435	0	0	0	-0	0	-0	0	0	-0	0.000622712	11.9637	0	0	
295	212	0	0	0	0	-0	0	-0	-0	0	0.00131728	10.2952	0	0	
174	73	0	0	0	-0	0	-0	-0	-0	-0	0.0272319	12.5072	0	0	
232	116	0	0	0	0	0	0	-0	0	0	0.00598656	17.2975	0	0	
214	178	0	0	0	-0	0	0	0	0	0	0.00177008	0.786981	0	0	
445	256	0	0	0	0	-0	-0	-0	-0	0	0.0053558	11.3217	0	0	
527	4	0	0	0	-0	-0	-0	0	0	-0	0.000984582	0.388459	0	0	
254	19	0	0	0	0	-0	0	-0	-0	0	0.00785535	10.581	0	0	
492	140	0	0	0	0	-0	0	0	0	-0	0.0070563	11.5129	0	0	
199	77	0	0	0	-0	-0	-0	0	0	-0	0.0243783	17.2452	0	0	
406	203	0	0	0	-0	0	-0	-0	-0	-0	0.00424989	10.5649	0	0	
384	185	0	0	0	0	0	0	-0	0	-0	0.00171902	14.1536	0	0	
280	161	0	0	0	-0	-0	-0	0	-0	-0	0.00152743	0.257631	0	0	
526	199	0	0	0	0	0	0	0	-0	-0	0.0102144	12.2858	0	0	
410	264	0	0	0	-0	0	-0	-0	-0	-0	0.0122033	16.0919	0	0	
262	208	0	0	0	0	0	0	-0	0	0	0.000402142	2.65078	0	0	
551	30	0	0	0	0	0	-0	0	0	0	0.00515389	15.0674	0	0	
441	265	0	0	0	0	-0	-0	0	0	0	0.00258176	11.8047	0	0	
427	7	0	0	0	-0	0	0	0	0	-0	1.09604e-05	5.08619	0	0	
509	120	0	0	0	0	0	0	0	0	-0	0.00139077	14.4414	0	0	
486	343	0	0	0	0	-0	-0	0	0	0	0.000896727	12.4246	0	0	
213	109	0	0	0	-0	0	-0	-0	-0	-0	0.00331142	10.7178	0	0	
416	117	0	0	0	0	0	-0	0	-0	0	0.0252011	12.8171	0	0	
91	52	0	0	0	0	-0	0	0	-0	-0	0.00347034	0.390472	0	0	
275	88	0	0	0	-0	-0	-0	-0	0	-0	0.000144587	7.82755	0	0	
571	483	0	0	0	0	0	-0	-0	-0	-0	0.00173915	16.3676	0	0	
480	80	0	0	0	-0	-0	-0	-0	0	0	0.0105443	9.27269	0	0	
328	54	0	0	0	-0	-0	-0	0	-0	-0	0.00928843	14.532	0	0	
310	91	0	0	0	-0	0	-0	0	0	-0	0.00546121	0.259643	0	0	
310	142	0	0	0	0	-0	-0	-0	0	-0	0.0127751	5.94563	0	0	
52	40	0	0	0	-0	-0	-0	-0	0	0	0.00489549	16.269	0	0	
313	168	0	0	0	0	0	0	-0	0	-0	0.00583413	1.50754	0	0	
438	225	0	0	0	0	-0	-0	0	0	-0	0.00802378	16.1643	0	0	
258	74	0	0	0	-0	0	0	-0	0	-0	0.000406097	0.601809	0	0	
163	26	0	0	0	0	0	-0	0	-0	0	0.031996	10.0255	0	0	
202	58	0	0	0	-0	-0	0	0	-0	0	0.000166356	1.17947	0	0	
100	94	0	0	0	-0	-0	0	-0	-0	-0	0.00398458	10.3676	0	0	
140	8	0	0	0	-0	0	0	0	-0	0	0.0148628	8.53402	0	0	
544	167	0	0	0	0	0	0	0	-0	0	0.000495803	9.62291	0	0	
39	33	0	0	0	0	-0	0	-0	0	0	0.013378	12.8835	0	0	
144	53	0	0	0	-0	0	-0	0	0	0	0.0291212	12.8775	0	0	
304	36	0	0	0	0	-0	0	0	0	0	0.0064164	11.5169	0	0	
370	77	0	0	0	-0	-0	-0	-0	-0	0	0.0137706	11.8953	0	0	
324	214	0	0	0	-0	0	-0	-0	-0	-0	0.00248011	10.8829	0	0	
409	326	0	0	0	0	-0	-0	0	0	-0	0.00382524	8.14958	0	0	
361	259	0	0	0	0	0	-0	0	0	0	0.000315733	11.8792	0	0	
180	15	0	0	0	-0	-0	-0	-0	0	-0	0.00384084	10.6232	0	0	
428	170	0	0	0	0	0	-0	-0	0	0	0.0108725	1.37068	0	0	
522	70	0	0	0	0	0	0	-0	0	-0	0.00648692	11.8571	0	0	
569	191	0	0	0	0	-0	-0	-0	-0	0	0.00426984	10.4924	0	0	
370	35	0	0	0	-0	-0	0	0	-0	-0	0.0117672	10.8104	0	0	
378	181	0	0	0	-0	-0	0	-0	0	-0	0.00217983	0.507211	0	0	
532	147	0	0	0	0	-0	0	0	-0	-0	0.00288147	8.25223	0	0	
509	28	0	0	0	0	-0	-0	0	0	-0	0.000590956	0.954039	0	0	
357	92	0	0	0	-0	-0	-0	0	-0	-0	0.000975013	1.3747	0	0	
537	149	0	0	0	0	-0	0	0	-0	-0	0.000925181	11.7665	0	0	
522	68	0	0	0	-0	-0	-0	0	0	-0	0.00558711	11.7504	0	0	
221	48	0	0	0	-0	0	0	0	0	0	0.00582232	11.7464	0	0	
244	175	0	0	0	0	0	0	-0	0	-0	0.00231269	11.1566	0	0	
425	379	0	0	0	0	0	-0	0	0	0	0.00137887	0.275745	0	0	
324	34	0	0	0	-0	-0	-0	-0	-0	0	0.00247821	11.0842	0	0	
450	291	0	0	0	-0	0	0	-0	-0	0	0.000788352	8.3891	0	0	
490	239	0	0	0	0	-0	-0	0	0	0	0.000203993	1.2318	0	0	
327	274	0	0	0	0	-0	0	-0	-0	0	0.000139281	10.4059	0	0	
543	532	0	0	0	-0	0	0	0	0	0	0.000676961	8.6105	0	0	
300	83	0	0	0	-0	-0	0	-0	0	0	0.00804839	9.99728	0	0	
157	120	0	0	0	0	0	0	-0	0	-0	0.000163063	2.03488	0	0	
166	40	0	0	0	0	-0	-0	-0	-0	-0	0.0118338	6.0503	0	0	
113	70	0	0	0	0	0	-0	0	0	0	0.00665261	6.92383	0	0	
459	133	0	0	0	0	0	0	-0	0	0	0.000439873	9.01104	0	0	
323	25	0	0	0	-0	-0	-0	0	-0	0	0.00768841	6.53335	0	0	
237	148	0	0	0	-0	0	0	-0	-0	0	0.00093404	2.46561	0	0	
580	27	0	0	0	0	0	-0	0	-0	-0	0.00101331	5.83695	0	0	
447	1	0	0	0	-0	-0	-0	0	-0	0	0.00567607	3.95302	0	0	
522	57	0	0	0	0	-0	-0	-0	0	-0	0.00287763	9.23043	0	0	
244	138	0	0	0	-0	0	0	0	0	0	0.000569539	10.9292	0	0	
415	268	0	0	0	0	0	0	-0	0	-0	0.000568401	2.08922	0	0	
243	83	0	0	0	0	0	0	-0	0	0	0.000375244	2.01073	0	0	
414	100	0	0	0	0	0	0	-0	0	0	0.00311325	10.6474	0	0	
186	130	0	0	0	-0	-0	0	0	-0	-0	0.00632494	10.6454	0	0	
317	47	0	0	0	0	0	-0	-0	0	0	0.00732951	8.33878	0	0	
597	399	0	0	0	-0	0	-0	0	-0	-0	2.52994e-05	2.31264	0	0	
348	166	0	0	0	0	-0	0	0	-0	-0	0.00753455	9.02513	0	0	
584	110	0	0	0	-0	0	-0	-0	-0	0	0.000594899	8.81983	0	0	
572	226	0	0	0	0	0	0	0	-0	0	0.00139028	3.49814	0	0	
287	6	0	0	0	-0	-0	0	0	-0	-0	0.00123093	6.22742	0	0	
411	170	0	0	0	0	0	0	-0	-0	0	0.00376453	7.83761	0	0	
47	32	0	0	0	0	0	0	-0	0	-0	0.00849848	1.89801	0	0	
250	235	0	0	0	0	0	0	-0	0	0	0.00257969	8.56823	0	0	
434	45	0	0	0	-0	0	0	-0	-0	0	0.00122169	6.6984	0	0	
70	32	0	0	0	0	-0	-0	-0	-0	0	0.00843347	4.40589	0	0	
463	7	0	0	0	0	-0	0	0	0	-0	0.0132212	9.06538	0	0	
300	12	0	0	0	0	-0	0	-0	0	0	0.00270966	4.1865	0	0	
414	157	0	0	0	-0	0	0	-0	-0	0	0.002298	9.04123	0	0	
254	25	0	0	0	0	-0	0	-0	-0	-0	0.00787336	9.03922	0	0	
131	7	0	0	0	0	-0	0	0	0	0	0.00911855	9.01104	0	0	
164	119	0	0	0	-0	0	0	-0	0	-0	0.00145234	8.46961	0	0	
127	51	0	0	0	0	-0	0	-0	0	0	0.0152774	6.59977	0	0	
446	440	0	0	0	0	0	-0	0	-0	0	0.000370822	2.53404	0	0	
129	109	0	0	0	-0	0	-0	-0	-0	0	0.00606959	5.28747	0	0	
151	106	0	0	0	-0	-0	0	0	-0	-0	0.0073608	6.45687	0	0	
529	67	0	0	0	0	0	-0	-0	-0	-0	0.00970833	8.92248	0	0	
450	68	0	0	0	-0	-0	-0	-0	-0	0	0.00378244	5.41226	0	0	
256	55	0	0	0	-0	0	0	0	0	0	0.0156053	8.88826	0	0	
196	137	0	0	0	-0	0	-0	-0	-0	0	0.00814753	8.50181	0	0	
480	131	0	0	0	0	-0	0	-0	-0	0	0.0178095	8.8782	0	0	
124	89	0	0	0	0	0	0	-0	-0	0	0.0174276	2.51995	0	0	
198	141	0	0	0	0	-0	0	-0	-0	-0	0.0154659	6.79099	0	0	
586	466	0	0	0	0	-0	0	-0	0	0	0.000613659	4.72793	0	0	
451	345	0	0	0	0	-0	-0	-0	-0	0	0.000345515	8.37702	0	0	
151	138	0	0	0	0	-0	-0	-0	0	-0	0.00373242	7.23178	0	0	
457	6	0	0	0	0	0	0	0	-0	-0	0.000354114	4.71585	0	0	
77	14	0	0	0	0	-0	0	0	0	0	0.0135037	6.06841	0	0	
585	301	0	0	0	-0	-0	-0	0	0	-0	0.00877651	5.73631	0	0	
461	210	0	0	0	-0	0	-0	-0	0	0	0.000567285	5.72222	0	0	
173	131	0	0	0	-0	0	-0	0	-0	-0	0.000851551	5.70411	0	0	
180	29	0	0	0	0	0	-0	-0	0	0	0.000642431	2.85809	0	0	
86	57	0	0	0	0	-0	0	-0	-0	0	0.00339203	2.9708	0	0	
412	41	0	0	0	-0	-0	0	-0	0	-0	0.00136528	5.41628	0	0	
375	20	0	0	0	-0	-0	-0	-0	-0	0	0.000567497	4.11807	0	0	
450	105	0	0	0	-0	-0	-0	0	-0	0	0.00364129	5.49679	0	0	
441	401	0	0	0	-0	0	0	0	-0	0	0.000954018	4.80441	0	0	
586	94	0	0	0	-0	-0	-0	-0	-0	0	0.00159621	5.3398	0	0	
337	87	0	0	0	0	0	0	0	-0	-0	0.00120124	4.72994	0	0	
320	65	0	0	0	0	0	-0	0	0	0	0.00620759	4.73396	0	0	
441	356	0	0	0	0	-0	0	-0	0	0	0.00207776	5.21702	0	0	
361	61	0	0	0	0	-0	0	0	0	-0	0.000689616	4.2026	0	0	
516	139	0	0	0	-0	0	-0	0	0	0	0.0103233	1.91613	0	0	
288	62	0	0	0	-0	0	0	0	0	-0	0.00270534	4.19455	0	0	
126	69	0	0	0	0	0	-0	-0	0	-0	0.00321025	4.18449	0	0	
191	132	0	0	0	-0	-0	0	0	-0	-0	0.0278368	4.17442	0	0	
583	391	0	0	0	0	-0	-0	0	-0	0	0.000228895	3.75376	0	0	
257	169	0	0	0	0	0	0	-0	-0	0	0.000577718	0.71251	0	0	
493	98	0	0	0	0	0	-0	-0	0	0	0.00127002	3.92686	0	0	
546	25	0	0	0	-0	-0	0	0	-0	-0	7.60366e-05	3.90069	0	0	
116	94	0	0	0	-0	-0	0	-0	0	0	0.00498273	2.60449	0	0	
197	33	0	0	0	0	0	-0	-0	0	-0	0.0107322	1.98657	0	0	
384	41	0	0	0	-0	0	-0	0	0	0	0.00135538	2.9708	0	0	
453	69	0	0	0	-0	0	-0	-0	0	0	0.000694069	0.406574	0	0	
275	24	0	0	0	-0	0	-0	-0	-0	0	0.000607913	3.50821	0	0	
376	159	0	0	0	0	0	-0	0	0	0	0.000961409	3.50619	0	0	
517	482	0	0	0	0	0	0	0	-0	-0	0.000195015	3.50619	0	0	
127	45	0	0	0	0	0	0	-0	-0	0	0.00620522	0.913784	0	0	
557	132	0	0	0	-0	0	-0	-0	-0	-0	0.00204211	2.10533	0	0	
426	149	0	0	0	-0	-0	-0	0	-0	-0	0.000234033	0.217376	0	0	
587	129	0	0	0	0	-0	0	-0	-0	-0	0.000414985	2.8118	0	0	
583	398	0	0	0	-0	0	-0	-0	-0	0	0.000665711	2.48171	0	0	
214	28	0	0	0	-0	-0	0	0	0	0	0.00252188	2.46158	0	0	
498	2	0	0	0	-0	0	0	0	0	-0	0.000112874	1.69473	0	0	
235	186	0	0	0	0	0	-0	0	-0	-0	8.77874e-05	1.18148	0	0	
251	30	0	0	0	-0	0	-0	0	0	0	0.0021834	2.31666	0	0	
582	13	0	0	0	-0	0	0	-0	-0	0	0.00024175	2.31666	0	0	
436	426	0	0	0	-0	0	-0	0	0	0	0.000126245	1.896	0	0	
478	353	0	0	0	-0	0	-0	-0	-0	0	0.000709362	2.24823	0	0	
524	103	0	0	0	-0	-0	-0	-0	-0	0	0.00040341	2.24219	0	0	
292	207	0	0	0	0	0	0	0	-0	-0	0.00183023	2.23012	0	0	
440	417	0	0	0	-0	0	0	-0	0	-0	0.000142966	2.23012	0	0	
519	353	0	0	0	-0	-0	0	-0	-0	-0	0.00109661	1.70479	0	0	
188	136	0	0	0	0	0	0	0	0	-0	0.00154321	0.958064	0	0	
523	478	0	0	0	0	0	-0	0	-0	-0	0.000375605	2.20395	0	0	
127	21	0	0	0	0	-0	0	-0	0	0	0.0172102	2.14558	0	0	
413	179	0	0	0	0	0	-0	-0	0	-0	0.000206408	2.12948	0	0	
153	1	0	0	0	-0	0	-0	-0	0	0	0.0204178	2.12143	0	0	
305	131	0	0	0	-0	-0	-0	0	0	-0	0.00083518	0.257631	0	0	
415	155	0	0	0	-0	0	0	0	0	0	0.00052174	0.150956	0	0	
123	21	0	0	0	-0	0	0	0	-0	0	0.00556065	1.33243	0	0	
550	297	0	0	0	-0	0	-0	-0	0	0	0.00175058	0.909759	0	0	
252	121	0	0	0	0	0	0	0	-0	0	4.05142e-06	1.2801	0	0	
539	145	0	0	0	-0	0	0	-0	0	-0	0.000720258	1.25394	0	0	
104	74	0	0	0	-0	0	-0	-0	0	0	0.00180469	1.20362	0	0	
