145	0	0	0	0	-0	-0	0	0	-0	-0	32.5843	0.00201274	0	0	
302	11	0	0	0	-0	-0	0	0	-0	-0	4.14568	0.00201274	0	0	
365	16	0	0	0	-0	0	0	0	-0	0	7.82466	0.00201274	0	0	
382	7	0	0	0	-0	-0	-0	0	0	-0	0.0132212	0.00201274	0	0	
383	13	0	0	0	-0	0	-0	0	-0	-0	19.8365	0.00201274	0	0	
411	8	0	0	0	-0	0	-0	0	0	0	2.33984	0.00201274	0	0	
428	79	0	0	0	-0	0	0	0	0	0	12.5253	0.00201274	0	0	
429	116	0	0	0	0	0	0	-0	0	0	7.75303	0.00201274	0	0	
438	126	0	0	0	0	0	0	-0	0	-0	0.395788	0.00201274	0	0	
450	121	0	0	0	-0	0	0	-0	0	-0	4.50536	0.00201274	0	0	
457	24	0	0	0	0	0	0	-0	0	-0	1.26864	0.00201274	0	0	
465	42	0	0	0	-0	0	0	-0	-0	-0	22.6886	0.00201274	0	0	
468	124	0	0	0	-0	0	0	0	0	0	0.0553345	0.00201274	0	0	
479	31	0	0	0	-0	0	0	0	-0	0	0.000168888	0.00201274	0	0	
489	63	0	0	0	0	0	-0	0	-0	-0	3.7291	0.00201274	0	0	
493	42	0	0	0	0	-0	0	0	0	-0	1.36797	0.00201274	0	0	
496	80	0	0	0	0	-0	0	0	0	-0	3.38274	0.00201274	0	0	
510	25	0	0	0	-0	-0	-0	-0	0	0	12.052	0.00201274	0	0	
513	86	0	0	0	0	0	-0	-0	0	-0	13.0249	0.00201274	0	0	
522	56	0	0	0	-0	0	-0	-0	-0	0	0.19288	0.00201274	0	0	
537	120	0	0	0	0	-0	-0	-0	-0	0	11.7152	0.00201274	0	0	
552	51	0	0	0	0	0	0	-0	0	-0	7.49075	0.00201274	0	0	
553	67	0	0	0	0	0	0	0	0	0	4.19884	0.00201274	0	0	
561	50	0	0	0	0	0	0	-0	-0	0	9.6054	0.00201274	0	0	
579	45	0	0	0	0	0	-0	-0	0	0	0.266989	0.00201274	0	0	
587	98	0	0	0	0	0	-0	0	-0	-0	6.83588	0.00201274	0	0	
588	5	0	0	0	-0	-0	0	0	-0	-0	16.9422	0.00201274	0	0	
593	69	0	0	0	0	0	0	-0	0	0	16.1934	0.00201274	0	0	
596	98	0	0	0	-0	-0	-0	-0	-0	0	3.07327	0.00201274	0	0	
596	42	0	0	0	-0	0	0	-0	-0	-0	6.5829	0.00201274	0	0	
599	30	0	0	0	-0	-0	0	-0	0	-0	1.28883	0.00201274	0	0	
