198	95	0	0	0	0	-0	0	-0	-0	-0	0.00092649	17.6452	0	0	
631	118	0	0	0	0	-0	-0	-0	-0	-0	0.000551408	1.42382	0	0	
507	156	0	0	0	-0	-0	0	-0	-0	-0	0.000768519	14.3066	0	0	
312	138	0	0	0	-0	-0	0	0	-0	0	0.00105422	3.53715	0	0	
127	79	0	0	0	0	0	-0	-0	0	-0	0.000833311	18.6613	0	0	
308	294	0	0	0	-0	-0	0	0	-0	-0	0.000144871	11.9051	0	0	
475	6	0	0	0	-0	-0	0	0	-0	-0	0.000950925	17.8544	0	0	
307	214	0	0	0	-0	-0	-0	-0	-0	0	0.000250378	7.62362	0	0	
652	225	0	0	0	-0	-0	0	-0	-0	-0	0.000122028	6.15283	0	0	
477	6	0	0	0	0	-0	0	0	-0	-0	0.000365175	6.03471	0	0	
660	260	0	0	0	0	0	-0	0	0	0	0.000104205	5.12676	0	0	
528	92	0	0	0	0	0	0	0	-0	0	0.00103894	9.38472	0	0	
110	87	0	0	0	-0	-0	-0	0	-0	-0	0.00124422	7.635	0	0	
480	69	0	0	0	-0	-0	0	-0	0	0	7.90468e-05	0.330874	0	0	
477	256	0	0	0	-0	-0	0	-0	0	0	0.00107887	3.61684	0	0	
596	501	0	0	0	-0	0	0	-0	-0	0	3.6459e-05	9.43951	0	0	
654	509	0	0	0	0	0	-0	0	0	0	7.01111e-05	17.2453	0	0	
81	30	0	0	0	0	0	-0	0	0	0	0.00107725	16.7778	0	0	
381	136	0	0	0	-0	0	0	0	0	-0	0.000706405	2.40435	0	0	
596	495	0	0	0	0	0	0	-0	0	0	3.77138e-05	11.1786	0	0	
383	237	0	0	0	-0	-0	-0	0	0	-0	0.000233052	2.27983	0	0	
166	37	0	0	0	-0	-0	0	0	-0	0	0.00149851	6.31222	0	0	
683	482	0	0	0	-0	-0	0	0	-0	0	0.000485613	6.93625	0	0	
183	138	0	0	0	-0	0	-0	0	0	0	0.00205027	19.2604	0	0	
253	59	0	0	0	0	0	0	-0	0	0	9.01974e-05	0.951351	0	0	
62	10	0	0	0	0	-0	-0	0	0	0	0.00352644	15.7944	0	0	
456	201	0	0	0	0	-0	0	0	0	-0	5.38289e-05	8.30742	0	0	
616	67	0	0	0	-0	0	-0	-0	0	0	0.000259829	2.26631	0	0	
186	76	0	0	0	0	0	-0	0	-0	-0	0.000445529	16.2313	0	0	
667	49	0	0	0	-0	-0	-0	-0	-0	0	0.00310936	8.55575	0	0	
174	133	0	0	0	0	0	0	0	0	-0	0.000672294	12.9482	0	0	
490	73	0	0	0	-0	0	-0	-0	-0	0	0.0002902	2.95225	0	0	
403	226	0	0	0	-0	0	0	-0	-0	-0	0.000104632	2.12328	0	0	
598	210	0	0	0	-0	0	0	0	0	0	8.29709e-05	5.84899	0	0	
344	187	0	0	0	0	0	-0	-0	0	0	0.000162637	18.06	0	0	
622	236	0	0	0	0	0	-0	-0	-0	-0	8.7935e-05	3.49018	0	0	
387	111	0	0	0	-0	-0	-0	-0	-0	0	0.000819464	18.8491	0	0	
107	94	0	0	0	0	0	0	-0	0	0	0.00202782	14.6204	0	0	
378	86	0	0	0	0	0	0	0	-0	0	0.000312328	10.5631	0	0	
161	116	0	0	0	-0	-0	0	-0	0	0	0.0025136	5.50958	0	0	
502	433	0	0	0	-0	0	-0	-0	-0	0	0.000201015	9.5313	0	0	
214	12	0	0	0	-0	0	-0	0	0	-0	0.000447403	3.95198	0	0	
424	18	0	0	0	-0	0	0	-0	-0	-0	0.000429391	2.59433	0	0	
509	19	0	0	0	-0	0	-0	-0	-0	0	0.000136191	1.60456	0	0	
540	197	0	0	0	-0	-0	0	-0	0	0	0.000274089	0.947793	0	0	
137	98	0	0	0	0	0	0	-0	0	0	0.00140008	5.80488	0	0	
180	170	0	0	0	-0	0	0	-0	-0	-0	0.00185768	20.9852	0	0	
697	196	0	0	0	0	-0	-0	0	0	0	0.000837484	1.49498	0	0	
691	84	0	0	0	0	0	-0	-0	0	-0	0.000320813	10.8157	0	0	
66	57	0	0	0	0	0	0	-0	0	-0	0.000681241	11.5087	0	0	
569	155	0	0	0	-0	0	-0	-0	0	0	0.000574753	3.2632	0	0	
67	13	0	0	0	0	-0	0	-0	0	0	0.00245655	18.7239	0	0	
543	95	0	0	0	-0	0	0	-0	-0	0	7.6365e-05	5.84046	0	0	
653	39	0	0	0	-0	0	-0	0	0	0	0.000501397	3.50513	0	0	
530	133	0	0	0	0	-0	0	-0	-0	0	3.63437e-05	4.38461	0	0	
242	166	0	0	0	-0	-0	-0	0	-0	-0	0.00424356	7.00527	0	0	
630	425	0	0	0	-0	-0	-0	-0	0	-0	0.000196149	10.7566	0	0	
178	56	0	0	0	0	-0	0	0	0	-0	0.00313269	3.79758	0	0	
656	50	0	0	0	0	0	-0	-0	0	-0	0.000590458	17.4595	0	0	
507	35	0	0	0	-0	-0	-0	-0	0	-0	0.000555761	19.1231	0	0	
503	101	0	0	0	-0	-0	-0	0	-0	0	0.000106526	2.65482	0	0	
63	13	0	0	0	0	0	-0	0	0	0	0.00164835	20.1869	0	0	
152	12	0	0	0	0	-0	0	-0	-0	-0	0.000945561	8.21065	0	0	
648	374	0	0	0	0	0	-0	0	-0	-0	6.0233e-05	16.9187	0	0	
548	66	0	0	0	-0	0	0	0	0	-0	8.22656e-05	6.38124	0	0	
274	204	0	0	0	-0	0	-0	0	0	-0	0.000298566	8.88521	0	0	
158	30	0	0	0	0	-0	-0	0	-0	0	0.00145117	15.0921	0	0	
694	136	0	0	0	0	-0	-0	-0	-0	0	0.000151598	1.14988	0	0	
574	167	0	0	0	-0	-0	0	0	-0	0	0.00034674	3.24256	0	0	
225	212	0	0	0	-0	-0	-0	-0	0	0	0.00016404	24.4932	0	0	
506	193	0	0	0	-0	-0	-0	-0	0	0	0.000426455	11.9961	0	0	
367	76	0	0	0	-0	0	-0	0	0	0	0.000115032	12.8763	0	0	
650	183	0	0	0	-0	-0	-0	0	-0	0	0.000529156	2.42854	0	0	
581	458	0	0	0	0	0	0	0	-0	0	0.000175836	17.5676	0	0	
442	326	0	0	0	0	-0	-0	-0	-0	0	4.97427e-05	15.7958	0	0	
435	26	0	0	0	-0	0	-0	-0	-0	0	0.000439624	4.10995	0	0	
385	212	0	0	0	-0	-0	0	-0	0	-0	0.000347127	18.0721	0	0	
389	110	0	0	0	-0	-0	-0	0	-0	0	0.000153679	3.22691	0	0	
612	19	0	0	0	0	0	-0	-0	0	0	0.000182872	1.68568	0	0	
112	88	0	0	0	0	-0	-0	0	0	0	0.00134037	10.4008	0	0	
608	313	0	0	0	-0	-0	-0	0	-0	-0	0.000257809	7.2472	0	0	
420	169	0	0	0	0	0	0	0	0	-0	0.00106542	15.8521	0	0	
201	31	0	0	0	-0	-0	0	0	-0	-0	1.09743e-05	0.291738	0	0	
397	80	0	0	0	-0	-0	0	-0	0	0	0.000745083	1.3484	0	0	
29	1	0	0	0	0	-0	-0	-0	-0	-0	0.000549789	3.51153	0	0	
230	55	0	0	0	-0	-0	0	0	0	0	0.000428873	1.45513	0	0	
625	466	0	0	0	-0	-0	0	-0	-0	-0	0.000201399	4.65714	0	0	
672	520	0	0	0	0	-0	-0	-0	0	-0	0.00023168	4.76885	0	0	
384	8	0	0	0	0	-0	-0	0	0	-0	0.000173496	7.33686	0	0	
540	320	0	0	0	-0	-0	-0	-0	-0	0	0.000280142	0.289603	0	0	
685	113	0	0	0	0	0	0	0	-0	0	8.30524e-05	12.142	0	0	
631	193	0	0	0	-0	-0	-0	-0	0	-0	0.00054574	1.1762	0	0	
647	604	0	0	0	-0	0	-0	0	-0	-0	0.000182641	1.62519	0	0	
684	63	0	0	0	0	-0	-0	-0	-0	0	0.0013682	4.67635	0	0	
656	592	0	0	0	-0	0	0	-0	-0	-0	9.4322e-05	0.305258	0	0	
191	121	0	0	0	0	0	-0	-0	0	-0	0.000143154	0.502359	0	0	
621	98	0	0	0	0	0	0	0	-0	0	8.56473e-05	3.08246	0	0	
465	270	0	0	0	-0	-0	-0	0	-0	-0	0.000115403	5.74084	0	0	
131	58	0	0	0	-0	-0	0	-0	-0	-0	0.00163863	3.9285	0	0	
194	182	0	0	0	-0	0	0	-0	-0	0	0.00164264	5.53093	0	0	
672	113	0	0	0	-0	-0	-0	-0	0	-0	0.00090777	4.16972	0	0	
525	196	0	0	0	-0	-0	-0	-0	0	0	6.05683e-05	0.596996	0	0	
640	127	0	0	0	0	0	-0	-0	-0	-0	0.00172963	5.63268	0	0	
471	308	0	0	0	-0	-0	-0	-0	0	-0	0.000139865	12.0502	0	0	
299	210	0	0	0	0	0	0	-0	-0	0	0.00040236	4.75177	0	0	
156	128	0	0	0	0	-0	-0	0	0	0	9.07872e-05	3.11092	0	0	
545	132	0	0	0	0	-0	-0	0	0	-0	0.000101207	0.409145	0	0	
471	197	0	0	0	-0	0	-0	-0	-0	-0	0.000143643	16.6995	0	0	
286	152	0	0	0	0	-0	0	0	0	0	0.00128785	0.95562	0	0	
532	254	0	0	0	0	-0	-0	-0	-0	0	0.000112901	0.945659	0	0	
65	40	0	0	0	0	-0	0	-0	0	0	0.000866495	20.1634	0	0	
291	177	0	0	0	0	-0	0	0	-0	-0	0.00132066	14.6794	0	0	
52	27	0	0	0	0	-0	-0	-0	-0	0	0.000445192	13.1069	0	0	
492	456	0	0	0	-0	0	-0	-0	0	0	5.99866e-05	6.78184	0	0	
181	41	0	0	0	-0	0	-0	0	0	-0	0.000495523	2.34956	0	0	
126	31	0	0	0	0	0	0	0	0	-0	0.00027082	1.40888	0	0	
109	47	0	0	0	-0	0	0	-0	-0	-0	0.00156366	7.12339	0	0	
636	105	0	0	0	0	-0	0	0	0	0	9.56699e-05	0.57138	0	0	
694	133	0	0	0	0	-0	-0	0	-0	0	0.000176012	14.1614	0	0	
463	259	0	0	0	-0	0	0	-0	0	-0	5.71542e-05	17.2858	0	0	
158	87	0	0	0	0	-0	0	0	-0	-0	0.000805215	9.83086	0	0	
558	477	0	0	0	0	0	0	-0	0	0	9.50622e-05	1.96888	0	0	
492	252	0	0	0	-0	0	0	0	0	0	6.96268e-05	7.28705	0	0	
385	122	0	0	0	-0	0	0	-0	-0	-0	0.000297847	12.5718	0	0	
398	174	0	0	0	-0	-0	0	0	-0	-0	0.00212618	7.79795	0	0	
693	22	0	0	0	0	-0	-0	0	-0	0	8.9398e-05	4.84285	0	0	
594	523	0	0	0	0	0	0	0	0	-0	0.000120765	2.88607	0	0	
93	33	0	0	0	-0	-0	0	0	0	0	0.00255568	20.0111	0	0	
558	59	0	0	0	0	-0	0	-0	0	0	0.000356654	5.82978	0	0	
398	139	0	0	0	-0	-0	0	0	-0	0	0.00217901	6.67298	0	0	
249	20	0	0	0	-0	-0	0	-0	0	-0	0.00032283	11.3828	0	0	
671	205	0	0	0	-0	0	-0	0	-0	-0	0.000165818	4.91543	0	0	
319	145	0	0	0	-0	0	-0	0	0	0	0.000238315	1.48004	0	0	
76	59	0	0	0	-0	-0	-0	-0	0	-0	0.000206752	28.5355	0	0	
696	425	0	0	0	-0	0	-0	0	0	0	0.000229968	13.5971	0	0	
317	2	0	0	0	0	-0	0	-0	-0	0	0.00067164	4.04306	0	0	
355	68	0	0	0	0	-0	-0	0	-0	0	0.000179853	3.95127	0	0	
381	73	0	0	0	-0	0	-0	0	0	0	0.000252267	0.931427	0	0	
140	7	0	0	0	0	-0	0	-0	-0	0	5.25382e-05	2.07561	0	0	
360	175	0	0	0	0	-0	-0	0	0	0	0.000461379	5.71807	0	0	
188	142	0	0	0	-0	-0	-0	0	-0	0	0.00082309	14.7982	0	0	
315	102	0	0	0	-0	-0	-0	-0	0	-0	0.000474396	19.5849	0	0	
440	82	0	0	0	-0	0	-0	0	0	-0	0.000313408	7.84704	0	0	
99	46	0	0	0	0	-0	-0	-0	-0	-0	0.00291522	17.8444	0	0	
48	22	0	0	0	0	-0	-0	-0	0	-0	0.00116638	17.4054	0	0	
360	70	0	0	0	0	0	-0	0	-0	0	0.000762962	11.5955	0	0	
434	190	0	0	0	-0	-0	-0	-0	0	0	0.000159254	2.90884	0	0	
179	27	0	0	0	0	-0	0	-0	-0	0	0.000942206	30.8566	0	0	
605	173	0	0	0	0	-0	0	0	0	-0	0.000323696	7.84206	0	0	
667	195	0	0	0	0	-0	0	-0	-0	-0	0.00208228	14.3514	0	0	
176	67	0	0	0	0	0	0	0	-0	-0	0.00230906	16.7123	0	0	
495	183	0	0	0	-0	-0	-0	-0	-0	0	4.15419e-05	1.70631	0	0	
199	125	0	0	0	-0	-0	0	0	-0	0	0.00273389	14.4218	0	0	
172	61	0	0	0	0	-0	-0	0	-0	0	0.00223376	17.0809	0	0	
117	75	0	0	0	-0	-0	0	-0	0	-0	0.00159476	29.6242	0	0	
110	48	0	0	0	0	-0	-0	0	0	0	0.000244606	5.44127	0	0	
699	179	0	0	0	-0	0	-0	-0	-0	-0	0.000156562	1.89986	0	0	
182	33	0	0	0	-0	0	0	0	-0	0	0.00127686	5.50745	0	0	
208	84	0	0	0	-0	-0	-0	-0	-0	0	2.9823e-05	0.457531	0	0	
699	263	0	0	0	-0	0	-0	-0	-0	-0	9.85978e-05	10.5545	0	0	
391	89	0	0	0	-0	-0	-0	-0	0	0	0.000265484	12.1441	0	0	
196	152	0	0	0	-0	-0	0	-0	0	-0	0.00169659	17.9092	0	0	
57	27	0	0	0	-0	0	0	0	-0	0	0.000294286	19.3643	0	0	
138	90	0	0	0	-0	0	-0	-0	-0	-0	0.00208214	9.91127	0	0	
404	104	0	0	0	0	0	-0	-0	-0	-0	0.000210568	6.98962	0	0	
481	250	0	0	0	-0	0	0	-0	-0	0	0.000345005	1.06947	0	0	
646	121	0	0	0	0	0	0	0	-0	0	0.000351666	15.8599	0	0	
612	62	0	0	0	-0	0	0	0	-0	0	0.000360552	1.31851	0	0	
355	82	0	0	0	-0	-0	-0	0	-0	-0	0.000165722	9.21252	0	0	
465	373	0	0	0	-0	-0	-0	-0	-0	0	0.000127386	6.87719	0	0	
609	545	0	0	0	-0	-0	-0	-0	0	0	0.000140393	9.44449	0	0	
665	118	0	0	0	-0	-0	0	-0	0	-0	0.00124896	13.5459	0	0	
649	8	0	0	0	0	-0	0	0	-0	-0	0.000102142	19.8674	0	0	
556	428	0	0	0	0	0	0	0	-0	0	6.69554e-05	24.3651	0	0	
109	54	0	0	0	-0	-0	-0	-0	0	0	0.000570632	12.1441	0	0	
544	57	0	0	0	-0	-0	0	0	0	0	0.000112285	16.0662	0	0	
567	473	0	0	0	-0	-0	-0	0	-0	0	5.47743e-05	13.1609	0	0	
528	110	0	0	0	-0	-0	0	0	-0	0	0.000194551	4.95741	0	0	
462	293	0	0	0	-0	0	-0	0	0	0	5.08714e-05	7.59302	0	0	
512	303	0	0	0	0	0	-0	-0	0	-0	4.50844e-05	2.63987	0	0	
155	116	0	0	0	-0	-0	-0	0	0	-0	0.00357425	8.94925	0	0	
645	96	0	0	0	-0	-0	0	-0	-0	-0	0.000107635	2.95154	0	0	
107	14	0	0	0	-0	0	0	0	0	-0	0.000647199	1.11928	0	0	
18	6	0	0	0	0	0	0	-0	-0	0	0.00121398	6.12294	0	0	
560	120	0	0	0	0	0	-0	-0	-0	-0	5.64725e-05	5.54658	0	0	
658	61	0	0	0	-0	-0	0	0	0	0	0.000460617	9.47437	0	0	
583	367	0	0	0	-0	0	0	-0	-0	-0	4.72178e-05	16.4861	0	0	
196	22	0	0	0	0	0	0	0	-0	-0	0.00171745	17.7128	0	0	
312	39	0	0	0	-0	-0	0	0	-0	0	0.000765473	2.58082	0	0	
248	92	0	0	0	-0	0	-0	-0	-0	-0	0.000221883	3.90929	0	0	
324	162	0	0	0	-0	0	-0	-0	0	0	0.000147582	2.21294	0	0	
292	39	0	0	0	0	-0	-0	-0	-0	-0	0.000305305	9.57186	0	0	
569	377	0	0	0	-0	0	0	-0	0	-0	0.000773136	7.82285	0	0	
430	36	0	0	0	-0	0	0	0	0	-0	0.000837222	1.41671	0	0	
385	147	0	0	0	-0	0	0	-0	-0	-0	0.000339832	12.3427	0	0	
656	628	0	0	0	0	0	-0	-0	0	0	0.000385302	11.4738	0	0	
627	534	0	0	0	-0	0	-0	0	-0	-0	0.000116137	8.20709	0	0	
327	285	0	0	0	-0	0	0	0	0	-0	5.82011e-05	0.726499	0	0	
663	280	0	0	0	0	0	0	0	-0	0	0.000280066	16.2704	0	0	
499	113	0	0	0	0	-0	0	0	0	0	0.000361134	4.17043	0	0	
460	380	0	0	0	0	-0	-0	0	0	-0	6.4558e-05	2.77009	0	0	
603	184	0	0	0	0	-0	0	-0	-0	-0	1.2595e-05	7.23582	0	0	
459	177	0	0	0	0	-0	-0	0	0	0	0.000309776	0.688787	0	0	
595	145	0	0	0	0	0	-0	0	0	0	0.000170644	4.99299	0	0	
473	207	0	0	0	0	-0	-0	0	0	-0	3.69231e-05	7.74529	0	0	
549	4	0	0	0	-0	-0	-0	-0	0	-0	0.000184144	14.3293	0	0	
313	85	0	0	0	-0	-0	-0	-0	-0	0	0.00027917	4.05231	0	0	
31	17	0	0	0	0	0	-0	0	-0	0	0.000465903	0.131638	0	0	
306	42	0	0	0	0	0	-0	-0	-0	-0	0.00026427	18.1539	0	0	
357	48	0	0	0	0	0	0	0	-0	-0	0.00186639	16.765	0	0	
625	541	0	0	0	-0	0	-0	-0	-0	-0	0.000106706	3.95056	0	0	
183	119	0	0	0	0	-0	-0	0	0	-0	0.00149081	19.5045	0	0	
684	194	0	0	0	0	-0	-0	-0	-0	0	0.00127486	4.618	0	0	
106	51	0	0	0	0	-0	0	0	0	-0	0.000709005	13.8889	0	0	
599	20	0	0	0	0	0	-0	-0	0	-0	0.000639417	7.44644	0	0	
157	16	0	0	0	-0	0	-0	0	0	-0	0.000767279	0.939254	0	0	
504	178	0	0	0	-0	0	0	-0	0	-0	0.000867397	18.2237	0	0	
3	2	0	0	0	-0	0	0	0	0	0	0.000823182	9.84723	0	0	
91	26	0	0	0	-0	0	0	-0	-0	0	0.00187542	10.0208	0	0	
384	33	0	0	0	0	0	0	0	0	-0	0.00063635	19.0448	0	0	
484	39	0	0	0	-0	-0	0	-0	0	0	0.000304852	14.5463	0	0	
445	260	0	0	0	0	0	-0	0	-0	0	0.000134189	18.1582	0	0	
295	170	0	0	0	0	0	0	-0	0	0	0.000140143	2.29263	0	0	
518	198	0	0	0	0	0	-0	-0	-0	-0	0.000430512	17.9803	0	0	
164	94	0	0	0	-0	-0	0	-0	0	-0	0.00477938	13.0905	0	0	
322	45	0	0	0	0	0	0	0	0	-0	0.000153938	6.61178	0	0	
279	270	0	0	0	0	-0	-0	0	0	0	0.000520443	9.90344	0	0	
417	121	0	0	0	-0	0	-0	-0	0	0	0.00010556	2.56516	0	0	
281	136	0	0	0	-0	-0	-0	0	0	-0	0.000328243	12.6607	0	0	
79	15	0	0	0	0	0	-0	-0	0	-0	0.00088755	17.441	0	0	
199	66	0	0	0	-0	-0	0	0	-0	0	0.00182947	14.668	0	0	
599	180	0	0	0	-0	-0	-0	0	0	-0	0.00153338	1.24309	0	0	
236	196	0	0	0	-0	0	-0	-0	0	0	0.00020666	3.58767	0	0	
395	176	0	0	0	-0	0	-0	-0	-0	0	0.000422777	5.71664	0	0	
418	54	0	0	0	-0	0	0	-0	0	-0	0.000107137	9.10223	0	0	
691	234	0	0	0	-0	-0	-0	-0	0	-0	8.69403e-05	15.2074	0	0	
695	359	0	0	0	-0	-0	-0	0	-0	0	6.21717e-05	1.56329	0	0	
214	77	0	0	0	0	-0	-0	0	0	-0	0.000609424	7.49055	0	0	
629	143	0	0	0	-0	0	0	0	0	-0	2.10682e-05	0.477454	0	0	
515	66	0	0	0	-0	-0	0	-0	0	0	0.00102173	5.25342	0	0	
269	25	0	0	0	-0	-0	0	-0	-0	-0	5.60737e-05	3.04404	0	0	
658	129	0	0	0	-0	0	0	0	0	0	0.000480017	4.05374	0	0	
525	491	0	0	0	0	0	-0	-0	-0	-0	6.73852e-05	9.37476	0	0	
365	171	0	0	0	-0	-0	0	-0	-0	-0	0.00100576	11.3244	0	0	
97	10	0	0	0	0	-0	0	0	0	0	0.00294094	15.6251	0	0	
166	62	0	0	0	-0	0	-0	-0	-0	0	0.00315934	17.9433	0	0	
635	69	0	0	0	-0	-0	0	0	-0	0	0.000343245	4.03097	0	0	
559	20	0	0	0	0	-0	-0	0	0	0	0.00027072	23.6884	0	0	
379	300	0	0	0	-0	0	0	0	0	0	0.00188186	1.15414	0	0	
571	433	0	0	0	0	-0	0	-0	-0	0	0.00028108	9.77679	0	0	
340	112	0	0	0	-0	0	-0	-0	0	0	0.000762147	4.16687	0	0	
475	256	0	0	0	-0	0	-0	0	0	0	0.00129375	9.47722	0	0	
529	130	0	0	0	0	0	0	0	-0	-0	8.06584e-05	0.688787	0	0	
674	280	0	0	0	-0	0	-0	-0	-0	0	7.69959e-05	2.67189	0	0	
650	312	0	0	0	0	-0	0	-0	-0	0	0.000572218	8.20425	0	0	
120	15	0	0	0	0	0	0	-0	0	0	0.00114836	11.6297	0	0	
152	77	0	0	0	-0	-0	0	0	-0	-0	0.00243133	10.5076	0	0	
117	21	0	0	0	0	0	-0	-0	0	-0	0.00323944	3.41974	0	0	
665	2	0	0	0	-0	-0	0	-0	0	-0	0.00174899	10.5446	0	0	
350	185	0	0	0	0	0	-0	0	0	0	8.8464e-05	23.2779	0	0	
301	221	0	0	0	0	0	-0	0	0	0	0.000188739	14.4467	0	0	
296	55	0	0	0	0	0	0	0	0	-0	0.00012693	2.47622	0	0	
401	66	0	0	0	0	-0	-0	-0	-0	-0	0.000268133	8.86457	0	0	
94	83	0	0	0	0	-0	0	-0	-0	-0	0.00255239	3.56917	0	0	
414	47	0	0	0	0	0	-0	0	-0	0	0.000411369	0.984794	0	0	
692	156	0	0	0	-0	0	-0	-0	0	0	0.000166353	2.45843	0	0	
577	48	0	0	0	0	-0	-0	-0	0	-0	0.000361659	11.407	0	0	
559	0	0	0	0	-0	-0	0	0	-0	0	0.000527297	22.5058	0	0	
657	472	0	0	0	-0	-0	0	0	0	0	0.000118675	14.4638	0	0	
139	87	0	0	0	-0	-0	-0	0	0	-0	0.0019228	17.5669	0	0	
51	39	0	0	0	-0	0	0	-0	-0	-0	0.00133335	24.6184	0	0	
301	79	0	0	0	0	0	-0	-0	0	-0	0.000283577	9.26375	0	0	
144	29	0	0	0	-0	0	-0	0	0	0	0.00101597	3.72927	0	0	
579	116	0	0	0	-0	0	0	0	0	-0	0.000193333	2.13111	0	0	
189	86	0	0	0	-0	-0	-0	-0	0	0	0.00134473	11.8047	0	0	
640	141	0	0	0	0	-0	-0	-0	0	-0	0.00175646	4.81724	0	0	
469	50	0	0	0	-0	0	-0	-0	-0	0	0.000652105	9.88708	0	0	
531	435	0	0	0	0	-0	-0	0	-0	0	0.000648182	7.62006	0	0	
424	177	0	0	0	0	-0	-0	-0	-0	0	0.000839191	5.43985	0	0	
105	40	0	0	0	-0	0	0	-0	-0	0	0.00125814	6.26312	0	0	
279	172	0	0	0	-0	0	-0	0	0	0	0.00115816	7.80791	0	0	
325	165	0	0	0	-0	-0	-0	0	0	-0	0.000117433	1.89132	0	0	
651	88	0	0	0	-0	0	0	-0	0	-0	0.000698261	9.4516	0	0	
285	74	0	0	0	-0	-0	-0	0	-0	0	0.000102173	17.9568	0	0	
613	91	0	0	0	-0	-0	-0	-0	0	-0	0.000144757	9.13496	0	0	
595	284	0	0	0	0	-0	0	0	0	0	0.000191496	1.72126	0	0	
100	24	0	0	0	-0	-0	-0	0	0	-0	0.00473598	25.3186	0	0	
481	114	0	0	0	-0	-0	0	-0	-0	-0	1.88483e-05	0.822559	0	0	
77	72	0	0	0	0	0	0	0	-0	-0	0.000944466	17.3961	0	0	
459	18	0	0	0	-0	0	0	0	-0	0	0.000449571	0.328028	0	0	
131	3	0	0	0	-0	-0	-0	-0	-0	0	0.00145015	4.26436	0	0	
564	352	0	0	0	-0	-0	-0	-0	0	-0	2.70149e-05	2.18875	0	0	
127	16	0	0	0	-0	-0	-0	0	0	-0	0.000932579	7.96018	0	0	
387	124	0	0	0	-0	0	0	-0	-0	-0	0.000575718	19.18	0	0	
448	198	0	0	0	0	-0	0	0	0	-0	0.00133386	7.87337	0	0	
329	270	0	0	0	-0	-0	0	0	-0	-0	0.000119849	15.6443	0	0	
475	126	0	0	0	0	0	-0	-0	-0	-0	0.00101072	19.0306	0	0	
187	154	0	0	0	0	-0	-0	-0	-0	0	0.000854507	9.75259	0	0	
233	35	0	0	0	0	-0	-0	-0	-0	0	0.000121607	6.1635	0	0	
468	67	0	0	0	-0	-0	-0	0	-0	-0	9.60375e-05	3.45389	0	0	
614	82	0	0	0	0	0	-0	0	0	0	0.000108837	4.93109	0	0	
684	574	0	0	0	0	-0	0	-0	-0	0	0.000389817	3.86873	0	0	
554	108	0	0	0	0	0	-0	0	-0	0	0.000200217	6.61747	0	0	
633	335	0	0	0	0	0	0	0	-0	0	0.000200323	12.5668	0	0	
274	188	0	0	0	-0	-0	0	0	-0	0	0.000964269	11.0042	0	0	
436	105	0	0	0	0	0	-0	0	-0	0	0.000121753	5.35019	0	0	
671	52	0	0	0	-0	0	0	-0	-0	-0	0.000140901	4.61942	0	0	
692	687	0	0	0	-0	0	0	-0	-0	-0	0.00017854	2.75443	0	0	
695	108	0	0	0	0	-0	-0	-0	-0	-0	0.00018831	3.27601	0	0	
227	175	0	0	0	-0	0	0	-0	0	-0	0.000238558	0.150138	0	0	
101	13	0	0	0	0	-0	0	0	0	-0	0.00272201	19.4554	0	0	
415	42	0	0	0	-0	0	0	0	0	-0	0.000125514	2.8448	0	0	
478	62	0	0	0	0	0	0	-0	0	-0	0.00145232	3.09527	0	0	
566	378	0	0	0	-0	0	-0	0	0	-0	4.4543e-05	3.71788	0	0	
416	83	0	0	0	0	-0	-0	0	0	0	0.000134386	7.34042	0	0	
265	98	0	0	0	-0	-0	-0	-0	0	-0	0.00024457	3.40693	0	0	
246	34	0	0	0	-0	0	0	0	0	0	7.89819e-05	3.54142	0	0	
346	131	0	0	0	0	-0	-0	0	0	-0	0.000602544	15.9367	0	0	
269	181	0	0	0	0	-0	0	-0	-0	-0	0.000290636	1.9952	0	0	
429	9	0	0	0	0	-0	-0	-0	-0	-0	0.00017888	11.387	0	0	
80	36	0	0	0	-0	-0	-0	0	-0	-0	0.00124797	0.796943	0	0	
568	43	0	0	0	0	0	0	0	0	-0	0.00202053	7.60298	0	0	
196	151	0	0	0	-0	-0	-0	0	-0	-0	0.00141764	8.29532	0	0	
56	45	0	0	0	0	-0	0	-0	-0	0	0.00399994	14.1927	0	0	
591	166	0	0	0	-0	0	-0	0	0	-0	0.000209395	3.42259	0	0	
335	223	0	0	0	0	-0	-0	-0	-0	-0	0.000206177	16.935	0	0	
414	345	0	0	0	0	-0	-0	0	0	0	0.000108984	2.47693	0	0	
166	19	0	0	0	-0	-0	0	-0	0	-0	0.000252852	2.99921	0	0	
268	153	0	0	0	0	0	0	0	0	-0	0.000504346	3.91712	0	0	
292	199	0	0	0	-0	-0	-0	0	-0	-0	0.000261837	8.39423	0	0	
294	231	0	0	0	-0	-0	0	-0	0	-0	0.000207797	1.46225	0	0	
443	98	0	0	0	0	-0	-0	0	0	0	0.000106988	2.98071	0	0	
115	53	0	0	0	-0	0	0	0	0	0	0.00128764	4.73825	0	0	
458	145	0	0	0	0	-0	-0	-0	0	-0	0.000364919	2.15744	0	0	
194	167	0	0	0	0	0	0	-0	0	0	0.00051297	5.0919	0	0	
376	200	0	0	0	0	-0	-0	-0	-0	0	9.40947e-05	9.31499	0	0	
158	134	0	0	0	0	0	-0	-0	0	0	0.00187371	10.7872	0	0	
600	93	0	0	0	0	-0	-0	-0	-0	0	0.000121636	2.60003	0	0	
175	67	0	0	0	-0	-0	0	0	-0	-0	0.001582	6.53138	0	0	
425	189	0	0	0	0	0	0	0	-0	0	0.000311328	13.3395	0	0	
523	336	0	0	0	-0	-0	-0	0	-0	-0	0.000221436	7.9673	0	0	
657	321	0	0	0	0	0	0	0	-0	-0	0.000193689	12.2758	0	0	
691	351	0	0	0	-0	0	-0	-0	-0	0	0.00017314	9.64088	0	0	
84	46	0	0	0	-0	-0	0	-0	0	-0	0.000647155	5.15167	0	0	
212	124	0	0	0	-0	0	0	0	0	0	0.000383899	14.784	0	0	
511	490	0	0	0	0	0	-0	0	-0	-0	0.000368544	4.8706	0	0	
388	361	0	0	0	-0	0	-0	0	-0	-0	8.53723e-05	18.467	0	0	
594	51	0	0	0	0	-0	0	0	0	-0	0.00010073	5.95644	0	0	
517	163	0	0	0	0	0	0	-0	0	-0	0.00221701	1.9518	0	0	
107	36	0	0	0	-0	0	0	-0	-0	-0	0.00039482	1.28578	0	0	
439	30	0	0	0	0	-0	-0	0	0	0	0.000912928	18.2528	0	0	
374	87	0	0	0	-0	0	0	0	0	0	7.63594e-05	3.5649	0	0	
398	81	0	0	0	0	0	0	0	-0	0	0.000650367	1.96532	0	0	
464	136	0	0	0	-0	-0	-0	-0	-0	0	7.04235e-05	1.53625	0	0	
640	93	0	0	0	-0	-0	0	-0	0	-0	0.00202536	5.83832	0	0	
367	259	0	0	0	-0	0	-0	0	0	-0	6.55637e-05	1.14134	0	0	
493	315	0	0	0	0	0	-0	0	-0	-0	0.0001585	5.28259	0	0	
325	30	0	0	0	0	-0	0	0	0	-0	0.000256426	2.34529	0	0	
642	25	0	0	0	0	-0	0	-0	-0	-0	0.000180931	0.1601	0	0	
318	216	0	0	0	-0	-0	0	0	-0	-0	0.000141536	2.15602	0	0	
170	72	0	0	0	-0	0	0	0	0	-0	0.000747491	1.11999	0	0	
611	128	0	0	0	-0	0	-0	-0	-0	0	0.000318284	2.35383	0	0	
478	174	0	0	0	0	0	-0	-0	0	0	0.000669276	2.39795	0	0	
330	176	0	0	0	-0	-0	-0	-0	0	-0	0.000103755	3.84739	0	0	
528	22	0	0	0	0	0	0	0	-0	0	0.00103885	8.61979	0	0	
560	66	0	0	0	-0	0	-0	0	-0	-0	3.83639e-06	0.32447	0	0	
505	71	0	0	0	-0	0	-0	-0	-0	0	0.000503131	3.57486	0	0	
502	218	0	0	0	0	0	0	0	0	-0	0.000193029	9.4331	0	0	
134	83	0	0	0	-0	-0	-0	0	-0	0	0.000638944	12.2487	0	0	
63	50	0	0	0	-0	-0	-0	0	-0	0	0.00215136	18.6285	0	0	
435	174	0	0	0	0	-0	-0	-0	-0	0	0.000846583	12.6387	0	0	
611	593	0	0	0	-0	-0	0	-0	-0	-0	0.000131898	2.26275	0	0	
283	2	0	0	0	0	0	-0	-0	0	-0	0.000166819	8.74218	0	0	
375	322	0	0	0	-0	0	-0	-0	-0	0	0.0001324	4.14197	0	0	
614	205	0	0	0	-0	0	-0	0	0	0	9.11406e-05	2.53954	0	0	
275	4	0	0	0	0	0	-0	0	-0	0	0.00101039	11.0932	0	0	
697	108	0	0	0	0	-0	-0	0	0	0	0.000759299	7.7887	0	0	
231	29	0	0	0	-0	0	-0	0	0	0	0.000379442	6.87292	0	0	
586	163	0	0	0	0	0	0	-0	0	-0	5.6466e-05	2.20369	0	0	
663	38	0	0	0	0	-0	0	0	0	-0	0.000140072	13.642	0	0	
618	74	0	0	0	0	-0	0	-0	0	0	0.000186679	2.06636	0	0	
332	10	0	0	0	-0	-0	0	0	-0	-0	0.000393489	6.71709	0	0	
523	324	0	0	0	0	-0	-0	-0	-0	-0	0.000345649	10.2493	0	0	
471	423	0	0	0	0	0	-0	-0	0	0	0.000221098	6.71496	0	0	
588	239	0	0	0	0	0	0	-0	0	-0	0.000127716	12.2864	0	0	
555	138	0	0	0	-0	0	0	-0	-0	0	7.3386e-05	3.21695	0	0	
515	331	0	0	0	-0	0	0	-0	0	-0	9.40016e-05	4.74181	0	0	
375	85	0	0	0	-0	-0	0	-0	0	-0	0.000242778	14.4396	0	0	
341	23	0	0	0	0	0	-0	0	-0	-0	0.000739478	17.1072	0	0	
98	65	0	0	0	-0	-0	-0	-0	0	-0	0.000943691	6.06531	0	0	
601	199	0	0	0	0	-0	-0	0	0	0	0.000172885	4.99797	0	0	
671	493	0	0	0	-0	-0	-0	0	-0	0	0.000194124	19.6148	0	0	
652	218	0	0	0	0	-0	-0	-0	-0	-0	0.000215485	4.02456	0	0	
628	124	0	0	0	-0	-0	0	0	-0	0	0.00101814	11.3095	0	0	
349	134	0	0	0	-0	0	-0	-0	-0	0	0.000399227	8.44119	0	0	
315	70	0	0	0	-0	-0	-0	-0	0	-0	0.000200552	19.6283	0	0	
357	126	0	0	0	0	-0	-0	0	0	-0	0.00108571	14.9747	0	0	
155	100	0	0	0	-0	-0	-0	0	0	-0	0.00363453	21.8583	0	0	
115	70	0	0	0	0	0	-0	-0	0	0	0.00202501	4.12347	0	0	
357	92	0	0	0	-0	-0	0	0	-0	-0	0.000894447	3.04404	0	0	
307	203	0	0	0	-0	-0	0	0	-0	-0	0.000151526	16.0904	0	0	
257	94	0	0	0	0	-0	0	0	-0	-0	0.000294944	0.221294	0	0	
494	120	0	0	0	-0	-0	-0	0	0	-0	0.000112728	9.48434	0	0	
697	178	0	0	0	0	0	-0	0	0	0	0.000762621	7.37884	0	0	
461	432	0	0	0	0	-0	0	0	0	-0	0.000156772	5.0549	0	0	
330	91	0	0	0	0	0	-0	-0	-0	-0	9.26493e-05	6.25102	0	0	
413	93	0	0	0	-0	-0	0	-0	-0	-0	0.000259096	15.9595	0	0	
211	96	0	0	0	-0	-0	-0	-0	-0	0	0.000309448	3.17923	0	0	
669	161	0	0	0	0	0	0	0	-0	-0	0.000526419	5.19934	0	0	
427	84	0	0	0	-0	0	-0	0	-0	-0	0.000360885	2.45629	0	0	
393	6	0	0	0	0	0	0	-0	-0	0	0.000227118	7.60512	0	0	
228	75	0	0	0	-0	-0	-0	0	-0	0	0.000116097	0.387798	0	0	
531	211	0	0	0	-0	-0	0	0	-0	0	0.000132444	10.272	0	0	
668	37	0	0	0	0	0	0	0	0	-0	8.09489e-05	19.407	0	0	
141	35	0	0	0	0	-0	0	-0	-0	0	0.00076336	2.63489	0	0	
195	174	0	0	0	-0	-0	0	-0	-0	-0	0.00167293	6.56767	0	0	
137	115	0	0	0	-0	-0	0	-0	0	-0	0.00102243	5.74938	0	0	
323	73	0	0	0	0	-0	-0	-0	-0	-0	0.000126971	16.7813	0	0	
640	356	0	0	0	-0	0	-0	-0	-0	-0	0.000216831	1.45513	0	0	
150	79	0	0	0	0	0	0	0	0	-0	0.000441458	7.30982	0	0	
345	339	0	0	0	0	0	0	-0	-0	0	0.000144953	14.0753	0	0	
470	5	0	0	0	0	0	0	0	0	-0	0.000159911	14.5584	0	0	
484	297	0	0	0	0	-0	0	0	-0	-0	0.000197661	9.57541	0	0	
359	352	0	0	0	-0	-0	-0	0	0	-0	7.72148e-05	7.17391	0	0	
619	202	0	0	0	0	-0	-0	0	0	0	0.000678371	5.68178	0	0	
450	314	0	0	0	0	-0	-0	0	0	0	6.2019e-05	1.99592	0	0	
469	88	0	0	0	-0	-0	0	-0	0	0	0.000379869	1.11572	0	0	
563	176	0	0	0	-0	-0	0	0	0	0	0.000587353	6.63384	0	0	
315	4	0	0	0	-0	0	0	-0	0	-0	0.000898179	1.37828	0	0	
273	42	0	0	0	-0	0	-0	0	0	0	9.37266e-05	12.3775	0	0	
386	24	0	0	0	0	0	-0	-0	-0	-0	0.000352085	1.66077	0	0	
563	97	0	0	0	0	-0	0	0	0	0	0.00100966	17.5199	0	0	
507	52	0	0	0	-0	0	-0	-0	-0	0	0.000721401	21.8811	0	0	
698	206	0	0	0	0	-0	0	-0	-0	0	5.26664e-05	19.8631	0	0	
521	219	0	0	0	0	-0	0	-0	-0	-0	0.000147393	18.0942	0	0	
551	217	0	0	0	-0	-0	0	-0	-0	-0	5.34386e-05	22.3685	0	0	
124	122	0	0	0	-0	-0	0	-0	0	0	0.00101573	3.86304	0	0	
99	16	0	0	0	-0	0	-0	-0	-0	-0	0.00169484	18.598	0	0	
294	124	0	0	0	0	0	0	-0	0	0	0.000120937	13.2748	0	0	
586	535	0	0	0	-0	0	-0	0	0	-0	2.2383e-05	8.04841	0	0	
389	298	0	0	0	0	-0	-0	0	0	-0	0.000502793	24.4505	0	0	
56	7	0	0	0	-0	-0	0	-0	-0	-0	0.00120847	19.8766	0	0	
128	86	0	0	0	0	-0	-0	-0	-0	-0	0.000106725	21.4684	0	0	
633	343	0	0	0	0	-0	0	-0	-0	-0	0.000132335	5.19721	0	0	
639	352	0	0	0	-0	-0	-0	-0	-0	0	0.000292799	9.2417	0	0	
381	61	0	0	0	-0	0	0	0	0	-0	0.000892838	1.7732	0	0	
483	267	0	0	0	-0	0	0	0	0	-0	5.29256e-05	24.516	0	0	
478	96	0	0	0	-0	0	-0	0	0	0	0.00158319	3.26747	0	0	
70	63	0	0	0	0	0	0	0	-0	-0	0.000723932	1.46865	0	0	
120	78	0	0	0	0	0	-0	0	-0	0	0.000208002	3.16927	0	0	
504	23	0	0	0	-0	-0	0	-0	0	0	0.000288906	7.32974	0	0	
157	90	0	0	0	-0	-0	0	-0	0	-0	0.00127177	13.1382	0	0	
657	479	0	0	0	-0	-0	0	-0	0	-0	0.000126083	13.0727	0	0	
402	190	0	0	0	-0	0	0	0	-0	0	0.00079081	0.226987	0	0	
617	415	0	0	0	0	-0	-0	0	0	0	7.946e-05	1.68283	0	0	
337	78	0	0	0	-0	-0	0	-0	0	-0	0.000336582	13.225	0	0	
422	148	0	0	0	0	-0	0	-0	-0	-0	0.000887616	0.37926	0	0	
632	19	0	0	0	-0	-0	-0	-0	-0	0	9.72863e-05	14.3983	0	0	
602	12	0	0	0	-0	0	0	-0	0	-0	0.000251063	4.91472	0	0	
136	100	0	0	0	0	-0	-0	0	0	0	0.00129829	3.4724	0	0	
448	163	0	0	0	0	0	-0	0	-0	-0	0.000495706	1.41315	0	0	
593	406	0	0	0	0	-0	-0	-0	-0	-0	7.08963e-05	2.51749	0	0	
181	32	0	0	0	-0	0	0	0	-0	0	0.00230793	13.7302	0	0	
364	240	0	0	0	0	0	-0	-0	0	-0	0.000105769	7.1177	0	0	
143	22	0	0	0	0	0	-0	0	-0	-0	0.000643132	1.04528	0	0	
272	187	0	0	0	0	-0	-0	-0	-0	-0	8.90019e-05	1.74758	0	0	
473	112	0	0	0	-0	-0	-0	0	0	-0	2.64473e-05	0.385664	0	0	
483	106	0	0	0	-0	-0	-0	0	0	-0	0.000220784	3.88012	0	0	
207	78	0	0	0	-0	-0	-0	-0	0	0	0.000266586	2.26417	0	0	
369	326	0	0	0	-0	0	-0	-0	-0	0	5.04687e-05	17.2759	0	0	
236	24	0	0	0	-0	0	0	-0	-0	0	0.000269292	1.62164	0	0	
420	21	0	0	0	0	-0	-0	0	0	0	0.000582236	13.4071	0	0	
156	8	0	0	0	0	0	-0	0	-0	-0	0.00135619	18.8833	0	0	
520	446	0	0	0	-0	0	-0	-0	-0	0	0.00016917	7.63429	0	0	
151	129	0	0	0	0	0	-0	0	0	0	0.00208602	3.9285	0	0	
404	23	0	0	0	-0	-0	-0	-0	-0	0	0.000173982	12.1548	0	0	
125	108	0	0	0	-0	0	-0	0	0	0	0.00129449	26.361	0	0	
549	440	0	0	0	-0	0	-0	-0	-0	0	0.000283527	13.0727	0	0	
681	167	0	0	0	-0	0	-0	-0	-0	-0	0.000490114	12.4572	0	0	
431	301	0	0	0	-0	-0	-0	-0	-0	0	0.000139525	11.9584	0	0	
440	327	0	0	0	0	0	-0	-0	-0	-0	1.62953e-05	0.943524	0	0	
210	43	0	0	0	-0	0	0	-0	0	-0	0.00030066	5.72305	0	0	
195	64	0	0	0	-0	-0	0	0	-0	0	0.00128994	1.25519	0	0	
100	12	0	0	0	0	-0	0	-0	0	0	0.00156004	12.3263	0	0	
483	4	0	0	0	-0	0	-0	0	-0	-0	0.000203245	5.15736	0	0	
697	695	0	0	0	0	0	-0	0	0	0	0.00015517	1.60456	0	0	
112	32	0	0	0	-0	-0	-0	-0	0	0	0.00141376	19.3515	0	0	
168	149	0	0	0	0	0	-0	0	0	0	0.00110529	14.4168	0	0	
660	439	0	0	0	0	-0	0	0	-0	-0	5.96551e-05	4.30776	0	0	
100	81	0	0	0	-0	0	0	-0	-0	-0	0.000783019	11.1921	0	0	
604	45	0	0	0	-0	-0	0	-0	0	0	0.001429	4.36326	0	0	
619	282	0	0	0	0	-0	0	-0	-0	0	0.000124402	0.190697	0	0	
669	306	0	0	0	-0	-0	-0	0	-0	0	0.000304974	4.1313	0	0	
17	10	0	0	0	0	-0	-0	0	-0	0	0.000735513	16.1502	0	0	
599	430	0	0	0	-0	-0	-0	0	-0	-0	0.00150867	7.82997	0	0	
557	35	0	0	0	0	-0	-0	-0	0	-0	0.000226209	32.1225	0	0	
40	10	0	0	0	0	0	0	0	-0	-0	0.000774566	24.7679	0	0	
140	37	0	0	0	-0	-0	0	0	-0	-0	0.00353501	26.5026	0	0	
479	224	0	0	0	0	0	-0	0	0	0	0.000180222	15.4579	0	0	
472	310	0	0	0	0	-0	-0	0	0	-0	9.79148e-05	8.62904	0	0	
567	32	0	0	0	0	-0	0	-0	-0	-0	0.00011315	3.48307	0	0	
600	141	0	0	0	0	0	-0	0	-0	-0	5.97222e-05	1.26372	0	0	
640	44	0	0	0	-0	-0	-0	-0	0	0	0.00142234	3.0604	0	0	
428	186	0	0	0	0	0	-0	-0	0	-0	0.000100744	0.683094	0	0	
360	99	0	0	0	-0	-0	0	0	0	0	0.00068482	6.39333	0	0	
587	14	0	0	0	-0	0	0	-0	-0	0	0.000778317	3.34005	0	0	
114	101	0	0	0	-0	0	0	-0	0	-0	0.00110826	16.6163	0	0	
646	224	0	0	0	0	-0	0	0	0	-0	0.000362905	7.4443	0	0	
120	2	0	0	0	0	-0	0	-0	0	0	0.000684007	11.333	0	0	
500	117	0	0	0	0	0	0	-0	-0	0	0.000176434	4.29353	0	0	
414	151	0	0	0	-0	0	0	0	0	-0	0.000519119	6.95618	0	0	
517	448	0	0	0	-0	0	-0	-0	-0	0	0.00140715	7.06647	0	0	
574	229	0	0	0	0	-0	0	-0	-0	-0	0.000185079	10.6022	0	0	
113	101	0	0	0	-0	-0	0	-0	0	0	0.00134111	9.31285	0	0	
119	83	0	0	0	-0	0	0	-0	-0	0	0.00127947	3.42543	0	0	
673	64	0	0	0	-0	-0	0	0	-0	-0	0.000124298	4.83645	0	0	
230	161	0	0	0	-0	0	0	0	-0	0	0.000341693	1.26657	0	0	
196	146	0	0	0	0	-0	-0	0	-0	0	0.001857	1.13066	0	0	
276	205	0	0	0	0	0	-0	-0	0	-0	0.000151375	2.83626	0	0	
248	6	0	0	0	0	-0	-0	-0	-0	0	0.000216284	4.37251	0	0	
546	181	0	0	0	0	-0	0	-0	-0	0	8.03105e-05	8.9713	0	0	
186	17	0	0	0	0	-0	-0	0	0	0	0.000555651	16.0812	0	0	
164	80	0	0	0	-0	0	-0	-0	0	0	0.00124309	7.00598	0	0	
566	86	0	0	0	0	0	0	0	-0	-0	7.15177e-05	17.2147	0	0	
109	34	0	0	0	-0	-0	0	0	0	0	8.42156e-05	0.0291738	0	0	
333	90	0	0	0	0	-0	0	-0	0	0	0.00204471	8.76566	0	0	
508	12	0	0	0	0	0	0	-0	0	0	6.03551e-05	2.89675	0	0	
382	25	0	0	0	-0	0	-0	-0	0	0	4.01769e-05	3.74706	0	0	
430	149	0	0	0	-0	0	0	-0	0	-0	0.00132504	5.80061	0	0	
423	38	0	0	0	-0	-0	-0	0	-0	-0	0.000338122	13.3289	0	0	
534	71	0	0	0	-0	0	-0	0	0	0	0.00018894	2.28481	0	0	
213	127	0	0	0	0	-0	0	-0	-0	0	0.00024564	7.92745	0	0	
563	159	0	0	0	0	0	0	0	-0	0	0.00326231	16.0613	0	0	
449	61	0	0	0	0	-0	0	-0	-0	-0	0.000130924	1.01539	0	0	
379	139	0	0	0	0	-0	-0	-0	-0	-0	0.00220815	12.4266	0	0	
120	72	0	0	0	0	0	0	0	-0	0	0.000651713	12.6693	0	0	
651	207	0	0	0	-0	0	-0	-0	-0	-0	0.000130826	16.9863	0	0	
317	72	0	0	0	-0	-0	0	0	-0	0	0.000718016	9.13496	0	0	
616	251	0	0	0	-0	0	0	0	0	0	0.000170325	0.26968	0	0	
189	91	0	0	0	0	-0	-0	0	-0	0	0.000557663	5.90094	0	0	
58	16	0	0	0	0	-0	0	-0	-0	0	0.00235994	18.4101	0	0	
304	173	0	0	0	0	0	0	-0	-0	0	0.000558823	3.78975	0	0	
624	557	0	0	0	0	0	-0	0	-0	0	7.78876e-05	31.5027	0	0	
78	41	0	0	0	-0	0	0	-0	-0	0	0.000534411	10.0237	0	0	
658	32	0	0	0	0	-0	0	-0	0	0	0.000287064	9.32566	0	0	
499	96	0	0	0	0	0	-0	0	-0	0	0.000684516	7.88333	0	0	
519	158	0	0	0	-0	0	0	-0	-0	0	0.000152044	2.44348	0	0	
413	321	0	0	0	0	0	0	0	0	-0	0.000196978	16.9137	0	0	
537	156	0	0	0	-0	0	0	0	0	-0	9.39708e-05	6.70215	0	0	
482	81	0	0	0	0	-0	0	0	0	0	0.000796684	14.1194	0	0	
527	404	0	0	0	0	-0	-0	-0	0	-0	0.000259708	6.2247	0	0	
388	114	0	0	0	-0	0	0	-0	0	-0	0.000117345	14.9292	0	0	
525	240	0	0	0	0	0	-0	-0	-0	-0	8.72611e-05	6.71069	0	0	
177	65	0	0	0	0	-0	-0	-0	-0	-0	0.00216099	5.37652	0	0	
474	133	0	0	0	-0	-0	0	-0	0	0	0.000207095	4.31274	0	0	
205	182	0	0	0	-0	-0	-0	0	-0	0	0.000190039	4.88341	0	0	
463	82	0	0	0	0	0	-0	-0	0	0	0.000157458	0.814021	0	0	
234	50	0	0	0	0	-0	0	0	0	0	0.000204697	1.84507	0	0	
568	6	0	0	0	0	0	-0	0	-0	-0	0.00169647	6.42607	0	0	
121	107	0	0	0	0	0	-0	0	-0	-0	0.00152353	2.91738	0	0	
270	11	0	0	0	-0	-0	-0	-0	0	0	0.000314873	0.375702	0	0	
220	10	0	0	0	0	-0	0	0	0	-0	0.000142016	4.45932	0	0	
683	110	0	0	0	-0	-0	0	0	0	0	0.000728398	16.8788	0	0	
348	166	0	0	0	0	-0	-0	-0	0	-0	0.000934529	9.19189	0	0	
333	237	0	0	0	0	-0	0	0	0	0	0.000667172	4.76814	0	0	
71	58	0	0	0	-0	0	-0	0	0	-0	0.00174475	13.1759	0	0	
77	69	0	0	0	0	-0	0	-0	0	0	0.00143679	4.20743	0	0	
641	380	0	0	0	-0	0	-0	-0	-0	0	5.54329e-05	29.9587	0	0	
164	30	0	0	0	-0	-0	-0	-0	0	-0	0.00230795	14.1557	0	0	
291	98	0	0	0	0	-0	-0	0	-0	0	0.000657456	3.26818	0	0	
675	264	0	0	0	-0	-0	-0	0	-0	-0	0.000330992	1.57966	0	0	
379	210	0	0	0	-0	0	-0	-0	-0	-0	0.000707473	12.369	0	0	
141	21	0	0	0	-0	-0	0	-0	0	0	0.00257659	31.0239	0	0	
51	4	0	0	0	-0	-0	-0	-0	0	0	0.000523979	2.15032	0	0	
394	226	0	0	0	0	-0	0	-0	-0	-0	0.00025538	2.91952	0	0	
563	91	0	0	0	0	0	0	0	-0	0	0.00311027	13.8903	0	0	
123	119	0	0	0	0	-0	-0	0	-0	0	0.000849096	21.8925	0	0	
251	114	0	0	0	-0	0	-0	-0	-0	0	0.000138722	2.38158	0	0	
396	53	0	0	0	0	-0	-0	0	0	0	0.000136604	2.32181	0	0	
318	26	0	0	0	0	-0	0	0	-0	-0	0.000198471	1.15841	0	0	
509	450	0	0	0	-0	0	-0	0	0	0	7.99608e-05	17.6181	0	0	
188	42	0	0	0	-0	0	0	0	-0	0	0.00108138	19.1273	0	0	
653	95	0	0	0	-0	0	-0	0	0	0	0.00121711	6.61249	0	0	
690	40	0	0	0	0	-0	-0	0	-0	0	0.000610983	0.350797	0	0	
670	237	0	0	0	0	0	-0	-0	0	-0	0.000859481	3.79331	0	0	
578	57	0	0	0	-0	0	-0	0	0	0	0.000112923	19.2561	0	0	
115	102	0	0	0	0	-0	0	0	-0	-0	0.00168787	2.34885	0	0	
491	22	0	0	0	0	-0	0	-0	-0	-0	7.40272e-05	4.17114	0	0	
94	80	0	0	0	-0	0	0	0	-0	0	0.000680173	0.604111	0	0	
519	313	0	0	0	-0	-0	-0	-0	0	0	0.000120226	3.48591	0	0	
133	49	0	0	0	0	0	-0	0	-0	0	0.00173837	15.6898	0	0	
89	39	0	0	0	-0	0	0	-0	-0	-0	0.00082943	25.5748	0	0	
519	92	0	0	0	-0	-0	-0	-0	0	0	0.000143899	5.58216	0	0	
690	348	0	0	0	0	0	0	0	-0	0	0.000856819	25.3115	0	0	
678	29	0	0	0	0	0	-0	-0	0	0	0.000166911	10.4677	0	0	
681	171	0	0	0	0	-0	-0	-0	-0	-0	0.000304229	12.1498	0	0	
54	28	0	0	0	0	-0	0	0	-0	-0	0.00209789	4.76885	0	0	
559	203	0	0	0	0	0	0	0	-0	0	0.000129392	16.2221	0	0	
632	24	0	0	0	-0	-0	0	-0	-0	-0	0.00018378	6.10587	0	0	
297	35	0	0	0	0	-0	0	-0	0	0	0.000228877	10.3581	0	0	
452	200	0	0	0	-0	-0	0	0	-0	0	7.91864e-05	10.2927	0	0	
272	13	0	0	0	-0	0	-0	0	-0	-0	7.12404e-05	2.95936	0	0	
407	43	0	0	0	-0	-0	-0	0	0	-0	0.000167037	5.78993	0	0	
122	11	0	0	0	0	-0	0	0	0	-0	0.00156071	3.4973	0	0	
332	132	0	0	0	-0	-0	0	0	-0	0	0.000862288	7.45071	0	0	
623	338	0	0	0	-0	0	-0	-0	-0	0	0.000144229	7.65991	0	0	
159	99	0	0	0	0	0	0	0	0	-0	0.00214365	14.589	0	0	
468	53	0	0	0	0	0	-0	0	-0	0	9.95325e-05	1.14703	0	0	
445	269	0	0	0	0	0	0	0	0	-0	2.52108e-05	11.0889	0	0	
458	187	0	0	0	-0	0	0	-0	-0	-0	0.000253203	2.90671	0	0	
448	231	0	0	0	0	-0	-0	0	0	-0	0.000548472	5.88244	0	0	
536	145	0	0	0	0	0	0	-0	-0	0	0.000129324	8.29248	0	0	
567	232	0	0	0	-0	-0	0	0	-0	-0	8.87992e-05	0.168639	0	0	
628	365	0	0	0	0	-0	0	0	0	-0	0.000458412	3.87798	0	0	
290	87	0	0	0	0	-0	0	-0	-0	-0	0.000578684	0.38424	0	0	
687	316	0	0	0	0	-0	0	0	-0	-0	0.000287834	6.5819	0	0	
531	332	0	0	0	0	0	0	0	0	-0	0.000788023	7.26286	0	0	
532	105	0	0	0	0	-0	-0	-0	-0	-0	0.000285593	15.2102	0	0	
482	133	0	0	0	-0	-0	0	0	0	0	0.000948815	13.5836	0	0	
172	14	0	0	0	0	0	-0	-0	0	-0	0.000619646	6.01906	0	0	
654	139	0	0	0	-0	-0	0	0	-0	0	0.000125347	1.15913	0	0	
141	5	0	0	0	0	-0	-0	-0	-0	0	0.000882028	16.5529	0	0	
545	97	0	0	0	0	0	-0	0	0	0	0.000198764	5.62485	0	0	
394	123	0	0	0	-0	0	0	0	-0	0	0.00065077	10.8626	0	0	
518	362	0	0	0	-0	0	-0	-0	-0	-0	0.000330269	1.34911	0	0	
389	22	0	0	0	0	0	-0	0	-0	-0	0.000238409	19.7535	0	0	
633	317	0	0	0	-0	-0	-0	0	0	-0	0.000412784	10.5986	0	0	
619	151	0	0	0	0	0	0	0	-0	0	0.000405676	7.31978	0	0	
632	300	0	0	0	0	-0	0	0	0	0	0.000250556	15.2216	0	0	
451	432	0	0	0	-0	-0	-0	-0	-0	0	5.5684e-05	6.65732	0	0	
666	580	0	0	0	0	0	-0	-0	0	0	0.000197138	3.88296	0	0	
51	46	0	0	0	-0	-0	0	-0	0	-0	0.00175008	18.8335	0	0	
490	61	0	0	0	-0	-0	0	-0	-0	-0	0.000450359	0.257583	0	0	
409	286	0	0	0	-0	0	-0	-0	-0	-0	0.000229097	0.651074	0	0	
245	143	0	0	0	-0	0	-0	-0	-0	0	0.00026006	6.72065	0	0	
202	129	0	0	0	-0	0	-0	-0	0	0	3.63524e-05	1.8657	0	0	
148	132	0	0	0	0	-0	-0	-0	-0	-0	0.00303953	16.1886	0	0	
267	35	0	0	0	0	-0	-0	-0	-0	0	0.000228533	17.7114	0	0	
161	158	0	0	0	0	0	0	-0	0	0	0.00173138	5.36869	0	0	
629	620	0	0	0	-0	0	0	0	0	0	5.72141e-06	1.10932	0	0	
690	37	0	0	0	-0	-0	0	0	-0	0	0.00163699	8.04913	0	0	
605	206	0	0	0	0	0	-0	0	0	0	0.000149883	7.74102	0	0	
371	180	0	0	0	0	0	0	0	-0	-0	0.000138435	0.936408	0	0	
286	129	0	0	0	0	0	0	0	-0	0	0.000577158	0.749269	0	0	
475	18	0	0	0	-0	-0	-0	0	-0	-0	0.000925402	8.98411	0	0	
106	70	0	0	0	-0	-0	-0	-0	0	-0	0.00119556	9.16627	0	0	
428	103	0	0	0	0	0	-0	-0	0	-0	0.000125028	5.02928	0	0	
597	178	0	0	0	-0	0	-0	-0	0	0	5.00977e-05	2.62707	0	0	
108	38	0	0	0	0	0	0	0	0	-0	0.000385761	1.6316	0	0	
69	29	0	0	0	0	0	-0	0	0	0	0.00175745	4.41877	0	0	
454	68	0	0	0	0	0	0	0	-0	-0	0.000135444	0.381394	0	0	
576	347	0	0	0	0	0	-0	-0	0	-0	4.28805e-05	10.9316	0	0	
653	89	0	0	0	0	-0	-0	0	0	0	0.00129375	7.80791	0	0	
516	263	0	0	0	-0	-0	0	0	-0	0	4.12034e-05	13.0528	0	0	
180	80	0	0	0	-0	0	-0	-0	-0	0	0.00126582	26.529	0	0	
486	107	0	0	0	0	-0	-0	-0	-0	-0	7.76642e-05	2.53172	0	0	
693	25	0	0	0	0	-0	0	-0	-0	-0	0.000122895	9.99594	0	0	
447	224	0	0	0	0	0	-0	0	-0	0	0.000113345	14.6417	0	0	
608	341	0	0	0	-0	-0	0	-0	0	-0	0.00036928	3.19631	0	0	
131	69	0	0	0	-0	0	0	-0	-0	0	0.00215011	4.63864	0	0	
637	451	0	0	0	0	0	0	0	0	-0	3.98986e-05	0.874503	0	0	
561	151	0	0	0	-0	0	-0	-0	0	0	9.36133e-05	3.32368	0	0	
327	74	0	0	0	0	0	0	-0	0	0	4.40111e-05	1.06662	0	0	
531	26	0	0	0	-0	-0	-0	0	-0	0	0.00037003	4.02243	0	0	
125	25	0	0	0	-0	-0	-0	-0	0	0	0.00241518	23.5739	0	0	
526	327	0	0	0	-0	0	-0	0	-0	-0	5.69256e-05	17.4716	0	0	
601	480	0	0	0	0	-0	-0	0	0	0	9.77412e-05	5.65474	0	0	
232	61	0	0	0	0	0	-0	0	-0	-0	0.000598505	5.9849	0	0	
511	172	0	0	0	-0	-0	-0	0	-0	0	0.000131671	8.80124	0	0	
667	148	0	0	0	-0	-0	-0	-0	-0	0	0.00298117	1.2993	0	0	
103	54	0	0	0	0	0	-0	0	0	0	0.000912441	12.0452	0	0	
242	184	0	0	0	0	-0	0	0	0	-0	0.00254791	7.34255	0	0	
261	44	0	0	0	-0	-0	-0	0	-0	0	0.000125569	0.833233	0	0	
248	48	0	0	0	-0	-0	0	0	-0	-0	0.000251891	19.0299	0	0	
665	68	0	0	0	-0	-0	-0	-0	-0	0	0.000822645	10.4755	0	0	
397	260	0	0	0	0	-0	0	-0	0	0	0.000281961	17.3328	0	0	
204	28	0	0	0	-0	-0	0	0	-0	-0	0.000325641	0.416972	0	0	
610	93	0	0	0	-0	-0	-0	-0	0	-0	6.50128e-05	2.19373	0	0	
113	75	0	0	0	-0	-0	0	-0	-0	-0	0.00112971	29.208	0	0	
311	192	0	0	0	-0	0	-0	0	0	-0	0.000342169	4.44794	0	0	
313	268	0	0	0	0	-0	-0	-0	-0	0	0.00025601	14.4723	0	0	
247	62	0	0	0	0	-0	-0	0	-0	0	0.000306183	2.41289	0	0	
673	537	0	0	0	-0	-0	-0	-0	-0	0	4.95513e-05	13.6847	0	0	
517	77	0	0	0	0	-0	-0	-0	0	-0	0.0018322	10.9252	0	0	
73	56	0	0	0	-0	-0	-0	0	0	-0	0.000269639	10.3631	0	0	
444	110	0	0	0	0	-0	0	0	-0	-0	6.25426e-05	0.767769	0	0	
175	63	0	0	0	0	-0	-0	0	-0	0	0.00194026	15.9261	0	0	
41	32	0	0	0	0	-0	0	-0	-0	-0	5.42611e-05	20.2879	0	0	
672	28	0	0	0	-0	-0	-0	-0	0	-0	0.000741162	3.44464	0	0	
375	139	0	0	0	0	0	0	-0	0	-0	0.000413726	20.1207	0	0	
178	109	0	0	0	-0	-0	0	0	-0	0	0.00100783	0.366452	0	0	
182	40	0	0	0	0	0	0	0	-0	0	0.000518388	4.45007	0	0	
305	216	0	0	0	0	-0	0	0	0	0	0.000162811	10.8121	0	0	
482	142	0	0	0	-0	0	-0	0	0	0	0.000471359	0.942101	0	0	
611	137	0	0	0	0	-0	-0	-0	-0	-0	0.000379963	6.46093	0	0	
398	386	0	0	0	0	-0	-0	0	-0	0	0.000524668	1.72339	0	0	
499	142	0	0	0	0	0	-0	0	0	0	0.00065145	7.72679	0	0	
394	339	0	0	0	0	-0	-0	-0	-0	0	0.000319275	3.34787	0	0	
675	343	0	0	0	0	-0	0	0	-0	-0	0.000101074	17.7462	0	0	
78	9	0	0	0	-0	0	0	-0	-0	0	0.00115912	13.0699	0	0	
77	60	0	0	0	-0	0	0	-0	0	-0	0.00238208	25.3222	0	0	
533	510	0	0	0	-0	-0	-0	0	-0	0	5.37891e-05	20.2765	0	0	
406	35	0	0	0	-0	-0	-0	0	0	-0	0.000257891	12.7845	0	0	
695	245	0	0	0	-0	0	-0	0	-0	-0	0.000160319	1.52415	0	0	
617	113	0	0	0	0	0	-0	0	-0	-0	3.42268e-05	2.48902	0	0	
621	52	0	0	0	-0	0	0	0	-0	0	5.79923e-05	5.68178	0	0	
518	107	0	0	0	-0	-0	-0	0	-0	-0	0.000702916	18.7467	0	0	
395	91	0	0	0	0	-0	-0	-0	0	-0	0.000174313	1.29361	0	0	
71	60	0	0	0	0	0	0	-0	0	0	0.00101747	21.6648	0	0	
235	128	0	0	0	-0	-0	-0	0	0	-0	0.00019947	12.7575	0	0	
342	8	0	0	0	0	-0	-0	-0	0	-0	0.000155868	28.411	0	0	
645	174	0	0	0	-0	0	-0	-0	-0	-0	8.72387e-05	1.85645	0	0	
130	128	0	0	0	0	0	-0	-0	0	0	0.000450987	14.5613	0	0	
548	292	0	0	0	-0	0	-0	0	0	0	6.08077e-05	17.2851	0	0	
346	213	0	0	0	0	0	0	0	-0	-0	0.000365837	11.9122	0	0	
569	439	0	0	0	-0	0	0	-0	0	-0	0.000802644	3.34218	0	0	
682	678	0	0	0	0	-0	-0	0	-0	0	0.000179788	13.6477	0	0	
153	85	0	0	0	0	-0	-0	0	0	0	0.000711054	1.89843	0	0	
183	83	0	0	0	-0	0	-0	-0	-0	-0	0.00105361	4.08718	0	0	
568	299	0	0	0	-0	0	-0	0	0	-0	0.00108913	8.87667	0	0	
177	140	0	0	0	0	0	0	-0	0	-0	0.0020514	15.6215	0	0	
496	271	0	0	0	-0	-0	-0	0	-0	0	4.94244e-05	27.6504	0	0	
692	265	0	0	0	0	-0	-0	-0	0	-0	0.000204496	2.66193	0	0	
472	1	0	0	0	0	-0	-0	-0	0	-0	0.000175299	12.1029	0	0	
142	26	0	0	0	-0	-0	-0	-0	0	-0	0.00103053	13.2485	0	0	
644	6	0	0	0	0	0	0	0	-0	-0	9.159e-05	2.72099	0	0	
363	63	0	0	0	-0	-0	-0	0	0	-0	0.000140811	3.14721	0	0	
555	51	0	0	0	0	0	0	0	-0	-0	0.000148704	7.74173	0	0	
494	66	0	0	0	-0	0	0	-0	-0	-0	1.18889e-05	0.568534	0	0	
78	60	0	0	0	-0	-0	-0	-0	-0	0	0.000590718	3.00917	0	0	
74	70	0	0	0	-0	0	-0	-0	0	0	0.000954498	1.78458	0	0	
675	333	0	0	0	0	0	-0	-0	-0	-0	0.000313121	1.02108	0	0	
299	6	0	0	0	-0	-0	0	0	0	0	0.00110089	4.55467	0	0	
395	221	0	0	0	-0	-0	0	-0	-0	-0	0.000192999	18.805	0	0	
164	143	0	0	0	-0	-0	-0	-0	0	0	0.00016178	2.03576	0	0	
123	23	0	0	0	0	-0	0	0	-0	-0	0.000382469	17.6068	0	0	
114	65	0	0	0	-0	0	0	0	0	-0	0.00106113	5.46618	0	0	
324	138	0	0	0	0	0	0	-0	0	0	0.000280303	7.31907	0	0	
689	143	0	0	0	0	0	-0	0	-0	-0	0.000543303	14.1023	0	0	
303	130	0	0	0	0	-0	-0	0	-0	0	0.000490089	4.76387	0	0	
454	82	0	0	0	0	-0	-0	-0	0	-0	0.000197395	9.70207	0	0	
55	11	0	0	0	-0	-0	-0	-0	-0	0	0.00121678	0.593438	0	0	
672	303	0	0	0	-0	0	0	-0	-0	-0	0.000349496	9.51991	0	0	
193	175	0	0	0	0	0	-0	-0	0	0	0.00099753	0.320912	0	0	
264	41	0	0	0	-0	-0	0	0	-0	-0	0.000554495	3.81323	0	0	
505	121	0	0	0	0	0	-0	-0	-0	-0	0.00100491	3.29379	0	0	
635	580	0	0	0	0	0	-0	-0	0	0	0.000333136	4.58954	0	0	
650	523	0	0	0	-0	0	0	0	0	0	0.000635664	9.09796	0	0	
518	71	0	0	0	0	-0	-0	0	0	-0	0.00107901	19.772	0	0	
168	112	0	0	0	0	-0	-0	0	-0	0	0.0011292	3.78975	0	0	
441	12	0	0	0	-0	-0	0	0	-0	0	0.000795439	27.5052	0	0	
441	249	0	0	0	-0	0	0	0	-0	0	0.00022893	4.62583	0	0	
464	100	0	0	0	0	0	-0	-0	-0	-0	3.58226e-05	2.24069	0	0	
134	116	0	0	0	0	0	0	0	-0	-0	0.00253663	12.7852	0	0	
280	183	0	0	0	0	-0	0	-0	-0	0	0.00037875	12.8592	0	0	
346	157	0	0	0	0	-0	-0	-0	0	-0	0.000464738	12.1491	0	0	
125	71	0	0	0	0	0	-0	-0	-0	-0	0.000489928	1.83226	0	0	
590	390	0	0	0	-0	0	-0	0	-0	-0	0.000276351	2.90955	0	0	
119	108	0	0	0	-0	-0	0	-0	-0	-0	0.00126381	2.60074	0	0	
137	103	0	0	0	-0	0	0	-0	-0	0	0.00155763	6.43247	0	0	
534	143	0	0	0	0	0	0	0	0	-0	9.53283e-05	0.948505	0	0	
670	159	0	0	0	0	0	-0	-0	0	-0	0.00110723	4.78451	0	0	
446	153	0	0	0	-0	-0	0	0	-0	-0	0.000195074	5.54872	0	0	
527	94	0	0	0	0	-0	-0	-0	0	-0	0.000329921	2.89248	0	0	
634	109	0	0	0	0	-0	0	0	0	-0	2.72836e-05	14.6965	0	0	
441	397	0	0	0	0	0	-0	0	-0	0	0.000718525	7.14901	0	0	
436	67	0	0	0	0	-0	-0	0	0	0	6.95685e-05	4.09785	0	0	
399	146	0	0	0	0	-0	0	0	0	-0	0.000120921	6.64024	0	0	
206	153	0	0	0	0	0	0	-0	0	-0	2.26359e-05	1.69706	0	0	
691	324	0	0	0	-0	0	0	0	0	-0	0.000285669	19.9321	0	0	
427	266	0	0	0	0	0	0	0	-0	-0	0.000190538	9.48149	0	0	
517	170	0	0	0	-0	-0	-0	-0	0	-0	0.00292599	7.89472	0	0	
353	28	0	0	0	0	-0	-0	0	0	0	0.000251674	1.9027	0	0	
191	162	0	0	0	-0	0	0	0	0	-0	0.000169214	0.22841	0	0	
130	64	0	0	0	-0	-0	-0	-0	-0	0	0.000828231	1.55902	0	0	
513	308	0	0	0	-0	0	0	0	0	-0	0.00011339	10.4464	0	0	
522	218	0	0	0	-0	0	-0	0	-0	-0	5.49197e-05	0.379971	0	0	
153	53	0	0	0	-0	0	-0	0	0	-0	0.00073542	2.70961	0	0	
593	493	0	0	0	0	-0	0	-0	-0	-0	7.52609e-05	20.2573	0	0	
685	520	0	0	0	0	0	-0	0	-0	0	3.20471e-05	1.79597	0	0	
176	169	0	0	0	0	0	0	-0	0	-0	0.0013784	6.48228	0	0	
80	11	0	0	0	0	0	0	0	-0	-0	0.00178739	8.04984	0	0	
530	499	0	0	0	0	-0	-0	-0	-0	-0	4.15363e-05	3.28739	0	0	
421	149	0	0	0	0	-0	0	0	0	0	0.00024875	0.893003	0	0	
633	0	0	0	0	0	-0	-0	-0	0	-0	9.05509e-05	0.325893	0	0	
564	89	0	0	0	-0	0	0	-0	-0	-0	0.00038227	1.2253	0	0	
470	57	0	0	0	-0	0	0	0	0	-0	8.41955e-05	14.7911	0	0	
485	192	0	0	0	0	0	0	0	0	-0	0.000100721	4.66923	0	0	
176	97	0	0	0	-0	0	0	-0	0	-0	0.00108676	4.96026	0	0	
389	188	0	0	0	-0	-0	0	0	-0	-0	0.000331589	13.3609	0	0	
384	348	0	0	0	-0	0	-0	0	0	0	0.000767285	9.33206	0	0	
698	219	0	0	0	-0	-0	0	0	0	0	0.000264805	24.1211	0	0	
535	14	0	0	0	-0	-0	0	0	-0	0	7.61841e-05	1.05666	0	0	
346	199	0	0	0	-0	0	-0	0	0	0	0.000413934	12.8799	0	0	
540	89	0	0	0	-0	0	-0	-0	-0	0	0.000156411	3.89221	0	0	
684	171	0	0	0	-0	-0	0	0	-0	0	0.000214935	3.39768	0	0	
49	45	0	0	0	-0	0	0	-0	-0	-0	0.0029651	18.4293	0	0	
144	39	0	0	0	-0	-0	-0	-0	-0	0	0.000724919	12.6002	0	0	
223	2	0	0	0	-0	-0	-0	0	0	-0	0.000121938	9.12713	0	0	
454	278	0	0	0	0	0	-0	0	-0	-0	0.000117565	0.776308	0	0	
40	37	0	0	0	0	-0	-0	0	0	-0	0.00135547	20.5213	0	0	
112	50	0	0	0	0	0	0	-0	0	0	0.00117961	13.0037	0	0	
321	310	0	0	0	-0	-0	0	-0	-0	-0	0.000217557	1.50352	0	0	
164	110	0	0	0	-0	-0	0	-0	0	-0	0.000218788	2.90671	0	0	
284	145	0	0	0	-0	-0	-0	-0	0	0	0.000190243	5.03426	0	0	
198	121	0	0	0	0	-0	-0	0	0	-0	0.000844072	8.38427	0	0	
462	114	0	0	0	0	-0	-0	-0	-0	-0	0.000123021	5.87817	0	0	
154	63	0	0	0	-0	0	-0	-0	-0	-0	0.000860863	13.0485	0	0	
590	71	0	0	0	-0	0	-0	0	-0	-0	0.00039524	1.94753	0	0	
438	266	0	0	0	-0	-0	0	0	0	0	0.000104856	12.0573	0	0	
157	127	0	0	0	-0	-0	0	0	0	0	0.00108333	5.75934	0	0	
361	105	0	0	0	-0	0	0	0	0	0	0.000178351	8.19286	0	0	
192	132	0	0	0	-0	0	0	-0	-0	0	0.00240274	15.5155	0	0	
109	23	0	0	0	0	-0	-0	-0	-0	0	0.000822509	17.1563	0	0	
433	181	0	0	0	0	0	-0	0	-0	0	0.000137125	2.60287	0	0	
61	32	0	0	0	-0	-0	0	-0	0	0	0.00179962	10.2244	0	0	
31	18	0	0	0	-0	-0	0	-0	0	-0	0.0015322	6.92629	0	0	
192	118	0	0	0	-0	0	0	-0	-0	0	0.00139737	0.299565	0	0	
689	590	0	0	0	-0	-0	-0	0	-0	0	0.000187089	8.48673	0	0	
668	558	0	0	0	0	-0	-0	-0	0	-0	0.000114433	3.65384	0	0	
571	129	0	0	0	0	-0	0	-0	-0	0	0.000383343	10.3489	0	0	
135	31	0	0	0	-0	-0	-0	0	-0	-0	0.00228131	0.595573	0	0	
521	133	0	0	0	-0	0	-0	0	-0	-0	0.000152145	8.06549	0	0	
87	81	0	0	0	-0	0	0	-0	0	-0	0.000375095	6.5698	0	0	
162	46	0	0	0	0	-0	-0	0	0	-0	0.00189482	10.6178	0	0	
315	115	0	0	0	-0	0	-0	0	-0	-0	0.000700897	1.19897	0	0	
385	11	0	0	0	0	-0	0	-0	0	0	0.000317509	12.5149	0	0	
503	206	0	0	0	0	-0	-0	-0	-0	0	9.0136e-05	7.98864	0	0	
423	172	0	0	0	0	-0	0	0	-0	-0	0.000469143	16.585	0	0	
175	68	0	0	0	0	0	-0	0	-0	0	0.00043036	4.44225	0	0	
182	98	0	0	0	0	-0	0	0	0	-0	0.00141126	11.6098	0	0	
675	432	0	0	0	0	-0	-0	0	-0	0	0.000191993	6.28375	0	0	
256	117	0	0	0	0	0	-0	0	-0	-0	0.00121424	5.13175	0	0	
602	588	0	0	0	0	-0	-0	-0	0	-0	0.00018444	3.13014	0	0	
696	422	0	0	0	-0	0	0	0	0	0	0.000317297	19.5593	0	0	
419	255	0	0	0	-0	-0	-0	-0	0	-0	9.20904e-05	25.3378	0	0	
96	49	0	0	0	0	-0	-0	0	0	0	0.0009417	17.3257	0	0	
377	249	0	0	0	0	-0	0	0	-0	-0	0.000466804	13.4527	0	0	
27	9	0	0	0	-0	0	0	0	0	-0	0.000269992	4.76814	0	0	
297	4	0	0	0	-0	-0	0	0	0	0	6.61825e-05	1.33488	0	0	
181	25	0	0	0	-0	0	0	-0	0	-0	0.00265508	13.2371	0	0	
126	117	0	0	0	0	-0	0	0	0	0	0.000986111	5.52666	0	0	
671	354	0	0	0	-0	-0	-0	-0	-0	0	0.000101103	4.75035	0	0	
616	53	0	0	0	-0	-0	0	-0	0	0	0.000362441	2.80567	0	0	
557	401	0	0	0	0	-0	-0	-0	0	-0	0.000250998	7.26072	0	0	
524	153	0	0	0	0	-0	-0	-0	-0	0	0.000329057	1.91764	0	0	
681	666	0	0	0	0	-0	-0	-0	-0	-0	0.000250485	4.51056	0	0	
256	166	0	0	0	0	-0	0	0	-0	-0	0.00168438	9.6053	0	0	
166	8	0	0	0	-0	-0	0	-0	0	-0	0.00144287	11.6653	0	0	
293	251	0	0	0	0	-0	-0	0	0	-0	0.00019728	11.55	0	0	
683	142	0	0	0	-0	0	-0	0	0	0	0.00047274	5.14811	0	0	
696	686	0	0	0	0	0	0	0	-0	0	6.37277e-05	2.80638	0	0	
585	191	0	0	0	0	-0	-0	0	0	0	8.16935e-05	1.50921	0	0	
499	26	0	0	0	-0	0	0	0	0	0	0.000140153	4.30563	0	0	
303	28	0	0	0	0	0	0	0	-0	0	0.000131184	4.18893	0	0	
152	43	0	0	0	-0	-0	-0	0	-0	0	0.00338025	6.6253	0	0	
89	60	0	0	0	-0	0	0	-0	0	-0	0.0022204	24.8326	0	0	
172	163	0	0	0	-0	0	0	0	0	0	0.00079253	15.1327	0	0	
633	383	0	0	0	0	0	-0	0	-0	-0	0.000241799	5.21927	0	0	
224	74	0	0	0	0	-0	0	-0	-0	0	0.000452762	6.44314	0	0	
281	147	0	0	0	-0	-0	-0	-0	0	-0	0.000860495	18.2294	0	0	
524	113	0	0	0	-0	0	-0	-0	-0	-0	0.000486082	17.6018	0	0	
615	378	0	0	0	0	-0	-0	0	0	-0	0.000222089	4.45007	0	0	
87	31	0	0	0	0	-0	-0	-0	-0	0	0.000788948	5.98704	0	0	
154	15	0	0	0	0	0	0	0	0	-0	0.000872039	11.3707	0	0	
662	26	0	0	0	-0	-0	-0	-0	-0	0	0.000158517	2.38585	0	0	
403	328	0	0	0	-0	0	0	-0	-0	0	8.01458e-05	7.19953	0	0	
129	41	0	0	0	-0	-0	0	-0	0	-0	0.00187412	10.7594	0	0	
130	21	0	0	0	-0	-0	-0	0	0	-0	0.000683356	18.8612	0	0	
523	162	0	0	0	-0	-0	0	0	-0	-0	0.000421833	6.17204	0	0	
433	155	0	0	0	0	-0	-0	0	0	0	0.000178103	9.7405	0	0	
636	114	0	0	0	0	0	-0	0	-0	0	0.000156471	12.6109	0	0	
630	154	0	0	0	0	-0	0	-0	-0	-0	0.000145103	10.6492	0	0	
134	23	0	0	0	0	-0	-0	-0	-0	0	0.00173111	15.1889	0	0	
221	159	0	0	0	-0	-0	-0	-0	0	0	0.000158728	1.17407	0	0	
574	171	0	0	0	0	-0	0	0	0	-0	9.84553e-05	2.96434	0	0	
524	378	0	0	0	-0	0	0	-0	-0	-0	0.000142579	0.971275	0	0	
363	179	0	0	0	-0	0	0	0	0	0	5.41249e-05	5.51385	0	0	
365	88	0	0	0	-0	-0	-0	-0	-0	0	0.00191004	11.7642	0	0	
689	362	0	0	0	-0	-0	0	0	-0	-0	0.000317637	14.5165	0	0	
678	562	0	0	0	-0	-0	0	-0	0	-0	0.000161161	10.4108	0	0	
188	28	0	0	0	0	-0	0	-0	-0	-0	0.000866682	24.1047	0	0	
661	518	0	0	0	-0	0	0	-0	-0	-0	0.00069327	1.75968	0	0	
332	97	0	0	0	0	-0	-0	-0	-0	0	0.000863768	7.60725	0	0	
394	392	0	0	0	0	0	-0	-0	0	0	0.000552891	2.943	0	0	
571	377	0	0	0	0	-0	-0	-0	0	-0	0.000268188	23.7816	0	0	
559	41	0	0	0	-0	-0	0	0	-0	0	0.000513301	22.1892	0	0	
259	33	0	0	0	-0	-0	-0	0	-0	0	9.00359e-05	2.34885	0	0	
134	94	0	0	0	0	0	0	0	-0	0	0.00226179	13.0507	0	0	
230	147	0	0	0	0	-0	0	-0	0	0	0.00041356	2.02224	0	0	
506	68	0	0	0	-0	-0	-0	-0	-0	0	0.00124893	12.2288	0	0	
405	331	0	0	0	0	-0	0	0	0	-0	5.58069e-05	11.074	0	0	
177	54	0	0	0	0	-0	0	-0	-0	0	0.00245377	16.7465	0	0	
161	85	0	0	0	-0	-0	0	-0	0	0	0.00121496	14.9633	0	0	
195	47	0	0	0	0	-0	-0	0	0	0	0.00143053	23.9339	0	0	
123	22	0	0	0	0	-0	-0	0	-0	0	0.0032003	21.9209	0	0	
551	12	0	0	0	-0	-0	0	-0	-0	-0	9.22866e-05	1.66006	0	0	
535	94	0	0	0	0	0	0	-0	-0	0	9.05994e-05	0.777731	0	0	
190	33	0	0	0	0	-0	-0	-0	-0	0	0.00141275	4.88839	0	0	
189	150	0	0	0	0	-0	0	-0	-0	0	0.000108475	2.309	0	0	
93	5	0	0	0	0	-0	0	0	0	0	0.000818852	4.99086	0	0	
568	7	0	0	0	0	-0	-0	0	0	0	0.00115968	8.70091	0	0	
337	239	0	0	0	-0	0	-0	-0	-0	-0	0.000133957	2.06992	0	0	
688	112	0	0	0	0	-0	-0	-0	-0	-0	8.44638e-05	3.13441	0	0	
111	72	0	0	0	0	0	-0	-0	-0	-0	0.000913464	2.85121	0	0	
639	564	0	0	0	-0	0	-0	0	0	0	0.000259596	3.30589	0	0	
514	69	0	0	0	-0	0	0	-0	-0	0	0.000108622	1.06805	0	0	
632	386	0	0	0	0	-0	0	-0	-0	0	0.000218795	14.414	0	0	
181	168	0	0	0	0	-0	-0	-0	0	-0	0.000722333	18.1717	0	0	
184	117	0	0	0	-0	-0	-0	0	-0	0	0.00133827	5.67537	0	0	
524	53	0	0	0	-0	-0	0	-0	-0	-0	0.000493151	13.4612	0	0	
341	34	0	0	0	-0	-0	-0	0	0	-0	0.00112077	8.64114	0	0	
91	21	0	0	0	-0	-0	-0	-0	-0	0	0.00145397	9.50212	0	0	
482	466	0	0	0	-0	0	0	0	-0	0	0.000222387	4.24657	0	0	
102	44	0	0	0	-0	-0	0	0	0	0	0.00171374	18.9253	0	0	
606	294	0	0	0	-0	-0	-0	0	-0	-0	2.4509e-05	1.97457	0	0	
544	2	0	0	0	-0	0	0	-0	-0	0	0.000115436	8.62335	0	0	
118	97	0	0	0	0	0	0	-0	0	-0	0.00180011	15.4771	0	0	
682	1	0	0	0	0	0	-0	0	-0	0	0.000262375	13.6099	0	0	
502	309	0	0	0	0	0	-0	-0	-0	-0	0.000155967	3.44607	0	0	
279	43	0	0	0	0	0	-0	-0	0	0	0.00117979	10.3169	0	0	
59	37	0	0	0	0	0	-0	0	-0	0	0.000784283	20.8372	0	0	
630	496	0	0	0	-0	0	0	0	-0	0	7.57967e-05	5.49535	0	0	
564	197	0	0	0	-0	-0	-0	-0	-0	0	1.09252e-05	0.661747	0	0	
418	34	0	0	0	-0	0	0	-0	0	-0	0.000187869	17.2126	0	0	
101	96	0	0	0	0	-0	0	-0	-0	-0	0.00229464	16.8596	0	0	
173	135	0	0	0	-0	0	-0	-0	0	0	0.00440669	8.55433	0	0	
507	128	0	0	0	-0	0	-0	-0	-0	-0	0.000411332	14.498	0	0	
156	5	0	0	0	-0	-0	-0	0	-0	0	0.000350589	8.90086	0	0	
368	130	0	0	0	0	0	-0	0	-0	0	7.5721e-05	7.70687	0	0	
663	119	0	0	0	0	0	-0	0	-0	0	0.000300152	16.0292	0	0	
163	43	0	0	0	-0	0	-0	-0	-0	-0	0.00272125	5.97992	0	0	
431	91	0	0	0	-0	0	-0	-0	-0	-0	9.65733e-05	1.13137	0	0	
146	24	0	0	0	-0	0	-0	-0	-0	-0	0.00108453	0.188562	0	0	
494	72	0	0	0	0	-0	-0	-0	-0	-0	2.523e-06	1.1143	0	0	
82	1	0	0	0	-0	-0	-0	0	0	-0	0.000784467	6.5207	0	0	
434	247	0	0	0	-0	-0	-0	-0	-0	0	0.000198292	2.56303	0	0	
286	151	0	0	0	-0	-0	0	0	0	0	0.00104079	5.2954	0	0	
601	131	0	0	0	-0	0	-0	0	0	0	0.000105352	3.54924	0	0	
237	15	0	0	0	-0	-0	0	-0	-0	-0	0.000494199	2.2656	0	0	
367	33	0	0	0	0	0	0	0	0	-0	0.000102549	2.05071	0	0	
276	102	0	0	0	0	-0	0	0	0	0	0.000315738	13.2364	0	0	
281	161	0	0	0	-0	0	-0	0	-0	-0	4.7343e-05	12.8045	0	0	
151	56	0	0	0	-0	0	-0	0	0	0	0.00243405	22.0967	0	0	
599	36	0	0	0	-0	0	-0	0	0	-0	0.000358752	1.05239	0	0	
665	192	0	0	0	-0	-0	-0	-0	0	0	0.000958965	5.68676	0	0	
173	49	0	0	0	-0	0	-0	0	0	-0	0.00247231	7.27993	0	0	
461	168	0	0	0	0	-0	-0	0	0	0	0.000323135	5.10115	0	0	
536	148	0	0	0	-0	-0	0	0	0	0	8.94369e-05	3.95483	0	0	
277	188	0	0	0	0	0	0	-0	-0	0	0.000100802	2.24781	0	0	
186	102	0	0	0	0	-0	-0	-0	-0	-0	0.000234693	15.5681	0	0	
665	190	0	0	0	-0	0	-0	-0	-0	0	0.00143983	13.368	0	0	
670	79	0	0	0	-0	-0	-0	-0	0	0	0.000602405	5.00793	0	0	
641	134	0	0	0	-0	0	0	-0	0	-0	0.000132897	6.58119	0	0	
687	156	0	0	0	-0	0	-0	0	-0	-0	0.000344477	6.75979	0	0	
420	59	0	0	0	0	0	-0	0	-0	0	0.000957426	13.3687	0	0	
694	100	0	0	0	0	-0	0	0	-0	-0	6.17274e-05	2.71103	0	0	
492	228	0	0	0	0	-0	0	-0	-0	0	2.52325e-05	6.37768	0	0	
160	83	0	0	0	-0	0	-0	-0	-0	-0	0.000427007	2.50468	0	0	
543	336	0	0	0	-0	-0	-0	-0	-0	0	0.000113248	5.54801	0	0	
317	0	0	0	0	-0	0	0	-0	-0	0	0.000401514	6.54632	0	0	
287	179	0	0	0	0	0	0	-0	0	-0	0.000163884	19.2846	0	0	
184	48	0	0	0	0	-0	0	-0	-0	-0	0.00194723	17.7114	0	0	
272	189	0	0	0	0	0	-0	0	-0	-0	9.31355e-05	8.06478	0	0	
666	365	0	0	0	0	-0	-0	0	0	0	0.000214871	4.05089	0	0	
621	137	0	0	0	0	-0	0	0	0	0	4.83584e-05	0.752115	0	0	
476	87	0	0	0	-0	-0	0	0	-0	0	0.000102298	11.0626	0	0	
429	27	0	0	0	-0	-0	0	-0	-0	-0	0.000197739	0.391356	0	0	
200	109	0	0	0	-0	0	-0	0	0	0	0.000110105	7.05864	0	0	
587	404	0	0	0	-0	-0	0	0	0	0	0.00023828	12.1996	0	0	
381	56	0	0	0	0	0	-0	-0	-0	-0	0.000600919	11.0469	0	0	
106	90	0	0	0	0	0	0	-0	0	-0	0.00125897	7.21518	0	0	
323	7	0	0	0	-0	-0	-0	0	-0	-0	6.99638e-06	18.7694	0	0	
593	115	0	0	0	-0	0	0	-0	-0	-0	0.000108695	2.39154	0	0	
562	171	0	0	0	0	0	0	-0	0	0	0.000196966	7.69548	0	0	
689	152	0	0	0	0	-0	0	0	0	-0	0.000584816	8.48104	0	0	
225	147	0	0	0	-0	0	0	0	0	-0	0.000158624	0.97839	0	0	
82	3	0	0	0	0	0	-0	0	-0	-0	0.000350398	6.22825	0	0	
605	135	0	0	0	0	-0	-0	0	0	-0	0.000115093	2.02082	0	0	
603	242	0	0	0	-0	-0	0	-0	0	0	6.82954e-06	2.22504	0	0	
178	23	0	0	0	-0	-0	0	0	-0	0	0.00146712	1.07872	0	0	
321	213	0	0	0	-0	0	-0	-0	-0	0	0.000260285	3.74706	0	0	
582	139	0	0	0	0	0	0	0	-0	0	6.24059e-05	7.20237	0	0	
30	11	0	0	0	0	-0	0	-0	-0	-0	0.000758975	16.2783	0	0	
628	193	0	0	0	-0	-0	-0	0	-0	0	0.000890989	11.1935	0	0	
696	609	0	0	0	-0	-0	0	-0	0	0	0.000118434	20.2253	0	0	
306	241	0	0	0	0	-0	0	0	0	0	0.000327029	18.3204	0	0	
513	225	0	0	0	-0	0	-0	-0	0	0	0.000133941	7.83922	0	0	
179	15	0	0	0	0	-0	-0	0	0	-0	0.00123991	10.9181	0	0	
448	69	0	0	0	-0	0	0	0	0	-0	0.00096772	5.19152	0	0	
336	238	0	0	0	0	-0	0	0	-0	-0	7.82508e-05	5.58358	0	0	
441	30	0	0	0	-0	0	0	0	-0	0	0.000289302	13.7181	0	0	
422	187	0	0	0	0	-0	0	-0	-0	-0	0.00073954	4.94674	0	0	
614	167	0	0	0	-0	0	0	0	0	-0	7.26399e-05	2.36094	0	0	
164	22	0	0	0	-0	0	-0	-0	-0	0	0.00363383	14.7933	0	0	
693	108	0	0	0	-0	-0	-0	0	-0	0	0.000101511	5.09119	0	0	
180	84	0	0	0	0	0	-0	-0	-0	-0	0.00146412	7.50621	0	0	
242	24	0	0	0	0	0	0	0	-0	-0	0.00428512	7.42296	0	0	
622	47	0	0	0	-0	0	-0	0	-0	-0	0.000104418	4.82862	0	0	
658	337	0	0	0	0	-0	0	0	0	-0	0.000412213	4.49277	0	0	
493	406	0	0	0	-0	-0	-0	-0	0	0	0.000146007	17.7028	0	0	
394	274	0	0	0	0	0	0	0	-0	0	0.000973425	10.2115	0	0	
150	141	0	0	0	0	0	-0	0	0	0	0.00266854	19.8346	0	0	
392	196	0	0	0	0	0	-0	-0	-0	-0	0.000858205	5.21571	0	0	
333	15	0	0	0	-0	0	0	0	0	0	0.00111388	8.54366	0	0	
274	48	0	0	0	-0	0	0	0	-0	0	0.00131307	13.1375	0	0	
681	454	0	0	0	-0	-0	0	-0	-0	-0	0.000233073	7.83281	0	0	
158	55	0	0	0	0	0	0	0	-0	-0	0.000112617	10.6677	0	0	
147	32	0	0	0	0	-0	0	-0	-0	-0	0.000564754	19.2284	0	0	
657	131	0	0	0	-0	0	-0	-0	-0	0	0.000148311	13.3993	0	0	
175	171	0	0	0	-0	-0	-0	0	-0	-0	0.00199572	5.1908	0	0	
299	140	0	0	0	-0	0	0	0	-0	0	0.00434379	17.2104	0	0	
223	192	0	0	0	-0	0	-0	0	-0	-0	0.000455674	7.35963	0	0	
698	173	0	0	0	-0	0	0	0	-0	0	9.20752e-05	7.00243	0	0	
162	83	0	0	0	0	-0	-0	-0	-0	-0	0.00151387	7.3639	0	0	
453	368	0	0	0	-0	0	0	0	0	0	7.58747e-05	3.36709	0	0	
594	46	0	0	0	0	-0	-0	0	0	0	0.000106437	3.95697	0	0	
120	57	0	0	0	-0	0	0	0	-0	0	0.000145973	15.8499	0	0	
290	165	0	0	0	0	-0	-0	-0	-0	-0	0.000904224	0.801213	0	0	
570	89	0	0	0	-0	-0	-0	0	-0	-0	6.94288e-05	1.80237	0	0	
457	116	0	0	0	0	0	-0	0	-0	-0	0.000447138	17.1478	0	0	
106	79	0	0	0	-0	0	-0	0	-0	-0	0.00119869	17.7099	0	0	
357	87	0	0	0	0	-0	0	0	-0	-0	0.00191916	15.0138	0	0	
414	24	0	0	0	0	-0	-0	0	0	0	0.000441485	15.4685	0	0	
477	424	0	0	0	-0	0	-0	0	-0	-0	0.000791968	2.4385	0	0	
95	29	0	0	0	0	0	0	0	0	-0	0.00138599	17.3826	0	0	
166	117	0	0	0	-0	-0	0	0	-0	0	0.00287676	17.6537	0	0	
500	169	0	0	0	0	0	0	-0	0	-0	0.000160855	4.22665	0	0	
568	364	0	0	0	0	-0	-0	0	0	0	0.000154888	0.518725	0	0	
566	137	0	0	0	0	-0	0	0	0	-0	8.41259e-05	5.52595	0	0	
465	165	0	0	0	-0	0	-0	-0	-0	-0	9.72067e-05	7.89756	0	0	
316	27	0	0	0	0	0	-0	0	0	0	0.000293183	2.8875	0	0	
651	232	0	0	0	-0	-0	-0	-0	0	-0	0.000962098	9.31499	0	0	
111	69	0	0	0	-0	-0	0	-0	0	0	0.000178363	1.36548	0	0	
258	61	0	0	0	0	-0	0	-0	-0	0	0.000471685	5.06628	0	0	
320	258	0	0	0	-0	0	-0	-0	-0	0	5.89664e-05	6.52497	0	0	
603	368	0	0	0	-0	-0	0	0	-0	-0	6.4843e-06	12.6479	0	0	
164	25	0	0	0	-0	0	0	-0	0	-0	0.00207583	11.7585	0	0	
443	52	0	0	0	0	0	0	0	-0	0	0.00014082	6.71069	0	0	
248	240	0	0	0	-0	-0	-0	0	-0	-0	0.000108942	3.78477	0	0	
421	0	0	0	0	0	0	0	0	-0	0	0.00268356	8.98696	0	0	
659	281	0	0	0	-0	-0	0	-0	0	0	0.000556367	0.187851	0	0	
635	1	0	0	0	0	-0	0	-0	-0	0	0.000197633	9.4203	0	0	
420	93	0	0	0	-0	0	-0	0	0	-0	0.0006759	13.3125	0	0	
423	95	0	0	0	0	-0	-0	-0	-0	-0	0.000378048	16.5031	0	0	
395	356	0	0	0	0	-0	0	-0	0	0	0.000235123	5.09901	0	0	
538	50	0	0	0	-0	-0	-0	0	-0	-0	9.09847e-05	5.326	0	0	
587	511	0	0	0	-0	0	-0	-0	0	0	0.000532972	4.70054	0	0	
467	164	0	0	0	-0	-0	0	-0	0	0	0.00205458	0.294584	0	0	
626	196	0	0	0	0	-0	-0	0	0	-0	6.19832e-05	0.618343	0	0	
604	136	0	0	0	0	-0	0	-0	0	0	0.0010735	4.00179	0	0	
662	411	0	0	0	0	-0	0	-0	-0	0	0.000205042	10.9466	0	0	
74	46	0	0	0	0	0	-0	-0	0	0	0.000146659	5.20788	0	0	
622	339	0	0	0	0	-0	-0	-0	-0	-0	0.000139449	17.0019	0	0	
93	8	0	0	0	0	0	0	-0	-0	0	0.000250564	7.2778	0	0	
162	160	0	0	0	-0	-0	-0	0	-0	0	0.000635651	11.2575	0	0	
517	122	0	0	0	-0	0	0	-0	0	-0	0.00186341	10.763	0	0	
40	33	0	0	0	-0	-0	0	0	-0	-0	7.99956e-05	1.85787	0	0	
268	18	0	0	0	-0	0	-0	0	0	-0	0.000544625	4.51625	0	0	
179	171	0	0	0	0	0	-0	0	-0	0	0.000821882	5.28686	0	0	
377	181	0	0	0	-0	-0	-0	0	-0	0	0.000613879	2.98284	0	0	
243	23	0	0	0	0	-0	0	-0	-0	0	9.88507e-05	1.04883	0	0	
387	29	0	0	0	-0	0	-0	-0	-0	0	0.00107542	14.9647	0	0	
172	122	0	0	0	0	0	0	-0	0	0	0.000626926	2.57299	0	0	
34	18	0	0	0	-0	0	-0	-0	-0	-0	0.000588656	1.59389	0	0	
568	104	0	0	0	0	-0	0	0	0	-0	0.00241133	8.84749	0	0	
189	26	0	0	0	-0	0	-0	-0	-0	-0	0.000344368	8.70234	0	0	
340	124	0	0	0	-0	-0	0	-0	0	-0	0.000510872	3.98258	0	0	
360	67	0	0	0	0	-0	0	0	0	0	0.000330693	4.70695	0	0	
602	129	0	0	0	-0	0	-0	0	0	0	4.93121e-05	4.59808	0	0	
303	75	0	0	0	0	0	0	-0	-0	0	4.81231e-05	2.3275	0	0	
354	98	0	0	0	0	0	-0	0	-0	-0	6.56889e-05	1.57396	0	0	
298	155	0	0	0	-0	-0	0	0	-0	-0	0.00182501	3.70792	0	0	
392	178	0	0	0	-0	0	-0	-0	-0	-0	0.00160738	4.31346	0	0	
565	358	0	0	0	-0	-0	-0	0	-0	0	4.26389e-05	13.9458	0	0	
685	153	0	0	0	-0	-0	0	0	0	0	7.65065e-05	2.23286	0	0	
175	118	0	0	0	0	-0	-0	0	-0	0	0.00299258	16.7436	0	0	
280	95	0	0	0	0	0	0	0	-0	-0	0.000540704	16.057	0	0	
349	92	0	0	0	0	0	0	-0	-0	0	0.000639812	8.22488	0	0	
564	78	0	0	0	-0	-0	0	-0	-0	-0	0.000356452	5.77072	0	0	
159	44	0	0	0	0	0	-0	0	-0	-0	0.00104826	7.17178	0	0	
150	13	0	0	0	0	-0	-0	0	0	-0	0.00221085	16.6533	0	0	
674	185	0	0	0	0	-0	0	0	-0	-0	8.41494e-05	11.4923	0	0	
542	94	0	0	0	0	0	0	-0	0	0	1.03059e-05	0.381394	0	0	
562	88	0	0	0	-0	0	0	0	-0	0	9.6056e-05	9.1314	0	0	
430	58	0	0	0	0	0	-0	-0	0	-0	0.00185858	7.81431	0	0	
106	63	0	0	0	0	-0	-0	-0	-0	-0	0.000999471	12.1626	0	0	
167	52	0	0	0	0	-0	0	0	0	-0	0.000449585	0.54861	0	0	
608	519	0	0	0	0	-0	-0	0	-0	0	0.0001199	1.41742	0	0	
392	22	0	0	0	-0	0	-0	0	-0	-0	0.00130564	3.6695	0	0	
197	89	0	0	0	0	0	0	0	0	-0	0.000595793	1.54621	0	0	
526	102	0	0	0	-0	0	0	-0	0	-0	0.000116876	16.622	0	0	
476	347	0	0	0	-0	-0	-0	0	-0	0	0.00016201	2.12684	0	0	
440	276	0	0	0	0	-0	-0	0	0	-0	0.000124999	2.69111	0	0	
219	153	0	0	0	-0	0	-0	0	0	-0	0.000210644	3.70507	0	0	
598	139	0	0	0	-0	0	-0	0	0	0	9.34884e-05	0.663882	0	0	
488	75	0	0	0	-0	-0	0	-0	-0	-0	9.62123e-05	14.3791	0	0	
646	1	0	0	0	0	0	-0	0	0	0	0.000189979	9.31997	0	0	
390	245	0	0	0	0	0	-0	-0	0	0	0.000178261	3.1095	0	0	
514	331	0	0	0	0	0	-0	0	-0	-0	5.53496e-05	1.47933	0	0	
629	552	0	0	0	0	0	-0	-0	0	-0	1.49764e-05	0.430492	0	0	
527	83	0	0	0	-0	0	-0	-0	-0	-0	0.000183952	3.06894	0	0	
681	68	0	0	0	-0	-0	-0	0	-0	-0	0.000359499	12.4615	0	0	
348	62	0	0	0	-0	-0	-0	0	0	-0	0.00036684	6.03044	0	0	
607	540	0	0	0	0	-0	0	0	0	-0	6.92554e-05	4.00962	0	0	
506	365	0	0	0	-0	0	0	-0	0	-0	0.00180353	12.6621	0	0	
461	50	0	0	0	0	-0	-0	0	0	0	0.000362859	5.43629	0	0	
330	252	0	0	0	-0	-0	-0	-0	0	0	4.42476e-05	3.14437	0	0	
212	160	0	0	0	0	0	-0	0	0	0	0.000342219	15.4443	0	0	
661	163	0	0	0	-0	0	-0	-0	-0	-0	0.000613847	3.0049	0	0	
446	34	0	0	0	-0	-0	-0	0	-0	0	0.000431751	5.00865	0	0	
687	581	0	0	0	0	0	0	0	-0	-0	0.000184591	3.70081	0	0	
234	84	0	0	0	0	-0	0	0	0	0	0.000223083	1.67927	0	0	
318	314	0	0	0	-0	-0	-0	0	0	-0	5.30176e-05	0.755673	0	0	
653	650	0	0	0	0	-0	-0	-0	0	-0	0.00108661	6.75125	0	0	
698	304	0	0	0	0	0	-0	0	-0	0	0.000300216	3.52932	0	0	
202	100	0	0	0	-0	0	0	-0	-0	-0	0.000645531	7.00385	0	0	
64	54	0	0	0	-0	0	0	0	0	-0	0.0021395	12.0666	0	0	
401	5	0	0	0	-0	-0	0	0	-0	-0	0.000300637	6.9455	0	0	
284	98	0	0	0	-0	-0	0	-0	0	-0	0.000585299	14.7591	0	0	
393	146	0	0	0	0	0	0	-0	-0	0	0.000349183	9.96535	0	0	
293	17	0	0	0	0	-0	0	0	-0	-0	0.000198021	6.66159	0	0	
275	167	0	0	0	-0	-0	-0	0	-0	0	0.00064854	5.98063	0	0	
397	20	0	0	0	-0	0	0	-0	-0	0	0.000409439	15.2657	0	0	
495	222	0	0	0	-0	0	-0	-0	-0	0	8.35258e-05	7.22941	0	0	
300	165	0	0	0	-0	-0	0	0	-0	-0	0.00176586	9.12856	0	0	
652	160	0	0	0	-0	-0	-0	-0	-0	0	0.000154827	15.2309	0	0	
607	423	0	0	0	-0	0	0	0	0	0	0.000130172	6.13717	0	0	
678	144	0	0	0	-0	-0	-0	-0	0	0	0.000114609	14.9043	0	0	
307	249	0	0	0	0	-0	0	0	-0	-0	0.000338223	13.9273	0	0	
417	71	0	0	0	0	0	-0	-0	0	-0	0.000134981	0.209909	0	0	
402	132	0	0	0	-0	-0	-0	0	-0	0	0.000917097	2.26987	0	0	
549	52	0	0	0	0	0	-0	-0	0	-0	0.000303537	5.34664	0	0	
242	195	0	0	0	0	-0	0	0	-0	-0	0.00255092	6.77615	0	0	
291	76	0	0	0	0	0	-0	0	-0	-0	0.000502159	3.34858	0	0	
5	3	0	0	0	0	-0	-0	-0	0	-0	0.00114785	10.3261	0	0	
338	306	0	0	0	-0	-0	-0	-0	0	0	0.000357191	7.96303	0	0	
503	53	0	0	0	0	-0	0	-0	-0	-0	9.13267e-05	0.303123	0	0	
140	45	0	0	0	-0	-0	0	0	-0	-0	0.0042138	9.36835	0	0	
427	50	0	0	0	-0	0	-0	0	-0	-0	0.000396742	1.0346	0	0	
138	112	0	0	0	0	0	-0	0	-0	-0	0.00108263	5.00865	0	0	
354	182	0	0	0	-0	-0	-0	0	-0	-0	0.000128939	2.72028	0	0	
421	16	0	0	0	-0	-0	0	0	-0	0	0.00217297	9.37689	0	0	
320	38	0	0	0	-0	-0	0	-0	0	0	6.36545e-05	5.88813	0	0	
159	118	0	0	0	0	-0	0	0	-0	-0	0.00155398	1.75541	0	0	
619	61	0	0	0	0	-0	-0	0	-0	0	0.000802891	7.34397	0	0	
341	104	0	0	0	-0	-0	-0	0	-0	-0	0.00116843	9.77323	0	0	
667	145	0	0	0	-0	-0	0	-0	-0	-0	0.00192476	7.29203	0	0	
204	184	0	0	0	-0	0	0	-0	-0	0	0.000537191	6.16279	0	0	
73	55	0	0	0	0	-0	0	0	0	-0	0.00106565	3.49659	0	0	
553	64	0	0	0	0	0	0	-0	-0	0	0.000100543	8.29604	0	0	
611	52	0	0	0	-0	0	-0	-0	-0	-0	0.000475278	6.87933	0	0	
199	157	0	0	0	0	-0	0	-0	-0	0	0.00134215	13.521	0	0	
222	168	0	0	0	-0	0	-0	-0	-0	-0	0.000135957	7.25147	0	0	
162	107	0	0	0	0	-0	0	0	-0	-0	0.00104292	12.749	0	0	
587	504	0	0	0	0	0	0	-0	-0	0	0.000828909	7.05651	0	0	
111	2	0	0	0	-0	0	0	-0	-0	0	0.000966781	3.57201	0	0	
617	142	0	0	0	0	-0	0	0	0	-0	2.94777e-05	0.353644	0	0	
229	179	0	0	0	-0	0	0	-0	0	-0	0.000228985	10.6499	0	0	
273	246	0	0	0	0	0	0	0	0	-0	5.77721e-05	13.4861	0	0	
541	155	0	0	0	0	-0	-0	-0	-0	0	4.63119e-06	0.681671	0	0	
690	33	0	0	0	-0	-0	0	0	-0	0	0.00157521	3.85237	0	0	
148	64	0	0	0	-0	0	0	-0	-0	0	0.00179384	10.7751	0	0	
165	12	0	0	0	-0	0	0	-0	0	-0	0.00105537	1.14774	0	0	
170	0	0	0	0	0	0	0	-0	0	-0	0.00206854	2.0379	0	0	
387	170	0	0	0	0	-0	0	-0	-0	0	0.000820189	4.6365	0	0	
173	65	0	0	0	-0	-0	0	-0	0	-0	0.00158666	7.29488	0	0	
674	183	0	0	0	0	0	-0	0	-0	-0	7.30676e-05	1.21605	0	0	
554	89	0	0	0	0	-0	-0	0	0	0	0.000192742	6.77615	0	0	
651	112	0	0	0	-0	-0	-0	-0	0	-0	0.000708486	8.49812	0	0	
379	19	0	0	0	-0	-0	0	-0	-0	-0	0.00105003	12.8991	0	0	
436	251	0	0	0	0	-0	0	0	0	-0	9.27951e-05	2.25848	0	0	
385	329	0	0	0	-0	-0	0	-0	0	0	0.000150651	9.36052	0	0	
161	42	0	0	0	-0	0	0	-0	-0	0	0.000545803	1.68497	0	0	
612	242	0	0	0	-0	0	0	-0	-0	0	0.000334644	0.707287	0	0	
384	132	0	0	0	-0	0	-0	0	0	-0	0.000921912	11.1857	0	0	
158	92	0	0	0	-0	0	-0	-0	-0	-0	0.000780785	11.5528	0	0	
288	33	0	0	0	0	-0	0	0	-0	-0	0.000927452	1.42098	0	0	
669	604	0	0	0	0	0	-0	0	-0	-0	0.000310811	4.25297	0	0	
401	213	0	0	0	-0	-0	-0	0	0	-0	0.000325147	12.823	0	0	
175	99	0	0	0	0	-0	0	0	-0	-0	0.00197351	12.8222	0	0	
506	111	0	0	0	-0	-0	0	-0	0	-0	0.00131497	12.8208	0	0	
656	365	0	0	0	-0	0	0	0	0	-0	0.000283833	11.064	0	0	
522	116	0	0	0	0	-0	-0	-0	0	-0	0.000216407	2.46341	0	0	
627	554	0	0	0	-0	-0	-0	-0	0	-0	0.000116076	7.78941	0	0	
173	85	0	0	0	-0	-0	-0	-0	0	-0	0.000434461	3.97475	0	0	
554	352	0	0	0	0	0	0	0	-0	-0	0.000177069	12.6315	0	0	
230	11	0	0	0	0	0	0	-0	-0	0	0.000370251	1.25732	0	0	
455	46	0	0	0	-0	-0	0	-0	0	0	0.0001174	7.10418	0	0	
509	347	0	0	0	-0	-0	0	0	-0	-0	9.88371e-05	7.81076	0	0	
505	36	0	0	0	-0	-0	0	-0	-0	-0	0.00089562	0.306681	0	0	
373	325	0	0	0	-0	0	-0	0	0	0	0.000220748	3.13583	0	0	
663	391	0	0	0	-0	-0	0	0	-0	-0	0.000212574	12.6166	0	0	
123	116	0	0	0	0	-0	-0	0	-0	0	0.00302343	8.89446	0	0	
421	333	0	0	0	0	0	0	0	-0	0	0.00214849	8.78203	0	0	
139	55	0	0	0	-0	0	-0	0	-0	-0	0.0020758	1.93116	0	0	
358	5	0	0	0	0	-0	0	0	-0	-0	0.000117475	2.43139	0	0	
70	51	0	0	0	0	-0	-0	0	0	0	0.00134066	0.238371	0	0	
550	486	0	0	0	0	0	0	-0	0	0	4.60621e-05	12.3434	0	0	
320	89	0	0	0	-0	0	-0	-0	0	0	2.3365e-05	6.74982	0	0	
329	73	0	0	0	0	0	0	-0	0	0	0.00016988	9.25237	0	0	
104	94	0	0	0	-0	0	0	0	0	0	0.00217319	7.70473	0	0	
639	232	0	0	0	-0	-0	-0	-0	-0	0	0.00046216	9.08942	0	0	
422	412	0	0	0	-0	-0	-0	0	0	-0	5.75293e-05	4.24159	0	0	
121	46	0	0	0	0	-0	0	-0	-0	0	0.0019181	10.2656	0	0	
504	38	0	0	0	-0	0	-0	-0	-0	0	0.000148186	6.72207	0	0	
340	160	0	0	0	-0	0	0	0	0	0	0.000476091	1.20395	0	0	
575	488	0	0	0	0	0	-0	-0	0	0	1.83539e-05	3.05258	0	0	
284	64	0	0	0	0	-0	0	-0	-0	0	0.000631231	5.68462	0	0	
492	91	0	0	0	0	-0	0	0	-0	-0	0.000134511	8.94284	0	0	
479	58	0	0	0	0	0	-0	0	-0	-0	0.00020191	3.239	0	0	
154	150	0	0	0	-0	-0	0	0	-0	0	0.000890583	12.2864	0	0	
565	557	0	0	0	0	-0	-0	0	-0	0	4.47086e-05	3.59549	0	0	
579	218	0	0	0	0	-0	-0	0	0	-0	0.000131201	4.84428	0	0	
299	43	0	0	0	0	0	0	0	-0	0	0.00396	6.49793	0	0	
420	8	0	0	0	0	0	0	0	0	-0	0.000909658	4.81866	0	0	
165	30	0	0	0	0	0	0	0	0	-0	0.00152013	2.92734	0	0	
137	128	0	0	0	0	0	0	-0	0	-0	0.000598717	4.2302	0	0	
115	86	0	0	0	0	-0	0	0	0	0	0.00139677	0.344393	0	0	
476	216	0	0	0	-0	0	-0	-0	-0	0	0.000149671	0.976255	0	0	
300	43	0	0	0	0	-0	0	-0	-0	-0	0.00150813	6.17062	0	0	
103	18	0	0	0	0	-0	-0	-0	0	-0	0.00145036	7.08781	0	0	
477	37	0	0	0	0	-0	-0	-0	-0	-0	0.000393868	4.25724	0	0	
352	320	0	0	0	0	0	-0	0	-0	0	0.000144338	0.162235	0	0	
194	190	0	0	0	-0	0	0	0	0	0	0.00144557	4.98588	0	0	
167	27	0	0	0	-0	-0	-0	0	-0	0	8.33927e-05	1.5085	0	0	
419	20	0	0	0	-0	-0	-0	0	-0	-0	0.000127246	2.97858	0	0	
371	217	0	0	0	-0	0	-0	0	-0	-0	4.55559e-05	6.76761	0	0	
577	6	0	0	0	0	0	-0	-0	-0	-0	0.000354111	6.08737	0	0	
615	524	0	0	0	0	0	-0	0	-0	0	0.000146895	0.505205	0	0	
528	48	0	0	0	0	-0	0	0	0	0	0.000186686	7.27993	0	0	
639	337	0	0	0	-0	0	0	-0	-0	-0	2.36998e-05	6.74342	0	0	
375	173	0	0	0	0	0	0	-0	0	-0	0.000323393	7.62717	0	0	
261	74	0	0	0	-0	0	0	-0	-0	0	0.000109228	6.86225	0	0	
540	95	0	0	0	-0	0	0	-0	-0	-0	0.00037463	5.32173	0	0	
231	172	0	0	0	0	0	0	0	-0	0	0.000556425	7.56171	0	0	
550	162	0	0	0	0	0	-0	-0	0	0	7.29029e-05	5.4676	0	0	
290	158	0	0	0	-0	-0	0	-0	-0	-0	0.000845293	5.29256	0	0	
288	40	0	0	0	0	-0	0	-0	-0	0	0.000235037	3.46315	0	0	
469	9	0	0	0	-0	-0	-0	-0	0	0	0.0010311	1.60883	0	0	
216	87	0	0	0	-0	0	-0	0	-0	-0	0.000229573	4.37465	0	0	
180	0	0	0	0	-0	0	0	-0	0	-0	0.000239528	0.115984	0	0	
119	116	0	0	0	0	0	-0	-0	0	0	0.00175806	2.64272	0	0	
121	1	0	0	0	-0	-0	0	0	-0	-0	0.0014439	7.49411	0	0	
646	131	0	0	0	0	-0	0	0	0	-0	0.000405383	7.47277	0	0	
378	302	0	0	0	0	-0	-0	0	0	0	0.000160026	4.85708	0	0	
275	27	0	0	0	-0	-0	0	0	-0	0	0.000733248	5.41139	0	0	
366	283	0	0	0	-0	0	0	0	-0	0	5.8626e-05	1.13422	0	0	
529	21	0	0	0	0	-0	-0	0	0	0	7.74153e-05	7.4685	0	0	
452	109	0	0	0	-0	-0	0	-0	0	0	0.000866149	2.61212	0	0	
682	454	0	0	0	0	0	0	0	-0	0	0.000197188	4.61729	0	0	
386	81	0	0	0	-0	-0	-0	0	0	-0	0.000243812	1.50565	0	0	
178	123	0	0	0	0	-0	0	-0	0	0	0.0024826	7.43719	0	0	
459	452	0	0	0	-0	-0	0	0	-0	0	0.000588917	1.57823	0	0	
569	100	0	0	0	-0	-0	0	-0	0	-0	0.000806246	3.47453	0	0	
228	91	0	0	0	0	0	-0	0	-0	-0	0.000241494	7.41086	0	0	
652	112	0	0	0	0	-0	0	-0	-0	-0	0.000244301	4.07224	0	0	
515	2	0	0	0	-0	-0	0	-0	0	0	0.00097949	5.01292	0	0	
362	163	0	0	0	0	-0	-0	0	0	0	0.000386727	3.38345	0	0	
253	33	0	0	0	0	-0	0	-0	-0	0	9.79825e-05	0.55786	0	0	
340	84	0	0	0	0	0	0	-0	0	-0	0.000650599	4.02812	0	0	
584	337	0	0	0	0	0	0	0	-0	-0	0.0001514	7.36603	0	0	
489	391	0	0	0	0	0	0	0	0	-0	0.00014537	7.36176	0	0	
667	96	0	0	0	-0	0	0	-0	-0	0	0.000752205	7.36034	0	0	
429	144	0	0	0	0	0	-0	-0	-0	-0	0.00022316	2.06351	0	0	
291	288	0	0	0	0	-0	0	0	0	0	0.00116935	1.27724	0	0	
194	175	0	0	0	-0	0	-0	0	0	0	0.00154673	6.91277	0	0	
384	247	0	0	0	0	0	-0	-0	0	-0	0.00012455	4.59167	0	0	
197	88	0	0	0	0	0	0	0	0	-0	0.0011394	1.86641	0	0	
623	100	0	0	0	0	0	-0	-0	0	-0	8.4362e-05	2.71316	0	0	
159	16	0	0	0	-0	0	-0	0	-0	-0	0.0019964	1.1086	0	0	
672	617	0	0	0	-0	0	-0	-0	-0	-0	5.58812e-05	2.66264	0	0	
250	194	0	0	0	-0	-0	0	-0	-0	-0	0.000351085	4.66283	0	0	
115	13	0	0	0	0	0	0	-0	0	0	0.000112194	3.18564	0	0	
469	171	0	0	0	-0	-0	-0	-0	0	0	0.000897031	1.39607	0	0	
615	446	0	0	0	0	0	0	0	0	-0	0.000278648	4.65714	0	0	
511	323	0	0	0	0	-0	0	-0	-0	0	0.000286214	4.65287	0	0	
322	55	0	0	0	0	0	0	0	0	-0	0.000219876	3.36495	0	0	
580	506	0	0	0	0	0	0	0	-0	-0	0.000260574	4.2793	0	0	
38	14	0	0	0	0	0	-0	0	0	0	0.000328384	1.32705	0	0	
78	72	0	0	0	-0	-0	0	0	-0	0	0.00138014	4.27147	0	0	
302	137	0	0	0	0	-0	0	-0	-0	0	0.00012825	4.27005	0	0	
487	15	0	0	0	0	0	-0	-0	0	0	0.000105736	1.63516	0	0	
605	114	0	0	0	0	0	0	0	0	-0	0.000127703	2.19515	0	0	
661	14	0	0	0	-0	-0	-0	-0	0	0	0.000554685	3.03763	0	0	
659	55	0	0	0	0	-0	-0	-0	-0	0	0.00151576	4.2608	0	0	
232	197	0	0	0	-0	0	0	0	0	-0	0.000177301	1.00543	0	0	
606	172	0	0	0	-0	0	-0	-0	-0	-0	9.46922e-05	4.23518	0	0	
664	54	0	0	0	-0	-0	-0	-0	0	0	9.4959e-05	3.92139	0	0	
434	40	0	0	0	0	-0	0	-0	0	0	0.000123086	4.14624	0	0	
578	5	0	0	0	0	0	-0	-0	0	0	0.000155164	1.92903	0	0	
579	119	0	0	0	0	0	-0	-0	-0	-0	6.12751e-05	4.12418	0	0	
373	214	0	0	0	-0	0	0	-0	-0	-0	0.000283013	4.11635	0	0	
148	62	0	0	0	-0	-0	0	-0	-0	-0	0.00120082	3.80256	0	0	
209	67	0	0	0	0	0	-0	0	-0	-0	9.96607e-05	3.70009	0	0	
35	5	0	0	0	-0	-0	0	0	-0	0	0.000938042	0.213467	0	0	
536	64	0	0	0	0	-0	-0	-0	-0	0	0.000112242	3.53644	0	0	
659	604	0	0	0	-0	-0	-0	0	0	-0	0.00130661	3.80612	0	0	
88	29	0	0	0	-0	-0	0	-0	0	-0	0.0012726	3.80327	0	0	
467	298	0	0	0	-0	-0	0	-0	0	0	0.00244204	3.73283	0	0	
349	341	0	0	0	-0	0	0	-0	-0	-0	0.000532171	3.73069	0	0	
138	50	0	0	0	0	-0	-0	-0	-0	-0	0.00162216	3.72429	0	0	
135	10	0	0	0	0	0	-0	0	-0	-0	0.00425633	3.32795	0	0	
690	59	0	0	0	0	-0	-0	-0	-0	0	0.000569993	1.92761	0	0	
118	105	0	0	0	0	-0	0	-0	0	0	0.000761251	1.6686	0	0	
664	130	0	0	0	0	0	0	-0	0	-0	9.788e-05	3.65882	0	0	
426	157	0	0	0	0	-0	-0	0	0	0	0.000109609	3.64317	0	0	
613	75	0	0	0	-0	-0	0	-0	0	0	0.000105942	3.19347	0	0	
512	418	0	0	0	0	0	0	0	-0	0	8.75096e-05	3.24185	0	0	
532	67	0	0	0	-0	-0	0	-0	-0	-0	8.25024e-05	1.65508	0	0	
489	125	0	0	0	0	0	-0	-0	0	-0	0.000101602	1.43023	0	0	
609	211	0	0	0	0	-0	-0	0	0	0	0.000171543	3.06183	0	0	
677	618	0	0	0	0	-0	-0	-0	-0	-0	7.14779e-05	0.365028	0	0	
588	390	0	0	0	-0	0	-0	0	-0	-0	0.000292812	3.05471	0	0	
532	175	0	0	0	-0	0	0	-0	-0	-0	0.000200637	1.80095	0	0	
139	135	0	0	0	-0	0	0	-0	0	-0	0.0028924	3.04688	0	0	
695	561	0	0	0	-0	-0	0	-0	-0	-0	0.000116935	3.04688	0	0	
558	556	0	0	0	-0	-0	0	-0	0	0	2.82894e-05	1.27511	0	0	
205	167	0	0	0	-0	0	0	0	-0	0	0.000160072	3.04404	0	0	
145	65	0	0	0	0	-0	-0	-0	0	-0	0.000845469	2.08273	0	0	
616	361	0	0	0	-0	-0	0	0	0	0	0.000178991	2.08059	0	0	
345	178	0	0	0	-0	0	0	-0	0	-0	0.000167182	1.71414	0	0	
598	55	0	0	0	0	0	-0	-0	0	0	2.23695e-05	1.02606	0	0	
179	50	0	0	0	0	-0	0	-0	-0	-0	0.000872897	2.04146	0	0	
467	25	0	0	0	0	0	0	-0	0	0	0.00102269	2.04074	0	0	
510	185	0	0	0	-0	-0	-0	0	0	-0	9.32946e-05	0.536514	0	0	
526	4	0	0	0	0	0	0	-0	0	-0	6.15709e-05	1.82514	0	0	
285	44	0	0	0	0	-0	-0	0	-0	0	0.000112119	1.81945	0	0	
495	489	0	0	0	-0	-0	0	0	-0	0	9.32494e-05	1.81874	0	0	
193	84	0	0	0	0	-0	-0	0	0	0	0.00108031	1.81162	0	0	
501	116	0	0	0	-0	-0	0	0	-0	-0	2.07535e-05	1.55475	0	0	
588	129	0	0	0	-0	0	-0	-0	0	0	0.000219772	1.73691	0	0	
539	182	0	0	0	-0	0	0	-0	-0	-0	7.57628e-05	1.73477	0	0	
283	192	0	0	0	0	-0	-0	0	0	-0	4.2577e-05	1.09153	0	0	
460	160	0	0	0	0	0	-0	-0	-0	-0	0.000119817	1.72908	0	0	
185	89	0	0	0	0	-0	0	0	0	-0	0.0011678	0.0526552	0	0	
252	169	0	0	0	0	-0	-0	0	0	-0	0.000126848	1.72695	0	0	
258	38	0	0	0	-0	0	0	0	-0	0	0.000572266	0.157254	0	0	
353	277	0	0	0	-0	0	0	0	0	-0	4.92749e-05	1.46083	0	0	
476	81	0	0	0	-0	0	0	-0	-0	0	0.000225676	1.44659	0	0	
662	10	0	0	0	0	-0	0	-0	-0	0	0.000358225	1.44588	0	0	
501	269	0	0	0	0	0	0	0	-0	-0	0.000189687	1.44232	0	0	
467	110	0	0	0	0	0	0	-0	0	-0	0.00115205	1.43094	0	0	
618	82	0	0	0	-0	-0	-0	-0	0	0	0.000184176	1.36903	0	0	
670	372	0	0	0	-0	0	-0	-0	-0	-0	7.9912e-05	0.624035	0	0	
553	376	0	0	0	0	-0	-0	-0	-0	0	8.15204e-05	1.35978	0	0	
572	145	0	0	0	0	-0	-0	0	0	-0	8.94056e-05	1.35053	0	0	
143	36	0	0	0	0	-0	0	-0	-0	-0	0.00106019	0.854579	0	0	
345	47	0	0	0	0	-0	0	-0	-0	-0	0.000177204	1.2808	0	0	
625	439	0	0	0	0	-0	0	-0	-0	-0	0.000284011	1.1883	0	0	
117	59	0	0	0	-0	0	0	-0	0	-0	0.000144631	1.18474	0	0	
658	232	0	0	0	0	0	0	0	-0	0	0.000408071	1.17905	0	0	
686	96	0	0	0	0	-0	0	-0	-0	-0	8.91119e-05	1.17051	0	0	
481	65	0	0	0	-0	0	-0	-0	-0	-0	0.000460384	0.91435	0	0	
575	28	0	0	0	0	0	0	0	0	-0	9.92915e-05	1.16695	0	0	
448	295	0	0	0	0	0	-0	-0	0	-0	0.000212445	0.577784	0	0	
229	27	0	0	0	-0	-0	-0	-0	0	0	6.81036e-05	0.925735	0	0	
505	107	0	0	0	0	-0	-0	-0	0	-0	8.2479e-05	0.838213	0	0	
626	152	0	0	0	-0	0	-0	-0	0	0	4.56852e-05	0.834656	0	0	
501	119	0	0	0	0	0	0	0	-0	-0	7.13725e-05	0.823982	0	0	
533	168	0	0	0	0	-0	-0	0	-0	0	5.77406e-05	0.797655	0	0	
690	288	0	0	0	0	0	0	0	-0	-0	0.000378308	0.779154	0	0	
502	147	0	0	0	0	-0	-0	-0	0	-0	4.99131e-05	0.715114	0	0	
488	142	0	0	0	0	0	-0	-0	0	-0	0.000306299	0.0889446	0	0	
264	149	0	0	0	0	0	-0	-0	-0	-0	0.00025019	0.71298	0	0	
605	293	0	0	0	-0	0	-0	0	0	0	0.000321549	0.468204	0	0	
441	439	0	0	0	0	-0	0	-0	0	0	0.000272662	0.590592	0	0	
304	145	0	0	0	-0	-0	-0	-0	0	0	0.000624756	0.282488	0	0	
173	45	0	0	0	-0	0	-0	-0	-0	-0	0.00219619	0.480301	0	0	
178	151	0	0	0	0	0	-0	0	-0	0	0.00161181	0.457531	0	0	
408	179	0	0	0	-0	0	-0	0	0	0	9.15639e-05	0.444723	0	0	
597	504	0	0	0	0	-0	0	0	0	-0	2.56085e-05	0.429069	0	0	
552	163	0	0	0	-0	-0	0	0	-0	0	3.91154e-05	0.426934	0	0	
37	19	0	0	0	-0	-0	-0	-0	0	0	0.000434122	0.426222	0	0	
72	69	0	0	0	-0	-0	-0	-0	-0	0	0.000646672	0.424088	0	0	
659	161	0	0	0	-0	-0	-0	0	-0	-0	0.000870859	0.399895	0	0	
300	146	0	0	0	0	0	-0	-0	-0	-0	0.00228113	0.392779	0	0	
241	173	0	0	0	0	0	-0	0	-0	-0	0.000149907	0.241218	0	0	
547	31	0	0	0	-0	0	-0	-0	-0	0	3.15071e-05	0.197101	0	0	
165	55	0	0	0	0	-0	-0	0	0	0	0.00169677	0.194966	0	0	
193	99	0	0	0	0	0	0	-0	-0	0	0.00116013	0.194966	0	0	
419	36	0	0	0	-0	0	0	-0	-0	-0	0.000250741	0.19212	0	0	
400	140	0	0	0	0	0	0	0	0	-0	0.000188525	0.191409	0	0	
321	127	0	0	0	-0	0	0	-0	-0	-0	0.000295134	0.189986	0	0	
457	298	0	0	0	-0	-0	-0	0	0	-0	0.000562124	0.139465	0	0	
558	18	0	0	0	-0	0	-0	-0	0	0	0.00042368	0.13733	0	0	
522	147	0	0	0	-0	0	0	-0	0	-0	0.000281542	0.135907	0	0	
186	53	0	0	0	-0	0	-0	0	-0	-0	0.000639514	0.120253	0	0	
648	18	0	0	0	0	-0	-0	0	-0	0	0.000116644	0.0953486	0	0	
277	123	0	0	0	-0	-0	0	-0	0	0	0.000869551	0.0839637	0	0	
374	126	0	0	0	0	-0	0	-0	0	0	0.000155743	0.0789828	0	0	
637	264	0	0	0	0	-0	0	0	0	0	0.000204786	0.069021	0	0	
334	65	0	0	0	-0	-0	-0	-0	0	-0	9.67376e-05	0.0675979	0	0	
333	149	0	0	0	-0	0	0	0	0	0	0.000557647	0.0668863	0	0	
329	11	0	0	0	-0	0	-0	-0	0	0	0.00016592	0.0604823	0	0	
298	269	0	0	0	-0	0	0	0	-0	0	0.0024651	0.0434049	0	0	
161	134	0	0	0	-0	-0	-0	-0	0	0	3.5724e-05	0.0305969	0	0	
508	100	0	0	0	0	0	0	0	0	-0	1.98156e-05	0.0199236	0	0	
589	143	0	0	0	0	-0	0	-0	0	0	8.93559e-07	0.0185005	0	0	
147	73	0	0	0	0	0	-0	0	-0	-0	7.82421e-06	0.012808	0	0	
305	142	0	0	0	-0	0	0	0	0	0	3.13091e-07	0.00284623	0	0	
319	114	0	0	0	0	0	0	0	-0	-0	5.00153e-07	0.00142311	0	0	
