331	218	0	0	0	0	0	-0	0	-0	-0	0.00475632	0.390472	0	0	
310	52	0	0	0	-0	0	-0	-0	0	0	0.0293801	1.64441	0	0	
555	103	0	0	0	-0	0	0	-0	-0	-0	0.00258148	5.27942	0	0	
262	2	0	0	0	0	-0	0	0	-0	-0	0.0821825	0.181147	0	0	
126	51	0	0	0	0	0	-0	-0	0	0	0.00256195	1.7068	0	0	
97	73	0	0	0	-0	-0	0	-0	0	0	0.013958	1.28212	0	0	
325	25	0	0	0	-0	-0	-0	0	-0	-0	0.00236275	1.11305	0	0	
166	157	0	0	0	-0	0	-0	-0	0	0	0.0309695	5.74839	0	0	
389	200	0	0	0	-0	-0	0	0	0	0	0.00158997	8.18984	0	0	
538	209	0	0	0	0	0	-0	0	0	0	0.00132658	8.25626	0	0	
176	136	0	0	0	-0	-0	-0	-0	0	-0	0.0379319	1.31432	0	0	
395	102	0	0	0	0	0	-0	-0	-0	-0	0.0078615	2.71317	0	0	
97	72	0	0	0	0	-0	-0	0	0	-0	0.0184986	2.77356	0	0	
296	124	0	0	0	-0	-0	-0	0	-0	-0	0.00601435	3.22642	0	0	
332	11	0	0	0	0	-0	0	0	0	-0	0.00447407	2.28849	0	0	
426	278	0	0	0	0	-0	-0	-0	0	-0	0.00052921	0.0301911	0	0	
405	238	0	0	0	0	-0	-0	0	0	0	0.00231752	4.94329	0	0	
113	110	0	0	0	0	0	0	0	-0	0	0.215533	0.251593	0	0	
520	23	0	0	0	0	0	-0	0	0	0	0.00925103	2.0691	0	0	
493	42	0	0	0	0	-0	-0	-0	0	-0	0.00651263	1.84367	0	0	
177	128	0	0	0	0	0	-0	0	0	0	0.00743808	0.0805096	0	0	
288	189	0	0	0	0	-0	0	-0	-0	-0	0.00243804	1.04864	0	0	
479	31	0	0	0	-0	0	0	-0	0	-0	0.0025338	7.23379	0	0	
143	91	0	0	0	0	0	-0	0	-0	0	0.0105939	0.585707	0	0	
508	87	0	0	0	-0	-0	-0	0	-0	0	0.000354473	1.32036	0	0	
300	30	0	0	0	-0	-0	-0	-0	0	0	0.0119265	0.487083	0	0	
380	156	0	0	0	0	-0	-0	-0	0	-0	0.00221622	0.5213	0	0	
418	132	0	0	0	0	0	0	-0	-0	0	0.00199449	0.342166	0	0	
141	59	0	0	0	0	0	0	-0	0	-0	0.0118391	0.732637	0	0	
116	94	0	0	0	-0	-0	0	-0	-0	-0	0.0691978	0.481045	0	0	
434	231	0	0	0	0	-0	-0	0	-0	0	0.00019235	0.644077	0	0	
150	92	0	0	0	0	0	0	-0	-0	0	0.00878504	6.10062	0	0	
516	132	0	0	0	-0	-0	0	0	-0	0	0.000884792	4.31934	0	0	
55	19	0	0	0	-0	0	0	-0	-0	0	0.156013	1.87386	0	0	
158	124	0	0	0	0	-0	-0	-0	-0	-0	0.00935559	1.50956	0	0	
307	111	0	0	0	0	0	-0	0	-0	-0	0.00146818	0.720561	0	0	
263	201	0	0	0	-0	-0	-0	0	-0	-0	0.00210844	5.8289	0	0	
85	50	0	0	0	-0	0	-0	-0	-0	0	0.00614736	0.885606	0	0	
100	21	0	0	0	0	0	0	-0	-0	0	0.00693172	0.112713	0	0	
406	104	0	0	0	-0	-0	0	0	-0	-0	0.00791884	0.33814	0	0	
521	7	0	0	0	-0	-0	-0	-0	0	-0	0.000191317	3.26064	0	0	
51	20	0	0	0	-0	-0	-0	-0	-0	0	0.00609943	0.0523312	0	0	
289	202	0	0	0	-0	0	-0	0	0	-0	0.0141221	1.38678	0	0	
176	54	0	0	0	0	0	-0	-0	0	-0	0.0294399	0.281784	0	0	
579	45	0	0	0	0	0	-0	-0	0	-0	0.0151983	0.547465	0	0	
68	46	0	0	0	-0	-0	0	-0	-0	-0	0.0229002	0.344179	0	0	
269	4	0	0	0	0	-0	-0	-0	-0	0	0.00125041	0.422675	0	0	
440	417	0	0	0	-0	-0	0	0	-0	-0	0.00165542	2.68701	0	0	
396	45	0	0	0	0	0	-0	-0	0	-0	0.000632816	0.0483058	0	0	
505	394	0	0	0	0	0	0	0	0	-0	0.00165764	7.77723	0	0	
229	190	0	0	0	-0	0	-0	-0	-0	0	0.0031586	1.2479	0	0	
425	17	0	0	0	-0	0	0	0	0	0	0.00475386	0.14693	0	0	
594	157	0	0	0	-0	0	0	-0	-0	-0	0.0071041	0.380408	0	0	
329	105	0	0	0	-0	0	0	0	0	0	0.00236311	5.33175	0	0	
331	76	0	0	0	0	-0	-0	-0	-0	0	0.000243332	0.833274	0	0	
498	188	0	0	0	0	-0	0	0	0	0	0.00515095	6.88558	0	0	
101	18	0	0	0	0	0	-0	0	-0	0	0.0245222	6.38039	0	0	
310	91	0	0	0	0	0	-0	-0	0	0	0.0343479	1.70479	0	0	
376	250	0	0	0	-0	-0	0	-0	0	0	0.00166179	2.83193	0	0	
321	242	0	0	0	-0	-0	0	-0	0	0	0.00445989	0.849376	0	0	
390	205	0	0	0	-0	0	0	0	0	0	0.000711549	0.197249	0	0	
154	77	0	0	0	0	-0	0	-0	-0	-0	0.0224074	0.193223	0	0	
117	69	0	0	0	0	0	0	0	-0	0	0.00744772	6.80105	0	0	
10	6	0	0	0	-0	0	0	0	0	0	0.00487476	5.13249	0	0	
57	29	0	0	0	0	-0	0	0	-0	-0	0.0306305	0.283796	0	0	
566	367	0	0	0	-0	0	-0	-0	-0	-0	0.00130511	3.5384	0	0	
435	233	0	0	0	0	0	-0	-0	0	0	0.00151971	6.04828	0	0	
353	275	0	0	0	-0	0	-0	-0	0	0	0.00217394	0.81516	0	0	
83	35	0	0	0	-0	-0	0	0	-0	0	0.020201	3.6974	0	0	
107	106	0	0	0	0	-0	0	-0	-0	-0	0.0108327	0.764841	0	0	
206	44	0	0	0	-0	-0	0	0	0	0	0.0095735	0.346191	0	0	
559	53	0	0	0	-0	0	0	0	-0	0	0.00316514	2.94866	0	0	
480	131	0	0	0	-0	0	0	-0	-0	0	0.00102062	0.728612	0	0	
488	33	0	0	0	0	-0	-0	-0	0	-0	0.0377703	0.589733	0	0	
296	202	0	0	0	-0	0	-0	-0	-0	-0	0.00648259	1.12311	0	0	
363	86	0	0	0	-0	-0	0	0	-0	0	0.0055965	0.442803	0	0	
495	366	0	0	0	0	0	-0	-0	0	0	0.00139823	3.33108	0	0	
274	176	0	0	0	-0	-0	-0	-0	-0	0	0.05119	0.201274	0	0	
78	0	0	0	0	-0	-0	0	0	-0	-0	0.0305666	1.69271	0	0	
88	8	0	0	0	-0	-0	0	-0	-0	-0	0.0455791	2.13552	0	0	
338	24	0	0	0	0	0	-0	-0	0	-0	0.0325274	0.148943	0	0	
398	65	0	0	0	0	0	-0	0	0	0	0.00147148	4.74	0	0	
533	187	0	0	0	-0	0	-0	-0	-0	0	0.00357352	0.0885606	0	0	
563	492	0	0	0	0	-0	-0	-0	-0	-0	0.0012537	6.81715	0	0	
135	51	0	0	0	-0	-0	0	-0	-0	-0	0.0112389	1.27809	0	0	
300	95	0	0	0	0	-0	0	-0	0	0	0.00844667	6.23748	0	0	
111	3	0	0	0	0	-0	0	-0	-0	0	0.109207	0.257631	0	0	
501	112	0	0	0	-0	0	-0	0	0	0	0.00240571	2.03488	0	0	
418	139	0	0	0	0	-0	0	-0	0	0	0.000625714	6.20729	0	0	
304	36	0	0	0	0	-0	0	-0	-0	0	0.0129651	0.297886	0	0	
147	89	0	0	0	-0	0	-0	-0	-0	-0	0.0236599	1.0587	0	0	
168	122	0	0	0	-0	0	-0	-0	-0	-0	0.00242103	0.597784	0	0	
391	81	0	0	0	-0	0	0	-0	-0	0	0.00103215	5.49679	0	0	
516	186	0	0	0	0	0	0	-0	-0	0	0.000518361	2.94464	0	0	
10	1	0	0	0	-0	-0	0	-0	0	0	0.0205523	0.708485	0	0	
230	45	0	0	0	0	-0	-0	-0	-0	0	0.00782913	0.972153	0	0	
26	1	0	0	0	-0	0	0	0	0	-0	0.00346641	2.63669	0	0	
272	184	0	0	0	-0	0	-0	0	0	-0	0.043528	0.71251	0	0	
98	91	0	0	0	0	0	0	0	-0	0	0.038894	2.528	0	0	
539	189	0	0	0	-0	0	0	-0	-0	-0	0.0319433	2.26433	0	0	
251	160	0	0	0	0	0	0	0	0	-0	0.00370548	0.958064	0	0	
579	109	0	0	0	0	-0	-0	-0	0	-0	3.62686e-05	0.344179	0	0	
192	141	0	0	0	-0	0	0	-0	-0	-0	0.018868	0.605835	0	0	
215	2	0	0	0	-0	0	0	-0	0	-0	0.0182181	5.12242	0	0	
312	11	0	0	0	0	0	0	-0	0	0	0.00113685	1.77926	0	0	
486	51	0	0	0	-0	-0	-0	0	-0	0	0.0211724	0.241529	0	0	
436	426	0	0	0	0	-0	-0	0	-0	0	0.000768339	2.79368	0	0	
298	55	0	0	0	0	0	0	0	0	-0	0.0100813	1.71083	0	0	
518	44	0	0	0	0	0	-0	-0	0	-0	0.00315081	5.59944	0	0	
25	18	0	0	0	-0	0	0	0	-0	0	0.13364	0.313987	0	0	
61	26	0	0	0	-0	0	0	0	-0	0	0.0315958	1.72291	0	0	
157	153	0	0	0	0	0	0	0	0	-0	0.0406064	6.32403	0	0	
552	12	0	0	0	-0	0	0	-0	-0	0	0.00479871	0.330089	0	0	
374	272	0	0	0	-0	-0	0	-0	0	0	0.00219951	0.0281784	0	0	
91	8	0	0	0	0	-0	-0	-0	0	-0	0.00053979	1.34048	0	0	
304	117	0	0	0	-0	0	-0	-0	-0	0	0.0415032	0.0905733	0	0	
396	153	0	0	0	-0	0	-0	0	0	-0	0.00158635	0.780943	0	0	
590	79	0	0	0	-0	-0	-0	0	-0	0	0.00263403	5.92953	0	0	
215	199	0	0	0	0	0	-0	-0	-0	-0	0.0291792	1.15733	0	0	
100	40	0	0	0	-0	-0	0	0	-0	0	0.0062135	1.13317	0	0	
196	121	0	0	0	-0	-0	-0	0	-0	0	6.12868e-07	5.06204	0	0	
64	47	0	0	0	0	-0	-0	-0	-0	0	0.00595681	1.18953	0	0	
108	92	0	0	0	0	0	-0	0	-0	0	0.00723742	4.24084	0	0	
274	136	0	0	0	-0	0	0	-0	0	-0	0.00286506	0.243542	0	0	
441	121	0	0	0	0	0	-0	-0	0	-0	0.00258345	5.56724	0	0	
391	281	0	0	0	-0	-0	0	0	-0	0	0.00179506	4.08788	0	0	
369	162	0	0	0	0	0	-0	0	-0	0	0.00397371	2.24823	0	0	
288	62	0	0	0	0	-0	-0	0	-0	0	0.00279433	0.0825223	0	0	
559	419	0	0	0	-0	0	-0	-0	-0	-0	0.000542818	0.56558	0	0	
442	181	0	0	0	-0	-0	0	0	0	0	0.00220393	5.44849	0	0	
162	99	0	0	0	-0	0	-0	0	0	0	0.00491626	3.62293	0	0	
468	58	0	0	0	0	-0	0	0	-0	-0	0.000678219	4.50049	0	0	
450	12	0	0	0	0	-0	0	0	0	0	0.00268529	2.7494	0	0	
194	176	0	0	0	-0	-0	0	0	-0	0	0.0189348	0.650115	0	0	
282	24	0	0	0	0	0	-0	0	0	0	0.00393674	2.74336	0	0	
562	210	0	0	0	0	-0	-0	-0	0	-0	0.00158318	0.927873	0	0	
564	106	0	0	0	-0	0	-0	-0	-0	-0	0.00182228	1.12512	0	0	
526	52	0	0	0	-0	-0	-0	0	-0	-0	0.0103233	5.65177	0	0	
305	78	0	0	0	-0	0	0	-0	0	-0	0.00222963	4.53873	0	0	
572	430	0	0	0	0	0	-0	0	-0	-0	1.48989e-06	0.00201274	0	0	
291	252	0	0	0	0	0	0	0	0	-0	0.0111918	0.0664204	0	0	
87	76	0	0	0	0	-0	-0	0	0	0	0.00727293	0.817172	0	0	
452	206	0	0	0	0	-0	-0	-0	-0	0	0.00205064	4.2811	0	0	
161	94	0	0	0	0	0	-0	0	0	0	0.0587917	2.42334	0	0	
66	57	0	0	0	-0	-0	-0	-0	0	-0	0.0315395	4.30525	0	0	
579	515	0	0	0	-0	-0	-0	0	0	-0	0.00465997	0.316	0	0	
53	32	0	0	0	-0	0	0	0	0	0	0.0102477	4.70981	0	0	
388	55	0	0	0	0	0	-0	0	0	0	0.00374602	1.40892	0	0	
458	37	0	0	0	0	-0	-0	-0	0	-0	0.0850411	3.41763	0	0	
23	5	0	0	0	0	0	0	0	0	-0	0.0549543	0.470981	0	0	
337	258	0	0	0	0	-0	0	0	-0	-0	0.00241087	0.797045	0	0	
210	53	0	0	0	-0	-0	-0	0	-0	0	0.00289017	2.26836	0	0	
481	14	0	0	0	0	-0	0	-0	-0	-0	0.0157152	0.221401	0	0	
151	33	0	0	0	-0	0	-0	-0	-0	-0	0.00463756	2.13954	0	0	
173	67	0	0	0	0	-0	0	-0	-0	-0	0.000663958	0.0583695	0	0	
586	466	0	0	0	-0	-0	-0	0	0	-0	0.0283463	0.372357	0	0	
450	9	0	0	0	0	-0	-0	0	0	0	0.00249996	3.86849	0	0	
523	478	0	0	0	0	0	-0	-0	-0	-0	0.00128261	5.5773	0	0	
357	126	0	0	0	-0	0	-0	0	-0	-0	0.00281016	0.428714	0	0	
124	58	0	0	0	0	-0	-0	0	0	-0	0.0403989	0.171083	0	0	
597	335	0	0	0	0	-0	0	-0	0	0	0.00406888	0.287822	0	0	
314	209	0	0	0	-0	0	0	-0	0	-0	0.00165068	5.14456	0	0	
573	13	0	0	0	-0	0	0	0	-0	0	0.00317739	0.891644	0	0	
503	33	0	0	0	-0	-0	-0	-0	0	0	0.0102355	4.2026	0	0	
483	125	0	0	0	0	-0	-0	-0	-0	-0	0.0109254	4.52665	0	0	
175	104	0	0	0	-0	0	0	-0	-0	-0	0.000627753	1.01643	0	0	
340	60	0	0	0	0	0	0	-0	0	-0	0.0156321	0.195236	0	0	
514	22	0	0	0	0	-0	-0	0	-0	0	0.00328849	0.807109	0	0	
197	168	0	0	0	-0	-0	0	0	0	0	0.129059	0.183159	0	0	
490	192	0	0	0	0	-0	-0	0	-0	0	0.00474548	4.01542	0	0	
195	126	0	0	0	0	0	0	-0	0	0	0.0101894	0.0986243	0	0	
438	126	0	0	0	-0	0	0	-0	0	-0	0.00591154	2.23012	0	0	
562	556	0	0	0	0	0	0	-0	0	-0	0.00161926	2.92652	0	0	
398	173	0	0	0	0	0	0	-0	0	-0	0.00533559	0.150956	0	0	
493	40	0	0	0	-0	-0	-0	0	0	-0	0.0039978	2.00871	0	0	
499	187	0	0	0	-0	-0	0	-0	-0	-0	0.00156868	0.332102	0	0	
134	79	0	0	0	-0	-0	0	-0	0	-0	0.00689951	0.167057	0	0	
218	6	0	0	0	-0	0	-0	-0	-0	-0	0.00416264	1.74706	0	0	
98	42	0	0	0	0	0	-0	0	-0	0	0.0482733	4.85674	0	0	
550	482	0	0	0	-0	0	0	0	-0	0	0.00136897	1.03254	0	0	
188	73	0	0	0	-0	0	0	-0	-0	-0	0.0274014	0.464943	0	0	
186	44	0	0	0	0	-0	-0	0	0	0	0.00918992	4.85473	0	0	
554	75	0	0	0	-0	-0	-0	0	-0	-0	0.0365001	3.24454	0	0	
555	442	0	0	0	-0	0	0	-0	-0	-0	0.00166545	4.20461	0	0	
147	10	0	0	0	-0	0	-0	-0	-0	-0	0.0341547	4.36161	0	0	
501	231	0	0	0	0	-0	-0	0	-0	0	0.000103243	0.786981	0	0	
377	12	0	0	0	-0	0	0	-0	-0	-0	0.00125024	0.452867	0	0	
469	40	0	0	0	0	-0	0	-0	-0	-0	0.00296502	3.78194	0	0	
282	103	0	0	0	-0	0	0	0	0	0	0.0033411	4.63735	0	0	
539	104	0	0	0	-0	-0	-0	-0	0	0	0.00703378	1.70077	0	0	
165	118	0	0	0	0	0	-0	0	-0	0	0.0632582	0.318013	0	0	
468	124	0	0	0	0	0	-0	-0	-0	-0	0.0025348	1.66856	0	0	
547	38	0	0	0	0	0	-0	-0	0	-0	0.0353542	0.128815	0	0	
185	74	0	0	0	-0	0	0	0	0	-0	0.0148152	0.332102	0	0	
181	103	0	0	0	-0	0	0	0	-0	0	0.0105922	4.54879	0	0	
583	506	0	0	0	0	0	-0	0	-0	-0	7.74623e-05	0.0100637	0	0	
407	129	0	0	0	0	0	-0	-0	-0	-0	0.00239153	2.8279	0	0	
196	119	0	0	0	-0	-0	0	-0	-0	-0	0.0421296	3.53437	0	0	
93	83	0	0	0	-0	0	-0	0	0	0	0.00277354	4.47231	0	0	
554	113	0	0	0	0	-0	-0	0	0	-0	0.0488404	2.53001	0	0	
441	356	0	0	0	-0	0	-0	-0	0	0	0.00213025	4.0919	0	0	
354	48	0	0	0	0	0	0	-0	-0	0	0.00273878	4.09593	0	0	
408	50	0	0	0	-0	0	0	-0	0	-0	0.00463377	1.92015	0	0	
419	260	0	0	0	-0	-0	0	0	0	0	0.0023733	1.85776	0	0	
493	341	0	0	0	-0	-0	0	-0	0	-0	0.00136477	1.24186	0	0	
464	395	0	0	0	0	0	0	-0	0	0	0.00098241	0.398523	0	0	
572	226	0	0	0	-0	0	-0	0	0	-0	0.00190194	3.96711	0	0	
320	175	0	0	0	0	-0	0	0	-0	-0	0.00654658	0.974166	0	0	
327	188	0	0	0	-0	0	0	0	-0	0	0.000962172	1.02046	0	0	
237	16	0	0	0	-0	-0	-0	0	0	-0	0.0053291	3.48808	0	0	
558	183	0	0	0	-0	-0	-0	-0	0	-0	0.00897052	0.623949	0	0	
414	396	0	0	0	-0	0	0	0	-0	0	0.00367902	1.88795	0	0	
329	309	0	0	0	-0	0	-0	0	-0	-0	0.000546898	0.58772	0	0	
133	0	0	0	0	-0	0	0	0	0	0	0.0502794	1.27205	0	0	
383	373	0	0	0	0	-0	-0	0	0	-0	0.00316437	0.267694	0	0	
356	156	0	0	0	0	-0	-0	0	0	-0	0.00369768	4.09794	0	0	
449	62	0	0	0	-0	-0	-0	-0	-0	0	0.0056559	0.348204	0	0	
394	112	0	0	0	-0	0	0	0	-0	0	0.00367178	1.57195	0	0	
69	35	0	0	0	0	0	0	0	0	-0	0.000780489	0.0201274	0	0	
179	119	0	0	0	0	-0	0	0	0	0	0.0111295	3.8081	0	0	
503	151	0	0	0	-0	0	0	-0	-0	-0	0.00951868	0.553504	0	0	
256	172	0	0	0	-0	-0	0	0	-0	0	0.0211527	1.93223	0	0	
432	61	0	0	0	-0	-0	-0	-0	0	-0	0.00504582	2.15162	0	0	
296	72	0	0	0	0	-0	-0	0	-0	0	0.0893247	0.0885606	0	0	
33	15	0	0	0	-0	0	-0	0	-0	-0	0.119191	2.35692	0	0	
539	145	0	0	0	-0	-0	0	-0	0	-0	0.0314471	1.99463	0	0	
187	33	0	0	0	0	-0	0	0	0	0	0.0637267	1.05468	0	0	
153	82	0	0	0	0	-0	0	-0	-0	0	0.0255058	3.92686	0	0	
154	140	0	0	0	-0	-0	0	-0	0	-0	5.33092e-05	4.29317	0	0	
503	171	0	0	0	0	0	0	-0	0	-0	0.00438992	4.28714	0	0	
326	32	0	0	0	0	0	0	0	-0	0	0.00986104	0.740688	0	0	
114	18	0	0	0	-0	-0	0	0	-0	0	0.0368155	4.28311	0	0	
572	314	0	0	0	0	0	0	0	0	-0	0.00231703	1.99865	0	0	
343	127	0	0	0	-0	-0	0	-0	0	-0	0.00521762	1.58201	0	0	
526	323	0	0	0	0	-0	-0	-0	-0	0	0.00220356	0.340153	0	0	
402	189	0	0	0	-0	0	0	0	0	0	0.00417148	3.8544	0	0	
115	75	0	0	0	-0	0	-0	-0	-0	0	0.0502338	3.03119	0	0	
350	347	0	0	0	0	-0	0	-0	-0	0	0.00148157	4.26097	0	0	
180	66	0	0	0	0	-0	-0	0	0	0	0.0607734	0.19121	0	0	
264	102	0	0	0	-0	-0	-0	0	0	-0	0.00166123	2.24823	0	0	
144	35	0	0	0	0	0	0	-0	0	0	0.0236538	3.39751	0	0	
529	67	0	0	0	0	0	-0	-0	-0	-0	0.0036775	2.15162	0	0	
352	84	0	0	0	0	-0	0	0	0	-0	0.00488919	1.7853	0	0	
511	80	0	0	0	0	-0	0	0	0	0	0.00249512	3.63501	0	0	
291	68	0	0	0	0	0	0	0	0	-0	0.00338851	3.54242	0	0	
396	14	0	0	0	0	-0	-0	-0	0	-0	0.0030825	2.12344	0	0	
172	158	0	0	0	0	0	0	-0	0	-0	0.00824134	0.132841	0	0	
294	58	0	0	0	0	-0	-0	-0	0	-0	0.00363433	3.04729	0	0	
149	99	0	0	0	0	0	-0	-0	0	-0	0.00222524	3.40153	0	0	
81	63	0	0	0	-0	0	-0	-0	0	0	0.00623681	1.14324	0	0	
191	169	0	0	0	-0	-0	0	-0	-0	-0	0.00820409	0.692383	0	0	
173	131	0	0	0	-0	0	-0	-0	-0	0	0.00125562	0.046293	0	0	
163	96	0	0	0	-0	-0	0	-0	-0	-0	0.0111173	0.0784969	0	0	
336	125	0	0	0	-0	-0	-0	0	0	-0	0.0190768	1.63032	0	0	
199	77	0	0	0	-0	-0	-0	-0	-0	0	0.0732836	0.203287	0	0	
113	70	0	0	0	0	0	-0	0	-0	0	0.0105624	1.21368	0	0	
587	289	0	0	0	-0	-0	0	-0	-0	-0	0.0100168	0.205299	0	0	
578	36	0	0	0	0	-0	-0	0	-0	0	0.0596901	0.054344	0	0	
407	109	0	0	0	-0	0	-0	0	-0	-0	0.00315323	1.68265	0	0	
237	148	0	0	0	-0	0	0	0	0	-0	0.00463921	2.25829	0	0	
330	90	0	0	0	-0	-0	-0	-0	-0	0	0.00741726	0.344179	0	0	
365	355	0	0	0	0	0	0	-0	0	0	0.0046633	0.0966115	0	0	
506	65	0	0	0	-0	0	-0	-0	0	0	0.00479264	0.384433	0	0	
174	12	0	0	0	0	-0	0	0	0	-0	0.00305301	0.865478	0	0	
186	132	0	0	0	0	-0	0	0	-0	-0	0.00951582	1.47333	0	0	
402	101	0	0	0	0	-0	0	-0	0	0	0.00266161	1.39483	0	0	
187	31	0	0	0	-0	0	-0	0	0	0	0.0466309	1.68064	0	0	
84	32	0	0	0	0	-0	0	0	0	-0	0.00886657	1.58805	0	0	
311	32	0	0	0	-0	-0	0	-0	0	0	0.0020036	0.780943	0	0	
243	83	0	0	0	0	0	0	0	0	-0	0.00077317	2.17376	0	0	
471	86	0	0	0	0	-0	0	-0	0	0	0.00197847	0.412612	0	0	
153	45	0	0	0	0	-0	0	-0	-0	0	0.0398476	0.766854	0	0	
205	63	0	0	0	-0	-0	-0	0	-0	-0	0.0663582	0.219389	0	0	
193	51	0	0	0	0	-0	-0	0	0	0	0.0037306	0.114726	0	0	
61	5	0	0	0	0	0	-0	-0	0	0	0.0571884	0.354242	0	0	
255	166	0	0	0	0	-0	-0	-0	0	-0	0.000513257	0.0603822	0	0	
373	96	0	0	0	0	-0	0	-0	-0	0	0.0173694	0.104662	0	0	
556	461	0	0	0	0	0	-0	-0	0	0	0.00159085	2.67694	0	0	
96	52	0	0	0	0	-0	0	0	0	-0	0.134921	0.177121	0	0	
335	81	0	0	0	0	-0	-0	0	0	-0	0.00573315	0.148943	0	0	
115	41	0	0	0	0	-0	-0	0	0	-0	0.0263259	0.525325	0	0	
80	67	0	0	0	0	0	0	0	-0	0	0.0169029	3.15195	0	0	
369	22	0	0	0	0	-0	-0	0	0	0	0.00420673	1.53572	0	0	
205	26	0	0	0	0	0	0	0	-0	-0	0.0722069	1.31231	0	0	
151	36	0	0	0	0	-0	-0	-0	-0	0	0.0317619	0.370344	0	0	
82	1	0	0	0	-0	-0	-0	-0	0	-0	0.0754099	1.12713	0	0	
313	185	0	0	0	-0	-0	0	0	-0	0	0.00216119	3.1439	0	0	
194	126	0	0	0	-0	-0	-0	0	0	-0	0.0238804	2.74739	0	0	
326	155	0	0	0	0	0	0	0	-0	0	0.0288419	0.175108	0	0	
202	72	0	0	0	0	0	0	0	-0	-0	0.00948201	2.54612	0	0	
279	112	0	0	0	0	-0	0	-0	-0	-0	0.0208955	0.287822	0	0	
278	99	0	0	0	0	0	0	0	0	-0	0.00306258	1.41496	0	0	
274	4	0	0	0	-0	0	-0	-0	-0	-0	0.0141756	1.06071	0	0	
212	78	0	0	0	-0	-0	-0	0	0	-0	0.00157834	3.06943	0	0	
343	37	0	0	0	-0	0	-0	-0	-0	0	0.00730399	2.62059	0	0	
156	128	0	0	0	0	0	0	0	0	-0	0.00975646	0.692383	0	0	
397	51	0	0	0	-0	-0	-0	-0	0	0	0.0183403	0.309962	0	0	
427	132	0	0	0	-0	-0	-0	-0	0	0	0.00125476	3.06138	0	0	
164	119	0	0	0	-0	0	0	-0	-0	0	0.0132422	3.0493	0	0	
504	151	0	0	0	0	0	-0	-0	0	0	0.00226575	3.04528	0	0	
166	130	0	0	0	0	0	0	-0	0	0	0.015139	1.22777	0	0	
433	98	0	0	0	-0	0	0	-0	0	-0	0.00966136	0.322038	0	0	
397	343	0	0	0	-0	-0	-0	-0	0	-0	0.0285689	1.44313	0	0	
137	128	0	0	0	0	0	-0	-0	0	0	0.00210596	0.225427	0	0	
539	25	0	0	0	0	0	-0	-0	0	-0	0.0284274	2.05098	0	0	
553	76	0	0	0	0	-0	0	0	0	-0	0.0043193	1.04059	0	0	
199	14	0	0	0	-0	-0	0	0	-0	-0	0.0842619	0.36028	0	0	
373	158	0	0	0	-0	0	0	0	-0	0	0.0198872	0.915797	0	0	
161	8	0	0	0	0	0	0	-0	0	0	0.0402728	2.37705	0	0	
308	145	0	0	0	-0	0	-0	-0	-0	0	0.00883724	2.92451	0	0	
547	156	0	0	0	0	0	-0	-0	-0	-0	0.00658671	1.82354	0	0	
104	62	0	0	0	0	0	-0	0	0	0	0.0196509	2.9225	0	0	
26	6	0	0	0	0	0	-0	0	0	0	0.0172529	2.01475	0	0	
197	36	0	0	0	-0	-0	0	0	0	0	0.0300922	1.5478	0	0	
528	144	0	0	0	0	-0	0	-0	-0	0	0.00318164	1.44515	0	0	
183	38	0	0	0	0	-0	-0	0	0	-0	0.0306666	0.764841	0	0	
510	79	0	0	0	-0	-0	0	-0	0	-0	0.00146566	0.0865478	0	0	
163	124	0	0	0	-0	-0	-0	-0	-0	0	0.0180118	2.45353	0	0	
322	318	0	0	0	-0	-0	0	0	-0	-0	0.0015925	0.092586	0	0	
335	323	0	0	0	0	-0	-0	-0	0	-0	0.0026233	0.470981	0	0	
550	155	0	0	0	-0	0	-0	0	0	-0	0.00458142	0.958064	0	0	
180	29	0	0	0	0	0	-0	-0	-0	-0	0.00617986	0.0603822	0	0	
113	106	0	0	0	0	0	-0	0	-0	0	0.00821653	2.80777	0	0	
586	245	0	0	0	0	-0	-0	0	0	-0	0.00698956	0.525325	0	0	
421	148	0	0	0	0	0	-0	-0	0	-0	0.00781181	0.223414	0	0	
182	64	0	0	0	0	0	-0	-0	0	0	0.012944	1.26601	0	0	
152	0	0	0	0	0	-0	0	-0	-0	-0	0.054954	2.67896	0	0	
115	74	0	0	0	-0	-0	-0	0	0	-0	0.0237898	1.94833	0	0	
358	11	0	0	0	-0	0	-0	0	0	0	0.00588569	0.0402548	0	0	
123	94	0	0	0	-0	0	-0	0	-0	-0	0.002533	0.933911	0	0	
114	71	0	0	0	-0	-0	-0	0	0	-0	0.00256466	0.0402548	0	0	
93	12	0	0	0	0	0	-0	0	-0	0	0.0163268	1.19154	0	0	
461	226	0	0	0	-0	0	-0	-0	0	0	0.00183346	2.59241	0	0	
319	4	0	0	0	0	0	-0	0	-0	-0	0.00124499	2.19791	0	0	
167	143	0	0	0	-0	0	-0	0	0	0	0.0105531	1.78731	0	0	
110	32	0	0	0	-0	0	-0	0	-0	-0	0.00206475	1.38678	0	0	
134	116	0	0	0	0	0	0	-0	0	-0	0.00716062	1.48138	0	0	
395	228	0	0	0	-0	-0	0	-0	-0	-0	0.00551209	2.55819	0	0	
390	203	0	0	0	0	-0	0	0	0	0	0.0108856	0.740688	0	0	
120	28	0	0	0	-0	-0	-0	-0	0	-0	0.00316786	2.27842	0	0	
443	145	0	0	0	-0	-0	0	-0	-0	-0	0.0371941	0.19121	0	0	
77	20	0	0	0	-0	0	0	0	0	-0	0.108188	0.39651	0	0	
42	34	0	0	0	0	0	-0	0	-0	0	0.0534809	0.515261	0	0	
455	186	0	0	0	-0	0	-0	-0	-0	-0	0.00396299	0.346191	0	0	
359	162	0	0	0	-0	0	0	-0	0	-0	0.0017707	2.23414	0	0	
256	190	0	0	0	0	0	-0	0	-0	0	0.0118244	2.19992	0	0	
168	17	0	0	0	-0	-0	-0	-0	0	-0	0.0429531	0.37437	0	0	
88	19	0	0	0	0	0	-0	-0	-0	-0	0.105425	2.08922	0	0	
445	61	0	0	0	0	-0	-0	-0	-0	-0	0.00659607	1.49547	0	0	
157	40	0	0	0	0	0	-0	0	-0	-0	0.00803507	1.64441	0	0	
183	176	0	0	0	-0	0	0	0	-0	0	0.0638666	1.67661	0	0	
180	75	0	0	0	0	0	-0	-0	-0	-0	0.068218	1.00436	0	0	
489	74	0	0	0	0	0	0	0	-0	-0	0.00493519	0.114726	0	0	
353	298	0	0	0	-0	-0	0	-0	-0	-0	0.00331309	1.96041	0	0	
410	137	0	0	0	0	-0	-0	0	0	0	0.000125449	0.0120764	0	0	
484	365	0	0	0	0	-0	-0	-0	-0	0	0.00134008	1.95638	0	0	
185	41	0	0	0	0	0	0	0	-0	-0	0.00723335	1.95437	0	0	
284	164	0	0	0	-0	0	0	-0	0	-0	0.0039573	1.53371	0	0	
337	65	0	0	0	-0	-0	-0	0	-0	-0	0.00213027	1.95437	0	0	
308	256	0	0	0	-0	0	-0	-0	0	0	0.00584029	1.94028	0	0	
122	43	0	0	0	-0	0	0	0	-0	0	0.0127143	0.0986243	0	0	
163	61	0	0	0	-0	-0	-0	0	-0	0	0.00278972	1.52364	0	0	
271	99	0	0	0	-0	0	-0	-0	0	0	0.00293076	1.93424	0	0	
239	57	0	0	0	0	0	-0	0	0	0	0.0157362	0.253605	0	0	
216	108	0	0	0	-0	-0	-0	-0	0	0	0.00744445	1.0426	0	0	
139	71	0	0	0	-0	-0	-0	0	-0	-0	0.0146492	1.83562	0	0	
96	34	0	0	0	0	0	0	0	0	-0	0.167134	1.80945	0	0	
466	20	0	0	0	-0	0	-0	0	0	0	0.014807	0.501172	0	0	
517	488	0	0	0	-0	0	0	-0	-0	0	0.0113538	0.398523	0	0	
145	101	0	0	0	-0	0	0	-0	0	-0	0.00529223	0.71251	0	0	
594	455	0	0	0	-0	-0	0	-0	0	-0	0.0102391	0.404561	0	0	
272	215	0	0	0	0	-0	0	0	0	-0	0.0209652	0.821198	0	0	
316	24	0	0	0	0	0	-0	0	-0	-0	0.000322319	0.398523	0	0	
293	159	0	0	0	-0	-0	-0	0	-0	0	0.00462016	1.73297	0	0	
573	49	0	0	0	0	0	0	-0	0	0	0.00999513	0.0684332	0	0	
176	20	0	0	0	-0	0	-0	0	-0	-0	0.057407	0.527338	0	0	
259	61	0	0	0	0	-0	0	0	-0	-0	0.00729476	1.49949	0	0	
525	149	0	0	0	0	-0	0	-0	0	0	0.00502206	0.235491	0	0	
244	18	0	0	0	0	-0	0	-0	0	0	0.00418562	1.48943	0	0	
24	11	0	0	0	-0	0	-0	0	0	-0	0.0852736	0.309962	0	0	
108	50	0	0	0	0	-0	-0	0	0	-0	0.0148598	1.4854	0	0	
586	140	0	0	0	0	0	0	0	0	-0	0.0196465	0.525325	0	0	
49	2	0	0	0	0	0	-0	0	-0	0	0.0195302	1.16538	0	0	
183	64	0	0	0	-0	-0	0	0	0	0	0.0528687	1.44515	0	0	
53	47	0	0	0	0	0	0	-0	0	-0	0.00158834	1.0748	0	0	
391	71	0	0	0	-0	0	-0	0	-0	-0	0.00151988	1.07078	0	0	
349	66	0	0	0	0	0	0	0	-0	-0	0.0223245	0.265682	0	0	
322	65	0	0	0	0	-0	-0	0	-0	0	0.000860305	1.10097	0	0	
387	37	0	0	0	0	0	0	-0	0	-0	0.0114363	1.10902	0	0	
448	38	0	0	0	-0	0	0	0	-0	0	0.00506908	0.764841	0	0	
202	58	0	0	0	0	0	-0	0	-0	0	0.0162885	1.43307	0	0	
251	73	0	0	0	0	-0	-0	0	0	-0	0.0166254	0.867491	0	0	
122	3	0	0	0	0	-0	0	0	0	0	0.0954424	1.40892	0	0	
401	46	0	0	0	0	0	0	0	-0	-0	0.0036691	1.02247	0	0	
193	35	0	0	0	-0	-0	0	0	-0	-0	0.0011286	1.39885	0	0	
175	18	0	0	0	0	-0	0	0	0	-0	0.00512927	1.38879	0	0	
414	157	0	0	0	-0	0	0	-0	-0	0	0.00327844	1.38879	0	0	
487	34	0	0	0	-0	-0	0	-0	0	0	0.000897024	1.36061	0	0	
180	15	0	0	0	-0	-0	-0	0	0	-0	0.0430956	0.438777	0	0	
388	246	0	0	0	-0	0	0	0	0	-0	0.00128813	1.07078	0	0	
362	171	0	0	0	0	0	-0	0	-0	-0	0.00587297	1.06876	0	0	
550	112	0	0	0	-0	0	0	0	0	-0	0.00322765	1.06474	0	0	
349	39	0	0	0	0	0	-0	0	0	0	0.0101104	0.398523	0	0	
297	180	0	0	0	-0	0	-0	0	-0	-0	0.00595843	0.295873	0	0	
354	330	0	0	0	0	-0	-0	-0	-0	-0	0.00257494	1.00637	0	0	
406	325	0	0	0	-0	0	-0	0	0	-0	0.00533755	0.255618	0	0	
485	88	0	0	0	-0	0	0	0	-0	0	0.0128418	0.195236	0	0	
321	162	0	0	0	-0	-0	-0	-0	0	-0	0.00894558	0.599797	0	0	
491	297	0	0	0	-0	0	0	-0	-0	0	0.031843	0.583695	0	0	
378	152	0	0	0	-0	0	0	-0	-0	-0	0.00653686	0.283796	0	0	
306	144	0	0	0	0	0	-0	0	-0	-0	0.00775024	0.108688	0	0	
531	183	0	0	0	-0	-0	0	-0	-0	-0	0.00303883	0.573631	0	0	
96	19	0	0	0	-0	0	0	0	-0	0	0.135447	0.537402	0	0	
406	63	0	0	0	0	-0	-0	-0	0	-0	0.00827576	0.537402	0	0	
351	54	0	0	0	-0	-0	0	-0	-0	-0	0.009013	0.0905733	0	0	
279	228	0	0	0	-0	-0	-0	-0	0	-0	0.0197575	0.505198	0	0	
275	99	0	0	0	0	0	0	0	-0	0	0.00387786	0.503185	0	0	
195	117	0	0	0	-0	-0	0	-0	0	0	0.0059797	0.126803	0	0	
172	19	0	0	0	-0	-0	0	-0	0	0	0.20198	0.221401	0	0	
486	195	0	0	0	-0	-0	-0	0	-0	0	0.0450772	0.148943	0	0	
52	25	0	0	0	0	-0	-0	-0	-0	-0	0.0484809	0.481045	0	0	
504	197	0	0	0	0	-0	-0	-0	0	-0	0.00595315	0.243542	0	0	
90	59	0	0	0	-0	-0	0	-0	0	-0	0.0385867	0.472994	0	0	
458	125	0	0	0	0	-0	-0	-0	0	-0	0.0826965	0.472994	0	0	
165	75	0	0	0	0	-0	0	-0	-0	0	0.0385423	0.464943	0	0	
322	80	0	0	0	0	-0	0	-0	-0	-0	0.00495002	0.456892	0	0	
264	148	0	0	0	0	0	-0	-0	-0	-0	0.00464106	0.454879	0	0	
423	30	0	0	0	-0	0	-0	0	0	0	0.00296698	0.118752	0	0	
488	36	0	0	0	0	-0	0	0	0	-0	0.0736941	0.432739	0	0	
157	100	0	0	0	0	-0	0	0	-0	-0	0.0173634	0.424688	0	0	
138	106	0	0	0	-0	-0	-0	-0	0	0	0.00332636	0.0784969	0	0	
335	203	0	0	0	0	-0	0	0	0	0	0.00999568	0.412612	0	0	
296	34	0	0	0	0	0	-0	0	-0	0	0.0375242	0.410599	0	0	
107	33	0	0	0	-0	0	0	-0	-0	-0	0.0974687	0.408586	0	0	
139	132	0	0	0	0	0	-0	-0	0	0	0.0416985	0.128815	0	0	
466	134	0	0	0	0	0	-0	0	0	0	0.0278486	0.0865478	0	0	
104	25	0	0	0	-0	0	-0	0	-0	-0	0.115287	0.364306	0	0	
196	128	0	0	0	-0	0	-0	0	0	-0	0.0596395	0.35223	0	0	
261	58	0	0	0	-0	0	-0	0	0	-0	3.68862e-05	0.00805096	0	0	
280	8	0	0	0	-0	0	0	0	0	-0	0.00149873	0.348204	0	0	
445	172	0	0	0	-0	-0	-0	0	-0	0	0.00111888	0.0221401	0	0	
549	306	0	0	0	-0	0	0	0	-0	0	1.83156e-05	0.0161019	0	0	
178	34	0	0	0	0	0	-0	0	-0	0	0.000211129	0.0120764	0	0	
339	14	0	0	0	0	0	0	0	0	-0	0.000175595	0.0120764	0	0	
