208	2	0	0	0	0	-0	-0	-0	-0	-0	1.59577e-05	55.2759	0	0	
429	371	0	0	0	0	-0	0	-0	-0	-0	4.40572e-05	65.4161	0	0	
118	56	0	0	0	-0	-0	-0	-0	0	-0	8.89551e-05	68.8498	0	0	
153	21	0	0	0	0	0	-0	-0	0	0	5.53814e-05	43.1189	0	0	
396	21	0	0	0	-0	-0	0	-0	-0	-0	4.24768e-05	45.3189	0	0	
597	335	0	0	0	-0	0	-0	0	0	-0	1.18779e-07	27.5886	0	0	
353	220	0	0	0	0	-0	0	-0	-0	-0	1.45046e-06	34.7218	0	0	
516	139	0	0	0	-0	0	-0	0	0	0	3.29625e-05	41.9173	0	0	
553	489	0	0	0	0	-0	-0	-0	0	-0	2.07806e-06	51.5362	0	0	
520	299	0	0	0	-0	0	0	-0	0	-0	1.01755e-06	41.0378	0	0	
339	79	0	0	0	0	-0	0	-0	0	0	3.92105e-05	63.7093	0	0	
590	79	0	0	0	-0	-0	-0	0	-0	-0	1.45515e-05	60.1648	0	0	
97	72	0	0	0	0	-0	-0	0	0	-0	4.23636e-05	82.7739	0	0	
125	37	0	0	0	0	-0	-0	0	0	0	8.61842e-05	62.4312	0	0	
230	226	0	0	0	-0	0	0	-0	-0	0	4.22593e-05	62.2178	0	0	
104	74	0	0	0	0	-0	0	-0	0	0	6.00834e-05	41.2048	0	0	
358	1	0	0	0	0	0	0	0	0	-0	8.14687e-06	50.6466	0	0	
448	64	0	0	0	-0	0	-0	0	0	-0	4.35073e-05	53.722	0	0	
197	33	0	0	0	0	0	-0	0	-0	0	3.1092e-05	41.9878	0	0	
253	129	0	0	0	-0	0	-0	-0	-0	-0	2.25454e-05	54.4084	0	0	
595	379	0	0	0	-0	0	-0	-0	-0	0	2.86625e-06	63.9407	0	0	
424	157	0	0	0	0	-0	0	0	0	0	2.0756e-06	40.126	0	0	
442	259	0	0	0	-0	-0	-0	-0	0	0	4.97986e-05	53.1826	0	0	
449	145	0	0	0	-0	-0	0	-0	0	0	1.86015e-06	32.8701	0	0	
290	66	0	0	0	-0	-0	0	0	-0	-0	1.00789e-05	65.9072	0	0	
314	200	0	0	0	0	0	-0	0	0	0	3.01507e-06	39.0814	0	0	
460	431	0	0	0	0	-0	-0	0	0	-0	2.80451e-06	42.3018	0	0	
515	109	0	0	0	-0	-0	0	0	-0	0	6.29824e-06	62.1494	0	0	
316	152	0	0	0	0	-0	-0	0	0	-0	7.44667e-05	56.3205	0	0	
259	61	0	0	0	-0	0	-0	0	0	-0	2.71184e-05	71.1806	0	0	
450	68	0	0	0	0	0	0	0	-0	0	1.77668e-05	45.4135	0	0	
446	26	0	0	0	0	-0	-0	0	-0	0	2.05029e-06	44.7694	0	0	
439	191	0	0	0	-0	0	0	-0	0	-0	1.15081e-06	36.1186	0	0	
324	188	0	0	0	-0	-0	-0	0	0	-0	7.36877e-06	42.8049	0	0	
576	135	0	0	0	-0	0	0	-0	-0	0	2.35597e-06	49.5275	0	0	
594	455	0	0	0	-0	0	0	-0	0	-0	2.61502e-07	34.5225	0	0	
585	530	0	0	0	-0	-0	0	0	-0	-0	3.49052e-06	48.3118	0	0	
186	44	0	0	0	-0	0	0	0	0	-0	2.64268e-06	54.2896	0	0	
501	112	0	0	0	-0	-0	-0	-0	0	-0	7.61047e-06	35.5832	0	0	
257	97	0	0	0	0	-0	-0	-0	0	-0	9.85409e-06	52.5929	0	0	
596	123	0	0	0	0	-0	0	0	0	-0	4.25617e-05	51.6348	0	0	
253	47	0	0	0	-0	-0	-0	0	0	-0	5.78258e-05	50.238	0	0	
255	205	0	0	0	0	0	-0	0	-0	-0	8.2893e-06	60.0944	0	0	
317	30	0	0	0	-0	0	0	-0	0	-0	1.83913e-05	47.875	0	0	
301	86	0	0	0	-0	-0	-0	0	0	-0	3.16453e-05	46.768	0	0	
260	110	0	0	0	0	-0	0	0	0	0	3.605e-07	35.07	0	0	
320	292	0	0	0	-0	0	0	0	0	-0	1.67494e-05	43.596	0	0	
561	473	0	0	0	0	-0	-0	0	0	0	5.07286e-07	34.3877	0	0	
505	415	0	0	0	-0	0	-0	0	0	-0	8.2364e-06	31.1975	0	0	
544	167	0	0	0	-0	-0	-0	0	-0	-0	1.455e-06	34.5044	0	0	
114	43	0	0	0	-0	-0	0	0	0	0	2.15214e-05	78.4325	0	0	
177	109	0	0	0	0	-0	-0	-0	0	-0	1.83249e-05	63.7757	0	0	
471	221	0	0	0	0	0	-0	-0	0	0	1.35235e-06	51.2725	0	0	
408	50	0	0	0	0	0	-0	0	0	0	9.68744e-07	36.9116	0	0	
404	315	0	0	0	0	-0	0	0	0	0	1.80436e-05	44.7955	0	0	
572	249	0	0	0	-0	-0	0	-0	-0	-0	6.17388e-06	47.2108	0	0	
264	102	0	0	0	0	-0	0	0	-0	-0	5.64147e-05	56.5097	0	0	
380	253	0	0	0	-0	-0	0	0	0	0	5.39725e-05	61.3725	0	0	
458	110	0	0	0	0	-0	-0	0	0	0	2.9547e-06	34.4501	0	0	
267	164	0	0	0	0	-0	0	-0	0	0	0.000140062	70.6552	0	0	
184	154	0	0	0	-0	-0	0	0	0	0	8.06226e-05	47.235	0	0	
202	28	0	0	0	-0	0	-0	-0	-0	-0	7.61068e-05	42.8875	0	0	
472	339	0	0	0	0	0	-0	0	-0	-0	1.50455e-05	62.4332	0	0	
445	432	0	0	0	-0	0	-0	-0	-0	0	1.48291e-05	59.5208	0	0	
494	360	0	0	0	0	0	0	-0	0	0	1.49131e-08	19.7792	0	0	
248	169	0	0	0	-0	0	0	-0	0	-0	1.45904e-06	36.4568	0	0	
10	6	0	0	0	0	-0	-0	0	0	0	4.07253e-05	77.4845	0	0	
385	92	0	0	0	-0	0	0	-0	0	-0	5.75143e-06	52.5949	0	0	
366	86	0	0	0	0	-0	0	0	0	-0	1.28281e-05	63.3691	0	0	
270	101	0	0	0	0	0	0	0	-0	0	0.000157995	64.2024	0	0	
99	24	0	0	0	0	-0	0	-0	-0	0	3.25412e-05	65.6334	0	0	
106	33	0	0	0	0	-0	0	-0	-0	-0	0.000114034	48.338	0	0	
531	126	0	0	0	-0	-0	0	0	-0	-0	2.35241e-05	65.6717	0	0	
256	55	0	0	0	0	-0	-0	-0	-0	0	6.34941e-05	48.8895	0	0	
498	2	0	0	0	0	-0	-0	-0	0	-0	1.42475e-06	41.6959	0	0	
295	78	0	0	0	0	0	-0	0	-0	0	1.15428e-06	35.8348	0	0	
587	509	0	0	0	-0	-0	-0	0	0	-0	9.52559e-06	59.714	0	0	
554	113	0	0	0	0	0	0	-0	-0	0	1.66886e-05	61.9179	0	0	
304	36	0	0	0	-0	0	-0	-0	-0	0	1.19697e-05	51.5181	0	0	
569	312	0	0	0	-0	-0	0	0	-0	0	1.06231e-05	49.1853	0	0	
152	6	0	0	0	-0	0	-0	0	0	-0	8.90204e-05	70.1943	0	0	
562	461	0	0	0	0	-0	0	-0	-0	-0	1.07143e-05	57.2464	0	0	
163	26	0	0	0	0	0	-0	0	-0	0	7.62974e-05	50.0267	0	0	
216	198	0	0	0	-0	0	-0	-0	0	0	2.10117e-05	50.1353	0	0	
295	212	0	0	0	0	-0	0	-0	0	0	3.05191e-06	37.6161	0	0	
273	193	0	0	0	-0	-0	0	0	-0	0	2.27171e-05	44.6365	0	0	
164	119	0	0	0	-0	0	0	-0	-0	0	9.46518e-06	48.4708	0	0	
232	121	0	0	0	-0	-0	-0	0	-0	0	3.23569e-05	57.8562	0	0	
127	45	0	0	0	0	0	0	-0	-0	0	1.00451e-05	40.915	0	0	
478	353	0	0	0	-0	0	-0	-0	0	0	2.05038e-06	42.2494	0	0	
376	23	0	0	0	-0	-0	-0	0	-0	0	1.60968e-06	27.4236	0	0	
587	178	0	0	0	0	0	-0	-0	-0	-0	3.23486e-05	61.0766	0	0	
441	356	0	0	0	-0	0	-0	-0	0	0	8.79553e-06	45.2182	0	0	
107	27	0	0	0	-0	-0	0	0	-0	0	6.36198e-05	73.6925	0	0	
475	210	0	0	0	-0	0	0	0	-0	0	7.3863e-06	51.4517	0	0	
231	93	0	0	0	-0	-0	0	-0	0	0	1.62793e-05	68.0065	0	0	
288	62	0	0	0	-0	0	0	-0	-0	-0	1.9182e-05	44.1957	0	0	
519	278	0	0	0	0	0	0	0	-0	-0	1.17621e-05	60.0582	0	0	
89	2	0	0	0	0	-0	-0	0	0	-0	0.000105835	76.6592	0	0	
274	54	0	0	0	0	-0	0	-0	-0	-0	2.84517e-06	52.132	0	0	
455	94	0	0	0	-0	0	-0	0	-0	-0	1.36112e-06	41.1223	0	0	
289	34	0	0	0	0	-0	-0	-0	-0	0	2.33332e-05	63.5241	0	0	
195	37	0	0	0	-0	-0	0	0	-0	0	4.71287e-05	70.615	0	0	
77	20	0	0	0	0	-0	-0	-0	-0	0	5.13903e-05	55.4651	0	0	
205	203	0	0	0	-0	0	0	0	0	0	1.80534e-05	59.4221	0	0	
571	483	0	0	0	0	0	-0	-0	0	-0	2.1693e-06	56.3688	0	0	
71	43	0	0	0	-0	0	0	0	-0	0	5.33921e-05	57.1497	0	0	
521	149	0	0	0	0	-0	-0	-0	-0	-0	2.73869e-05	45.1236	0	0	
267	38	0	0	0	0	-0	0	-0	0	0	0.00016876	59.1001	0	0	
409	314	0	0	0	-0	0	-0	-0	-0	0	6.23141e-06	46.0233	0	0	
61	26	0	0	0	0	-0	-0	-0	-0	0	2.80929e-05	81.7233	0	0	
450	291	0	0	0	-0	0	0	0	-0	0	6.30828e-06	48.3903	0	0	
410	4	0	0	0	0	-0	-0	-0	0	-0	1.86551e-05	61.1209	0	0	
528	306	0	0	0	0	0	0	-0	0	-0	2.511e-06	43.8958	0	0	
537	55	0	0	0	0	-0	0	0	0	-0	1.90358e-06	36.9479	0	0	
359	22	0	0	0	-0	-0	0	-0	0	0	4.46689e-06	70.7196	0	0	
443	181	0	0	0	0	-0	0	0	0	0	5.18688e-06	68.8377	0	0	
244	171	0	0	0	0	-0	-0	-0	-0	-0	5.13403e-05	51.4315	0	0	
548	129	0	0	0	-0	-0	0	0	-0	0	4.13415e-07	29.9979	0	0	
10	1	0	0	0	0	0	-0	0	-0	-0	5.39339e-05	64.6995	0	0	
338	72	0	0	0	-0	0	-0	-0	-0	-0	3.21598e-05	63.5825	0	0	
64	47	0	0	0	0	0	-0	0	0	0	4.40671e-05	81.1899	0	0	
329	105	0	0	0	0	-0	-0	-0	-0	-0	1.3915e-05	51.7918	0	0	
300	30	0	0	0	-0	0	0	-0	-0	0	2.38291e-06	41.4886	0	0	
327	274	0	0	0	0	-0	0	0	0	-0	7.14143e-07	37.2075	0	0	
205	26	0	0	0	-0	-0	-0	-0	0	-0	1.67595e-05	59.8911	0	0	
215	199	0	0	0	-0	-0	0	-0	0	-0	9.47468e-06	50.5319	0	0	
199	77	0	0	0	0	0	0	0	-0	0	6.60841e-05	57.2464	0	0	
270	158	0	0	0	0	-0	-0	0	-0	0	0.000165103	64.3634	0	0	
370	35	0	0	0	-0	-0	0	0	-0	-0	1.63075e-05	50.8116	0	0	
188	2	0	0	0	0	-0	0	0	-0	-0	5.55366e-05	47.6617	0	0	
543	13	0	0	0	0	0	-0	0	-0	0	2.26609e-06	38.069	0	0	
357	16	0	0	0	0	-0	0	-0	-0	0	1.15282e-05	67.2235	0	0	
194	176	0	0	0	-0	-0	0	0	-0	-0	3.58265e-05	80.6505	0	0	
97	28	0	0	0	-0	-0	-0	0	-0	0	6.59203e-05	39.4155	0	0	
48	9	0	0	0	0	0	-0	-0	-0	-0	0.00010631	77.5388	0	0	
487	202	0	0	0	0	0	0	-0	-0	0	6.58934e-06	41.8348	0	0	
321	114	0	0	0	-0	0	-0	-0	-0	0	5.54931e-06	52.1964	0	0	
62	3	0	0	0	-0	-0	-0	0	-0	0	3.33968e-05	68.0044	0	0	
598	44	0	0	0	0	0	-0	0	0	0	3.85998e-06	40.9291	0	0	
90	46	0	0	0	0	-0	0	-0	0	0	1.53835e-05	57.2162	0	0	
477	171	0	0	0	0	-0	0	-0	-0	0	3.16258e-05	53.245	0	0	
519	246	0	0	0	0	0	0	0	0	-0	1.16467e-05	60.2755	0	0	
562	135	0	0	0	-0	-0	-0	0	-0	-0	5.23396e-06	37.3202	0	0	
351	182	0	0	0	0	0	-0	-0	-0	-0	8.85175e-06	43.5819	0	0	
554	41	0	0	0	-0	0	0	-0	-0	0	2.95484e-05	61.2598	0	0	
404	181	0	0	0	0	0	0	0	-0	-0	2.07228e-05	55.3926	0	0	
225	196	0	0	0	0	-0	0	0	0	-0	2.82732e-05	57.7596	0	0	
315	87	0	0	0	0	-0	0	0	-0	-0	2.40532e-05	58.764	0	0	
523	88	0	0	0	-0	0	-0	-0	0	0	9.96061e-06	67.6623	0	0	
296	89	0	0	0	-0	0	-0	0	0	-0	6.5138e-06	38.4232	0	0	
509	120	0	0	0	-0	-0	-0	0	-0	0	7.82107e-06	38.2562	0	0	
261	120	0	0	0	0	0	-0	0	-0	-0	6.83919e-05	61.0082	0	0	
435	98	0	0	0	-0	0	-0	0	0	-0	4.62419e-06	41.4645	0	0	
87	67	0	0	0	0	-0	-0	0	-0	0	7.44026e-05	70.6633	0	0	
414	157	0	0	0	0	-0	-0	0	0	-0	1.32315e-05	49.0424	0	0	
311	84	0	0	0	-0	-0	-0	-0	-0	0	2.35765e-05	55.8556	0	0	
180	15	0	0	0	-0	-0	-0	0	-0	0	3.75786e-05	50.6244	0	0	
361	259	0	0	0	-0	-0	0	0	0	0	1.58845e-05	51.8804	0	0	
380	121	0	0	0	0	-0	0	0	0	-0	3.14338e-05	48.4104	0	0	
562	559	0	0	0	0	-0	0	-0	0	0	9.75868e-06	55.2719	0	0	
99	31	0	0	0	0	-0	-0	-0	-0	-0	4.95693e-06	34.591	0	0	
198	197	0	0	0	-0	-0	-0	-0	0	-0	5.21398e-05	59.0055	0	0	
176	136	0	0	0	-0	-0	-0	-0	0	0	0.000174719	78.1587	0	0	
545	240	0	0	0	-0	-0	-0	-0	0	0	6.76583e-06	46.3796	0	0	
118	66	0	0	0	0	-0	0	-0	0	0	0.000103707	79.9803	0	0	
495	146	0	0	0	-0	-0	-0	0	0	-0	3.64636e-06	60.1769	0	0	
406	390	0	0	0	0	-0	-0	0	0	-0	1.9475e-05	51.8905	0	0	
296	124	0	0	0	0	0	0	-0	0	-0	2.10024e-05	50.3044	0	0	
500	125	0	0	0	-0	0	-0	0	0	0	4.61518e-05	39.9489	0	0	
487	23	0	0	0	-0	-0	0	-0	-0	-0	4.61087e-06	37.9563	0	0	
137	128	0	0	0	-0	-0	0	0	-0	-0	3.97588e-06	34.754	0	0	
83	30	0	0	0	-0	0	0	0	-0	0	4.32025e-05	27.9066	0	0	
447	1	0	0	0	-0	-0	-0	0	-0	0	3.68007e-05	43.9542	0	0	
397	283	0	0	0	-0	-0	-0	-0	-0	0	5.63632e-06	47.9576	0	0	
590	551	0	0	0	0	0	-0	0	0	0	2.64138e-05	53.553	0	0	
477	65	0	0	0	-0	-0	-0	-0	-0	0	4.17031e-05	53.9636	0	0	
219	70	0	0	0	0	-0	0	0	-0	-0	5.88207e-05	45.7778	0	0	
271	181	0	0	0	0	-0	-0	0	-0	0	3.10752e-05	38.1515	0	0	
261	1	0	0	0	0	0	-0	-0	0	-0	4.85365e-05	60.7727	0	0	
42	14	0	0	0	0	0	0	-0	-0	0	7.90171e-06	45.3853	0	0	
183	64	0	0	0	0	-0	-0	-0	-0	-0	8.48265e-05	50.7995	0	0	
127	21	0	0	0	-0	0	-0	-0	0	0	8.17582e-05	42.1468	0	0	
203	81	0	0	0	0	-0	-0	-0	-0	0	4.37911e-05	52.1078	0	0	
506	398	0	0	0	0	-0	-0	-0	-0	-0	1.66623e-06	55.8998	0	0	
170	72	0	0	0	0	0	-0	0	0	0	1.68314e-05	65.5731	0	0	
370	193	0	0	0	-0	-0	-0	0	-0	0	9.50473e-06	51.2162	0	0	
197	15	0	0	0	0	-0	0	0	0	-0	7.5252e-05	61.4449	0	0	
345	336	0	0	0	-0	0	-0	-0	0	0	2.05092e-06	53.7422	0	0	
446	440	0	0	0	0	0	-0	-0	-0	-0	8.77043e-07	38.2199	0	0	
219	165	0	0	0	0	-0	0	0	-0	-0	3.87199e-05	44.9364	0	0	
87	63	0	0	0	0	-0	0	-0	-0	-0	3.23023e-05	67.8978	0	0	
61	5	0	0	0	0	0	-0	-0	0	0	1.96311e-05	63.4375	0	0	
213	105	0	0	0	0	0	-0	0	-0	-0	2.29425e-05	57.4094	0	0	
122	76	0	0	0	-0	-0	0	-0	0	-0	2.19224e-05	46.7097	0	0	
263	105	0	0	0	-0	0	-0	-0	-0	-0	1.45024e-05	71.8609	0	0	
59	27	0	0	0	-0	-0	-0	-0	-0	0	9.75384e-05	58.3493	0	0	
411	170	0	0	0	0	0	0	-0	-0	0	3.56141e-05	47.8388	0	0	
187	162	0	0	0	0	-0	-0	0	0	-0	4.99435e-05	71.6475	0	0	
431	190	0	0	0	0	-0	0	-0	0	0	7.20366e-06	45.6409	0	0	
162	99	0	0	0	-0	0	-0	-0	-0	-0	2.43531e-05	71.1443	0	0	
140	77	0	0	0	0	0	-0	0	0	0	1.93224e-05	48.968	0	0	
100	98	0	0	0	0	-0	0	-0	-0	-0	6.80812e-06	73.628	0	0	
516	161	0	0	0	0	-0	0	0	0	0	3.12167e-05	57.7193	0	0	
531	183	0	0	0	0	0	-0	-0	-0	-0	2.55369e-05	65.4885	0	0	
407	120	0	0	0	0	-0	-0	0	-0	0	6.77298e-06	61.1269	0	0	
518	417	0	0	0	-0	-0	0	-0	0	0	1.60552e-07	38.4554	0	0	
135	98	0	0	0	0	-0	0	-0	-0	-0	1.72995e-05	77.1805	0	0	
71	18	0	0	0	-0	-0	0	0	-0	0	7.86259e-05	38.4836	0	0	
366	87	0	0	0	0	0	0	0	-0	-0	1.28386e-05	63.5342	0	0	
166	130	0	0	0	0	0	-0	-0	-0	-0	0.000141301	73.2637	0	0	
508	6	0	0	0	0	-0	-0	0	-0	0	6.49751e-05	61.1491	0	0	
169	82	0	0	0	0	0	0	-0	0	-0	6.10675e-05	59.1605	0	0	
133	0	0	0	0	-0	0	0	0	0	0	0.000194709	81.2724	0	0	
364	351	0	0	0	-0	0	-0	-0	-0	0	1.38354e-05	55.0505	0	0	
96	34	0	0	0	0	0	0	-0	0	-0	6.47391e-05	59.2993	0	0	
163	23	0	0	0	-0	-0	0	0	-0	-0	2.70825e-05	46.6734	0	0	
321	31	0	0	0	0	0	0	-0	-0	0	1.02747e-06	37.0787	0	0	
411	54	0	0	0	0	0	0	0	-0	0	3.23113e-05	47.5067	0	0	
313	85	0	0	0	-0	0	-0	-0	-0	0	5.51457e-06	12.6581	0	0	
432	61	0	0	0	-0	-0	-0	0	0	-0	1.68605e-05	59.2953	0	0	
202	58	0	0	0	0	0	-0	-0	0	-0	2.01018e-05	41.1807	0	0	
329	195	0	0	0	-0	-0	-0	0	0	-0	4.89632e-05	72.5532	0	0	
269	4	0	0	0	0	-0	-0	-0	-0	-0	1.07311e-05	57.9287	0	0	
474	303	0	0	0	0	-0	0	0	-0	-0	3.95746e-06	37.1532	0	0	
550	313	0	0	0	-0	-0	0	0	0	0	1.19605e-05	39.8523	0	0	
414	21	0	0	0	0	0	-0	-0	0	-0	2.20195e-05	68.2701	0	0	
567	550	0	0	0	0	0	0	0	-0	-0	1.23875e-05	53.2913	0	0	
405	191	0	0	0	0	0	-0	0	0	0	0.000136093	52.3333	0	0	
359	278	0	0	0	0	0	0	-0	-0	0	5.79548e-06	57.9669	0	0	
195	126	0	0	0	0	-0	0	-0	-0	0	2.33251e-05	48.1991	0	0	
192	179	0	0	0	0	0	-0	0	0	0	3.12245e-05	57.7173	0	0	
474	150	0	0	0	-0	-0	0	-0	-0	-0	7.74885e-06	47.8932	0	0	
226	45	0	0	0	-0	-0	0	-0	0	-0	3.17586e-05	62.6425	0	0	
320	65	0	0	0	-0	-0	0	-0	0	-0	2.80227e-05	44.7352	0	0	
184	13	0	0	0	0	0	-0	0	0	0	7.35775e-05	52.0213	0	0	
232	196	0	0	0	-0	0	0	0	-0	0	2.79073e-05	71.4845	0	0	
174	12	0	0	0	0	-0	0	0	0	-0	3.10922e-05	66.3198	0	0	
180	66	0	0	0	0	-0	-0	-0	-0	-0	9.32435e-05	80.1916	0	0	
488	465	0	0	0	0	0	0	-0	0	0	1.38235e-06	36.4729	0	0	
25	18	0	0	0	-0	-0	-0	0	-0	0	3.35248e-05	65.1806	0	0	
473	27	0	0	0	-0	-0	0	0	0	0	1.39465e-06	43.4832	0	0	
587	28	0	0	0	0	0	-0	-0	0	-0	2.91639e-05	60.038	0	0	
161	130	0	0	0	-0	0	-0	-0	-0	-0	4.15522e-05	58.4037	0	0	
516	130	0	0	0	-0	-0	0	0	0	0	7.36403e-05	69.7716	0	0	
338	24	0	0	0	-0	-0	0	-0	0	-0	3.41775e-05	66.7304	0	0	
557	222	0	0	0	-0	0	-0	0	0	-0	6.83107e-07	42.974	0	0	
414	153	0	0	0	-0	-0	-0	0	0	-0	8.92648e-06	53.8811	0	0	
76	17	0	0	0	-0	0	-0	-0	0	0	2.4845e-06	65.7884	0	0	
493	98	0	0	0	-0	-0	0	0	-0	-0	3.1791e-06	43.9281	0	0	
454	121	0	0	0	-0	0	0	0	0	0	5.54172e-06	40.3796	0	0	
265	48	0	0	0	0	-0	-0	0	0	-0	5.15113e-05	59.4141	0	0	
557	11	0	0	0	0	-0	-0	0	0	0	4.77344e-07	42.8754	0	0	
504	197	0	0	0	-0	-0	-0	-0	-0	0	7.09734e-05	37.6262	0	0	
301	118	0	0	0	0	0	-0	-0	0	-0	2.76639e-05	53.5812	0	0	
547	119	0	0	0	0	-0	0	-0	0	0	5.07837e-07	60.9337	0	0	
514	67	0	0	0	-0	-0	0	-0	0	0	1.06025e-05	48.8975	0	0	
559	135	0	0	0	-0	-0	-0	0	0	-0	1.17648e-05	43.4208	0	0	
554	70	0	0	0	-0	-0	0	0	-0	0	9.92896e-06	61.0464	0	0	
282	124	0	0	0	-0	0	-0	0	0	0	4.07682e-05	63.3691	0	0	
384	9	0	0	0	0	-0	0	0	0	-0	1.86276e-05	44.2722	0	0	
321	242	0	0	0	0	-0	0	-0	0	0	1.09453e-06	31.8234	0	0	
489	122	0	0	0	-0	0	0	0	0	0	1.61895e-05	70.4157	0	0	
139	130	0	0	0	0	-0	-0	-0	-0	0	6.26409e-05	59.5912	0	0	
203	166	0	0	0	-0	-0	-0	0	-0	-0	3.67293e-05	53.3416	0	0	
390	3	0	0	0	-0	-0	0	0	0	0	4.9455e-05	59.2531	0	0	
264	119	0	0	0	0	0	-0	0	-0	0	2.6021e-05	59.9736	0	0	
296	34	0	0	0	-0	0	-0	0	0	0	2.11546e-05	44.1837	0	0	
519	19	0	0	0	0	-0	-0	0	0	0	2.98774e-06	41.8891	0	0	
279	112	0	0	0	0	-0	-0	-0	-0	-0	2.69879e-06	43.2216	0	0	
386	267	0	0	0	0	-0	-0	-0	0	-0	8.5683e-06	49.298	0	0	
250	186	0	0	0	0	-0	0	-0	0	0	1.18684e-05	58.5949	0	0	
558	16	0	0	0	0	-0	0	0	-0	-0	2.26631e-06	37.0123	0	0	
215	89	0	0	0	0	0	0	-0	0	0	1.9676e-05	47.7301	0	0	
358	11	0	0	0	0	-0	0	0	0	-0	7.09224e-06	57.7415	0	0	
462	364	0	0	0	0	0	0	0	-0	0	1.91472e-05	38.4333	0	0	
164	141	0	0	0	0	-0	0	-0	0	0	0.00012303	66.348	0	0	
560	123	0	0	0	-0	0	-0	0	0	0	4.76676e-06	54.8411	0	0	
251	160	0	0	0	-0	0	0	-0	-0	0	4.13282e-06	48.9559	0	0	
363	9	0	0	0	-0	-0	-0	-0	0	-0	2.54206e-07	28.6332	0	0	
96	5	0	0	0	-0	-0	-0	-0	0	-0	2.36677e-05	52.13	0	0	
453	381	0	0	0	0	0	-0	-0	0	-0	3.86906e-07	35.5349	0	0	
332	11	0	0	0	0	-0	0	-0	-0	0	1.02974e-06	34.1542	0	0	
263	37	0	0	0	-0	-0	0	0	-0	-0	5.88169e-06	52.3534	0	0	
227	112	0	0	0	0	-0	0	0	0	-0	1.20158e-05	46.915	0	0	
207	146	0	0	0	0	-0	-0	0	-0	0	4.28048e-06	33.8784	0	0	
178	129	0	0	0	-0	0	0	-0	0	-0	5.56247e-06	54.5593	0	0	
198	17	0	0	0	0	0	-0	-0	0	-0	5.40147e-05	66.1386	0	0	
111	13	0	0	0	0	0	0	-0	0	-0	7.31112e-05	56.8277	0	0	
165	101	0	0	0	-0	-0	-0	-0	0	0	0.000157601	79.8494	0	0	
194	126	0	0	0	0	-0	0	-0	-0	-0	1.54902e-05	45.4336	0	0	
423	30	0	0	0	-0	0	-0	-0	0	0	1.30909e-06	42.1991	0	0	
520	23	0	0	0	0	0	-0	-0	-0	-0	6.66867e-06	40.8143	0	0	
337	320	0	0	0	0	0	0	0	-0	0	1.14646e-05	38.8962	0	0	
325	25	0	0	0	0	0	0	0	-0	-0	7.4642e-05	59.3638	0	0	
255	235	0	0	0	-0	-0	0	-0	0	-0	1.01439e-05	60.2916	0	0	
254	18	0	0	0	0	-0	-0	0	-0	0	9.06101e-06	48.6701	0	0	
362	71	0	0	0	0	-0	-0	-0	0	-0	2.34935e-05	42.2655	0	0	
118	75	0	0	0	-0	-0	-0	0	-0	0	1.30436e-05	58.4802	0	0	
406	104	0	0	0	0	0	-0	-0	0	0	3.97163e-07	35.855	0	0	
88	19	0	0	0	-0	-0	0	0	-0	-0	1.73979e-05	58.8163	0	0	
26	6	0	0	0	0	-0	0	0	0	0	4.43095e-05	78.2231	0	0	
453	69	0	0	0	0	-0	0	0	0	0	3.8021e-07	37.3907	0	0	
402	75	0	0	0	-0	0	0	-0	-0	-0	3.76687e-05	63.3772	0	0	
256	190	0	0	0	-0	-0	0	0	-0	-0	4.70058e-05	48.7204	0	0	
27	22	0	0	0	-0	0	-0	0	0	-0	5.37747e-05	59.6818	0	0	
130	81	0	0	0	-0	-0	0	0	0	0	3.91847e-06	79.6361	0	0	
245	132	0	0	0	0	0	0	-0	0	0	9.28013e-06	55.2457	0	0	
161	8	0	0	0	0	-0	0	-0	-0	0	8.17236e-05	82.3774	0	0	
162	22	0	0	0	-0	-0	0	-0	0	-0	6.54197e-06	35.8147	0	0	
44	5	0	0	0	-0	0	-0	0	-0	-0	8.30023e-05	79.7186	0	0	
181	145	0	0	0	0	0	-0	0	-0	0	7.81382e-06	36.5936	0	0	
146	65	0	0	0	-0	-0	0	0	-0	-0	4.34561e-06	27.2928	0	0	
197	36	0	0	0	0	0	-0	0	-0	-0	8.94798e-05	81.5482	0	0	
382	11	0	0	0	0	0	-0	0	-0	-0	1.19979e-05	49.5074	0	0	
113	70	0	0	0	-0	-0	0	0	-0	-0	4.58631e-05	46.925	0	0	
389	200	0	0	0	0	-0	-0	0	0	0	2.22475e-06	35.5852	0	0	
133	66	0	0	0	0	-0	-0	0	0	0	0.000129098	79.7146	0	0	
435	233	0	0	0	0	0	-0	0	0	0	3.42075e-06	50.0065	0	0	
412	155	0	0	0	0	-0	-0	0	0	0	1.36287e-06	25.1552	0	0	
596	116	0	0	0	-0	0	-0	0	-0	-0	0.000127462	55.2054	0	0	
189	75	0	0	0	0	0	-0	0	-0	-0	3.51064e-05	61.7489	0	0	
551	251	0	0	0	-0	0	-0	-0	-0	-0	5.29238e-06	50.403	0	0	
388	114	0	0	0	0	-0	-0	-0	0	-0	1.17678e-05	39.8241	0	0	
158	124	0	0	0	-0	0	0	0	0	-0	0.000111912	67.0987	0	0	
403	306	0	0	0	0	-0	0	0	0	0	5.12394e-07	39.9308	0	0	
152	0	0	0	0	-0	0	0	-0	-0	-0	0.000175692	79.3583	0	0	
126	51	0	0	0	0	0	-0	-0	0	-0	7.19469e-05	64.1078	0	0	
448	356	0	0	0	-0	0	-0	0	0	0	1.66273e-05	53.1605	0	0	
294	277	0	0	0	0	0	0	0	-0	-0	9.94927e-06	59.7744	0	0	
438	225	0	0	0	-0	0	0	-0	-0	-0	1.49337e-05	56.1655	0	0	
197	60	0	0	0	-0	-0	-0	0	-0	-0	4.08833e-05	70.8525	0	0	
579	93	0	0	0	0	-0	-0	0	0	-0	1.77868e-05	48.4446	0	0	
50	36	0	0	0	-0	-0	0	-0	-0	-0	4.85998e-05	36.9559	0	0	
109	12	0	0	0	0	0	0	0	-0	0	7.026e-05	67.457	0	0	
508	361	0	0	0	0	-0	-0	-0	-0	0	1.50322e-05	38.542	0	0	
150	146	0	0	0	-0	0	0	0	-0	0	8.52538e-06	56.1635	0	0	
202	34	0	0	0	0	0	-0	-0	0	-0	1.11289e-05	35.541	0	0	
371	170	0	0	0	-0	0	0	0	0	-0	5.76325e-05	57.7294	0	0	
515	407	0	0	0	0	-0	-0	0	-0	0	8.74793e-06	58.7479	0	0	
138	41	0	0	0	0	0	-0	0	-0	0	4.83222e-05	55.924	0	0	
418	161	0	0	0	-0	0	0	0	-0	0	3.26955e-05	66.2956	0	0	
42	34	0	0	0	0	0	-0	0	-0	0	6.04748e-05	80.5156	0	0	
120	23	0	0	0	-0	0	0	-0	-0	-0	7.50157e-05	65.5328	0	0	
182	156	0	0	0	-0	0	-0	0	-0	-0	1.55838e-05	44.6265	0	0	
246	142	0	0	0	-0	-0	-0	0	-0	0	1.89312e-05	44.6929	0	0	
254	142	0	0	0	-0	-0	0	0	-0	0	1.26192e-05	49.0907	0	0	
409	125	0	0	0	-0	-0	0	-0	-0	-0	6.30157e-06	45.6127	0	0	
249	37	0	0	0	0	-0	-0	0	0	0	7.489e-06	57.0934	0	0	
269	194	0	0	0	-0	-0	-0	0	-0	-0	1.2425e-05	36.4729	0	0	
183	176	0	0	0	0	-0	-0	-0	-0	-0	0.00012772	81.677	0	0	
267	59	0	0	0	-0	-0	0	0	0	0	0.000124606	56.1937	0	0	
445	172	0	0	0	0	0	0	0	-0	0	7.74291e-06	60.6036	0	0	
281	142	0	0	0	-0	0	-0	0	0	0	2.85019e-05	46.0998	0	0	
339	45	0	0	0	0	-0	0	-0	0	0	3.31143e-05	62.8599	0	0	
116	51	0	0	0	-0	0	0	-0	0	-0	5.21774e-05	65.5892	0	0	
122	60	0	0	0	0	0	-0	-0	-0	-0	5.54405e-05	68.1474	0	0	
337	87	0	0	0	0	0	0	-0	0	0	1.1868e-05	44.7311	0	0	
152	11	0	0	0	-0	0	-0	0	-0	-0	1.39662e-05	53.3316	0	0	
359	149	0	0	0	-0	0	0	-0	-0	0	1.20552e-05	44.8559	0	0	
385	201	0	0	0	-0	0	-0	-0	-0	0	3.42586e-06	35.9294	0	0	
404	372	0	0	0	0	0	-0	0	0	0	1.33484e-05	41.6013	0	0	
528	352	0	0	0	0	0	0	-0	0	0	4.10021e-06	44.4614	0	0	
480	131	0	0	0	0	-0	0	-0	0	0	8.74115e-05	48.8794	0	0	
547	401	0	0	0	-0	0	-0	0	-0	-0	1.53256e-07	13.1231	0	0	
418	71	0	0	0	-0	-0	0	-0	0	0	5.82137e-05	63.1537	0	0	
357	126	0	0	0	0	-0	-0	0	-0	0	1.26607e-05	70.0454	0	0	
523	13	0	0	0	-0	0	0	-0	0	-0	2.71143e-05	51.4638	0	0	
215	140	0	0	0	0	0	0	-0	0	0	2.13928e-05	48.0884	0	0	
98	91	0	0	0	-0	-0	0	-0	-0	-0	3.29742e-05	56.3145	0	0	
375	283	0	0	0	0	0	0	0	-0	-0	2.60649e-06	48.0099	0	0	
416	116	0	0	0	-0	-0	0	0	-0	-0	0.000113905	53.0377	0	0	
587	129	0	0	0	-0	0	-0	0	-0	-0	2.18204e-05	42.813	0	0	
257	169	0	0	0	-0	-0	-0	0	0	-0	4.91761e-05	37.133	0	0	
505	112	0	0	0	0	0	-0	-0	0	-0	3.13042e-05	43.7187	0	0	
257	196	0	0	0	0	-0	-0	-0	0	-0	4.43274e-05	64.2426	0	0	
199	2	0	0	0	0	-0	-0	0	-0	0	6.73851e-05	51.9589	0	0	
166	40	0	0	0	-0	0	0	-0	-0	-0	5.02381e-06	35.6094	0	0	
134	116	0	0	0	0	0	0	0	-0	0	0.000111344	65.7643	0	0	
428	293	0	0	0	-0	-0	-0	-0	-0	0	4.64099e-06	40.3112	0	0	
577	342	0	0	0	-0	-0	0	0	-0	0	1.15257e-05	34.9392	0	0	
317	214	0	0	0	-0	0	0	-0	-0	-0	1.0123e-05	49.3302	0	0	
49	2	0	0	0	0	0	-0	0	0	0	0.000118203	81.1658	0	0	
224	68	0	0	0	-0	0	0	-0	0	-0	7.86157e-05	61.5919	0	0	
507	4	0	0	0	-0	0	0	-0	-0	0	6.67267e-06	54.7244	0	0	
443	290	0	0	0	0	0	0	-0	0	-0	1.08952e-05	66.9035	0	0	
587	34	0	0	0	-0	0	-0	0	-0	-0	3.00299e-05	59.726	0	0	
102	4	0	0	0	0	-0	0	0	-0	-0	1.17239e-05	52.6633	0	0	
329	265	0	0	0	-0	-0	0	-0	-0	-0	5.07252e-05	61.4952	0	0	
563	418	0	0	0	-0	0	-0	0	-0	-0	1.5266e-05	60.5674	0	0	
223	134	0	0	0	-0	0	-0	0	0	0	1.57132e-06	33.6389	0	0	
313	168	0	0	0	-0	-0	-0	-0	0	0	3.37663e-05	41.5087	0	0	
165	27	0	0	0	-0	0	0	-0	-0	0	2.52885e-05	56.2058	0	0	
401	267	0	0	0	0	0	-0	-0	-0	-0	8.43519e-06	50.1756	0	0	
407	129	0	0	0	-0	-0	0	0	-0	0	6.87998e-06	55.8696	0	0	
516	132	0	0	0	-0	-0	0	0	0	0	8.59942e-05	71.6395	0	0	
36	16	0	0	0	0	0	-0	0	-0	0	7.67524e-05	62.8116	0	0	
134	77	0	0	0	0	0	0	0	-0	-0	6.33165e-05	69.5301	0	0	
235	186	0	0	0	-0	-0	0	0	-0	0	4.01261e-06	38.3286	0	0	
568	219	0	0	0	0	0	0	-0	0	0	3.7866e-05	43.8757	0	0	
448	224	0	0	0	-0	0	0	0	-0	0	6.26346e-05	56.0266	0	0	
310	52	0	0	0	0	0	0	0	-0	0	2.14982e-05	52.2366	0	0	
452	143	0	0	0	-0	-0	-0	-0	-0	0	1.60987e-06	34.1663	0	0	
156	64	0	0	0	-0	-0	-0	-0	-0	0	3.81691e-05	52.0213	0	0	
448	38	0	0	0	0	0	-0	-0	0	-0	4.79964e-05	60.199	0	0	
278	275	0	0	0	-0	0	-0	0	-0	-0	8.18032e-07	36.1669	0	0	
554	75	0	0	0	0	-0	-0	-0	-0	0	3.11988e-05	62.0769	0	0	
38	16	0	0	0	0	0	-0	-0	-0	-0	7.93397e-05	62.562	0	0	
148	29	0	0	0	0	-0	0	0	-0	-0	4.92826e-05	69.041	0	0	
370	136	0	0	0	-0	-0	-0	0	-0	0	3.64153e-06	51.506	0	0	
154	77	0	0	0	-0	0	-0	0	0	0	5.46247e-05	53.1826	0	0	
177	123	0	0	0	0	0	0	0	0	-0	8.19437e-06	74.4955	0	0	
212	131	0	0	0	0	-0	-0	-0	-0	-0	8.11303e-07	29.6577	0	0	
115	41	0	0	0	-0	0	0	0	0	-0	6.58525e-05	79.0846	0	0	
59	39	0	0	0	0	0	-0	-0	-0	-0	2.56311e-05	70.8565	0	0	
463	184	0	0	0	0	-0	-0	-0	-0	-0	3.33059e-05	48.185	0	0	
441	265	0	0	0	-0	0	0	-0	-0	0	1.12535e-05	51.8059	0	0	
450	48	0	0	0	0	-0	0	0	0	0	2.07873e-07	29.8711	0	0	
432	173	0	0	0	0	0	0	0	-0	-0	5.5491e-05	61.5858	0	0	
599	95	0	0	0	0	-0	0	-0	-0	0	5.44701e-06	46.5104	0	0	
514	173	0	0	0	-0	0	0	-0	-0	0	3.56605e-05	56.7874	0	0	
312	58	0	0	0	0	-0	0	-0	0	0	1.00282e-05	44.5198	0	0	
537	460	0	0	0	0	0	-0	0	-0	-0	1.81383e-06	43.4088	0	0	
306	73	0	0	0	-0	-0	0	0	-0	0	1.4765e-05	50.4433	0	0	
454	196	0	0	0	0	0	0	-0	0	0	1.72781e-05	38.9485	0	0	
179	119	0	0	0	0	-0	0	-0	0	0	2.77085e-05	68.6445	0	0	
472	423	0	0	0	-0	-0	0	0	-0	0	2.25241e-06	35.2451	0	0	
591	566	0	0	0	0	-0	0	0	0	0	3.03509e-06	53.9636	0	0	
163	5	0	0	0	0	-0	-0	0	-0	0	5.62978e-05	65.6797	0	0	
501	352	0	0	0	0	0	-0	-0	0	-0	1.58334e-05	54.5654	0	0	
472	83	0	0	0	0	0	0	0	-0	0	1.62469e-05	59.2188	0	0	
463	43	0	0	0	-0	-0	0	-0	-0	-0	7.84484e-05	48.2232	0	0	
397	343	0	0	0	0	0	0	-0	0	0	1.04394e-05	56.6747	0	0	
183	135	0	0	0	-0	0	-0	-0	-0	-0	2.51307e-05	49.7972	0	0	
126	69	0	0	0	0	0	-0	-0	0	-0	3.7681e-05	34.8888	0	0	
143	23	0	0	0	0	-0	-0	0	-0	0	8.22839e-05	78.2956	0	0	
208	199	0	0	0	-0	0	-0	-0	-0	-0	2.82726e-05	55.8314	0	0	
378	181	0	0	0	0	0	-0	-0	0	0	3.85894e-06	37.5497	0	0	
271	99	0	0	0	-0	-0	-0	0	-0	0	1.11966e-05	35.4967	0	0	
229	118	0	0	0	0	0	0	0	-0	-0	2.9845e-05	37.7671	0	0	
504	108	0	0	0	0	-0	0	-0	-0	-0	4.49516e-05	44.558	0	0	
367	168	0	0	0	-0	0	0	0	0	0	1.94469e-06	37.3685	0	0	
132	44	0	0	0	0	-0	0	0	0	-0	4.74846e-05	58.613	0	0	
22	0	0	0	0	0	-0	0	-0	-0	0	0.000116753	77.0115	0	0	
569	293	0	0	0	-0	-0	0	0	-0	0	1.17379e-05	53.5228	0	0	
177	128	0	0	0	0	-0	-0	-0	0	-0	1.33166e-05	63.355	0	0	
293	11	0	0	0	0	0	0	0	0	-0	7.99636e-06	53.8891	0	0	
553	258	0	0	0	-0	0	-0	0	0	0	2.92508e-06	46.9834	0	0	
456	170	0	0	0	-0	-0	0	0	0	0	7.87706e-07	35.6959	0	0	
110	46	0	0	0	-0	0	-0	0	0	-0	1.05468e-05	50.7694	0	0	
110	106	0	0	0	0	0	-0	0	-0	0	8.95125e-06	51.2886	0	0	
49	8	0	0	0	0	-0	0	0	0	-0	0.000162811	79.9018	0	0	
495	366	0	0	0	-0	-0	0	-0	0	-0	3.28811e-06	61.9662	0	0	
151	106	0	0	0	0	0	-0	0	0	0	2.00277e-05	46.4581	0	0	
466	134	0	0	0	-0	-0	0	-0	0	-0	2.76009e-07	43.4148	0	0	
129	120	0	0	0	-0	-0	0	0	-0	-0	1.4532e-05	42.6339	0	0	
329	121	0	0	0	0	-0	-0	-0	0	-0	2.37863e-05	63.9508	0	0	
573	524	0	0	0	-0	-0	0	0	-0	0	2.36755e-07	27.6128	0	0	
449	443	0	0	0	-0	0	0	-0	-0	-0	5.60198e-06	68.5922	0	0	
553	17	0	0	0	-0	-0	-0	0	0	-0	2.21282e-06	38.4715	0	0	
161	94	0	0	0	-0	-0	0	0	-0	-0	4.41067e-05	72.5573	0	0	
401	119	0	0	0	0	0	0	-0	-0	0	8.13149e-06	27.1599	0	0	
234	67	0	0	0	0	-0	-0	0	-0	0	4.25362e-06	71.1765	0	0	
122	74	0	0	0	0	0	0	-0	-0	0	1.98657e-05	45.1699	0	0	
219	118	0	0	0	0	-0	-0	-0	-0	-0	9.92208e-06	42.3239	0	0	
79	35	0	0	0	0	-0	-0	0	0	-0	2.01366e-05	72.9719	0	0	
514	480	0	0	0	-0	0	-0	0	-0	-0	4.98196e-05	49.0525	0	0	
316	44	0	0	0	-0	-0	-0	0	0	-0	4.8006e-05	56.1796	0	0	
93	45	0	0	0	0	0	0	-0	0	-0	1.65047e-05	36.2515	0	0	
322	303	0	0	0	0	-0	-0	0	-0	0	2.87256e-05	55.8837	0	0	
297	155	0	0	0	0	0	0	0	-0	0	4.92151e-05	66.3621	0	0	
148	59	0	0	0	-0	0	0	0	-0	0	3.54477e-05	42.8029	0	0	
166	26	0	0	0	0	-0	0	-0	-0	0	4.44074e-05	71.0336	0	0	
432	5	0	0	0	0	0	-0	0	-0	-0	4.57196e-05	53.71	0	0	
569	170	0	0	0	0	0	0	-0	0	0	4.13866e-06	51.2021	0	0	
212	22	0	0	0	-0	0	-0	0	0	-0	4.25225e-06	37.0646	0	0	
542	426	0	0	0	0	-0	0	-0	0	0	8.3431e-07	35.8288	0	0	
282	24	0	0	0	0	0	-0	0	0	0	8.31545e-06	44.1917	0	0	
83	69	0	0	0	-0	0	0	0	0	-0	7.30494e-05	69.2624	0	0	
599	174	0	0	0	-0	0	0	-0	-0	-0	4.46458e-06	46.0072	0	0	
264	148	0	0	0	0	0	-0	0	-0	0	5.50978e-05	59.1524	0	0	
485	88	0	0	0	-0	0	0	-0	-0	-0	3.05725e-06	34.3072	0	0	
180	29	0	0	0	-0	-0	0	0	-0	-0	7.74878e-06	42.8593	0	0	
143	5	0	0	0	0	0	-0	0	-0	0	2.42333e-05	65.5912	0	0	
382	316	0	0	0	-0	0	-0	-0	-0	0	3.01822e-05	50.5902	0	0	
195	92	0	0	0	0	-0	0	0	0	0	2.22865e-06	39.9569	0	0	
68	46	0	0	0	-0	-0	0	-0	0	-0	2.96301e-05	64.2889	0	0	
584	110	0	0	0	0	-0	0	0	-0	-0	2.04934e-06	36.8915	0	0	
144	35	0	0	0	-0	-0	-0	-0	0	0	2.42193e-05	56.4815	0	0	
273	69	0	0	0	0	-0	0	0	0	0	1.12823e-05	65.084	0	0	
406	63	0	0	0	-0	0	0	0	0	-0	1.80447e-05	48.8311	0	0	
549	14	0	0	0	0	-0	-0	0	-0	0	1.45615e-05	34.2307	0	0	
297	115	0	0	0	0	-0	0	0	0	0	1.29126e-05	37.3182	0	0	
76	6	0	0	0	0	0	0	0	-0	0	7.32672e-06	77.8105	0	0	
380	156	0	0	0	-0	0	0	0	0	0	4.48254e-05	67.9159	0	0	
295	7	0	0	0	0	-0	-0	0	0	-0	3.89125e-06	35.2894	0	0	
414	40	0	0	0	0	0	-0	-0	-0	-0	2.69574e-05	68.0427	0	0	
33	15	0	0	0	-0	-0	0	-0	0	-0	6.80875e-05	35.712	0	0	
384	345	0	0	0	-0	-0	-0	0	0	-0	2.7615e-06	54.5312	0	0	
144	84	0	0	0	-0	0	0	-0	-0	-0	6.21525e-05	48.0642	0	0	
250	163	0	0	0	-0	0	-0	-0	0	0	1.57439e-05	52.0313	0	0	
191	170	0	0	0	0	-0	0	-0	-0	0	9.59664e-05	53.3114	0	0	
519	353	0	0	0	0	0	-0	0	-0	0	3.36439e-06	41.706	0	0	
234	90	0	0	0	-0	-0	-0	0	0	-0	3.90492e-06	71.1383	0	0	
151	138	0	0	0	0	-0	-0	0	-0	0	9.31047e-06	47.233	0	0	
504	303	0	0	0	-0	-0	-0	-0	-0	0	6.24929e-05	37.2397	0	0	
198	108	0	0	0	0	0	-0	-0	-0	-0	1.37425e-05	38.3467	0	0	
416	232	0	0	0	-0	0	-0	0	0	-0	1.11152e-05	58.4922	0	0	
563	161	0	0	0	-0	0	0	-0	0	-0	2.16256e-05	36.2917	0	0	
279	228	0	0	0	0	0	0	0	-0	-0	1.48366e-06	44.9083	0	0	
318	80	0	0	0	-0	0	-0	0	-0	-0	8.07564e-06	35.1907	0	0	
513	256	0	0	0	0	0	0	-0	0	-0	6.56605e-07	33.1357	0	0	
463	10	0	0	0	0	0	-0	-0	-0	-0	7.95072e-05	48.3017	0	0	
416	195	0	0	0	0	-0	-0	-0	0	-0	3.55908e-05	58.6573	0	0	
289	28	0	0	0	-0	0	-0	-0	-0	0	1.69193e-05	67.1631	0	0	
68	12	0	0	0	-0	-0	0	-0	0	-0	3.4791e-05	68.4372	0	0	
476	188	0	0	0	0	-0	0	-0	0	0	2.52734e-06	37.763	0	0	
17	0	0	0	0	0	0	0	-0	0	0	5.58593e-05	63.1759	0	0	
475	461	0	0	0	0	0	0	-0	-0	0	1.64427e-05	46.4098	0	0	
320	74	0	0	0	-0	-0	0	-0	0	0	2.21444e-05	44.4876	0	0	
228	102	0	0	0	-0	-0	0	-0	0	-0	1.6876e-06	36.179	0	0	
317	73	0	0	0	-0	-0	-0	-0	0	0	6.57998e-06	47.5309	0	0	
236	76	0	0	0	0	-0	0	-0	0	0	7.614e-07	35.7422	0	0	
469	147	0	0	0	0	0	-0	0	0	0	2.06067e-05	60.3037	0	0	
468	58	0	0	0	0	-0	0	-0	-0	0	3.33395e-05	38.4796	0	0	
152	24	0	0	0	0	0	0	-0	0	-0	0.00012373	77.3758	0	0	
180	39	0	0	0	0	0	-0	-0	-0	-0	7.31379e-05	62.0528	0	0	
158	89	0	0	0	0	0	0	-0	0	-0	8.14142e-05	70.2064	0	0	
158	52	0	0	0	0	0	-0	-0	0	0	3.69457e-05	53.7301	0	0	
446	63	0	0	0	-0	-0	0	0	-0	-0	1.7335e-06	36.02	0	0	
409	326	0	0	0	-0	0	0	-0	-0	0	7.48247e-06	48.1508	0	0	
463	7	0	0	0	-0	0	-0	0	-0	-0	3.79459e-05	49.0666	0	0	
588	351	0	0	0	-0	0	-0	-0	0	0	7.05353e-06	58.6935	0	0	
590	273	0	0	0	0	-0	-0	-0	0	-0	2.40263e-05	52.5305	0	0	
434	83	0	0	0	-0	-0	-0	-0	0	-0	1.38902e-05	63.2967	0	0	
80	67	0	0	0	-0	-0	-0	-0	0	0	7.79058e-05	64.2205	0	0	
500	93	0	0	0	0	-0	0	-0	0	0	5.14665e-05	54.2574	0	0	
72	2	0	0	0	-0	-0	0	0	-0	-0	1.98298e-05	71.1544	0	0	
134	79	0	0	0	0	-0	0	0	-0	-0	3.60232e-05	63.2866	0	0	
361	315	0	0	0	-0	0	0	-0	-0	0	9.73961e-06	52.8868	0	0	
281	18	0	0	0	0	0	0	0	-0	-0	4.5674e-06	45.9569	0	0	
101	18	0	0	0	-0	-0	0	0	-0	0	7.45592e-05	64.8585	0	0	
271	0	0	0	0	-0	-0	0	0	-0	-0	8.31324e-05	60.2212	0	0	
384	41	0	0	0	0	-0	0	0	0	-0	1.80423e-05	42.972	0	0	
446	61	0	0	0	0	-0	0	0	-0	-0	8.29059e-07	45.9971	0	0	
66	57	0	0	0	-0	-0	-0	0	-0	0	1.23091e-05	46.6634	0	0	
343	37	0	0	0	0	-0	-0	0	-0	0	1.68166e-06	35.712	0	0	
66	29	0	0	0	0	-0	0	-0	-0	-0	3.14208e-05	62.4614	0	0	
395	29	0	0	0	0	-0	-0	-0	-0	0	1.27244e-07	41.871	0	0	
237	148	0	0	0	0	-0	-0	-0	-0	-0	4.88033e-06	42.4668	0	0	
310	19	0	0	0	0	0	0	0	-0	0	1.57199e-05	46.0515	0	0	
517	488	0	0	0	-0	-0	0	0	-0	-0	6.31259e-06	37.0606	0	0	
402	145	0	0	0	-0	-0	-0	-0	0	0	2.1285e-05	67.5858	0	0	
82	28	0	0	0	0	0	-0	0	-0	-0	2.03464e-05	71.6576	0	0	
165	118	0	0	0	-0	-0	0	-0	-0	-0	3.41207e-05	57.4637	0	0	
180	115	0	0	0	-0	-0	0	0	-0	-0	9.36175e-05	70.7337	0	0	
535	367	0	0	0	0	-0	0	-0	0	0	2.7102e-06	40.919	0	0	
440	417	0	0	0	-0	0	0	-0	-0	-0	3.58448e-07	37.1713	0	0	
308	259	0	0	0	-0	0	0	0	0	0	1.06804e-05	40.8908	0	0	
447	82	0	0	0	0	0	-0	0	-0	-0	3.08845e-05	64.2567	0	0	
185	9	0	0	0	0	-0	-0	-0	-0	0	0.000124135	39.9609	0	0	
138	107	0	0	0	0	-0	0	-0	0	0	2.75361e-05	45.7476	0	0	
202	124	0	0	0	-0	0	-0	0	-0	-0	7.33292e-05	41.8972	0	0	
352	319	0	0	0	0	-0	-0	-0	-0	0	4.65581e-06	48.34	0	0	
584	16	0	0	0	0	-0	-0	0	-0	0	3.11457e-06	49.5335	0	0	
319	4	0	0	0	-0	-0	0	-0	0	-0	1.82323e-06	39.5141	0	0	
564	336	0	0	0	0	-0	-0	-0	-0	0	2.35276e-06	54.7888	0	0	
133	59	0	0	0	0	-0	0	0	0	-0	0.000107239	62.4372	0	0	
544	8	0	0	0	0	-0	0	-0	-0	0	9.47561e-07	36.8814	0	0	
158	111	0	0	0	0	-0	0	0	0	-0	3.56066e-05	69.3268	0	0	
189	101	0	0	0	0	-0	0	0	0	-0	2.78844e-05	68.7874	0	0	
182	178	0	0	0	0	0	0	0	0	-0	1.96672e-05	57.4356	0	0	
572	144	0	0	0	0	0	-0	0	-0	0	4.99385e-06	43.8375	0	0	
291	121	0	0	0	-0	-0	-0	0	-0	0	4.24763e-06	37.3726	0	0	
348	26	0	0	0	0	0	-0	-0	0	-0	2.95619e-05	49.3866	0	0	
522	368	0	0	0	-0	0	-0	-0	-0	0	3.26729e-06	48.4004	0	0	
194	112	0	0	0	0	0	-0	0	-0	-0	5.03816e-05	63.5643	0	0	
186	130	0	0	0	-0	-0	0	-0	-0	-0	6.04872e-06	50.6466	0	0	
380	224	0	0	0	-0	-0	-0	0	-0	0	4.26865e-05	64.9008	0	0	
70	29	0	0	0	-0	-0	0	-0	0	-0	6.36504e-05	46.6231	0	0	
314	209	0	0	0	0	0	-0	0	-0	-0	7.54362e-06	64.9169	0	0	
129	109	0	0	0	-0	0	-0	-0	-0	-0	1.85093e-06	26.9929	0	0	
434	45	0	0	0	-0	0	0	-0	0	-0	4.63677e-06	33.2827	0	0	
566	168	0	0	0	0	0	-0	0	-0	0	2.73639e-06	50.878	0	0	
388	55	0	0	0	0	0	-0	0	-0	-0	1.24475e-05	42.1105	0	0	
585	17	0	0	0	-0	0	0	0	-0	0	4.21933e-05	48.4708	0	0	
222	191	0	0	0	-0	-0	-0	-0	-0	0	0.000126809	65.9816	0	0	
505	85	0	0	0	0	0	0	-0	0	-0	3.24354e-05	34.6232	0	0	
433	8	0	0	0	-0	-0	-0	0	-0	0	4.12954e-06	49.4309	0	0	
205	63	0	0	0	-0	0	0	-0	-0	-0	1.08022e-05	61.3483	0	0	
194	16	0	0	0	0	-0	-0	0	-0	0	1.40068e-05	75.1537	0	0	
171	60	0	0	0	0	-0	-0	-0	0	-0	0.000107804	73.4972	0	0	
300	12	0	0	0	-0	0	-0	-0	0	0	3.43271e-06	44.1877	0	0	
567	517	0	0	0	0	0	-0	0	0	0	8.03168e-06	39.7919	0	0	
340	318	0	0	0	-0	0	-0	-0	-0	0	8.09107e-06	30.5232	0	0	
366	67	0	0	0	0	-0	-0	0	0	0	2.78165e-06	63.4536	0	0	
95	12	0	0	0	-0	-0	-0	-0	0	0	6.67119e-06	67.1329	0	0	
518	139	0	0	0	-0	0	-0	0	0	-0	3.80703e-07	33.2666	0	0	
523	24	0	0	0	-0	-0	-0	0	0	-0	3.53459e-05	63.6227	0	0	
160	102	0	0	0	-0	-0	0	-0	0	-0	1.17369e-05	51.2705	0	0	
526	52	0	0	0	-0	-0	-0	-0	0	0	2.65461e-06	52.4037	0	0	
85	50	0	0	0	-0	0	-0	0	0	-0	4.44421e-05	59.883	0	0	
304	50	0	0	0	-0	-0	0	-0	0	-0	3.73991e-05	60.982	0	0	
576	178	0	0	0	-0	-0	0	0	-0	-0	2.82214e-06	46.2367	0	0	
430	53	0	0	0	-0	-0	0	-0	0	0	3.71217e-06	38.0227	0	0	
566	367	0	0	0	0	-0	0	0	-0	-0	1.41442e-06	48.3138	0	0	
494	198	0	0	0	-0	0	0	0	-0	0	2.21591e-06	38.0086	0	0	
265	164	0	0	0	0	0	-0	-0	0	0	5.2733e-05	59.1283	0	0	
353	99	0	0	0	0	0	0	-0	-0	0	2.78451e-06	37.2297	0	0	
515	472	0	0	0	0	-0	-0	-0	0	-0	1.2777e-05	62.3285	0	0	
280	161	0	0	0	0	0	0	-0	0	-0	2.27243e-06	33.3592	0	0	
359	162	0	0	0	-0	0	0	0	-0	0	1.33799e-05	44.9847	0	0	
315	229	0	0	0	-0	0	0	-0	-0	-0	1.34852e-05	39.1458	0	0	
430	37	0	0	0	-0	0	0	-0	-0	0	2.13301e-06	34.8365	0	0	
90	80	0	0	0	0	-0	-0	0	0	0	2.06139e-05	42.177	0	0	
107	33	0	0	0	0	-0	-0	0	0	0	1.64128e-05	62.9666	0	0	
95	57	0	0	0	-0	-0	0	-0	0	0	3.81529e-06	53.6113	0	0	
442	158	0	0	0	-0	-0	0	-0	0	-0	6.28825e-05	52.1038	0	0	
503	171	0	0	0	-0	-0	-0	0	-0	0	3.6827e-07	30.2454	0	0	
147	10	0	0	0	-0	0	-0	-0	-0	0	2.92441e-05	74.6223	0	0	
414	396	0	0	0	-0	0	0	0	0	-0	1.08193e-05	54.1367	0	0	
438	69	0	0	0	0	0	-0	-0	0	0	6.20447e-06	51.0451	0	0	
325	147	0	0	0	0	-0	-0	0	-0	0	0.000154186	61.1752	0	0	
568	113	0	0	0	-0	0	0	0	0	0	7.54557e-05	52.929	0	0	
553	379	0	0	0	-0	0	0	0	0	-0	2.31527e-06	46.6573	0	0	
64	53	0	0	0	0	-0	0	0	0	-0	0.000151134	57.0712	0	0	
529	165	0	0	0	-0	0	-0	-0	-0	-0	0.000105452	55.0525	0	0	
568	27	0	0	0	-0	-0	0	-0	0	0	8.52449e-05	57.3691	0	0	
190	118	0	0	0	-0	-0	0	-0	-0	-0	5.9676e-05	48.0723	0	0	
62	15	0	0	0	0	-0	0	-0	0	0	6.17701e-05	66.2493	0	0	
397	51	0	0	0	-0	0	-0	-0	0	0	2.51347e-06	45.9247	0	0	
374	1	0	0	0	0	0	-0	-0	-0	-0	3.66126e-05	69.6408	0	0	
324	34	0	0	0	0	0	0	0	0	-0	7.67485e-06	51.0854	0	0	
259	190	0	0	0	-0	-0	-0	0	0	-0	3.55472e-05	48.3903	0	0	
55	18	0	0	0	0	0	0	0	-0	0	4.92062e-05	54.3923	0	0	
344	71	0	0	0	0	0	-0	0	-0	0	5.75944e-05	38.0307	0	0	
55	22	0	0	0	0	0	0	-0	0	-0	4.34826e-05	54.7626	0	0	
392	54	0	0	0	0	-0	0	-0	-0	0	0.000126994	59.1806	0	0	
571	113	0	0	0	-0	0	0	0	0	-0	1.07599e-05	51.981	0	0	
392	371	0	0	0	-0	-0	0	0	-0	0	6.75256e-05	59.1725	0	0	
420	173	0	0	0	0	-0	0	-0	-0	0	2.43309e-05	47.6496	0	0	
598	235	0	0	0	0	-0	-0	-0	0	-0	5.02369e-06	47.1223	0	0	
526	199	0	0	0	-0	-0	-0	-0	0	-0	1.96127e-06	52.287	0	0	
288	115	0	0	0	-0	-0	0	-0	0	-0	8.52895e-05	68.9686	0	0	
140	13	0	0	0	0	0	0	0	-0	0	8.71784e-06	62.8216	0	0	
473	55	0	0	0	-0	0	0	-0	0	-0	1.70566e-06	36.5634	0	0	
319	237	0	0	0	-0	0	0	-0	0	-0	4.33849e-06	47.9535	0	0	
244	18	0	0	0	-0	0	-0	-0	-0	-0	4.69912e-06	37.8113	0	0	
167	49	0	0	0	-0	0	0	-0	-0	0	1.60753e-05	50.4171	0	0	
136	2	0	0	0	0	0	0	0	-0	-0	0.000140368	70.8947	0	0	
245	154	0	0	0	0	-0	0	0	0	-0	1.31258e-05	58.1601	0	0	
269	136	0	0	0	0	-0	-0	0	0	-0	2.06609e-05	38.3588	0	0	
267	46	0	0	0	-0	0	0	0	0	-0	2.88376e-05	55.8898	0	0	
591	185	0	0	0	0	0	-0	-0	0	-0	2.64549e-07	37.9945	0	0	
522	68	0	0	0	-0	-0	-0	-0	0	-0	6.20684e-06	51.7516	0	0	
255	81	0	0	0	-0	-0	-0	0	-0	-0	5.89868e-06	36.9881	0	0	
528	507	0	0	0	0	0	-0	0	-0	-0	4.84226e-06	36.7909	0	0	
551	30	0	0	0	0	0	-0	-0	-0	-0	2.16427e-05	55.0686	0	0	
289	188	0	0	0	-0	-0	-0	-0	0	0	2.768e-05	65.2732	0	0	
170	159	0	0	0	-0	0	0	0	0	0	1.25495e-05	72.9638	0	0	
398	131	0	0	0	0	0	-0	-0	-0	-0	1.99874e-06	33.4558	0	0	
434	231	0	0	0	0	-0	0	0	0	-0	8.88176e-06	38.9868	0	0	
390	348	0	0	0	-0	-0	0	-0	0	0	4.03659e-05	57.1135	0	0	
69	50	0	0	0	-0	-0	-0	-0	0	-0	3.46396e-05	71.4462	0	0	
395	368	0	0	0	0	-0	0	0	0	-0	1.449e-06	47.4785	0	0	
251	30	0	0	0	-0	0	-0	-0	0	0	6.06459e-06	42.3179	0	0	
313	185	0	0	0	-0	-0	0	-0	0	-0	3.7255e-05	66.038	0	0	
225	69	0	0	0	-0	0	-0	0	0	0	1.33867e-05	55.8254	0	0	
183	38	0	0	0	-0	0	0	-0	-0	-0	8.63135e-05	57.5422	0	0	
346	287	0	0	0	0	-0	-0	-0	-0	-0	2.43896e-07	11.7081	0	0	
358	294	0	0	0	0	0	0	-0	0	-0	7.70448e-06	57.5402	0	0	
174	68	0	0	0	-0	0	-0	0	-0	-0	0.0001336	43.1149	0	0	
352	269	0	0	0	-0	-0	0	-0	-0	-0	1.26793e-05	36.2474	0	0	
574	2	0	0	0	0	-0	0	0	-0	-0	2.30419e-06	35.2048	0	0	
43	3	0	0	0	-0	0	-0	0	-0	-0	4.39937e-05	65.6294	0	0	
93	83	0	0	0	-0	0	-0	-0	-0	-0	5.14519e-05	46.4218	0	0	
288	189	0	0	0	-0	-0	-0	-0	-0	0	4.16656e-05	68.7451	0	0	
501	209	0	0	0	-0	-0	-0	0	-0	-0	1.26925e-05	37.6483	0	0	
148	16	0	0	0	0	-0	0	-0	-0	0	3.86202e-05	74.4613	0	0	
531	176	0	0	0	-0	-0	-0	0	0	-0	5.62384e-06	65.7763	0	0	
574	289	0	0	0	0	-0	-0	0	0	0	1.42115e-06	35.7785	0	0	
513	165	0	0	0	-0	0	-0	0	0	-0	7.77858e-07	34.1884	0	0	
372	17	0	0	0	-0	-0	0	0	-0	-0	9.57265e-06	37.6423	0	0	
151	108	0	0	0	0	-0	-0	-0	-0	-0	2.3195e-05	61.141	0	0	
131	7	0	0	0	0	-0	0	0	0	0	4.17221e-05	49.0122	0	0	
141	50	0	0	0	-0	-0	-0	0	0	-0	7.47481e-05	67.7891	0	0	
322	318	0	0	0	-0	-0	0	0	0	0	2.92211e-05	37.3021	0	0	
234	22	0	0	0	0	0	-0	-0	0	0	3.61712e-06	71.2671	0	0	
271	103	0	0	0	-0	-0	0	0	-0	-0	7.32631e-05	38.6527	0	0	
300	83	0	0	0	-0	-0	0	-0	0	-0	1.01395e-05	49.9985	0	0	
326	155	0	0	0	0	-0	-0	-0	0	-0	1.0543e-05	50.4051	0	0	
263	125	0	0	0	-0	0	0	-0	-0	-0	1.14104e-05	66.8572	0	0	
494	141	0	0	0	0	-0	0	-0	0	0	1.71719e-06	61.3906	0	0	
429	159	0	0	0	-0	-0	0	0	-0	-0	3.21163e-05	64.778	0	0	
222	134	0	0	0	0	-0	-0	-0	-0	0	6.76983e-05	71.7783	0	0	
345	150	0	0	0	0	0	-0	-0	0	-0	1.37941e-06	33.8623	0	0	
172	61	0	0	0	-0	-0	0	0	0	0	5.47522e-06	34.6191	0	0	
390	325	0	0	0	-0	-0	-0	-0	0	0	1.29032e-05	38.1455	0	0	
374	154	0	0	0	-0	-0	-0	0	0	-0	8.19929e-05	61.5134	0	0	
98	8	0	0	0	-0	-0	-0	-0	-0	0	0.000110675	69.0028	0	0	
81	71	0	0	0	-0	-0	-0	0	0	-0	4.34757e-05	47.5631	0	0	
585	66	0	0	0	0	-0	0	-0	-0	0	3.06732e-05	45.6912	0	0	
489	168	0	0	0	0	0	-0	0	0	0	9.57949e-06	73.936	0	0	
308	172	0	0	0	-0	0	-0	0	0	0	4.14582e-05	58.9572	0	0	
462	429	0	0	0	0	0	0	-0	0	0	1.03554e-05	40.2588	0	0	
454	119	0	0	0	-0	0	-0	-0	0	0	1.49613e-05	38.3769	0	0	
522	70	0	0	0	-0	-0	-0	-0	0	-0	7.85309e-06	51.8582	0	0	
442	181	0	0	0	0	0	-0	-0	0	-0	3.16142e-05	45.973	0	0	
290	75	0	0	0	0	-0	-0	0	-0	0	8.5923e-06	66.1668	0	0	
190	87	0	0	0	-0	-0	0	-0	0	-0	1.95578e-05	50.244	0	0	
488	16	0	0	0	-0	-0	0	0	0	0	4.74733e-06	36.2696	0	0	
523	49	0	0	0	-0	-0	-0	-0	0	-0	1.88917e-05	62.3225	0	0	
198	141	0	0	0	-0	0	-0	0	0	0	7.93541e-05	46.7922	0	0	
425	192	0	0	0	-0	0	-0	-0	-0	-0	1.28876e-06	35.2713	0	0	
87	76	0	0	0	0	-0	-0	-0	-0	0	2.31686e-05	35.4283	0	0	
477	322	0	0	0	-0	-0	0	0	-0	0	4.74936e-05	49.6644	0	0	
343	195	0	0	0	-0	-0	0	0	-0	-0	6.84567e-06	54.6962	0	0	
559	64	0	0	0	0	-0	0	-0	-0	-0	2.19526e-05	52.7861	0	0	
79	77	0	0	0	0	0	-0	0	0	0	2.34549e-07	48.2434	0	0	
178	42	0	0	0	-0	0	-0	-0	-0	-0	4.47608e-05	54.6882	0	0	
324	214	0	0	0	-0	0	-0	0	0	-0	7.18053e-06	50.8841	0	0	
88	13	0	0	0	0	-0	-0	0	-0	0	8.30151e-05	51.1095	0	0	
339	153	0	0	0	-0	0	0	-0	-0	0	2.35769e-05	63.7717	0	0	
326	32	0	0	0	-0	-0	-0	0	0	-0	7.31484e-06	46.1763	0	0	
364	156	0	0	0	-0	0	0	-0	-0	-0	2.20181e-05	38.2179	0	0	
222	154	0	0	0	-0	-0	-0	0	-0	0	0.000103538	56.5439	0	0	
416	117	0	0	0	0	0	-0	0	-0	-0	0.00010753	52.8183	0	0	
507	188	0	0	0	0	0	0	-0	-0	0	8.31961e-06	54.2272	0	0	
167	143	0	0	0	-0	-0	0	-0	0	-0	2.02916e-05	64.1762	0	0	
332	58	0	0	0	-0	-0	0	0	-0	0	1.91148e-06	48.4004	0	0	
144	136	0	0	0	0	0	-0	-0	-0	-0	0.000164591	71.2993	0	0	
153	1	0	0	0	0	-0	0	-0	-0	-0	6.13146e-05	42.1226	0	0	
368	174	0	0	0	-0	-0	0	-0	0	0	3.25884e-06	52.8827	0	0	
141	133	0	0	0	-0	-0	0	-0	-0	-0	0.000150414	64.6975	0	0	
187	15	0	0	0	-0	0	0	-0	0	-0	3.49569e-05	71.3637	0	0	
77	14	0	0	0	0	-0	0	-0	-0	-0	6.05362e-05	46.0696	0	0	
457	11	0	0	0	0	-0	-0	0	0	-0	3.75575e-07	39.0592	0	0	
425	17	0	0	0	0	-0	-0	0	0	-0	2.34521e-06	35.712	0	0	
136	77	0	0	0	-0	0	-0	0	0	0	6.57257e-05	55.1128	0	0	
567	197	0	0	0	0	0	0	0	-0	-0	2.80071e-05	53.4443	0	0	
64	38	0	0	0	0	-0	0	0	0	0	8.47544e-05	69.3349	0	0	
155	84	0	0	0	-0	-0	-0	-0	0	-0	7.28567e-05	60.6137	0	0	
407	30	0	0	0	-0	-0	-0	-0	-0	0	3.68791e-06	41.6074	0	0	
586	466	0	0	0	0	-0	0	-0	0	0	5.51291e-08	34.7399	0	0	
171	107	0	0	0	-0	-0	0	-0	0	-0	4.5708e-05	72.1346	0	0	
381	95	0	0	0	0	0	-0	0	-0	-0	6.93219e-07	38.1414	0	0	
344	7	0	0	0	0	-0	-0	-0	-0	0	4.23543e-05	37.6725	0	0	
127	37	0	0	0	-0	-0	0	-0	0	0	7.69453e-05	42.0582	0	0	
108	50	0	0	0	-0	0	0	-0	0	-0	2.44276e-05	60.1105	0	0	
338	282	0	0	0	-0	-0	-0	-0	-0	0	6.07658e-05	62.874	0	0	
406	203	0	0	0	-0	0	-0	0	0	0	8.46582e-06	50.5661	0	0	
535	95	0	0	0	-0	0	0	0	-0	0	5.0541e-06	46.7056	0	0	
495	337	0	0	0	-0	-0	-0	0	0	-0	2.56247e-06	59.4121	0	0	
144	53	0	0	0	-0	0	-0	-0	-0	0	0.000115314	52.8787	0	0	
120	21	0	0	0	-0	0	-0	0	0	0	0.000124173	49.4893	0	0	
170	24	0	0	0	-0	-0	-0	0	-0	0	8.69832e-05	72.0581	0	0	
504	151	0	0	0	-0	-0	0	-0	-0	-0	1.01768e-05	47.4282	0	0	
207	115	0	0	0	-0	-0	0	0	-0	0	4.82201e-06	32.9868	0	0	
145	62	0	0	0	-0	0	-0	-0	-0	-0	4.14982e-05	66.1648	0	0	
512	85	0	0	0	0	0	-0	0	0	0	3.21005e-06	38.8318	0	0	
30	28	0	0	0	0	-0	-0	0	0	-0	8.23956e-05	66.9357	0	0	
422	378	0	0	0	-0	-0	0	0	-0	-0	1.43265e-06	35.3981	0	0	
571	110	0	0	0	0	0	0	-0	0	0	2.11309e-06	60.4426	0	0	
323	52	0	0	0	-0	0	-0	0	-0	-0	1.22553e-06	34.1965	0	0	
274	136	0	0	0	-0	0	0	-0	-0	0	2.01313e-06	36.4608	0	0	
219	75	0	0	0	-0	-0	-0	0	-0	-0	2.19614e-05	38.3809	0	0	
585	545	0	0	0	0	-0	0	-0	-0	0	7.40914e-06	44.9525	0	0	
159	123	0	0	0	0	-0	-0	-0	0	-0	3.06774e-05	70.4379	0	0	
404	66	0	0	0	0	-0	0	0	0	-0	2.69445e-05	55.4309	0	0	
568	56	0	0	0	-0	-0	0	-0	0	0	0.000118548	59.567	0	0	
475	98	0	0	0	-0	0	0	0	-0	0	1.78518e-05	51.5966	0	0	
145	111	0	0	0	-0	-0	-0	0	-0	0	4.67862e-05	52.0354	0	0	
382	7	0	0	0	-0	-0	-0	0	-0	-0	9.87697e-06	50.2662	0	0	
109	21	0	0	0	0	0	0	0	-0	0	9.50045e-05	70.4298	0	0	
428	44	0	0	0	-0	-0	0	0	0	0	1.32008e-05	41.7241	0	0	
281	25	0	0	0	0	0	-0	0	0	0	5.3945e-05	41.2954	0	0	
191	132	0	0	0	-0	-0	0	0	-0	0	0.000137795	44.1756	0	0	
506	420	0	0	0	-0	-0	-0	0	0	-0	2.24829e-06	42.5574	0	0	
504	60	0	0	0	0	-0	0	-0	-0	-0	3.36145e-05	45.0169	0	0	
571	125	0	0	0	-0	0	0	-0	-0	-0	1.08391e-05	62.2339	0	0	
143	88	0	0	0	0	-0	-0	0	0	0	8.18444e-05	64.0232	0	0	
273	248	0	0	0	0	-0	0	-0	0	0	7.40773e-08	36.338	0	0	
538	209	0	0	0	0	0	0	0	-0	-0	3.18684e-05	55.135	0	0	
433	375	0	0	0	0	0	0	-0	0	0	1.51164e-06	41.2008	0	0	
234	27	0	0	0	0	-0	-0	-0	-0	0	2.01725e-06	40.7459	0	0	
102	29	0	0	0	-0	-0	0	0	-0	-0	4.82078e-05	64.138	0	0	
396	230	0	0	0	0	-0	-0	-0	-0	-0	7.12761e-05	61.4973	0	0	
254	25	0	0	0	0	-0	0	0	-0	-0	1.36248e-05	49.0404	0	0	
312	286	0	0	0	-0	0	0	0	0	-0	2.88721e-06	66.2856	0	0	
297	15	0	0	0	-0	0	0	0	-0	0	2.39566e-05	66.4989	0	0	
212	149	0	0	0	-0	-0	-0	0	0	-0	7.74196e-07	35.1646	0	0	
522	57	0	0	0	-0	0	0	-0	-0	-0	3.21966e-06	49.2316	0	0	
292	175	0	0	0	0	0	-0	0	0	0	4.91385e-06	35.863	0	0	
206	143	0	0	0	-0	0	-0	-0	-0	0	2.60457e-06	35.0458	0	0	
480	80	0	0	0	-0	-0	0	-0	0	0	5.539e-05	49.2739	0	0	
388	246	0	0	0	0	0	0	0	0	-0	1.21457e-05	44.5902	0	0	
118	67	0	0	0	0	-0	0	-0	-0	0	3.41375e-05	70.2024	0	0	
174	102	0	0	0	-0	-0	-0	0	0	-0	3.39785e-05	49.6301	0	0	
388	18	0	0	0	0	-0	0	0	-0	-0	6.80615e-07	44.5158	0	0	
462	411	0	0	0	0	-0	-0	-0	0	-0	1.4354e-05	41.9334	0	0	
448	156	0	0	0	0	0	0	-0	0	-0	1.92717e-05	44.1696	0	0	
595	192	0	0	0	-0	0	-0	-0	-0	-0	1.2423e-05	58.8002	0	0	
156	128	0	0	0	-0	-0	-0	0	-0	0	1.24117e-05	52.128	0	0	
91	8	0	0	0	-0	-0	0	0	-0	-0	3.26034e-05	67.1772	0	0	
508	61	0	0	0	-0	-0	0	0	-0	0	1.65588e-05	61.9823	0	0	
230	42	0	0	0	-0	-0	0	-0	0	0	8.2768e-05	58.9833	0	0	
383	373	0	0	0	0	-0	-0	0	0	-0	3.72176e-07	30.964	0	0	
506	175	0	0	0	-0	-0	0	-0	-0	-0	3.36101e-06	44.715	0	0	
342	169	0	0	0	0	0	-0	-0	0	-0	1.50407e-05	43.2115	0	0	
171	18	0	0	0	0	-0	-0	0	0	-0	6.8051e-05	63.9246	0	0	
464	102	0	0	0	0	-0	-0	-0	0	-0	4.47495e-05	49.7408	0	0	
86	67	0	0	0	-0	-0	0	0	0	0	3.15274e-05	41.1384	0	0	
179	102	0	0	0	-0	0	0	-0	-0	-0	5.29216e-05	58.2849	0	0	
111	3	0	0	0	-0	0	-0	-0	-0	0	2.74967e-05	69.1356	0	0	
350	123	0	0	0	0	-0	0	0	0	-0	2.39868e-06	38.9948	0	0	
372	0	0	0	0	-0	-0	-0	-0	-0	0	9.42111e-06	38.0086	0	0	
164	117	0	0	0	-0	-0	-0	-0	-0	0	0.000116898	55.4067	0	0	
508	87	0	0	0	0	0	0	0	-0	0	5.86046e-05	61.3644	0	0	
500	37	0	0	0	0	0	0	-0	0	-0	2.33235e-05	51.4577	0	0	
102	73	0	0	0	-0	0	0	-0	-0	0	3.4217e-05	58.9833	0	0	
68	56	0	0	0	0	0	-0	-0	0	-0	0.000137908	69.989	0	0	
226	144	0	0	0	0	-0	-0	-0	0	-0	6.48391e-05	63.0471	0	0	
179	50	0	0	0	0	-0	-0	0	0	0	5.47398e-05	59.8166	0	0	
590	169	0	0	0	-0	0	-0	-0	-0	-0	1.90757e-05	61.1189	0	0	
493	341	0	0	0	0	0	-0	-0	0	0	9.37068e-07	38.8298	0	0	
344	43	0	0	0	-0	-0	-0	0	-0	0	4.81884e-06	35.4725	0	0	
263	92	0	0	0	-0	-0	0	-0	-0	-0	1.08408e-05	69.6146	0	0	
216	80	0	0	0	-0	0	0	-0	0	-0	3.8384e-05	52.7801	0	0	
338	49	0	0	0	-0	-0	-0	-0	-0	0	7.64087e-05	64.1078	0	0	
162	55	0	0	0	0	-0	-0	-0	0	-0	3.33864e-05	57.979	0	0	
289	72	0	0	0	-0	-0	0	-0	-0	-0	2.10899e-05	62.2742	0	0	
402	308	0	0	0	0	-0	0	-0	-0	-0	3.15158e-05	61.0545	0	0	
569	24	0	0	0	-0	0	0	0	0	0	3.14005e-06	35.4081	0	0	
521	139	0	0	0	0	-0	-0	-0	-0	-0	4.12359e-05	45.6993	0	0	
244	138	0	0	0	-0	0	0	-0	-0	-0	2.45258e-06	37.3243	0	0	
447	222	0	0	0	-0	-0	-0	0	0	-0	4.27485e-05	65.1403	0	0	
229	181	0	0	0	0	0	0	0	-0	-0	2.08647e-05	35.5249	0	0	
281	81	0	0	0	0	-0	0	0	0	-0	6.96143e-06	44.6788	0	0	
481	14	0	0	0	-0	-0	0	0	0	0	6.87996e-06	34.2387	0	0	
133	39	0	0	0	0	-0	-0	-0	-0	-0	6.85161e-05	61.6965	0	0	
34	23	0	0	0	-0	-0	-0	0	-0	0	2.5262e-05	44.397	0	0	
509	23	0	0	0	-0	-0	-0	-0	-0	0	6.27578e-06	53.6677	0	0	
477	138	0	0	0	-0	-0	0	0	0	0	5.54019e-05	51.812	0	0	
99	0	0	0	0	-0	-0	-0	-0	0	0	1.3215e-05	38.9707	0	0	
210	53	0	0	0	-0	-0	-0	0	-0	0	3.71293e-06	36.5675	0	0	
187	33	0	0	0	-0	0	-0	0	-0	-0	2.17103e-05	65.0216	0	0	
529	514	0	0	0	-0	0	-0	-0	-0	-0	6.15315e-05	49.4228	0	0	
382	132	0	0	0	0	-0	-0	-0	0	-0	3.64952e-05	50.548	0	0	
127	98	0	0	0	-0	-0	-0	-0	0	0	8.29279e-05	42.6741	0	0	
511	67	0	0	0	0	0	0	0	-0	0	8.04617e-07	38.4494	0	0	
155	112	0	0	0	-0	0	-0	-0	-0	-0	2.6633e-05	47.8086	0	0	
410	264	0	0	0	-0	0	-0	-0	-0	-0	6.67204e-05	56.0931	0	0	
91	52	0	0	0	-0	0	-0	-0	0	0	5.40428e-06	40.3917	0	0	
395	84	0	0	0	-0	0	0	0	0	0	8.75395e-07	42.8553	0	0	
274	4	0	0	0	0	-0	0	-0	-0	0	2.67035e-06	51.6167	0	0	
562	210	0	0	0	0	0	-0	0	-0	-0	1.43775e-06	38.9868	0	0	
410	38	0	0	0	-0	-0	-0	0	0	-0	5.80144e-05	67.6925	0	0	
161	142	0	0	0	-0	-0	0	-0	0	-0	2.11513e-05	45.2605	0	0	
26	1	0	0	0	-0	0	0	0	0	-0	3.28292e-05	41.6798	0	0	
309	284	0	0	0	-0	-0	0	0	-0	-0	2.21287e-07	36.0884	0	0	
152	7	0	0	0	0	-0	-0	-0	0	-0	7.40972e-05	44.4977	0	0	
292	288	0	0	0	0	-0	-0	0	0	0	1.22519e-05	43.7872	0	0	
311	47	0	0	0	-0	-0	-0	-0	-0	0	4.53039e-05	50.083	0	0	
98	42	0	0	0	0	-0	-0	-0	0	-0	4.61303e-05	69.5563	0	0	
437	93	0	0	0	0	-0	-0	0	0	-0	1.05322e-05	58.1702	0	0	
595	301	0	0	0	-0	-0	0	0	-0	-0	1.08332e-05	46.9029	0	0	
231	209	0	0	0	-0	0	-0	0	0	-0	1.53225e-05	57.2383	0	0	
304	126	0	0	0	-0	-0	0	-0	0	-0	3.21748e-05	61.1591	0	0	
445	5	0	0	0	0	-0	0	0	0	0	1.36728e-05	42.7989	0	0	
429	167	0	0	0	0	-0	0	-0	-0	-0	2.89079e-05	65.6757	0	0	
303	80	0	0	0	-0	-0	-0	-0	0	0	4.6177e-05	37.3303	0	0	
153	82	0	0	0	-0	0	-0	-0	-0	0	5.95651e-05	59.7422	0	0	
348	166	0	0	0	-0	0	-0	0	-0	-0	3.83536e-05	49.0263	0	0	
180	70	0	0	0	-0	-0	-0	0	-0	0	2.31371e-05	45.1639	0	0	
155	70	0	0	0	0	-0	0	0	-0	-0	3.32832e-05	65.2933	0	0	
454	156	0	0	0	0	-0	0	-0	0	0	2.29881e-05	38.8479	0	0	
33	16	0	0	0	-0	-0	0	-0	0	0	2.29857e-05	35.2713	0	0	
351	54	0	0	0	0	-0	-0	0	-0	0	1.57864e-05	62.8216	0	0	
447	154	0	0	0	0	0	-0	0	-0	-0	1.61201e-05	58.0756	0	0	
60	43	0	0	0	-0	0	-0	0	0	0	8.25693e-05	66.5492	0	0	
538	505	0	0	0	-0	-0	-0	0	-0	0	3.42278e-05	39.9931	0	0	
443	31	0	0	0	0	0	0	-0	0	-0	1.26037e-05	66.2514	0	0	
210	178	0	0	0	0	0	-0	0	-0	0	5.54747e-06	57.3349	0	0	
322	80	0	0	0	-0	0	-0	-0	-0	0	2.03846e-05	35.8147	0	0	
124	72	0	0	0	-0	0	0	0	-0	0	5.3274e-05	60.2977	0	0	
489	74	0	0	0	0	-0	0	-0	0	0	4.62706e-05	35.4262	0	0	
261	82	0	0	0	-0	0	0	-0	0	-0	1.62197e-05	54.183	0	0	
330	90	0	0	0	-0	-0	-0	0	-0	0	1.72035e-05	63.1819	0	0	
370	77	0	0	0	-0	-0	-0	0	-0	0	1.80707e-05	51.8965	0	0	
371	257	0	0	0	-0	0	-0	0	0	0	6.17792e-05	59.2289	0	0	
54	20	0	0	0	-0	0	-0	0	0	-0	0.000113511	60.8391	0	0	
342	223	0	0	0	-0	-0	0	-0	-0	-0	3.04077e-06	38.55	0	0	
203	25	0	0	0	-0	-0	-0	0	-0	-0	1.73625e-05	53.8066	0	0	
288	104	0	0	0	-0	-0	-0	-0	0	-0	8.46822e-05	64.4258	0	0	
251	97	0	0	0	-0	0	-0	0	0	0	1.2367e-05	49.7449	0	0	
464	73	0	0	0	0	0	-0	-0	0	-0	2.52606e-05	35.6476	0	0	
550	297	0	0	0	-0	0	-0	-0	-0	0	5.61904e-06	36.181	0	0	
596	21	0	0	0	-0	-0	-0	0	-0	-0	0.000168769	55.8535	0	0	
412	41	0	0	0	0	0	-0	0	-0	-0	6.8479e-06	45.4175	0	0	
410	137	0	0	0	0	0	-0	-0	-0	-0	7.93396e-05	67.3886	0	0	
323	25	0	0	0	0	0	0	0	0	-0	1.28933e-06	17.221	0	0	
445	431	0	0	0	-0	-0	-0	0	-0	0	5.15132e-06	42.4366	0	0	
393	200	0	0	0	0	0	0	-0	0	-0	9.68784e-07	35.6134	0	0	
180	155	0	0	0	0	-0	-0	-0	-0	-0	4.82384e-05	45.0451	0	0	
429	128	0	0	0	0	-0	-0	-0	-0	-0	2.01041e-05	62.713	0	0	
328	51	0	0	0	-0	-0	-0	0	0	-0	4.21568e-05	52.4238	0	0	
278	149	0	0	0	0	0	0	0	-0	-0	9.48153e-06	40.911	0	0	
227	69	0	0	0	0	-0	0	0	0	0	1.74342e-05	51.0672	0	0	
304	117	0	0	0	-0	0	-0	-0	-0	-0	2.32411e-05	59.3295	0	0	
461	226	0	0	0	0	0	0	0	-0	-0	2.33967e-05	53.3457	0	0	
428	170	0	0	0	-0	-0	0	0	0	0	1.28568e-05	41.3719	0	0	
474	80	0	0	0	-0	-0	0	0	-0	0	6.26667e-06	35.5289	0	0	
170	49	0	0	0	-0	0	-0	-0	-0	-0	8.25059e-05	66.5452	0	0	
449	62	0	0	0	-0	-0	-0	-0	0	0	4.47213e-06	36.1871	0	0	
192	133	0	0	0	0	0	0	-0	-0	0	3.49339e-06	32.3508	0	0	
178	47	0	0	0	0	-0	-0	0	0	-0	3.32593e-05	47.2551	0	0	
405	277	0	0	0	0	0	0	0	-0	0	1.22389e-05	59.4302	0	0	
124	89	0	0	0	0	0	0	-0	-0	0	5.42074e-05	42.5211	0	0	
375	20	0	0	0	0	0	0	0	-0	-0	2.48017e-06	36.5997	0	0	
273	225	0	0	0	-0	-0	-0	-0	-0	0	1.00786e-05	56.5499	0	0	
281	71	0	0	0	0	-0	-0	0	0	-0	4.34113e-05	40.0213	0	0	
294	191	0	0	0	-0	-0	-0	-0	0	-0	4.70556e-06	49.6986	0	0	
546	142	0	0	0	-0	0	-0	-0	-0	0	7.41322e-08	29.7684	0	0	
223	191	0	0	0	-0	0	0	-0	0	-0	9.64508e-06	52.3494	0	0	
387	51	0	0	0	-0	0	0	0	0	-0	9.81876e-07	34.6211	0	0	
113	106	0	0	0	0	-0	-0	0	0	0	8.69305e-05	66.3198	0	0	
290	229	0	0	0	-0	0	-0	-0	-0	0	6.57189e-06	38.1636	0	0	
163	124	0	0	0	-0	-0	-0	0	-0	-0	0.000103772	64.9853	0	0	
104	3	0	0	0	0	-0	-0	0	-0	0	1.24962e-06	37.912	0	0	
313	297	0	0	0	-0	-0	-0	0	0	-0	3.61323e-05	54.1648	0	0	
330	164	0	0	0	0	-0	-0	0	-0	0	5.36016e-05	60.0561	0	0	
185	74	0	0	0	-0	-0	-0	0	-0	0	5.81049e-05	42.5775	0	0	
256	172	0	0	0	-0	-0	-0	-0	-0	0	2.8929e-05	50.1273	0	0	
559	37	0	0	0	0	0	0	0	-0	-0	2.57136e-05	52.8485	0	0	
270	145	0	0	0	0	-0	0	0	0	-0	1.89242e-05	62.6465	0	0	
213	45	0	0	0	0	0	-0	0	-0	-0	2.26656e-05	52.2668	0	0	
426	149	0	0	0	-0	-0	-0	0	0	-0	6.37153e-07	34.8506	0	0	
584	497	0	0	0	0	-0	-0	0	-0	0	9.58702e-07	38.0428	0	0	
334	17	0	0	0	0	0	-0	-0	0	-0	7.62558e-07	37.4853	0	0	
556	53	0	0	0	-0	0	0	-0	-0	-0	1.09498e-06	37.1954	0	0	
520	182	0	0	0	0	0	-0	-0	-0	-0	7.40979e-06	42.66	0	0	
250	235	0	0	0	0	0	0	-0	0	0	7.30165e-06	48.5694	0	0	
344	184	0	0	0	0	-0	0	0	-0	-0	5.5045e-05	37.9079	0	0	
293	132	0	0	0	-0	0	0	0	0	-0	1.33594e-05	57.1658	0	0	
176	20	0	0	0	-0	0	-0	0	0	0	3.43768e-05	65.8247	0	0	
579	109	0	0	0	0	-0	-0	0	0	-0	1.77281e-05	48.5191	0	0	
530	118	0	0	0	0	-0	-0	-0	0	-0	2.00908e-06	37.5839	0	0	
122	3	0	0	0	-0	0	-0	-0	-0	-0	2.94395e-05	61.3684	0	0	
480	22	0	0	0	-0	0	0	0	-0	0	4.55688e-05	48.3682	0	0	
328	54	0	0	0	-0	-0	-0	0	-0	-0	4.58805e-05	54.5332	0	0	
425	379	0	0	0	0	-0	0	0	0	0	8.10738e-07	34.7379	0	0	
566	553	0	0	0	-0	-0	-0	0	-0	0	1.21556e-06	46.7076	0	0	
328	135	0	0	0	0	-0	-0	-0	-0	-0	1.22005e-05	50.9022	0	0	
192	66	0	0	0	0	0	-0	0	0	0	1.86686e-05	40.2951	0	0	
70	32	0	0	0	-0	0	0	-0	-0	0	3.13989e-05	44.4071	0	0	
509	28	0	0	0	0	-0	-0	-0	-0	0	1.90134e-06	37.4229	0	0	
431	173	0	0	0	-0	-0	-0	-0	-0	0	6.40118e-06	42.0522	0	0	
293	44	0	0	0	-0	0	-0	0	0	0	1.02407e-05	53.71	0	0	
318	78	0	0	0	0	-0	-0	-0	0	-0	9.42251e-06	27.2706	0	0	
449	75	0	0	0	-0	-0	-0	-0	0	0	6.74553e-06	36.3622	0	0	
159	44	0	0	0	-0	-0	0	-0	0	-0	2.90617e-05	64.0877	0	0	
270	25	0	0	0	0	0	-0	0	-0	0	6.5135e-05	64.0514	0	0	
469	199	0	0	0	-0	0	0	0	0	0	0.000125274	63.9005	0	0	
564	106	0	0	0	0	-0	0	0	0	-0	2.04427e-06	35.8831	0	0	
588	167	0	0	0	0	0	0	0	-0	0	7.13343e-06	63.7072	0	0	
529	22	0	0	0	0	0	-0	-0	-0	-0	7.17838e-05	54.9921	0	0	
287	6	0	0	0	0	0	-0	0	-0	0	4.91433e-07	46.2286	0	0	
442	103	0	0	0	-0	0	0	-0	0	-0	3.64914e-05	53.6315	0	0	
527	4	0	0	0	-0	-0	-0	0	-0	0	2.2263e-07	35.9254	0	0	
333	201	0	0	0	-0	-0	-0	-0	0	-0	2.47647e-06	53.1182	0	0	
261	58	0	0	0	-0	0	-0	-0	-0	-0	4.30582e-05	60.3842	0	0	
532	184	0	0	0	0	0	0	0	0	-0	2.76031e-05	48.336	0	0	
437	9	0	0	0	0	0	-0	-0	-0	-0	3.61943e-05	45.6127	0	0	
529	67	0	0	0	-0	-0	0	-0	-0	-0	4.79698e-05	48.9237	0	0	
366	65	0	0	0	0	-0	0	0	0	-0	1.45878e-05	63.3731	0	0	
563	184	0	0	0	-0	-0	-0	-0	0	0	2.89996e-05	62.9807	0	0	
427	418	0	0	0	0	0	-0	-0	-0	-0	3.88395e-05	36.0663	0	0	
125	41	0	0	0	0	-0	-0	0	-0	0	6.6674e-05	63.3792	0	0	
556	37	0	0	0	-0	-0	0	-0	0	-0	2.51583e-06	52.0374	0	0	
230	14	0	0	0	0	-0	0	-0	0	0	5.95322e-05	46.5587	0	0	
343	213	0	0	0	0	0	0	-0	-0	0	1.34859e-05	54.8331	0	0	
294	82	0	0	0	-0	0	-0	-0	-0	-0	6.96134e-06	61.8877	0	0	
537	149	0	0	0	-0	0	-0	0	0	0	2.30483e-06	37.131	0	0	
364	137	0	0	0	-0	0	-0	-0	-0	0	6.32859e-06	55.2155	0	0	
94	20	0	0	0	0	-0	0	-0	0	0	0.00012856	61.5013	0	0	
104	63	0	0	0	0	0	-0	-0	-0	-0	1.91065e-05	63.1236	0	0	
441	401	0	0	0	-0	0	0	-0	0	-0	4.56578e-06	44.8056	0	0	
19	5	0	0	0	0	-0	-0	0	0	-0	2.54318e-05	48.0179	0	0	
56	48	0	0	0	0	0	0	0	-0	0	9.08538e-05	59.2551	0	0	
314	93	0	0	0	0	-0	0	-0	-0	0	7.11016e-06	51.6731	0	0	
481	434	0	0	0	-0	-0	-0	0	-0	0	9.73949e-06	49.3967	0	0	
310	142	0	0	0	-0	0	0	0	-0	0	1.73671e-05	45.9468	0	0	
378	0	0	0	0	0	-0	0	-0	0	0	9.12041e-06	58.8908	0	0	
227	36	0	0	0	-0	0	0	0	-0	0	4.69665e-05	63.1054	0	0	
198	168	0	0	0	-0	-0	-0	-0	0	0	2.40977e-05	38.9968	0	0	
471	67	0	0	0	0	0	0	-0	-0	0	2.0204e-06	57.8804	0	0	
563	245	0	0	0	-0	-0	0	-0	0	-0	1.09487e-05	54.9257	0	0	
262	208	0	0	0	0	0	0	-0	0	0	1.15164e-06	42.652	0	0	
227	35	0	0	0	0	0	0	0	-0	0	4.47155e-05	63.0249	0	0	
213	109	0	0	0	0	-0	0	0	0	-0	9.76849e-06	50.719	0	0	
532	147	0	0	0	-0	0	-0	0	0	0	2.14248e-05	48.2534	0	0	
415	412	0	0	0	-0	0	-0	-0	0	0	5.35989e-06	40.4722	0	0	
418	139	0	0	0	0	-0	0	-0	0	0	2.38537e-05	63.0008	0	0	
223	94	0	0	0	0	0	-0	-0	0	-0	1.03621e-05	49.0565	0	0	
142	8	0	0	0	0	-0	0	0	0	0	4.72807e-05	57.2282	0	0	
339	14	0	0	0	-0	-0	0	-0	0	0	1.43055e-05	57.0471	0	0	
185	115	0	0	0	0	-0	-0	-0	-0	0	6.3771e-05	39.7093	0	0	
420	81	0	0	0	0	-0	-0	0	-0	0	2.35091e-05	45.2162	0	0	
340	322	0	0	0	-0	0	-0	0	-0	-0	1.55921e-05	36.7245	0	0	
306	144	0	0	0	0	-0	-0	-0	-0	0	1.2496e-05	50.2642	0	0	
517	36	0	0	0	0	-0	0	-0	-0	-0	8.91793e-07	33.9267	0	0	
539	145	0	0	0	0	-0	-0	0	-0	0	1.4103e-06	35.551	0	0	
577	123	0	0	0	0	-0	0	0	-0	-0	1.11893e-05	32.8781	0	0	
437	393	0	0	0	0	-0	0	0	-0	-0	2.14939e-06	38.9204	0	0	
157	130	0	0	0	-0	-0	-0	0	0	-0	9.14916e-06	34.9875	0	0	
150	92	0	0	0	0	0	0	-0	-0	0	1.27488e-05	52.7096	0	0	
330	48	0	0	0	0	-0	0	0	-0	-0	7.92247e-05	60.1165	0	0	
188	73	0	0	0	0	-0	-0	-0	-0	0	7.14471e-05	38.7613	0	0	
311	32	0	0	0	-0	-0	0	-0	0	0	1.2927e-05	24.0361	0	0	
53	32	0	0	0	0	-0	-0	0	0	-0	6.97146e-06	62.0488	0	0	
55	19	0	0	0	-0	-0	-0	-0	-0	0	1.41868e-05	58.2628	0	0	
186	123	0	0	0	-0	0	-0	0	0	0	2.30349e-05	59.9756	0	0	
105	48	0	0	0	0	0	-0	0	-0	0	1.66497e-05	59.6576	0	0	
308	145	0	0	0	0	-0	0	0	0	-0	2.80533e-05	62.2057	0	0	
521	316	0	0	0	-0	-0	0	-0	0	-0	3.03828e-05	45.8321	0	0	
148	39	0	0	0	-0	-0	0	0	-0	0	1.92645e-05	58.7358	0	0	
284	164	0	0	0	0	0	-0	-0	0	-0	6.64217e-07	48.5674	0	0	
593	111	0	0	0	0	0	0	0	-0	-0	6.30533e-07	34.2045	0	0	
318	131	0	0	0	-0	-0	-0	-0	0	-0	3.42755e-05	46.7137	0	0	
151	33	0	0	0	0	-0	0	0	-0	-0	1.6609e-05	62.1554	0	0	
531	333	0	0	0	-0	-0	-0	0	-0	0	2.59242e-06	52.4017	0	0	
175	81	0	0	0	-0	-0	0	0	-0	-0	1.99068e-06	36.5534	0	0	
378	240	0	0	0	-0	-0	-0	-0	0	0	7.69215e-06	58.7257	0	0	
325	104	0	0	0	0	-0	-0	0	0	-0	0.000123444	59.1403	0	0	
438	416	0	0	0	0	-0	0	-0	0	0	1.44392e-05	58.8223	0	0	
208	42	0	0	0	-0	0	-0	-0	-0	-0	3.62757e-05	61.461	0	0	
330	108	0	0	0	0	-0	0	-0	-0	0	6.84003e-05	60.2514	0	0	
532	3	0	0	0	-0	0	0	0	0	-0	1.71063e-05	61.9582	0	0	
374	199	0	0	0	-0	0	-0	0	-0	-0	1.24873e-05	61.9562	0	0	
419	53	0	0	0	-0	-0	0	-0	-0	-0	1.79957e-06	36.175	0	0	
173	65	0	0	0	0	0	-0	-0	0	-0	4.71038e-05	60.0702	0	0	
405	371	0	0	0	0	0	0	-0	-0	0	4.73782e-05	61.9441	0	0	
196	119	0	0	0	0	0	-0	-0	0	0	2.85163e-05	61.9058	0	0	
273	79	0	0	0	0	0	0	-0	-0	0	5.36297e-06	57.3671	0	0	
154	140	0	0	0	-0	0	0	0	0	0	1.29885e-05	38.9928	0	0	
501	231	0	0	0	0	-0	-0	-0	-0	-0	6.13302e-06	35.9898	0	0	
81	63	0	0	0	0	-0	0	-0	0	0	1.15217e-05	61.7187	0	0	
447	358	0	0	0	0	-0	-0	-0	-0	-0	2.25939e-07	57.9347	0	0	
193	176	0	0	0	-0	0	0	-0	-0	0	2.98669e-05	47.4161	0	0	
596	94	0	0	0	0	0	0	0	-0	-0	0.000113419	55.4631	0	0	
12	9	0	0	0	0	-0	0	0	0	-0	0.000117857	40.3957	0	0	
47	32	0	0	0	-0	-0	-0	-0	0	0	2.51604e-05	41.8992	0	0	
549	188	0	0	0	-0	0	0	0	0	0	1.58849e-05	37.2941	0	0	
180	75	0	0	0	0	-0	0	0	-0	-0	3.57276e-05	60.5472	0	0	
414	100	0	0	0	-0	-0	-0	0	0	-0	1.02197e-05	50.6486	0	0	
110	32	0	0	0	0	0	-0	0	-0	0	1.33731e-05	45.3108	0	0	
277	72	0	0	0	0	-0	-0	0	-0	0	1.18015e-05	61.5717	0	0	
312	277	0	0	0	0	0	0	0	0	-0	4.73141e-06	61.5576	0	0	
117	69	0	0	0	0	0	0	-0	-0	0	3.59275e-05	61.5516	0	0	
543	532	0	0	0	-0	0	-0	-0	-0	0	6.17592e-06	48.6117	0	0	
475	135	0	0	0	0	-0	0	0	0	0	1.1385e-05	45.7274	0	0	
427	132	0	0	0	0	0	0	-0	0	0	5.50483e-05	35.7241	0	0	
282	103	0	0	0	0	0	0	0	-0	-0	4.9855e-05	61.5154	0	0	
244	189	0	0	0	-0	-0	0	-0	0	-0	5.08995e-05	51.6328	0	0	
528	84	0	0	0	-0	0	-0	0	0	0	3.73677e-06	35.6859	0	0	
110	38	0	0	0	0	0	0	-0	-0	0	4.23199e-06	39.0371	0	0	
156	137	0	0	0	-0	0	0	0	0	-0	3.67505e-05	36.9338	0	0	
469	1	0	0	0	0	0	0	-0	0	0	2.57465e-05	60.8451	0	0	
198	60	0	0	0	-0	0	0	-0	0	-0	7.67114e-05	49.9945	0	0	
304	92	0	0	0	-0	0	0	-0	-0	-0	2.09088e-05	61.133	0	0	
97	73	0	0	0	-0	-0	0	-0	-0	-0	0.000148156	59.6013	0	0	
599	300	0	0	0	-0	-0	-0	0	-0	0	1.11449e-05	50.3668	0	0	
508	240	0	0	0	0	-0	0	0	0	0	1.01825e-05	59.567	0	0	
232	177	0	0	0	0	-0	0	-0	-0	-0	1.19823e-05	58.5003	0	0	
541	8	0	0	0	-0	-0	0	0	-0	0	4.60944e-07	33.1901	0	0	
483	326	0	0	0	0	-0	0	0	0	0	3.55558e-06	46.6211	0	0	
526	147	0	0	0	-0	0	-0	0	0	0	1.6559e-06	52.4862	0	0	
244	175	0	0	0	-0	-0	-0	-0	0	0	1.00134e-05	51.1578	0	0	
531	194	0	0	0	-0	0	-0	-0	-0	-0	1.24567e-05	60.1387	0	0	
51	37	0	0	0	-0	-0	-0	0	-0	0	2.70996e-05	36.0603	0	0	
147	89	0	0	0	-0	0	0	-0	-0	0	0.000104738	58.9491	0	0	
321	99	0	0	0	-0	0	-0	-0	0	0	5.10463e-06	47.4423	0	0	
337	63	0	0	0	-0	0	-0	0	0	0	4.06876e-06	57.031	0	0	
93	9	0	0	0	0	0	-0	-0	0	-0	3.69129e-05	43.2035	0	0	
385	357	0	0	0	-0	0	0	-0	0	-0	7.47875e-06	57.506	0	0	
126	36	0	0	0	-0	0	-0	-0	-0	-0	4.20622e-05	46.1099	0	0	
567	313	0	0	0	0	0	-0	0	0	0	2.22092e-05	59.5791	0	0	
464	84	0	0	0	0	0	-0	-0	0	-0	3.19177e-05	36.3823	0	0	
139	131	0	0	0	0	-0	-0	-0	-0	0	6.85962e-05	47.1082	0	0	
591	495	0	0	0	-0	-0	0	0	0	0	2.95061e-06	59.5711	0	0	
175	104	0	0	0	-0	0	0	0	0	-0	6.04535e-06	44.9787	0	0	
402	229	0	0	0	-0	-0	0	-0	0	-0	2.13717e-05	57.2806	0	0	
292	207	0	0	0	0	0	0	-0	0	-0	2.53882e-06	33.5624	0	0	
427	7	0	0	0	-0	0	0	-0	0	-0	4.14961e-05	35.6718	0	0	
393	384	0	0	0	-0	-0	0	-0	-0	-0	1.5468e-06	54.501	0	0	
114	18	0	0	0	0	0	0	0	-0	0	4.57907e-06	32.4534	0	0	
411	371	0	0	0	0	-0	0	-0	-0	0	8.78281e-06	45.4034	0	0	
52	40	0	0	0	0	0	0	0	-0	-0	2.9172e-05	56.2702	0	0	
386	264	0	0	0	-0	0	0	-0	0	-0	9.62483e-06	49.5295	0	0	
214	28	0	0	0	0	0	-0	0	-0	-0	3.19391e-06	42.4628	0	0	
30	12	0	0	0	-0	0	-0	0	0	0	6.88973e-05	43.0042	0	0	
521	131	0	0	0	-0	-0	0	-0	-0	-0	1.63685e-05	45.4618	0	0	
450	105	0	0	0	0	0	0	0	-0	0	1.83612e-05	45.498	0	0	
469	166	0	0	0	-0	0	0	0	0	0	0.000124751	59.3819	0	0	
86	9	0	0	0	-0	-0	-0	-0	0	0	5.36867e-05	40.9834	0	0	
464	311	0	0	0	0	-0	-0	0	0	0	3.40507e-05	49.9622	0	0	
392	137	0	0	0	0	-0	-0	-0	-0	0	5.3126e-05	59.3497	0	0	
505	437	0	0	0	0	0	-0	-0	0	0	3.47717e-05	42.1931	0	0	
408	95	0	0	0	0	-0	-0	0	0	0	9.85816e-07	53.4101	0	0	
96	91	0	0	0	0	0	-0	-0	-0	-0	4.19055e-05	57.826	0	0	
579	423	0	0	0	-0	0	-0	0	-0	-0	2.74243e-06	54.5211	0	0	
325	203	0	0	0	0	0	-0	0	-0	0	5.0694e-05	56.1635	0	0	
392	97	0	0	0	0	-0	0	-0	-0	0	9.71851e-05	58.6009	0	0	
11	10	0	0	0	0	0	0	0	-0	0	1.17489e-05	53.4745	0	0	
401	356	0	0	0	0	-0	0	-0	0	0	6.72759e-06	16.1442	0	0	
579	45	0	0	0	0	0	-0	0	-0	-0	3.01432e-06	45.4557	0	0	
568	165	0	0	0	0	0	0	-0	-0	0	7.9008e-05	53.7361	0	0	
492	161	0	0	0	0	0	-0	0	0	0	1.76285e-06	58.5466	0	0	
196	169	0	0	0	0	0	0	-0	0	-0	1.70642e-05	50.9263	0	0	
351	135	0	0	0	-0	-0	-0	0	-0	-0	1.66717e-05	56.2561	0	0	
405	97	0	0	0	0	0	-0	0	0	0	0.000120339	45.8905	0	0	
574	34	0	0	0	0	0	0	0	-0	0	1.30535e-06	34.4219	0	0	
317	47	0	0	0	0	0	-0	-0	0	-0	1.79046e-05	48.34	0	0	
577	223	0	0	0	-0	-0	-0	0	-0	0	3.39376e-07	31.2418	0	0	
528	4	0	0	0	-0	0	0	0	0	0	2.84958e-06	44.3507	0	0	
362	340	0	0	0	0	-0	0	-0	-0	-0	2.05405e-05	48.1065	0	0	
550	112	0	0	0	-0	-0	0	0	0	0	2.21258e-05	53.1927	0	0	
140	8	0	0	0	-0	0	0	0	-0	0	2.89729e-05	48.5352	0	0	
127	51	0	0	0	0	-0	0	-0	0	0	0.000108748	46.601	0	0	
142	71	0	0	0	0	-0	-0	0	0	-0	1.48389e-05	49.5154	0	0	
323	166	0	0	0	0	0	-0	0	-0	-0	2.41815e-06	34.9512	0	0	
393	268	0	0	0	0	-0	-0	-0	-0	-0	1.04905e-06	44.9908	0	0	
594	130	0	0	0	-0	-0	0	-0	-0	-0	6.10984e-07	35.0982	0	0	
39	33	0	0	0	0	-0	0	0	0	-0	7.10439e-05	52.8847	0	0	
337	258	0	0	0	-0	0	-0	-0	0	0	4.36187e-06	53.5027	0	0	
389	105	0	0	0	0	-0	-0	-0	-0	-0	4.32848e-06	43.2095	0	0	
257	137	0	0	0	-0	-0	-0	0	0	-0	4.49354e-05	37.3746	0	0	
100	94	0	0	0	0	0	-0	-0	-0	-0	1.38467e-05	50.3688	0	0	
410	119	0	0	0	-0	0	0	0	0	-0	6.36909e-06	35.8509	0	0	
494	425	0	0	0	-0	-0	0	-0	0	0	1.90783e-06	58.291	0	0	
540	56	0	0	0	0	0	-0	-0	-0	-0	8.07103e-07	32.7151	0	0	
535	425	0	0	0	0	0	0	-0	-0	0	2.96194e-06	40.4822	0	0	
209	84	0	0	0	-0	0	0	0	0	0	7.06136e-06	20.3689	0	0	
437	85	0	0	0	-0	-0	-0	0	-0	0	7.25147e-06	54.8411	0	0	
231	35	0	0	0	0	-0	0	-0	0	0	1.70717e-05	57.5966	0	0	
172	96	0	0	0	-0	-0	0	0	0	0	6.24618e-05	57.663	0	0	
230	127	0	0	0	-0	-0	0	-0	0	-0	9.65145e-05	58.0333	0	0	
130	100	0	0	0	0	-0	0	0	0	0	1.72616e-05	40.5265	0	0	
272	215	0	0	0	0	-0	-0	-0	-0	-0	4.98066e-07	39.7033	0	0	
291	224	0	0	0	0	-0	0	-0	-0	0	5.91429e-06	46.4178	0	0	
551	160	0	0	0	-0	-0	-0	-0	0	-0	1.25878e-05	52.774	0	0	
292	189	0	0	0	0	0	0	-0	0	-0	8.88563e-06	38.4252	0	0	
253	109	0	0	0	-0	-0	0	-0	0	-0	7.48301e-05	50.1253	0	0	
397	116	0	0	0	-0	0	0	0	-0	0	2.61811e-06	36.0462	0	0	
374	147	0	0	0	-0	-0	-0	0	0	-0	9.09823e-05	57.9991	0	0	
132	94	0	0	0	0	-0	-0	0	0	-0	0.000108198	53.3678	0	0	
471	65	0	0	0	-0	0	0	-0	-0	0	1.43731e-06	36.9096	0	0	
489	17	0	0	0	0	-0	0	-0	0	0	5.08384e-05	37.1069	0	0	
125	106	0	0	0	0	-0	0	0	0	0	9.07728e-05	37.0284	0	0	
599	102	0	0	0	-0	-0	-0	-0	-0	0	1.17768e-05	57.3872	0	0	
268	85	0	0	0	0	-0	0	-0	0	0	1.68709e-06	49.4269	0	0	
362	43	0	0	0	-0	0	-0	-0	-0	-0	1.37356e-05	44.862	0	0	
296	2	0	0	0	-0	-0	-0	0	0	-0	3.08456e-05	47.243	0	0	
336	138	0	0	0	0	-0	0	0	0	-0	2.64721e-06	54.3681	0	0	
438	126	0	0	0	-0	0	0	-0	-0	-0	1.56102e-05	57.1437	0	0	
557	132	0	0	0	0	-0	0	-0	0	0	5.62598e-07	42.1065	0	0	
542	256	0	0	0	-0	0	-0	0	0	0	1.62968e-06	36.7204	0	0	
385	106	0	0	0	-0	0	0	0	0	-0	1.18101e-05	57.5543	0	0	
585	301	0	0	0	0	0	0	0	-0	0	2.99772e-05	45.7375	0	0	
348	10	0	0	0	-0	-0	-0	0	0	-0	2.50874e-05	49.4047	0	0	
396	153	0	0	0	0	-0	0	-0	-0	-0	4.60759e-05	53.3799	0	0	
176	51	0	0	0	-0	-0	-0	0	0	-0	8.02465e-05	45.9468	0	0	
526	40	0	0	0	-0	-0	0	-0	-0	-0	9.6337e-07	52.7378	0	0	
209	53	0	0	0	0	0	0	-0	-0	0	5.33556e-05	57.3872	0	0	
428	24	0	0	0	-0	0	0	0	-0	0	4.6281e-06	41.5087	0	0	
564	92	0	0	0	0	-0	-0	-0	-0	0	3.40703e-06	54.0682	0	0	
438	193	0	0	0	-0	-0	-0	-0	0	-0	1.14046e-05	56.5499	0	0	
362	171	0	0	0	-0	-0	0	0	-0	-0	1.44109e-05	36.9579	0	0	
588	435	0	0	0	0	0	0	0	-0	-0	5.65292e-06	51.9649	0	0	
507	136	0	0	0	0	-0	0	-0	-0	0	4.32738e-06	37.127	0	0	
174	73	0	0	0	0	-0	0	0	0	0	0.000136234	52.5084	0	0	
232	116	0	0	0	-0	-0	-0	0	-0	0	3.30415e-05	57.2987	0	0	
572	226	0	0	0	-0	-0	-0	0	-0	0	3.03776e-06	33.7597	0	0	
445	256	0	0	0	-0	0	0	0	0	0	1.92243e-05	51.3229	0	0	
512	363	0	0	0	0	-0	-0	0	0	0	9.0103e-07	36.8372	0	0	
254	19	0	0	0	0	-0	0	-0	-0	0	1.3267e-05	50.5822	0	0	
492	140	0	0	0	-0	0	-0	-0	-0	0	1.76021e-06	51.5141	0	0	
560	157	0	0	0	0	0	-0	-0	0	-0	2.95148e-06	34.6533	0	0	
570	130	0	0	0	0	-0	-0	-0	0	-0	8.26386e-07	34.5849	0	0	
238	169	0	0	0	-0	0	-0	-0	0	0	9.11429e-07	34.5286	0	0	
333	51	0	0	0	-0	0	-0	0	0	-0	3.69182e-06	34.4621	0	0	
391	175	0	0	0	-0	-0	0	-0	0	-0	6.54675e-07	34.448	0	0	
580	46	0	0	0	0	0	0	0	-0	0	2.78602e-07	33.3813	0	0	
428	206	0	0	0	0	0	0	-0	-0	0	2.34867e-06	34.3434	0	0	
319	84	0	0	0	-0	-0	-0	-0	0	0	2.72876e-06	34.2951	0	0	
412	326	0	0	0	0	0	0	0	-0	-0	1.74218e-06	26.6326	0	0	
584	266	0	0	0	0	-0	0	0	-0	-0	7.337e-07	32.391	0	0	
249	93	0	0	0	0	0	0	0	-0	-0	4.76234e-06	34.2629	0	0	
596	283	0	0	0	0	-0	0	0	0	-0	9.45204e-07	30.0965	0	0	
472	45	0	0	0	0	-0	0	-0	-0	0	4.06658e-07	34.0636	0	0	
308	190	0	0	0	0	0	0	-0	0	-0	1.1937e-05	34.0455	0	0	
350	23	0	0	0	0	-0	0	-0	-0	-0	1.41075e-06	34.0435	0	0	
560	120	0	0	0	-0	-0	-0	0	-0	-0	2.53871e-06	22.279	0	0	
373	158	0	0	0	-0	-0	0	-0	-0	-0	7.57429e-07	31.9039	0	0	
228	84	0	0	0	0	-0	-0	-0	0	-0	7.98674e-07	33.9509	0	0	
478	24	0	0	0	-0	0	-0	-0	-0	0	1.18418e-06	33.9509	0	0	
485	280	0	0	0	0	0	-0	0	-0	0	2.16083e-06	33.9187	0	0	
458	385	0	0	0	0	0	-0	0	-0	0	3.21733e-06	33.9127	0	0	
135	64	0	0	0	0	-0	-0	-0	-0	0	3.55458e-06	33.7255	0	0	
524	478	0	0	0	-0	-0	-0	0	0	-0	1.32272e-06	33.7255	0	0	
592	235	0	0	0	0	0	0	-0	0	-0	6.65258e-07	33.6852	0	0	
538	501	0	0	0	0	0	-0	0	-0	0	4.31475e-06	33.6792	0	0	
424	250	0	0	0	0	-0	-0	0	0	-0	1.7444e-06	33.6731	0	0	
187	31	0	0	0	-0	0	-0	-0	-0	-0	5.34353e-06	33.6691	0	0	
67	56	0	0	0	-0	0	-0	-0	-0	-0	4.99225e-05	33.657	0	0	
481	144	0	0	0	0	-0	-0	0	-0	0	6.44354e-06	33.657	0	0	
468	103	0	0	0	0	-0	0	-0	-0	0	3.32229e-05	29.0539	0	0	
294	58	0	0	0	0	-0	-0	0	-0	0	3.33811e-06	23.9134	0	0	
433	94	0	0	0	0	0	-0	-0	-0	-0	2.32048e-06	33.5806	0	0	
588	544	0	0	0	-0	0	0	0	0	0	9.6228e-07	33.5765	0	0	
542	19	0	0	0	-0	-0	0	-0	0	0	7.51812e-07	33.5665	0	0	
187	39	0	0	0	-0	-0	-0	-0	0	-0	1.01447e-06	33.4839	0	0	
216	141	0	0	0	-0	0	0	-0	0	-0	2.55067e-05	33.4699	0	0	
220	204	0	0	0	-0	-0	-0	0	0	-0	3.83041e-07	33.4437	0	0	
493	40	0	0	0	-0	-0	-0	0	0	-0	8.99824e-07	33.3974	0	0	
589	187	0	0	0	0	-0	0	-0	-0	0	7.30554e-07	33.3249	0	0	
357	92	0	0	0	0	0	0	0	-0	0	4.58956e-06	33.2968	0	0	
525	452	0	0	0	-0	-0	-0	-0	0	0	5.83895e-07	33.2927	0	0	
115	74	0	0	0	0	0	0	-0	0	0	1.42046e-05	33.2907	0	0	
487	163	0	0	0	0	0	0	-0	0	0	2.45076e-06	33.2847	0	0	
598	139	0	0	0	0	0	0	0	0	-0	2.31528e-06	33.176	0	0	
150	48	0	0	0	0	-0	0	0	0	-0	4.76631e-06	31.119	0	0	
452	436	0	0	0	-0	-0	0	0	-0	0	1.01957e-07	33.1015	0	0	
556	461	0	0	0	-0	-0	0	-0	0	0	9.61142e-07	2.28446	0	0	
400	81	0	0	0	0	-0	0	0	-0	-0	6.81811e-07	33.0653	0	0	
563	427	0	0	0	-0	0	-0	0	-0	-0	1.22127e-05	12.9359	0	0	
346	58	0	0	0	0	-0	-0	0	-0	0	6.73147e-07	23.7866	0	0	
530	404	0	0	0	-0	-0	-0	-0	0	0	1.2779e-06	32.7614	0	0	
597	546	0	0	0	0	0	0	-0	-0	0	1.24848e-07	32.7533	0	0	
586	94	0	0	0	-0	-0	-0	0	0	-0	1.15397e-07	32.5279	0	0	
115	15	0	0	0	-0	-0	0	-0	0	-0	4.97106e-05	32.5178	0	0	
484	55	0	0	0	-0	0	0	0	0	0	1.46186e-06	32.4937	0	0	
340	60	0	0	0	-0	-0	-0	-0	0	0	6.55009e-06	32.383	0	0	
577	116	0	0	0	0	-0	-0	0	0	0	5.18728e-06	32.3628	0	0	
524	103	0	0	0	0	0	0	-0	0	0	1.82296e-06	32.3588	0	0	
335	166	0	0	0	-0	-0	-0	0	-0	-0	4.20422e-07	31.0445	0	0	
356	121	0	0	0	0	0	0	0	-0	-0	8.03632e-06	32.2703	0	0	
597	570	0	0	0	-0	-0	0	-0	0	-0	3.76667e-07	32.2421	0	0	
583	391	0	0	0	0	-0	-0	0	-0	0	2.38873e-07	32.2139	0	0	
239	174	0	0	0	-0	-0	-0	-0	-0	0	3.40908e-06	30.9419	0	0	
491	268	0	0	0	0	-0	0	-0	-0	-0	6.15214e-07	32.1435	0	0	
485	142	0	0	0	-0	0	-0	-0	-0	0	4.01069e-07	21.3773	0	0	
547	38	0	0	0	-0	-0	0	0	-0	0	4.5273e-07	31.0807	0	0	
451	389	0	0	0	-0	0	-0	-0	0	0	1.18925e-07	16.3817	0	0	
398	65	0	0	0	-0	-0	0	0	0	0	1.04991e-06	32.0287	0	0	
483	41	0	0	0	0	0	0	0	-0	0	1.08683e-06	31.9603	0	0	
188	136	0	0	0	-0	-0	-0	0	-0	0	2.1552e-05	31.6886	0	0	
499	39	0	0	0	-0	-0	-0	0	-0	0	6.17734e-08	31.5658	0	0	
430	314	0	0	0	0	0	0	-0	0	0	1.35495e-06	31.4611	0	0	
387	183	0	0	0	0	0	0	-0	-0	0	3.98135e-07	31.4471	0	0	
347	123	0	0	0	0	0	0	0	0	-0	1.2466e-06	31.443	0	0	
545	17	0	0	0	-0	-0	0	-0	-0	-0	5.05268e-08	29.9174	0	0	
451	345	0	0	0	0	-0	-0	0	0	0	6.56109e-07	30.4528	0	0	
539	25	0	0	0	-0	-0	0	0	-0	-0	8.71489e-07	31.276	0	0	
491	155	0	0	0	0	0	-0	0	0	0	6.12176e-07	21.0573	0	0	
482	112	0	0	0	0	-0	-0	-0	0	-0	1.09543e-06	31.1391	0	0	
500	389	0	0	0	0	0	0	-0	0	0	3.65698e-06	31.1391	0	0	
564	151	0	0	0	0	0	-0	0	-0	-0	5.38059e-07	30.811	0	0	
310	91	0	0	0	0	-0	0	-0	0	0	1.11412e-06	30.7949	0	0	
578	453	0	0	0	-0	0	0	-0	-0	-0	2.81451e-08	30.7869	0	0	
583	398	0	0	0	-0	0	-0	-0	-0	0	2.6946e-07	30.7647	0	0	
421	59	0	0	0	0	-0	0	0	0	0	4.61999e-07	30.6923	0	0	
543	111	0	0	0	0	0	0	0	-0	-0	8.24941e-07	30.6742	0	0	
482	285	0	0	0	0	-0	0	0	0	0	5.15491e-07	30.6701	0	0	
490	239	0	0	0	0	-0	-0	0	0	0	8.72076e-07	30.5514	0	0	
285	39	0	0	0	0	-0	-0	-0	-0	-0	7.53023e-07	29.1364	0	0	
459	133	0	0	0	-0	-0	-0	-0	0	0	5.88643e-07	29.0781	0	0	
275	24	0	0	0	0	-0	0	0	0	0	1.73647e-07	29.0157	0	0	
360	50	0	0	0	-0	0	-0	0	0	0	6.87029e-07	28.9895	0	0	
120	28	0	0	0	-0	-0	-0	-0	0	-0	5.88608e-05	28.907	0	0	
363	86	0	0	0	0	0	-0	-0	-0	-0	2.92264e-07	28.8647	0	0	
384	185	0	0	0	0	0	0	0	0	-0	1.95093e-06	28.436	0	0	
484	107	0	0	0	-0	0	-0	0	0	0	1.33779e-06	26.2743	0	0	
45	21	0	0	0	-0	0	0	0	0	-0	1.24526e-05	15.9248	0	0	
119	117	0	0	0	0	-0	-0	-0	0	-0	1.06188e-05	25.9784	0	0	
233	178	0	0	0	0	0	0	0	0	-0	1.05965e-06	25.4209	0	0	
471	80	0	0	0	-0	-0	0	0	0	0	9.2174e-07	25.4048	0	0	
423	83	0	0	0	0	-0	-0	0	0	-0	7.41207e-07	25.3384	0	0	
512	9	0	0	0	0	-0	-0	0	0	-0	1.39381e-06	25.3082	0	0	
376	159	0	0	0	-0	-0	0	0	0	0	1.74373e-06	25.2921	0	0	
415	155	0	0	0	-0	0	0	0	0	0	4.4402e-06	13.7128	0	0	
360	198	0	0	0	0	-0	-0	0	-0	0	8.69156e-07	24.1992	0	0	
342	134	0	0	0	-0	-0	-0	-0	0	-0	3.16721e-06	22.7118	0	0	
569	191	0	0	0	-0	0	0	0	0	-0	2.25676e-06	22.3475	0	0	
369	162	0	0	0	0	0	0	0	-0	0	1.17376e-06	21.8825	0	0	
533	459	0	0	0	-0	-0	0	0	-0	0	1.49952e-07	21.8402	0	0	
558	333	0	0	0	0	-0	-0	0	0	-0	2.03446e-06	21.7074	0	0	
538	231	0	0	0	0	-0	-0	0	0	-0	3.31018e-06	18.6843	0	0	
459	369	0	0	0	0	-0	-0	0	0	-0	1.4196e-07	18.5353	0	0	
341	52	0	0	0	-0	0	-0	-0	-0	-0	2.13517e-07	18.485	0	0	
253	252	0	0	0	-0	0	-0	-0	-0	-0	1.30366e-06	18.3179	0	0	
302	71	0	0	0	-0	0	-0	0	-0	-0	5.50007e-07	17.7101	0	0	
275	99	0	0	0	0	0	0	0	-0	0	7.82584e-07	17.4746	0	0	
302	204	0	0	0	0	-0	-0	-0	-0	-0	3.26594e-09	15.1177	0	0	
488	33	0	0	0	-0	0	0	0	0	0	1.27741e-07	5.82487	0	0	
597	52	0	0	0	-0	-0	0	-0	-0	-0	5.64078e-07	3.54242	0	0	
373	96	0	0	0	0	-0	0	-0	-0	0	5.18042e-07	2.67493	0	0	
