0.803775	2.10434	0.0022114	-2.20889e-13	-1.65932e-12	1.32459e-12	7.03883e-28	-2.55744e-28	-2.04067e-28	0.524846	0.144576	0	0.1	0.0290738
-2.01543	1.60483	1.01731	6.01188e-16	2.12975e-16	6.97058e-16	-1.19078e-41	6.24906e-42	-1.63645e-42	0.524322	0.144144	0	0.1	0.0305264
1.71102	0.967904	-0.194937	-5.01541e-13	8.52577e-13	4.07996e-13	-1.31729e-28	-6.79299e-28	1.27762e-27	0.524212	0.144053	0	0.1	0.0190697
-2.25366	0.807377	-0.22567	6.01188e-16	2.12975e-16	6.97058e-16	5.54561e-41	-4.80627e-42	-2.8977e-42	0.523895	0.143791	0	0.1	0.0240487
-1.45764	0.766427	2.15425	-1.04089e-12	2.21044e-12	6.62316e-13	-3.58198e-28	1.36334e-28	-1.05832e-27	0.523609	0.143556	0	0.1	0.0308855
-1.92911	0.203327	-1.01754	6.01188e-16	2.12975e-16	6.97058e-16	-4.07081e-41	2.28728e-41	2.77645e-41	0.523432	0.143411	0	0.1	0.0235295
-1.91175	-3.22372	0.638278	6.01188e-16	2.12975e-16	6.97058e-16	7.17316e-43	-1.41595e-41	2.36197e-41	0.523282	0.143287	0	0.1	0.0177966
-2.35956	-3.92683	1.61722	6.01188e-16	2.12975e-16	6.97058e-16	-1.17937e-40	8.83966e-43	1.43668e-40	0.523	0.143056	0	0.1	0.0284964
-2.23419	-1.21764	-0.525348	6.01188e-16	2.12975e-16	6.97058e-16	-7.11974e-43	9.84712e-42	-2.83265e-42	0.522213	0.142411	0	0.1	0.0270393
1.96021	1.65588	-2.03492	6.01188e-16	2.12975e-16	6.97058e-16	1.00066e-40	-6.52207e-41	1.60978e-41	0.521675	0.141971	0	0.1	0.0256562
0.928647	-1.55704	0.265769	6.01188e-16	2.12975e-16	6.97058e-16	6.50123e-41	-5.47061e-41	-1.13675e-43	0.521666	0.141964	0	0.1	0.022342
0.816145	4.20787	0.958883	6.01188e-16	2.12975e-16	6.97058e-16	3.58698e-41	-1.85847e-41	7.83914e-42	0.521614	0.141922	0	0.1	0.0205853
1.43952	4.30655	-0.462881	6.01188e-16	2.12975e-16	6.97058e-16	2.72779e-42	-1.68383e-41	7.10892e-42	0.520533	0.141041	0	0.1	0.0184146
0.228973	-0.360963	2.43329	6.01188e-16	2.12975e-16	6.97058e-16	1.95778e-41	-7.2346e-41	-6.64265e-41	0.520389	0.140924	0	0.1	0.0297161
-1.71161	3.78508	1.33617	6.01188e-16	2.12975e-16	6.97058e-16	-2.68094e-41	-1.09188e-40	4.70835e-41	0.520324	0.140871	0	0.1	0.024419
0.762165	1.14428	-1.33173	6.01188e-16	2.12975e-16	6.97058e-16	1.35561e-41	-2.73604e-41	-5.99748e-41	0.52032	0.140867	0	0.1	0.0211967
-0.257941	1.27055	-0.161876	6.01188e-16	2.12975e-16	6.97058e-16	-2.99563e-41	6.23435e-42	6.90787e-41	0.520271	0.140828	0	0.1	0.027127
0.0675348	-1.52098	0.851213	6.01188e-16	2.12975e-16	6.97058e-16	6.65951e-41	-2.8613e-41	-3.0663e-41	0.520146	0.140726	0	0.1	0.0239009
-1.16012	-2.6707	1.10598	5.55445e-13	-1.38788e-13	-7.58235e-13	-2.75982e-28	-1.17156e-27	1.63491e-29	0.520004	0.140611	0	0.1	0.0198044
1.9301	-2.84311	0.00591101	6.01188e-16	2.12975e-16	6.97058e-16	-8.31923e-42	1.78325e-41	-2.49064e-41	0.519757	0.140411	0	0.1	0.0202336
0.352191	3.23208	-0.483062	-1.55715e-12	1.57536e-12	-3.91117e-14	1.34143e-30	-2.46562e-30	-1.50297e-28	0.518893	0.139712	0	0.1	0.0220745
-1.22116	-1.13895	-0.752173	-4.4843e-13	2.87571e-13	9.5476e-13	-3.96e-28	3.42668e-28	-2.94124e-28	0.518846	0.139674	0	0.1	0.0219627
-1.09054	-4.36595	-0.823088	6.01188e-16	2.12975e-16	6.97058e-16	-5.69651e-41	7.9224e-41	2.08432e-41	0.518509	0.139402	0	0.1	0.0194247
-1.18358	-4.1473	2.2253	6.01188e-16	2.12975e-16	6.97058e-16	1.1674e-41	3.97132e-41	7.81793e-42	0.518469	0.139369	0	0.1	0.0217808
2.01726	-3.35754	-0.899929	6.01188e-16	2.12975e-16	6.97058e-16	5.90932e-42	-2.50802e-41	-3.081e-41	0.518089	0.139064	0	0.1	0.0230612
-0.442537	3.7975	-0.899079	6.01188e-16	2.12975e-16	6.97058e-16	3.64518e-41	-4.63015e-41	6.51436e-41	0.517613	0.13868	0	0.1	0.0196841
0.302695	-1.79596	-0.837948	-3.48076e-13	2.44161e-12	-1.37921e-12	4.78543e-28	-4.42912e-29	-1.99207e-28	0.517573	0.138648	0	0.1	0.0183761
2.24259	0.662619	-2.14776	1.31232e-12	8.07481e-13	4.89082e-13	-2.91068e-28	-4.91157e-28	1.52857e-27	0.517023	0.138207	0	0.1	0.0224297
-1.09799	-2.97978	-1.94727	6.01188e-16	2.12975e-16	6.97058e-16	3.04672e-41	-9.1768e-42	-6.6526e-42	0.515939	0.137339	0	0.1	0.0172029
2.31973	2.30346	1.40748	6.01188e-16	2.12975e-16	6.97058e-16	3.7079e-41	-4.94985e-41	-3.77583e-41	0.51593	0.137332	0	0.1	0.0194534
0.389737	-4.41848	0.113604	6.01188e-16	2.12975e-16	6.97058e-16	1.84751e-41	-9.54843e-42	-8.20736e-41	0.515892	0.137302	0	0.1	0.0215588
-0.161557	-2.53055	0.870832	6.01188e-16	2.12975e-16	6.97058e-16	3.2798e-41	8.00123e-41	1.62808e-41	0.51515	0.13671	0	0.1	0.0266707
1.13912	3.42658	-2.03676	6.01188e-16	2.12975e-16	6.97058e-16	-6.96947e-41	5.39361e-42	-2.08241e-41	0.515017	0.136605	0	0.1	0.0176577
-2.42762	-0.786665	0.441456	6.01188e-16	2.12975e-16	6.97058e-16	-3.20357e-41	2.795e-41	2.02358e-40	0.51479	0.136424	0	0.1	0.0168985
-1.00083	-3.10734	2.03458	6.01188e-16	2.12975e-16	6.97058e-16	9.14779e-42	1.35509e-40	8.10885e-41	0.514608	0.136279	0	0.1	0.0180592
-1.37064	0.266059	-1.89053	6.01188e-16	2.12975e-16	6.97058e-16	-1.85727e-41	3.17658e-41	1.41897e-41	0.514597	0.136271	0	0.1	0.0275856
-0.597663	3.19171	-0.0784214	6.01188e-16	2.12975e-16	6.97058e-16	-1.98595e-41	-4.72988e-41	4.31852e-41	0.514103	0.135879	0	0.1	0.0206345
2.37844	-2.21655	0.694414	6.01188e-16	2.12975e-16	6.97058e-16	9.03784e-41	6.7787e-41	4.95186e-41	0.513382	0.135308	0	0.1	0.0252525
-1.76102	3.71467	2.36623	7.91805e-13	5.21971e-13	3.89097e-13	6.48101e-29	-1.98708e-28	1.30143e-28	0.513251	0.135204	0	0.1	0.0238243
-1.4939	1.75205	-2.25499	6.01188e-16	2.12975e-16	6.97058e-16	1.36153e-41	-4.75759e-41	4.64201e-41	0.51286	0.134895	0	0.1	0.0333766
1.80271	-1.37271	0.786158	6.01188e-16	2.12975e-16	6.97058e-16	-1.42887e-41	-4.00047e-41	-1.42051e-41	0.511987	0.134207	0	0.1	0.0226907
1.14006	2.99503	-1.10437	6.01188e-16	2.12975e-16	6.97058e-16	-7.50358e-41	1.70194e-40	-1.6857e-40	0.511935	0.134166	0	0.1	0.0249843
0.243856	-3.46938	-2.20818	6.01188e-16	2.12975e-16	6.97058e-16	1.80992e-41	-1.08378e-41	3.48613e-41	0.51175	0.134021	0	0.1	0.0215452
2.4037	-4.38412	0.590291	6.01188e-16	2.12975e-16	6.97058e-16	-1.70834e-41	-2.48889e-41	-9.39407e-42	0.511328	0.13369	0	0.1	0.0210269
-0.996166	0.0817672	0.317678	1.7112e-13	1.69339e-13	9.03908e-13	2.38297e-28	-1.63169e-28	-1.58482e-29	0.510397	0.132961	0	0.1	0.0248822
1.81616	-3.16776	2.11489	1.09979e-12	6.09032e-13	1.4174e-12	-1.06727e-29	-2.98629e-28	-6.06084e-29	0.509973	0.13263	0	0.1	0.025942
-0.5132	1.70272	1.25632	6.01188e-16	2.12975e-16	6.97058e-16	-8.19174e-41	2.79273e-41	-2.15062e-42	0.509383	0.13217	0	0.1	0.0176455
2.47524	-3.18596	-1.80387	6.01188e-16	2.12975e-16	6.97058e-16	-1.41571e-40	1.09651e-40	-1.14004e-40	0.509347	0.132142	0	0.1	0.0270944
-1.18143	-3.43724	-0.391497	6.01188e-16	2.12975e-16	6.97058e-16	-5.57685e-42	-3.01326e-42	-7.08416e-42	0.509054	0.131914	0	0.1	0.0195239
1.45226	-2.49311	-2.21362	6.01188e-16	2.12975e-16	6.97058e-16	5.21007e-41	-6.16244e-41	6.29567e-41	0.509023	0.13189	0	0.1	0.0252017
0.741632	1.59306	2.37991	-1.50949e-12	-3.02372e-13	-7.70545e-13	-7.98645e-28	-3.14532e-28	1.44582e-27	0.508934	0.131821	0	0.1	0.0164433
-0.673253	1.43407	2.22537	6.01188e-16	2.12975e-16	6.97058e-16	-7.48438e-42	-3.82082e-41	-3.21177e-41	0.508766	0.131691	0	0.1	0.0259335
-2.23277	-0.136487	2.48097	-8.53903e-13	5.37018e-13	-1.33192e-13	7.07967e-31	-3.38235e-28	-1.3868e-27	0.508406	0.131411	0	0.1	0.0207347
-0.0913498	-1.31884	1.89027	6.01188e-16	2.12975e-16	6.97058e-16	1.47173e-41	-2.83924e-42	-2.763e-41	0.508337	0.131357	0	0.1	0.0202268
-1.77501	-2.42254	-2.47726	6.01188e-16	2.12975e-16	6.97058e-16	1.50907e-41	-5.81188e-41	-1.96742e-42	0.508294	0.131324	0	0.1	0.0305611
1.10046	-3.88858	1.21992	6.01188e-16	2.12975e-16	6.97058e-16	1.80137e-41	4.80038e-42	-7.28222e-41	0.50781	0.13095	0	0.1	0.0202275
2.25824	-3.96137	-2.42572	6.01188e-16	2.12975e-16	6.97058e-16	4.22604e-42	-4.71169e-41	1.65501e-42	0.507753	0.130905	0	0.1	0.0222295
2.18554	0.72083	-1.126	6.01188e-16	2.12975e-16	6.97058e-16	-5.45808e-42	-6.0631e-42	3.46119e-41	0.507742	0.130897	0	0.1	0.0222201
-0.933404	2.04547	-0.164856	6.01188e-16	2.12975e-16	6.97058e-16	3.98934e-42	-1.02889e-42	3.83991e-41	0.507637	0.130816	0	0.1	0.0225785
-1.83064	-1.64615	0.390684	6.01188e-16	2.12975e-16	6.97058e-16	-9.60703e-42	2.20917e-41	1.33731e-41	0.507412	0.130642	0	0.1	0.0178997
-2.2149	2.8163	-0.960447	6.01188e-16	2.12975e-16	6.97058e-16	1.88341e-41	-9.4391e-41	-1.27884e-40	0.507009	0.13033	0	0.1	0.0211579
1.99231	3.76699	-2.48486	6.01188e-16	2.12975e-16	6.97058e-16	-8.43472e-41	-3.69748e-41	-2.23837e-41	0.506882	0.130233	0	0.1	0.0219012
1.70271	-1.84424	-0.347918	6.01188e-16	2.12975e-16	6.97058e-16	6.43417e-42	-6.74497e-41	-3.19538e-41	0.506866	0.130221	0	0.1	0.0225664
0.49874	0.614465	2.25685	6.01188e-16	2.12975e-16	6.97058e-16	1.06617e-41	4.98557e-42	-4.42307e-41	0.50679	0.130162	0	0.1	0.0209613
-2.42116	-1.9084	-1.8871	6.01188e-16	2.12975e-16	6.97058e-16	2.77608e-41	-1.97928e-41	2.35755e-41	0.5066	0.130015	0	0.1	0.0266236
1.88104	-1.77453	1.71838	4.25261e-13	8.58709e-13	1.072e-12	-8.54779e-28	4.54324e-28	-2.12562e-29	0.505811	0.129409	0	0.1	0.0278737
-2.1553	1.49391	-0.986738	6.01188e-16	2.12975e-16	6.97058e-16	4.67577e-41	5.1667e-41	-1.70734e-41	0.505626	0.129267	0	0.1	0.0213432
0.0712772	-0.165187	1.43846	6.01188e-16	2.12975e-16	6.97058e-16	-1.09551e-40	1.82054e-41	-8.08872e-41	0.505592	0.129241	0	0.1	0.0241892
1.55334	0.789071	0.80722	6.01188e-16	2.12975e-16	6.97058e-16	6.83236e-41	-1.3015e-41	-3.54273e-41	0.505452	0.129134	0	0.1	0.0199696
2.45604	2.32313	0.395151	6.01188e-16	2.12975e-16	6.97058e-16	5.41248e-41	1.37971e-41	-3.34581e-41	0.505336	0.129045	0	0.1	0.0196194
-0.474983	0.46263	2.01229	6.01188e-16	2.12975e-16	6.97058e-16	-7.88947e-41	-2.41046e-41	1.882e-41	0.505116	0.128877	0	0.1	0.022122
-1.54975	2.84818	-0.197956	-8.23762e-13	2.47268e-13	-7.66963e-13	-2.42607e-28	-1.18192e-28	2.28142e-28	0.504879	0.128695	0	0.1	0.020801
1.80352	2.2904	-0.375158	6.01188e-16	2.12975e-16	6.97058e-16	5.91606e-41	-2.32632e-41	-2.48954e-41	0.504584	0.12847	0	0.1	0.0220803
1.68342	-4.40389	1.86789	6.01188e-16	2.12975e-16	6.97058e-16	1.81119e-41	-5.58186e-42	-3.07646e-41	0.504566	0.128456	0	0.1	0.021785
-1.00702	0.818195	1.23177	6.01188e-16	2.12975e-16	6.97058e-16	-4.7131e-42	2.29919e-41	7.79554e-42	0.503757	0.127839	0	0.1	0.0269951
-0.665283	-2.02339	-1.07159	6.01188e-16	2.12975e-16	6.97058e-16	3.72401e-41	-1.7841e-40	-2.40658e-41	0.503666	0.12777	0	0.1	0.020935
-1.6978	-1.17725	1.27616	6.01188e-16	2.12975e-16	6.97058e-16	-3.58807e-42	-4.02168e-42	-1.93396e-42	0.503279	0.127476	0	0.1	0.0278441
2.27744	3.15226	-0.154474	3.98768e-12	-3.40903e-12	-1.0628e-12	6.14163e-29	-6.27671e-28	2.68924e-27	0.502994	0.127259	0	0.1	0.0203771
1.94396	2.43443	-1.36879	6.01188e-16	2.12975e-16	6.97058e-16	1.5903e-40	-1.71845e-42	2.3687e-40	0.502964	0.127236	0	0.1	0.0211301
-0.0940428	0.620726	-1.13194	6.01188e-16	2.12975e-16	6.97058e-16	-2.33687e-41	-2.9072e-41	-2.02506e-41	0.502714	0.127046	0	0.1	0.0257002
-0.00122482	3.7621	0.531897	6.01188e-16	2.12975e-16	6.97058e-16	3.26151e-41	-9.65274e-42	1.56896e-40	0.50255	0.126922	0	0.1	0.0267427
0.733034	-3.62224	-0.420643	8.02469e-13	-5.12828e-13	-3.79417e-14	-4.58055e-29	5.41665e-29	-1.61474e-27	0.502442	0.12684	0	0.1	0.0206957
-2.33402	0.656444	0.786305	-1.17701e-12	1.47004e-12	-4.46255e-12	-3.53456e-28	-5.12109e-28	-9.06678e-29	0.50229	0.126726	0	0.1	0.020515
-0.728264	3.61245	1.6803	6.01188e-16	2.12975e-16	6.97058e-16	1.16301e-40	2.83205e-43	-5.5761e-43	0.501803	0.126357	0	0.1	0.027335
0.33778	2.24708	1.20985	6.01188e-16	2.12975e-16	6.97058e-16	5.27318e-41	-5.73547e-41	-1.23426e-41	0.501655	0.126246	0	0.1	0.0234432
0.437475	-3.06394	1.61391	6.01188e-16	2.12975e-16	6.97058e-16	9.69926e-42	-5.1642e-41	6.60203e-41	0.501502	0.12613	0	0.1	0.0257902
-0.428827	-1.05552	-2.19511	6.01188e-16	2.12975e-16	6.97058e-16	1.18662e-41	-7.62366e-42	3.77081e-41	0.501498	0.126127	0	0.1	0.0224381
0.130819	-3.33963	0.330322	-4.54712e-13	-5.30181e-13	-7.88051e-13	-7.523e-28	-1.92607e-28	5.86388e-28	0.500645	0.125485	0	0.1	0.0173698
1.62111	2.12992	2.12527	6.01188e-16	2.12975e-16	6.97058e-16	6.35464e-41	7.90214e-41	8.12264e-41	0.500505	0.125379	0	0.1	0.0174462
-1.81016	2.63241	-1.86474	4.54177e-13	-1.22158e-12	3.12998e-13	-5.11943e-29	4.11841e-29	2.15148e-28	0.500425	0.125319	0	0.1	0.0191956
-0.0599525	1.68679	-1.59852	6.01188e-16	2.12975e-16	6.97058e-16	3.17826e-41	-1.2807e-41	1.81264e-41	0.500152	0.125114	0	0.1	0.0289696
-0.241816	-1.00243	-0.506238	6.01188e-16	2.12975e-16	6.97058e-16	-2.44492e-41	-2.18832e-41	6.25806e-42	0.50005	0.125037	0	0.1	0.0170514
-0.720632	-3.927	0.55215	6.01188e-16	2.12975e-16	6.97058e-16	-1.53556e-40	4.07486e-41	-5.90029e-41	0.499913	0.124935	0	0.1	0.0202864
-1.7504	-0.379646	-0.195534	6.01188e-16	2.12975e-16	6.97058e-16	-8.05459e-41	-3.31335e-41	-6.16277e-43	0.499909	0.124931	0	0.1	0.0206185
-0.847744	4.18326	0.865716	6.01188e-16	2.12975e-16	6.97058e-16	-2.38555e-41	2.09132e-41	-1.58675e-40	0.499869	0.124902	0	0.1	0.0208104
-1.91352	2.73829	1.91083	6.01188e-16	2.12975e-16	6.97058e-16	-1.63265e-42	1.03138e-41	-9.45686e-42	0.498933	0.124202	0	0.1	0.0237832
1.01577	-1.84516	-1.57702	6.01188e-16	2.12975e-16	6.97058e-16	-6.07716e-41	1.22557e-40	1.98302e-41	0.498754	0.124068	0	0.1	0.0220342
0.566619	-0.650941	-0.0328886	9.20784e-13	-3.78233e-13	1.58295e-13	-1.04957e-28	-3.64345e-28	-2.64002e-28	0.498719	0.124042	0	0.1	0.0239869
-2.37307	-1.17249	2.01455	6.01188e-16	2.12975e-16	6.97058e-16	4.47871e-41	-4.46831e-42	-2.41493e-41	0.497341	0.123016	0	0.1	0.0264234
0.000726084	0.981079	0.778551	6.01188e-16	2.12975e-16	6.97058e-16	-5.90406e-41	4.79966e-41	-2.03024e-41	0.49708	0.122823	0	0.1	0.0208778
1.28654	-4.01435	-1.1549	-9.83268e-13	-9.11859e-14	8.61749e-13	7.44814e-29	1.91895e-28	1.09052e-28	0.49698	0.122749	0	0.1	0.0197177
0.550811	-1.27121	-2.24499	5.59707e-13	8.7321e-13	6.16793e-13	1.51194e-27	-5.53487e-28	-5.99186e-28	0.496954	0.122729	0	0.1	0.0252878
-1.23722	-0.195665	1.25484	-3.97242e-13	-1.08993e-12	-2.71826e-12	1.5947e-27	-2.65475e-28	-1.30897e-28	0.496238	0.122199	0	0.1	0.0298312
-1.13804	-2.00103	1.87025	6.01188e-16	2.12975e-16	6.97058e-16	-5.02904e-42	-4.04564e-41	4.06108e-43	0.496087	0.122088	0	0.1	0.0307296
-1.47814	-4.15515	1.15959	6.01188e-16	2.12975e-16	6.97058e-16	-5.61246e-41	-7.50377e-41	-1.58828e-40	0.49558	0.121714	0	0.1	0.0236715
1.07723	-0.673436	0.835794	6.01188e-16	2.12975e-16	6.97058e-16	5.78426e-41	1.91694e-41	2.04069e-42	0.495221	0.12145	0	0.1	0.020265
-0.230964	0.841834	-2.09525	6.01188e-16	2.12975e-16	6.97058e-16	-1.2103e-42	2.72946e-41	-6.18877e-42	0.494792	0.121135	0	0.1	0.026015
-1.05156	3.2111	0.821948	6.01188e-16	2.12975e-16	6.97058e-16	-2.33646e-40	-3.66462e-40	1.16122e-40	0.494194	0.120696	0	0.1	0.0175929
-1.49928	3.82115	-1.65354	6.01188e-16	2.12975e-16	6.97058e-16	6.35939e-42	-3.16801e-42	-1.66459e-43	0.494182	0.120687	0	0.1	0.0210717
-1.83351	-3.42399	-2.49149	6.01188e-16	2.12975e-16	6.97058e-16	1.02334e-41	3.48526e-41	5.55219e-42	0.494105	0.120631	0	0.1	0.0193728
-0.269546	-3.85383	-0.421238	6.01188e-16	2.12975e-16	6.97058e-16	2.53201e-41	8.22666e-42	-3.1749e-41	0.493902	0.120482	0	0.1	0.0158642
1.64219	1.7466	0.457347	6.01188e-16	2.12975e-16	6.97058e-16	1.54745e-40	2.87643e-41	-7.65369e-41	0.493897	0.120478	0	0.1	0.020579
0.822551	2.5847	-2.49362	6.01188e-16	2.12975e-16	6.97058e-16	-9.89369e-44	2.75814e-41	1.40694e-41	0.493667	0.12031	0	0.1	0.015638
-0.0797804	-1.9395	-1.87473	-8.18346e-13	5.21979e-13	-7.25577e-13	-6.27392e-28	-7.09858e-28	1.86465e-28	0.49365	0.120297	0	0.1	0.0226729
1.00014	-1.32884	1.87407	6.01188e-16	2.12975e-16	6.97058e-16	2.03459e-41	3.69832e-41	-3.51122e-41	0.493612	0.12027	0	0.1	0.0181963
-0.678501	-0.515267	2.00735	6.01188e-16	2.12975e-16	6.97058e-16	8.6745e-41	-6.38908e-42	-3.31747e-41	0.493572	0.120241	0	0.1	0.0210794
-0.13957	-4.48628	-2.37978	6.01188e-16	2.12975e-16	6.97058e-16	2.1928e-42	-5.59376e-41	-7.89506e-41	0.493515	0.120199	0	0.1	0.0171561
-1.41025	-2.07313	-0.410889	6.01188e-16	2.12975e-16	6.97058e-16	2.13652e-40	-6.89479e-41	-2.32169e-42	0.493297	0.12004	0	0.1	0.027694
0.855305	0.189363	0.40805	6.01188e-16	2.12975e-16	6.97058e-16	1.00177e-40	-4.57962e-41	-3.6368e-41	0.492972	0.119803	0	0.1	0.0213973
-0.802344	3.83465	-2.35261	6.01188e-16	2.12975e-16	6.97058e-16	6.6114e-41	-9.55698e-42	6.97624e-41	0.492872	0.11973	0	0.1	0.0204913
1.63733	1.55178	-1.02451	6.01188e-16	2.12975e-16	6.97058e-16	8.39804e-41	-6.77315e-42	5.12518e-41	0.492758	0.119647	0	0.1	0.0199213
-1.24499	2.24351	0.836621	6.01188e-16	2.12975e-16	6.97058e-16	6.79096e-41	1.23129e-40	8.81834e-41	0.4926	0.119532	0	0.1	0.0168795
1.54998	3.51152	1.03274	6.01188e-16	2.12975e-16	6.97058e-16	-8.33543e-41	-8.37196e-41	-6.04355e-41	0.492534	0.119484	0	0.1	0.0217682
-0.948965	-4.39802	-1.82382	6.01188e-16	2.12975e-16	6.97058e-16	1.13988e-40	1.16866e-40	-3.71782e-41	0.492295	0.11931	0	0.1	0.0174823
1.2413	2.63479	1.35852	6.01188e-16	2.12975e-16	6.97058e-16	-6.60206e-41	1.51996e-41	1.62768e-41	0.492272	0.119293	0	0.1	0.0228098
-1.15118	3.10061	-1.07656	6.01188e-16	2.12975e-16	6.97058e-16	1.43923e-41	5.42326e-42	3.99882e-41	0.491925	0.119041	0	0.1	0.0218055
-0.771125	-2.64213	0.0771425	6.01188e-16	2.12975e-16	6.97058e-16	4.01082e-42	4.13201e-41	3.96593e-41	0.491617	0.118818	0	0.1	0.0286276
-0.91198	0.613234	-0.566735	6.01188e-16	2.12975e-16	6.97058e-16	2.38705e-41	1.11319e-41	5.48013e-41	0.491485	0.118722	0	0.1	0.0256253
-1.32636	-0.833682	-1.83314	6.01188e-16	2.12975e-16	6.97058e-16	-2.45038e-42	-6.09888e-41	2.40317e-41	0.491288	0.118579	0	0.1	0.0209662
1.71941	3.79065	-1.29956	-7.34889e-13	3.79314e-13	-7.18675e-13	-7.03057e-29	-5.2017e-29	4.57337e-29	0.491145	0.118475	0	0.1	0.0151807
-1.5135	-1.74147	-1.50807	6.01188e-16	2.12975e-16	6.97058e-16	-9.17543e-42	-7.32527e-41	1.09025e-41	0.490831	0.118248	0	0.1	0.0241826
-1.86181	1.7163	-0.00308517	6.01188e-16	2.12975e-16	6.97058e-16	1.30083e-41	-2.46379e-42	-4.91e-41	0.490352	0.117903	0	0.1	0.0185912
1.67387	-0.825748	-0.607443	6.01188e-16	2.12975e-16	6.97058e-16	1.84925e-41	-5.60587e-41	-6.8945e-42	0.490022	0.117665	0	0.1	0.0216891
0.866309	-2.99751	-1.58075	6.01188e-16	2.12975e-16	6.97058e-16	-4.57871e-41	-1.02677e-40	-8.39229e-41	0.490019	0.117663	0	0.1	0.0224982
-0.413951	-4.49808	1.67606	-8.28759e-13	3.38113e-13	6.29499e-13	1.70056e-28	1.72548e-27	-6.93591e-28	0.489751	0.11747	0	0.1	0.0233129
0.810419	-2.28902	0.953652	6.01188e-16	2.12975e-16	6.97058e-16	5.67697e-41	6.30983e-42	2.8852e-41	0.489751	0.117469	0	0.1	0.0185209
1.30735	-4.05593	-2.14028	1.01974e-13	-7.9118e-13	1.0199e-12	-3.12838e-28	-4.63027e-29	-7.70679e-30	0.489355	0.117185	0	0.1	0.0171772
-1.41254	-1.12789	2.23538	6.01188e-16	2.12975e-16	6.97058e-16	-5.80033e-42	-3.08867e-41	7.5349e-41	0.48916	0.117045	0	0.1	0.0235671
-0.0639951	2.16174	-2.46604	6.01188e-16	2.12975e-16	6.97058e-16	-7.8842e-41	-1.00182e-40	2.63996e-40	0.488799	0.116786	0	0.1	0.0176967
1.07378	-3.14438	0.557541	6.01188e-16	2.12975e-16	6.97058e-16	3.70014e-42	-2.08536e-42	-4.50633e-41	0.488716	0.116726	0	0.1	0.0147992
2.30025	-3.04752	1.24946	6.01188e-16	2.12975e-16	6.97058e-16	-1.00745e-40	2.6008e-41	1.04179e-40	0.488661	0.116687	0	0.1	0.0261525
-1.00887	-0.212411	-1.08549	6.01188e-16	2.12975e-16	6.97058e-16	3.25244e-41	1.44808e-41	-5.8106e-42	0.488379	0.116485	0	0.1	0.0209185
0.0223496	-2.73808	-1.05456	1.24505e-12	6.49611e-14	-1.56081e-13	-1.87479e-29	9.49606e-29	-1.10102e-28	0.488246	0.11639	0	0.1	0.0145382
-1.32319	3.82598	-0.353045	6.01188e-16	2.12975e-16	6.97058e-16	4.08483e-41	-5.04785e-41	1.234e-41	0.487898	0.116141	0	0.1	0.0217965
-2.29235	1.74	2.14196	6.01188e-16	2.12975e-16	6.97058e-16	2.34105e-41	-1.06734e-41	-1.47353e-42	0.487754	0.116039	0	0.1	0.0369468
1.77933	-1.5144	-2.32745	6.01188e-16	2.12975e-16	6.97058e-16	2.85774e-41	-3.26701e-41	-1.80363e-42	0.487422	0.115802	0	0.1	0.0215229
-2.37453	-3.79161	-0.222694	1.32261e-12	7.89014e-14	-9.55991e-13	-8.95524e-29	1.02026e-27	-3.90498e-29	0.487408	0.115792	0	0.1	0.0172106
0.967905	4.01556	2.17093	6.01188e-16	2.12975e-16	6.97058e-16	-5.00954e-41	-4.60252e-42	2.31032e-41	0.486733	0.115312	0	0.1	0.0179266
1.91694	-1.51095	-1.25993	6.01188e-16	2.12975e-16	6.97058e-16	-6.43077e-41	-2.96031e-41	-5.50623e-41	0.48673	0.115309	0	0.1	0.0180565
0.0628506	2.26141	-0.776911	6.01188e-16	2.12975e-16	6.97058e-16	-1.31102e-41	-2.85424e-41	7.11299e-42	0.486549	0.115181	0	0.1	0.0219864
-0.259549	-0.166708	-1.70762	6.01188e-16	2.12975e-16	6.97058e-16	1.75867e-41	2.09126e-40	6.5359e-42	0.486527	0.115165	0	0.1	0.0247776
2.2999	4.50957	-1.61926	6.01188e-16	2.12975e-16	6.97058e-16	-2.50764e-42	-4.23748e-41	-1.35807e-41	0.486408	0.115081	0	0.1	0.0190063
2.40733	4.12853	-0.249625	6.01188e-16	2.12975e-16	6.97058e-16	1.43404e-41	-1.82125e-41	-4.64768e-41	0.486326	0.115022	0	0.1	0.0157558
-0.114134	-2.31156	1.93694	1.64244e-12	-1.20839e-12	-6.25935e-13	6.25565e-28	-3.97195e-29	-1.28201e-27	0.485665	0.114554	0	0.1	0.0178416
0.598556	0.277769	-1.81507	6.01188e-16	2.12975e-16	6.97058e-16	-1.09845e-41	1.93308e-41	4.31345e-42	0.485233	0.114249	0	0.1	0.0186162
0.485862	-4.29131	-1.65257	6.01188e-16	2.12975e-16	6.97058e-16	-3.97843e-41	5.41882e-42	3.93506e-41	0.485122	0.11417	0	0.1	0.0166384
-2.18508	-0.699159	-1.3881	6.01188e-16	2.12975e-16	6.97058e-16	1.01763e-41	-8.2662e-41	-1.5229e-41	0.485118	0.114168	0	0.1	0.0266486
-0.800455	1.4914	-0.978868	6.01188e-16	2.12975e-16	6.97058e-16	2.97568e-41	-7.32585e-42	5.26881e-42	0.484966	0.11406	0	0.1	0.0299095
0.141821	-4.05193	1.01108	6.01188e-16	2.12975e-16	6.97058e-16	-4.82378e-41	9.82353e-41	1.6964e-41	0.484714	0.113882	0	0.1	0.024062
-0.0623147	0.311482	0.0638782	6.01188e-16	2.12975e-16	6.97058e-16	6.02912e-41	-4.15969e-42	-5.81905e-42	0.484214	0.11353	0	0.1	0.0192866
0.148673	3.21117	1.90501	6.01188e-16	2.12975e-16	6.97058e-16	-4.16128e-42	-3.75799e-41	6.52279e-42	0.484031	0.113401	0	0.1	0.0236254
0.368783	-3.98752	1.95056	4.50113e-12	-1.17272e-12	-2.16684e-12	5.10961e-30	4.49918e-28	-2.14206e-28	0.483887	0.1133	0	0.1	0.0195818
-0.516153	2.67932	1.44405	6.01188e-16	2.12975e-16	6.97058e-16	-8.18184e-41	-1.16687e-40	-7.21664e-41	0.483483	0.113017	0	0.1	0.0185303
-2.4642	3.68249	0.644897	-8.58141e-13	-6.52336e-13	7.6898e-13	4.58363e-28	9.42182e-28	1.28828e-27	0.48346	0.113001	0	0.1	0.0184523
-0.547543	4.33177	-0.0588542	6.01188e-16	2.12975e-16	6.97058e-16	6.33265e-41	2.91493e-40	5.6953e-41	0.483335	0.112913	0	0.1	0.0194462
1.31667	-4.06796	0.268365	6.01188e-16	2.12975e-16	6.97058e-16	-8.43012e-42	-1.1915e-41	2.50629e-42	0.483107	0.112753	0	0.1	0.0198936
-2.36991	-2.18038	-0.268423	6.01188e-16	2.12975e-16	6.97058e-16	-2.76714e-41	5.49379e-41	-7.43743e-41	0.48233	0.11221	0	0.1	0.0168432
2.23004	0.439959	1.87805	-1.2025e-12	-7.47965e-13	-9.0562e-13	8.35285e-28	-1.7082e-27	2.81728e-28	0.482189	0.112112	0	0.1	0.0253718
0.343543	2.59798	-1.64082	6.01188e-16	2.12975e-16	6.97058e-16	7.27707e-42	-3.62547e-43	5.04637e-42	0.482074	0.112032	0	0.1	0.0184793
-0.964431	-1.00302	0.2402	6.01188e-16	2.12975e-16	6.97058e-16	1.24191e-41	-1.48173e-41	-4.13627e-41	0.481799	0.11184	0	0.1	0.0229473
1.43793	2.77698	0.400948	6.01188e-16	2.12975e-16	6.97058e-16	-9.3097e-41	-2.2774e-41	-3.56657e-41	0.48163	0.111723	0	0.1	0.0213092
1.36813	0.950504	1.89013	6.01188e-16	2.12975e-16	6.97058e-16	-3.61149e-43	-1.00617e-42	1.06191e-41	0.481265	0.111469	0	0.1	0.0185969
2.31815	3.74772	1.58242	6.01188e-16	2.12975e-16	6.97058e-16	3.88455e-41	6.69263e-41	2.61022e-41	0.481099	0.111353	0	0.1	0.0232413
1.18098	-2.46036	1.83463	6.01188e-16	2.12975e-16	6.97058e-16	-2.32352e-41	-8.17362e-41	5.98318e-41	0.480964	0.11126	0	0.1	0.0194867
1.26141	-2.6867	-0.750718	6.01188e-16	2.12975e-16	6.97058e-16	1.43359e-41	-1.22253e-41	-3.86252e-41	0.480226	0.110748	0	0.1	0.0197957
0.718332	0.564839	1.29542	6.01188e-16	2.12975e-16	6.97058e-16	1.93528e-41	4.71655e-41	8.04912e-41	0.480221	0.110745	0	0.1	0.0149685
-0.201995	-0.508958	0.556038	9.66364e-14	1.49e-12	7.30987e-13	-5.0391e-28	2.23356e-29	1.58312e-29	0.479907	0.110528	0	0.1	0.0231486
-2.27922	-2.2899	1.68321	6.01188e-16	2.12975e-16	6.97058e-16	6.65685e-42	-1.85518e-41	-5.03955e-41	0.479792	0.110448	0	0.1	0.0273478
-1.88294	-4.30391	-2.07736	2.00271e-12	-2.42653e-12	-2.62404e-12	-2.42728e-28	-1.13415e-27	8.25837e-28	0.479539	0.110274	0	0.1	0.021309
1.27517	0.903029	-2.15502	-7.21635e-13	1.39759e-12	5.09585e-13	1.1248e-27	2.6804e-28	8.5992e-28	0.479243	0.11007	0	0.1	0.0179813
0.492918	2.91417	0.507776	6.01188e-16	2.12975e-16	6.97058e-16	-5.72745e-42	-4.17113e-41	-7.56925e-41	0.478999	0.109902	0	0.1	0.0230658
0.356831	3.53611	-1.43365	-1.63593e-12	-1.75123e-12	-1.14408e-12	5.56297e-28	-2.39315e-28	-4.1173e-28	0.478694	0.109692	0	0.1	0.017016
2.17088	-0.637017	1.33799	6.01188e-16	2.12975e-16	6.97058e-16	6.55594e-41	3.86299e-42	1.36649e-41	0.478583	0.109615	0	0.1	0.020662
-0.643034	2.91833	2.36724	6.01188e-16	2.12975e-16	6.97058e-16	1.96557e-41	-9.33009e-41	3.49761e-41	0.478314	0.109431	0	0.1	0.0187638
-1.87726	-2.8466	-0.767394	6.01188e-16	2.12975e-16	6.97058e-16	-4.75417e-41	1.64469e-42	3.20257e-41	0.477951	0.109182	0	0.1	0.0215856
-0.86598	2.40954	-1.73879	-2.58955e-12	-8.3666e-13	-2.00201e-12	-2.62699e-28	2.19586e-27	-5.67982e-28	0.477727	0.109028	0	0.1	0.0257515
-0.732956	-1.02581	1.1828	6.01188e-16	2.12975e-16	6.97058e-16	6.55472e-41	-1.12093e-42	2.92459e-41	0.477721	0.109024	0	0.1	0.0260878
1.19078	-0.480561	-1.86742	-8.12589e-13	4.7305e-13	1.77509e-13	7.06623e-28	2.05898e-28	2.23495e-28	0.477683	0.108998	0	0.1	0.0218377
-0.405541	-3.50186	-1.46262	-2.3171e-12	5.61953e-14	-1.54197e-14	-5.78351e-33	4.04464e-29	1.37764e-28	0.477452	0.10884	0	0.1	0.0205341
0.144659	-0.993015	-1.40408	6.01188e-16	2.12975e-16	6.97058e-16	-1.61128e-41	1.20987e-41	3.65013e-41	0.477429	0.108825	0	0.1	0.0190177
1.85157	-0.123498	0.597989	6.01188e-16	2.12975e-16	6.97058e-16	4.95829e-41	2.17925e-41	2.98216e-40	0.477005	0.108535	0	0.1	0.0211129
-0.341001	2.43522	0.528703	6.01188e-16	2.12975e-16	6.97058e-16	-3.08918e-42	5.59973e-42	-2.02399e-42	0.476943	0.108493	0	0.1	0.0177019
1.3443	0.0640162	-0.420367	6.01188e-16	2.12975e-16	6.97058e-16	6.60317e-42	-2.5842e-41	-5.81368e-41	0.476921	0.108477	0	0.1	0.0252582
0.83864	1.44829	0.947633	6.01188e-16	2.12975e-16	6.97058e-16	-3.61733e-41	-1.3091e-41	3.13534e-41	0.476739	0.108353	0	0.1	0.0238363
1.47901	0.00926272	1.46566	6.01188e-16	2.12975e-16	6.97058e-16	-2.21912e-41	1.31437e-41	4.25653e-41	0.476537	0.108216	0	0.1	0.0191973
1.9691	-2.46809	-1.35598	6.01188e-16	2.12975e-16	6.97058e-16	-1.47782e-40	1.26205e-40	2.03388e-40	0.476304	0.108057	0	0.1	0.0214038
-2.08133	-4.42008	-0.891866	6.01188e-16	2.12975e-16	6.97058e-16	9.35448e-42	-1.42796e-41	2.45998e-41	0.476141	0.107946	0	0.1	0.0167838
2.35696	2.51333	-2.36007	6.01188e-16	2.12975e-16	6.97058e-16	-2.6885e-43	-1.03172e-42	7.87902e-42	0.475741	0.107674	0	0.1	0.0206338
-1.95799	2.88984	0.949	6.01188e-16	2.12975e-16	6.97058e-16	-1.40212e-41	2.81525e-41	-4.07255e-41	0.475658	0.107618	0	0.1	0.0195042
-1.46156	2.18743	-1.00275	6.01188e-16	2.12975e-16	6.97058e-16	1.59047e-41	1.30854e-42	-1.31554e-41	0.475209	0.107314	0	0.1	0.0216764
-2.28336	-3.04111	2.0158	-5.2887e-12	-7.39598e-13	9.31047e-13	5.61725e-28	-6.44456e-27	-2.03016e-27	0.274983	0.0207931	0	0.1	0.0120255
0.346136	-2.22272	0.349699	6.01188e-16	2.12975e-16	6.97058e-16	1.81018e-41	3.52956e-41	-1.521e-41	0.27481	0.0207537	0	0.1	0.0094751
1.43737	4.44451	-1.62671	6.01188e-16	2.12975e-16	6.97058e-16	3.70372e-40	-5.97733e-40	-1.79933e-40	0.274774	0.0207457	0	0.1	0.00994379
1.22847	3.0218	-0.283611	6.01188e-16	2.12975e-16	6.97058e-16	-4.12546e-40	-3.26633e-41	8.4852e-41	0.274686	0.0207258	0	0.1	0.0160505
-1.31051	-3.09595	-1.1949	6.01188e-16	2.12975e-16	6.97058e-16	-2.38634e-41	-2.99028e-40	-3.47639e-40	0.274441	0.0206704	0	0.1	0.0132244
-2.38858	-0.0327394	1.42682	-3.58574e-12	-6.99758e-12	-7.53781e-13	2.78915e-27	-9.48028e-28	-4.26308e-27	0.274388	0.0206583	0	0.1	0.00675194
0.568399	-1.98868	2.05777	6.01188e-16	2.12975e-16	6.97058e-16	3.13061e-41	-9.90574e-41	3.8753e-41	0.274318	0.0206425	0	0.1	0.00925933
1.61855	2.38064	-2.07426	6.01188e-16	2.12975e-16	6.97058e-16	9.11827e-41	-8.60402e-42	-2.61851e-41	0.274256	0.0206286	0	0.1	0.00911804
0.132857	1.73264	0.666176	6.01188e-16	2.12975e-16	6.97058e-16	3.88902e-41	1.14398e-41	-1.14665e-41	0.274189	0.0206135	0	0.1	0.0187209
0.18396	0.231872	0.776826	6.01188e-16	2.12975e-16	6.97058e-16	-2.65404e-40	-7.12241e-41	-1.77379e-40	0.274166	0.0206082	0	0.1	0.0139934
1.94348	-3.77922	0.788086	2.0855e-12	-3.16991e-12	3.55479e-12	4.7668e-27	8.55343e-28	-2.16669e-27	0.274031	0.0205778	0	0.1	0.0138895
1.16903	-1.36268	-0.989057	6.01188e-16	2.12975e-16	6.97058e-16	-4.65982e-41	3.73819e-41	-2.91607e-42	0.273922	0.0205532	0	0.1	0.0104998
0.875533	3.22152	1.68998	6.01188e-16	2.12975e-16	6.97058e-16	-2.44438e-40	-3.54263e-40	3.54068e-40	0.273902	0.0205487	0	0.1	0.0108312
-1.52898	1.06423	-0.603416	-1.06467e-12	-5.37353e-12	-1.01873e-13	-5.62339e-28	-5.47938e-29	8.80282e-27	0.273648	0.0204916	0	0.1	0.0112722
1.70088	3.66611	-0.072611	-9.69347e-12	6.68677e-12	-1.46939e-11	2.21986e-26	2.17637e-26	2.60082e-26	0.273643	0.0204905	0	0.1	0.0128174
-1.11394	-3.26101	0.534284	6.01188e-16	2.12975e-16	6.97058e-16	8.55005e-43	5.34992e-43	7.19631e-42	0.27359	0.0204785	0	0.1	0.00996173
0.0556604	-2.75066	-0.167081	-8.908e-12	-7.38052e-12	7.58338e-12	2.361e-27	-1.05062e-26	-7.5706e-27	0.273547	0.020469	0	0.1	0.0114574
0.655452	3.56596	0.168215	-4.76963e-12	-3.59068e-12	2.24957e-12	3.64199e-27	2.34077e-27	1.18273e-26	0.273295	0.0204123	0	0.1	0.0105683
0.384422	3.69588	-2.46151	6.01188e-16	2.12975e-16	6.97058e-16	-7.03605e-41	4.72319e-41	-1.15623e-40	0.273241	0.0204004	0	0.1	0.0093796
0.444021	-2.44352	2.43403	6.01188e-16	2.12975e-16	6.97058e-16	1.92852e-40	8.57729e-41	-1.93662e-40	0.273196	0.0203902	0	0.1	0.0113177
0.199048	-1.3639	0.0164622	6.01188e-16	2.12975e-16	6.97058e-16	7.89017e-41	2.4579e-40	-2.47864e-40	0.273079	0.0203641	0	0.1	0.00899469
-0.564505	-0.0416359	-0.379426	6.01188e-16	2.12975e-16	6.97058e-16	1.39828e-40	1.48691e-40	-3.17909e-41	0.273018	0.0203505	0	0.1	0.00831503
0.10015	3.1833	-2.05116	6.01188e-16	2.12975e-16	6.97058e-16	4.29227e-41	5.51568e-42	-3.21411e-41	0.272897	0.0203234	0	0.1	0.01081
1.25987	0.714721	-0.801475	2.96839e-12	6.72118e-12	4.21121e-12	-1.32214e-26	-4.35028e-27	1.63921e-26	0.272697	0.0202787	0	0.1	0.0128227
-1.02433	1.30605	0.627279	6.01188e-16	2.12975e-16	6.97058e-16	-2.91835e-42	-4.27563e-41	3.33346e-42	0.272615	0.0202605	0	0.1	0.0101973
1.08032	3.26412	2.19483	6.01188e-16	2.12975e-16	6.97058e-16	5.04838e-41	-9.51129e-42	-3.50177e-42	0.272555	0.0202472	0	0.1	0.011596
-1.51254	-3.63901	-1.82825	6.01188e-16	2.12975e-16	6.97058e-16	1.71046e-41	2.73995e-41	-7.2715e-41	0.271744	0.0200669	0	0.1	0.00900076
0.617922	1.17239	1.72729	6.01188e-16	2.12975e-16	6.97058e-16	-4.38429e-40	2.86981e-41	2.90227e-40	0.271606	0.0200363	0	0.1	0.00949637
-0.643594	-1.65066	-0.392086	6.01188e-16	2.12975e-16	6.97058e-16	3.16869e-41	-2.25426e-41	9.42965e-41	0.271091	0.0199226	0	0.1	0.012656
1.6029	0.268935	-2.38594	-4.30817e-12	-1.33291e-11	1.71453e-12	7.70174e-27	-6.41267e-27	2.85948e-26	0.270962	0.0198941	0	0.1	0.0102203
0.861119	-4.4827	1.66352	6.01188e-16	2.12975e-16	6.97058e-16	3.86672e-40	-1.3274e-40	9.13916e-41	0.270951	0.0198918	0	0.1	0.0086495
2.29437	3.07392	1.24926	6.01188e-16	2.12975e-16	6.97058e-16	-4.01614e-42	-1.7695e-40	-1.00885e-40	0.270899	0.0198803	0	0.1	0.00844176
1.845	3.04345	-2.24034	6.01188e-16	2.12975e-16	6.97058e-16	-2.68628e-40	-2.92673e-41	1.638e-40	0.27089	0.0198782	0	0.1	0.00572151
-1.12739	-0.310976	-2.36356	6.01188e-16	2.12975e-16	6.97058e-16	-5.46965e-41	-1.38089e-41	-9.44342e-42	0.270139	0.0197134	0	0.1	0.0108545
0.445166	2.18689	1.97184	6.01188e-16	2.12975e-16	6.97058e-16	-1.74967e-40	-8.87281e-40	1.26128e-40	0.270026	0.0196887	0	0.1	0.00705602
-0.673319	-0.794955	-1.44443	6.01188e-16	2.12975e-16	6.97058e-16	-4.75138e-42	5.50807e-41	-1.82684e-42	0.269606	0.0195969	0	0.1	0.0107383
-2.31343	-3.73485	-1.07384	6.01188e-16	2.12975e-16	6.97058e-16	1.22575e-40	-9.61861e-42	-1.43161e-40	0.269573	0.0195898	0	0.1	0.010782
0.397287	1.13967	-0.630658	-2.29398e-12	4.27287e-13	2.03759e-12	3.92194e-26	-4.83635e-27	-5.57686e-27	0.26954	0.0195826	0	0.1	0.00741936
-1.33839	2.80361	1.40066	6.01188e-16	2.12975e-16	6.97058e-16	1.49492e-40	-4.07128e-41	4.20079e-41	0.269436	0.01956	0	0.1	0.0135357
2.02872	3.09365	-0.974031	6.01188e-16	2.12975e-16	6.97058e-16	1.00728e-41	-8.17193e-42	1.68982e-41	0.269359	0.0195432	0	0.1	0.0121915
-1.71055	-4.07749	0.00162766	6.01188e-16	2.12975e-16	6.97058e-16	-1.29337e-41	-6.93731e-41	-1.44886e-40	0.269354	0.0195421	0	0.1	0.0120977
0.792278	-2.86192	2.33635	-2.47125e-12	5.69876e-12	-3.13919e-12	5.72919e-27	-1.84216e-27	-7.77339e-27	0.269297	0.0195296	0	0.1	0.010375
2.39518	-2.67719	-0.781086	6.01188e-16	2.12975e-16	6.97058e-16	5.23121e-40	2.25381e-40	-1.16845e-40	0.269185	0.0195053	0	0.1	0.00739468
-1.57236	-3.66397	1.73965	6.01188e-16	2.12975e-16	6.97058e-16	-1.49959e-41	3.59531e-41	2.73285e-41	0.26915	0.0194976	0	0.1	0.0108856
0.548292	3.28877	1.18018	6.01188e-16	2.12975e-16	6.97058e-16	-3.1997e-51	1.02111e-50	3.65215e-52	0.269063	0.0194788	0	0.1	0.0197519
-1.95712	3.9085	-0.758638	3.92163e-12	4.07664e-12	-2.00152e-13	-6.57321e-28	2.53201e-28	-7.79468e-27	0.268983	0.0194614	0	0.1	0.00956562
-0.226838	-3.22503	2.00728	6.01188e-16	2.12975e-16	6.97058e-16	-6.0754e-41	-1.41681e-40	5.56399e-41	0.268693	0.0193986	0	0.1	0.0113393
1.60165	-1.1891	0.0543408	6.01188e-16	2.12975e-16	6.97058e-16	-1.16047e-39	6.51702e-41	1.14547e-41	0.268242	0.019301	0	0.1	0.00879822
-1.41552	-3.73169	0.28872	6.01188e-16	2.12975e-16	6.97058e-16	2.37544e-40	4.73479e-41	1.33858e-40	0.268158	0.019283	0	0.1	0.0104229
0.899648	3.76452	-0.673598	6.01188e-16	2.12975e-16	6.97058e-16	1.81306e-41	1.3875e-40	-4.30691e-41	0.267955	0.0192392	0	0.1	0.0102944
1.31476	-0.710655	1.55997	6.01188e-16	2.12975e-16	6.97058e-16	-1.30296e-40	1.77261e-40	-1.30735e-40	0.267723	0.0191892	0	0.1	0.00791601
0.602723	-1.08061	1.27317	6.01188e-16	2.12975e-16	6.97058e-16	-9.00277e-41	3.60246e-41	-2.74128e-43	0.267685	0.019181	0	0.1	0.00763213
-0.528839	-1.60782	0.157466	6.01188e-16	2.12975e-16	6.97058e-16	1.95857e-42	4.29609e-41	2.45497e-41	0.26763	0.0191692	0	0.1	0.0157244
-1.65654	-0.900309	0.507991	6.01188e-16	2.12975e-16	6.97058e-16	3.07777e-40	1.47007e-40	-2.7608e-40	0.267337	0.0191064	0	0.1	0.0113995
0.788359	-0.0476793	1.75621	-4.57953e-14	9.9755e-13	4.89821e-12	9.57247e-27	2.76594e-28	3.54892e-29	0.267309	0.0191003	0	0.1	0.00986046
-0.608763	2.59944	-0.834699	6.01188e-16	2.12975e-16	6.97058e-16	-7.11128e-42	1.86454e-42	-2.5789e-41	0.26724	0.0190856	0	0.1	0.0155212
-1.79434	-2.3925	0.163056	6.01188e-16	2.12975e-16	6.97058e-16	-5.81801e-41	-1.7196e-40	-1.22368e-40	0.267193	0.0190754	0	0.1	0.00879484
-1.33748	4.44936	0.33877	6.01188e-16	2.12975e-16	6.97058e-16	1.9031e-41	-1.30144e-40	-4.32063e-42	0.267078	0.0190509	0	0.1	0.0179599
-2.33266	3.77838	-2.10646	6.01188e-16	2.12975e-16	6.97058e-16	-1.33708e-41	-1.11148e-40	8.07606e-42	0.26703	0.0190406	0	0.1	0.0126262
-1.96083	-0.167838	0.544741	6.01188e-16	2.12975e-16	6.97058e-16	4.48422e-40	2.15447e-41	4.40398e-41	0.266964	0.0190265	0	0.1	0.0114189
0.153868	4.18814	-0.571832	-2.19497e-12	-3.22607e-12	-5.71104e-12	-1.71513e-26	-6.64048e-27	-3.77335e-28	0.266851	0.0190022	0	0.1	0.0088742
-0.727026	0.783749	0.514555	6.01188e-16	2.12975e-16	6.97058e-16	-1.27755e-41	-3.57813e-42	-1.16614e-41	0.266755	0.0189818	0	0.1	0.0145739
-1.40694	-3.39616	1.30599	6.01188e-16	2.12975e-16	6.97058e-16	-8.50233e-42	2.24045e-41	9.24462e-42	0.266597	0.0189481	0	0.1	0.0118557
1.79769	0.199352	-1.55803	6.01188e-16	2.12975e-16	6.97058e-16	2.17027e-42	1.03299e-41	3.39719e-41	0.266271	0.0188786	0	0.1	0.00885869
0.756667	2.31908	-1.06352	2.22715e-12	4.98715e-12	5.50569e-13	6.655e-28	4.16829e-28	-6.6053e-27	0.266247	0.0188736	0	0.1	0.00963442
-2.01202	-0.86696	-2.38598	6.01188e-16	2.12975e-16	6.97058e-16	-1.49363e-40	3.44583e-40	-1.67762e-40	0.266206	0.0188649	0	0.1	0.00762488
0.174893	1.34891	1.43572	6.01188e-16	2.12975e-16	6.97058e-16	1.06962e-41	2.991e-42	5.942e-41	0.266175	0.0188583	0	0.1	0.00915155
-0.755479	0.12891	-2.35139	6.01188e-16	2.12975e-16	6.97058e-16	-6.85108e-41	3.06068e-40	-8.55344e-41	0.26616	0.0188551	0	0.1	0.0144236
-0.497782	-2.80515	1.5201	-1.25847e-12	2.75926e-12	2.04389e-13	-9.07612e-28	2.31072e-28	-8.78553e-27	0.265648	0.0187465	0	0.1	0.010032
-0.03192	4.17074	-1.45209	6.01188e-16	2.12975e-16	6.97058e-16	-2.40688e-40	-9.51086e-41	-2.79038e-41	0.265532	0.0187219	0	0.1	0.00599334
1.57077	4.39659	1.07842	6.01188e-16	2.12975e-16	6.97058e-16	1.63433e-41	-2.62939e-41	4.96812e-40	0.265244	0.0186611	0	0.1	0.0132198
0.163069	-0.199763	-1.02095	6.01188e-16	2.12975e-16	6.97058e-16	-1.13997e-41	-2.08743e-41	-2.42215e-41	0.265225	0.018657	0	0.1	0.0122084
0.449798	-0.457849	-1.81901	6.01188e-16	2.12975e-16	6.97058e-16	-1.66701e-40	-1.59541e-40	4.87105e-41	0.265201	0.018652	0	0.1	0.00981853
-0.112717	-2.89425	2.41035	6.01188e-16	2.12975e-16	6.97058e-16	6.52858e-41	2.58657e-41	7.80858e-42	0.265035	0.018617	0	0.1	0.00992829
-1.07228	-3.57723	-1.14487	6.01188e-16	2.12975e-16	6.97058e-16	-2.49657e-40	2.57909e-40	-1.05268e-40	0.264844	0.0185768	0	0.1	0.0109739
-2.23571	0.772196	2.28051	6.87353e-12	4.27433e-12	5.17821e-12	9.15412e-27	-1.88849e-26	3.27774e-27	0.264656	0.0185373	0	0.1	0.0153189
-1.94226	0.0667678	1.1411	6.01188e-16	2.12975e-16	6.97058e-16	1.89641e-41	-1.05328e-41	1.35939e-41	0.264587	0.0185227	0	0.1	0.00711523
-0.484588	-3.86945	-2.1022	6.01188e-16	2.12975e-16	6.97058e-16	-6.89794e-41	1.46546e-41	-8.07742e-41	0.264317	0.0184661	0	0.1	0.00961472
2.18385	1.23903	0.611776	6.01188e-16	2.12975e-16	6.97058e-16	-7.1407e-41	4.11254e-41	1.36686e-40	0.264307	0.0184639	0	0.1	0.0100775
2.02885	4.13819	1.01657	6.01188e-16	2.12975e-16	6.97058e-16	-3.39135e-40	1.14787e-40	5.07302e-40	0.2643	0.0184626	0	0.1	0.0100435
-1.37732	3.03001	2.36905	6.01188e-16	2.12975e-16	6.97058e-16	3.95428e-40	4.53247e-41	-1.38565e-40	0.26429	0.0184605	0	0.1	0.0125428
1.00411	-4.28641	2.20942	6.01188e-16	2.12975e-16	6.97058e-16	2.93423e-40	5.922e-41	3.30621e-40	0.264247	0.0184515	0	0.1	0.00669857
1.33896	4.18909	-2.19831	6.01188e-16	2.12975e-16	6.97058e-16	2.50765e-41	-3.52891e-41	-7.48428e-43	0.263866	0.0183717	0	0.1	0.0109165
0.984776	0.664228	-0.166437	6.01188e-16	2.12975e-16	6.97058e-16	-2.35062e-40	-9.90772e-41	3.80717e-40	0.263471	0.0182894	0	0.1	0.00895368
2.47513	-1.23308	-2.24245	2.64342e-12	-7.82283e-13	-4.74368e-12	4.21121e-27	6.26115e-27	1.37079e-27	0.263412	0.0182771	0	0.1	0.0069836
-1.49256	0.380598	0.830415	6.01188e-16	2.12975e-16	6.97058e-16	-3.77318e-41	-1.01268e-40	-3.91536e-41	0.263263	0.0182461	0	0.1	0.00735814
2.12296	4.30298	-0.920786	6.01188e-16	2.12975e-16	6.97058e-16	-1.21055e-40	1.57072e-40	7.35345e-41	0.263009	0.0181932	0	0.1	0.00737267
1.07085	0.224974	-2.39293	6.01188e-16	2.12975e-16	6.97058e-16	-1.81342e-41	4.81907e-41	-6.64493e-42	0.262944	0.0181798	0	0.1	0.00963969
-2.43465	-1.39631	0.925346	6.01188e-16	2.12975e-16	6.97058e-16	-3.3137e-41	-3.05125e-42	4.08764e-42	0.262929	0.0181768	0	0.1	0.0102876
2.04931	-0.0372808	-1.14838	6.01188e-16	2.12975e-16	6.97058e-16	-8.65633e-43	-1.2103e-43	1.70723e-41	0.262806	0.0181512	0	0.1	0.0176367
0.691534	-3.79778	0.572844	6.01188e-16	2.12975e-16	6.97058e-16	-1.99973e-40	-3.77358e-40	-2.64518e-40	0.262794	0.0181487	0	0.1	0.00919688
-2.32057	-1.60776	1.39286	6.01188e-16	2.12975e-16	6.97058e-16	-1.12788e-40	3.84743e-42	-2.04643e-41	0.262705	0.0181303	0	0.1	0.0110367
-1.83008	1.89444	-1.57084	6.01188e-16	2.12975e-16	6.97058e-16	2.5941e-41	8.19467e-41	-6.4336e-41	0.262544	0.0180969	0	0.1	0.0173947
0.765237	-1.58005	1.20074	6.01188e-16	2.12975e-16	6.97058e-16	1.56682e-40	2.50699e-40	-2.05228e-40	0.262357	0.0180583	0	0.1	0.00704524
1.89009	2.95344	1.57548	6.01188e-16	2.12975e-16	6.97058e-16	-5.25645e-41	-8.36688e-41	1.09347e-40	0.262296	0.0180457	0	0.1	0.0111059
1.92697	2.81412	0.960397	6.01188e-16	2.12975e-16	6.97058e-16	5.69822e-42	-1.8968e-40	8.10385e-41	0.26228	0.0180425	0	0.1	0.00653278
1.76614	-3.70104	1.55862	-3.04027e-13	-3.24786e-12	-3.3874e-12	-8.83546e-28	8.07993e-28	-6.99103e-28	0.262244	0.018035	0	0.1	0.0143571
-1.96187	0.634414	-2.2336	6.01188e-16	2.12975e-16	6.97058e-16	-1.4449e-40	-1.11141e-40	1.56205e-40	0.261857	0.0179553	0	0.1	0.00894205
-0.0195637	-4.46295	-1.13011	6.01188e-16	2.12975e-16	6.97058e-16	1.02549e-40	4.88124e-40	1.7693e-40	0.261759	0.0179351	0	0.1	0.00503158
2.462	-3.65353	0.83694	6.01188e-16	2.12975e-16	6.97058e-16	-3.52381e-40	-2.95492e-40	-1.56214e-40	0.261723	0.0179277	0	0.1	0.00704813
2.01951	-3.82768	0.215817	-8.40545e-12	-5.00131e-13	6.08385e-12	-1.1283e-27	1.38119e-26	-3.80747e-28	0.261445	0.0178707	0	0.1	0.00610322
-0.314094	-0.0550918	-0.851263	6.01188e-16	2.12975e-16	6.97058e-16	4.94677e-41	2.25018e-40	8.31527e-41	0.261318	0.0178447	0	0.1	0.00937386
-1.19012	-1.60579	-2.22994	6.01188e-16	2.12975e-16	6.97058e-16	-2.23914e-41	-7.71225e-41	-5.14597e-41	0.261301	0.0178412	0	0.1	0.0161869
-0.995742	-2.24163	-1.72613	6.01188e-16	2.12975e-16	6.97058e-16	-2.13338e-41	-3.64417e-40	3.14243e-40	0.261288	0.0178386	0	0.1	0.00888568
1.24619	-1.89388	2.3094	6.01188e-16	2.12975e-16	6.97058e-16	3.82718e-40	-1.52569e-40	-7.33917e-41	0.26087	0.017753	0	0.1	0.0108715
-0.26964	-2.4247	-0.440003	6.01188e-16	2.12975e-16	6.97058e-16	-3.14907e-41	1.62436e-40	4.00819e-41	0.260821	0.017743	0	0.1	0.0137977
0.980524	-3.2959	-2.42453	2.73346e-12	-6.30005e-12	3.47213e-12	6.27413e-27	-2.0446e-27	-8.93925e-27	0.260755	0.0177296	0	0.1	0.00873253
1.28403	3.54466	-0.384668	6.01188e-16	2.12975e-16	6.97058e-16	8.97684e-41	-2.91466e-41	1.69467e-40	0.260623	0.0177027	0	0.1	0.0104647
1.82984	2.8603	2.08582	6.01188e-16	2.12975e-16	6.97058e-16	-8.17351e-41	-9.00159e-41	1.9899e-41	0.259915	0.0175588	0	0.1	0.0112101
0.640606	-4.43352	-2.41131	6.01188e-16	2.12975e-16	6.97058e-16	-2.06064e-41	2.7703e-42	-1.66981e-41	0.259858	0.0175473	0	0.1	0.0108957
-1.661	0.663603	0.329442	-1.76866e-12	3.41416e-12	7.10977e-12	-1.73644e-26	2.1386e-26	3.4262e-27	0.259736	0.0175226	0	0.1	0.00639583
1.0733	0.292198	-1.06617	-8.72601e-12	-2.89772e-12	3.72273e-13	-2.29519e-26	-8.71734e-27	1.63613e-26	0.259657	0.0175066	0	0.1	0.010754
-0.807362	2.09584	-2.40355	6.01188e-16	2.12975e-16	6.97058e-16	2.96779e-41	2.94535e-41	-9.03143e-42	0.259599	0.0174947	0	0.1	0.0106285
-0.280277	-3.28177	1.48491	1.34244e-12	-2.94021e-12	-2.16384e-13	-1.01076e-27	2.42306e-28	-9.54285e-27	0.259442	0.0174631	0	0.1	0.0106846
0.500263	-2.07157	-0.138913	-5.81045e-12	6.63445e-13	1.56595e-12	-8.66296e-28	-1.24132e-27	-2.7715e-27	0.259367	0.0174479	0	0.1	0.00903912
-1.13556	0.0829109	1.94964	1.11176e-11	-1.02999e-11	1.33577e-11	1.65106e-26	-2.00984e-27	-1.82471e-26	0.259203	0.0174149	0	0.1	0.00803449
2.06093	-0.0725862	-1.97739	6.01188e-16	2.12975e-16	6.97058e-16	4.00715e-41	4.49317e-42	4.65172e-41	0.259199	0.0174141	0	0.1	0.0140239
1.37167	1.66409	-0.310852	6.01188e-16	2.12975e-16	6.97058e-16	-2.44374e-40	-3.45896e-40	3.4523e-40	0.258884	0.0173506	0	0.1	0.00850948
0.398479	-2.46663	-0.458876	1.32874e-11	-1.00909e-11	1.64867e-12	9.88962e-27	-1.34739e-26	-1.33064e-26	0.258748	0.0173234	0	0.1	0.00855726
1.59706	-0.986187	2.17791	6.01188e-16	2.12975e-16	6.97058e-16	5.97736e-42	5.7956e-41	-4.46243e-40	0.258703	0.0173143	0	0.1	0.0174549
-2.06704	3.32436	-2.04161	-3.20528e-12	8.63589e-12	-2.20665e-12	-2.6928e-27	2.53045e-28	4.6238e-27	0.25857	0.0172876	0	0.1	0.00714492
-1.4779	0.831967	-0.125266	2.60294e-12	2.39312e-12	-6.46191e-12	-1.74029e-26	2.21053e-26	1.33429e-27	0.258561	0.0172857	0	0.1	0.00828571
1.24236	-3.2445	1.60985	-7.88158e-12	-1.05391e-12	-6.93685e-12	8.90549e-28	-4.09528e-27	-3.45028e-28	0.258271	0.0172278	0	0.1	0.00877039
2.26242	4.47094	1.40367	6.01188e-16	2.12975e-16	6.97058e-16	2.92451e-42	-8.40518e-41	3.33059e-41	0.258195	0.0172125	0	0.1	0.0120201
-0.471806	2.10359	1.90995	6.01188e-16	2.12975e-16	6.97058e-16	2.52454e-39	4.34339e-40	-4.8667e-41	0.25797	0.0171674	0	0.1	0.00709067
1.07225	4.28516	0.224222	5.30947e-13	6.378e-12	3.47398e-12	-4.43639e-27	-1.63097e-27	3.74734e-27	0.25774	0.0171216	0	0.1	0.00652744
-0.281618	-3.81801	2.2638	-1.03878e-11	-1.40212e-12	3.21493e-12	-9.23175e-27	-1.39601e-26	-2.59978e-27	0.257651	0.0171038	0	0.1	0.00899988
-1.73213	0.586156	1.24476	-6.43745e-13	3.56663e-12	-4.20708e-12	-3.11754e-27	4.95406e-27	4.70207e-27	0.257562	0.0170861	0	0.1	0.010438
-1.95485	-2.77641	-1.49511	6.01188e-16	2.12975e-16	6.97058e-16	-9.00266e-41	-1.03094e-40	5.22126e-41	0.257219	0.017018	0	0.1	0.0145866
1.35704	4.06482	1.50075	6.01188e-16	2.12975e-16	6.97058e-16	-7.97656e-41	-1.33288e-40	-2.98163e-40	0.25711	0.0169964	0	0.1	0.0111718
-0.244582	-1.1696	0.232192	-6.10611e-13	-9.48147e-12	-4.6472e-12	-6.5732e-27	2.61326e-28	3.08627e-28	0.257072	0.0169889	0	0.1	0.00741259
2.14359	1.63151	-0.199899	6.01188e-16	2.12975e-16	6.97058e-16	1.52982e-40	2.49536e-41	-9.03216e-41	0.256952	0.0169651	0	0.1	0.00848937
1.03305	-1.13407	-0.379377	6.01188e-16	2.12975e-16	6.97058e-16	8.16067e-40	-7.1071e-40	9.13163e-40	0.256761	0.0169272	0	0.1	0.00743034
0.245716	1.55293	-0.919101	-4.15301e-12	1.13251e-11	-7.90368e-12	2.43558e-26	-1.42902e-27	-1.47395e-26	0.256727	0.0169206	0	0.1	0.00881005
1.65573	-2.23002	1.14998	-3.00011e-12	-6.06606e-12	-7.5693e-12	-1.33494e-26	6.4812e-27	2.13361e-29	0.256633	0.016902	0	0.1	0.0180646
0.899596	1.00755	-0.547582	1.17053e-11	-3.07839e-12	1.9365e-12	9.28946e-28	5.60491e-27	3.02052e-27	0.256455	0.0168668	0	0.1	0.00866023
-1.2366	2.32048	1.58171	6.01188e-16	2.12975e-16	6.97058e-16	1.57908e-44	6.28127e-41	5.32523e-41	0.256447	0.0168652	0	0.1	0.00981766
2.08504	3.16923	-1.49846	-2.63771e-12	-2.61031e-12	-2.00177e-12	1.23371e-26	-1.19197e-26	-4.54835e-28	0.256305	0.0168373	0	0.1	0.00625405
1.34857	-3.30288	-2.06149	6.01188e-16	2.12975e-16	6.97058e-16	-1.6405e-41	1.77648e-40	8.81601e-41	0.256222	0.0168209	0	0.1	0.0135759
-1.8044	-3.71958	-1.38786	7.75701e-12	4.69709e-12	6.24624e-12	-1.20059e-26	5.31819e-29	-3.61059e-26	0.256074	0.0167918	0	0.1	0.00783512
0.622254	2.65152	1.78705	6.01188e-16	2.12975e-16	6.97058e-16	-6.38271e-42	-5.05165e-41	-5.63641e-42	0.256001	0.0167774	0	0.1	0.00830245
-1.02563	-3.73546	1.58857	6.01188e-16	2.12975e-16	6.97058e-16	-2.19321e-40	3.64809e-41	5.66767e-41	0.255956	0.0167685	0	0.1	0.00571921
2.33023	-0.612196	-0.302844	6.01188e-16	2.12975e-16	6.97058e-16	-3.64069e-41	2.72504e-40	-8.88833e-41	0.255888	0.0167552	0	0.1	0.0127365
0.775399	1.70245	-0.717416	6.01188e-16	2.12975e-16	6.97058e-16	2.93624e-41	1.09123e-40	3.02499e-41	0.255513	0.0166816	0	0.1	0.00868428
1.38113	-0.191187	2.48643	1.96793e-12	2.99095e-12	-6.67736e-12	7.03902e-27	2.25467e-27	3.00234e-27	0.255447	0.0166686	0	0.1	0.0199065
-2.24207	-3.86861	-1.60655	-8.81e-12	7.36421e-12	2.28699e-13	-3.31088e-28	-9.48253e-28	-5.74869e-27	0.255386	0.0166569	0	0.1	0.0091784
-1.42613	1.58306	-0.593513	1.30952e-12	6.60303e-12	1.26726e-13	-7.67278e-28	-7.23252e-29	1.1761e-26	0.255375	0.0166546	0	0.1	0.00940047
0.892625	-2.6543	0.027906	6.01188e-16	2.12975e-16	6.97058e-16	2.46043e-41	-1.27753e-40	-3.06573e-40	0.255265	0.0166331	0	0.1	0.00880973
2.3198	-1.56986	0.00503384	6.01188e-16	2.12975e-16	6.97058e-16	-2.60586e-40	-9.22761e-41	-8.96648e-41	0.255095	0.0166	0	0.1	0.00918881
-0.633325	-3.89295	1.30134	6.01188e-16	2.12975e-16	6.97058e-16	1.67106e-40	1.90043e-40	2.24268e-41	0.255029	0.0165869	0	0.1	0.00936359
-0.286417	2.7665	-2.01002	6.01188e-16	2.12975e-16	6.97058e-16	-3.19028e-42	1.43174e-41	-2.75644e-41	0.254988	0.016579	0	0.1	0.00860791
0.062282	1.55469	1.95258	6.01188e-16	2.12975e-16	6.97058e-16	7.5981e-42	2.1802e-43	-2.4079e-42	0.254817	0.0165457	0	0.1	0.0108313
-2.3997	3.26448	-1.65532	4.47419e-12	-4.6279e-12	-1.71049e-12	-1.57299e-26	-1.35649e-26	5.4424e-27	0.254714	0.0165256	0	0.1	0.00479592
-1.01122	-3.72212	-2.13575	6.01188e-16	2.12975e-16	6.97058e-16	1.40357e-40	-2.22181e-40	-1.04961e-40	0.254677	0.0165185	0	0.1	0.00936264
-2.14626	-0.58493	1.60008	6.01188e-16	2.12975e-16	6.97058e-16	-1.22972e-40	-6.11093e-41	2.89516e-41	0.254607	0.0165049	0	0.1	0.00886164
2.07893	0.520836	0.328277	6.01188e-16	2.12975e-16	6.97058e-16	2.91245e-41	-1.31411e-40	1.11567e-40	0.254518	0.0164876	0	0.1	0.0121946
-0.960349	-0.504685	-0.394078	6.01188e-16	2.12975e-16	6.97058e-16	1.53605e-39	5.37349e-40	-8.09046e-40	0.254475	0.0164791	0	0.1	0.00844657
-0.578512	-3.3629	0.0714565	6.01188e-16	2.12975e-16	6.97058e-16	-3.87274e-40	4.50682e-40	-5.96009e-41	0.254459	0.0164761	0	0.1	0.00805851
-2.11499	0.508856	-1.70828	6.01188e-16	2.12975e-16	6.97058e-16	-4.62279e-41	-4.30138e-41	-1.18039e-41	0.254379	0.0164605	0	0.1	0.0103136
-2.30586	3.75876	-1.57882	6.01188e-16	2.12975e-16	6.97058e-16	-1.87158e-40	4.04872e-40	-8.25798e-41	0.254181	0.0164222	0	0.1	0.00685219
-0.00973048	0.589846	1.41989	2.89972e-12	-6.09025e-12	-1.40766e-12	3.10966e-27	-2.09246e-28	7.38841e-27	0.253994	0.0163859	0	0.1	0.0114311
0.781194	-0.569232	1.51614	-2.72017e-12	2.51697e-13	-6.08103e-12	-2.08211e-27	1.2564e-27	9.89474e-28	0.253973	0.0163818	0	0.1	0.00646636
-2.05078	3.35515	0.129466	6.01188e-16	2.12975e-16	6.97058e-16	2.16192e-40	2.21533e-40	-1.86811e-40	0.253904	0.0163685	0	0.1	0.00897983
0.549944	1.02108	-2.10187	6.01188e-16	2.12975e-16	6.97058e-16	-8.9532e-43	-1.42315e-43	2.40311e-43	0.253737	0.0163362	0	0.1	0.011062
-1.86146	-4.03862	0.503133	6.01188e-16	2.12975e-16	6.97058e-16	2.71495e-43	2.98086e-42	-8.54037e-44	0.253624	0.0163144	0	0.1	0.0111248
1.4807	1.61346	1.5942	6.01188e-16	2.12975e-16	6.97058e-16	-6.23254e-41	-5.5813e-40	-1.06852e-39	0.253364	0.0162643	0	0.1	0.0060801
0.541724	0.778992	0.075005	6.01188e-16	2.12975e-16	6.97058e-16	-5.28226e-42	-3.7502e-41	-5.51242e-41	0.253199	0.0162325	0	0.1	0.00916613
-1.81855	-0.554818	0.862011	6.01188e-16	2.12975e-16	6.97058e-16	6.18938e-40	3.27602e-40	-8.44555e-41	0.253173	0.0162275	0	0.1	0.00819011
-2.12869	-1.94782	-1.14251	6.01188e-16	2.12975e-16	6.97058e-16	-3.65661e-41	-1.50677e-41	-6.76863e-41	0.253138	0.0162208	0	0.1	0.016707
-0.60346	-3.78451	1.86868	6.01188e-16	2.12975e-16	6.97058e-16	6.24696e-41	1.41519e-40	1.638e-41	0.25306	0.0162057	0	0.1	0.00849544
2.03414	-4.29742	-0.120913	6.01188e-16	2.12975e-16	6.97058e-16	1.69979e-41	7.83989e-42	1.27093e-41	0.252994	0.0161931	0	0.1	0.0102108
1.02461	3.41712	0.512387	6.01188e-16	2.12975e-16	6.97058e-16	1.12588e-40	1.08008e-40	-1.37476e-40	0.252875	0.0161702	0	0.1	0.0130342
0.565379	0.468488	-0.395837	6.01188e-16	2.12975e-16	6.97058e-16	-1.54169e-40	-1.94742e-40	5.16171e-40	0.252828	0.0161614	0	0.1	0.0127846
1.44034	3.93847	0.294822	-1.71746e-11	2.89484e-13	1.09456e-11	1.06185e-26	3.43358e-26	-3.44254e-27	0.252733	0.0161431	0	0.1	0.0111694
-0.560487	-3.15923	0.569485	6.01188e-16	2.12975e-16	6.97058e-16	6.90821e-41	6.12491e-40	6.07944e-41	0.252648	0.0161269	0	0.1	0.00706949
1.08452	-2.90715	1.25981	6.01188e-16	2.12975e-16	6.97058e-16	-4.0756e-41	4.00073e-40	-1.75419e-40	0.252486	0.0160957	0	0.1	0.00696123
2.44345	-2.66327	2.26241	6.01188e-16	2.12975e-16	6.97058e-16	-2.29226e-41	-2.83513e-41	2.21249e-41	0.252467	0.0160921	0	0.1	0.0113383
0.807245	4.01815	-1.11858	1.10379e-11	-1.82427e-13	6.03243e-12	4.4698e-27	-2.20702e-27	-6.43773e-27	0.252405	0.0160802	0	0.1	0.00825879
-0.712345	-1.73113	-2.37213	6.01188e-16	2.12975e-16	6.97058e-16	3.17009e-40	-1.45487e-40	5.06636e-41	0.252271	0.0160547	0	0.1	0.00762447
1.73243	-3.45832	0.42832	-2.70524e-12	4.11448e-12	-4.6119e-12	7.7767e-27	1.00339e-27	-3.4597e-27	0.252227	0.0160462	0	0.1	0.00879561
0.401254	4.24631	1.65192	6.01188e-16	2.12975e-16	6.97058e-16	-1.6038e-41	-1.27444e-40	-2.28162e-41	0.25213	0.0160277	0	0.1	0.0111476
1.78816	4.49327	-2.39864	6.01188e-16	2.12975e-16	6.97058e-16	-3.65625e-40	1.90661e-40	-7.05178e-40	0.252103	0.0160226	0	0.1	0.00899676
-0.735934	3.786	-1.61083	6.01188e-16	2.12975e-16	6.97058e-16	-9.56417e-43	3.39823e-42	2.72529e-43	0.252085	0.0160192	0	0.1	0.0104629
0.533946	1.2658	-0.143214	6.01188e-16	2.12975e-16	6.97058e-16	4.54332e-41	-9.65544e-41	1.59503e-40	0.252071	0.0160166	0	0.1	0.0130867
2.12688	-1.1113	-0.0940722	6.01188e-16	2.12975e-16	6.97058e-16	-3.83775e-41	-1.15825e-40	2.95544e-41	0.251448	0.0158981	0	0.1	0.00736337
1.00644	3.69621	1.50647	6.01188e-16	2.12975e-16	6.97058e-16	3.49316e-40	-7.10398e-40	7.48768e-41	0.251402	0.0158893	0	0.1	0.00790601
1.47738	-3.50535	-0.372093	6.01188e-16	2.12975e-16	6.97058e-16	8.5409e-41	7.6456e-41	4.25625e-42	0.251261	0.0158626	0	0.1	0.0127086
1.74532	2.33726	0.900102	6.01188e-16	2.12975e-16	6.97058e-16	5.71787e-40	3.78504e-40	-3.28323e-40	0.251168	0.0158451	0	0.1	0.00711118
0.987314	-0.588284	1.97688	2.64624e-12	-2.44327e-13	5.91449e-12	-2.22222e-27	9.17505e-28	1.0218e-27	0.251129	0.0158376	0	0.1	0.0167444
-0.410489	-4.13228	-1.09791	6.01188e-16	2.12975e-16	6.97058e-16	-1.10358e-40	6.77758e-42	-3.64116e-42	0.250874	0.0157895	0	0.1	0.00776011
-2.31721	3.53414	-0.740193	-4.86981e-12	-5.06322e-12	2.50177e-13	-8.85093e-28	3.30993e-28	-1.06198e-26	0.250776	0.015771	0	0.1	0.00666872
-1.21745	3.09545	-1.81602	6.01188e-16	2.12975e-16	6.97058e-16	-2.9332e-40	2.2826e-40	-3.41788e-41	0.250488	0.0157167	0	0.1	0.00698415
-1.58036	-4.37246	-1.41643	6.01188e-16	2.12975e-16	6.97058e-16	1.69753e-40	2.5044e-42	-1.02985e-40	0.250471	0.0157136	0	0.1	0.00794944
-1.93075	-3.20845	-0.136428	-4.30157e-12	-3.09154e-12	-1.73013e-12	-3.3036e-27	-8.4404e-28	9.54143e-27	0.250458	0.015711	0	0.1	0.00843816
-1.34426	-3.93034	-1.40376	1.79057e-11	-8.20106e-12	-6.17995e-13	-8.23895e-28	-1.56206e-27	-2.87259e-27	0.250287	0.0156788	0	0.1	0.0066744
-0.57527	-0.463455	-0.0700412	6.01188e-16	2.12975e-16	6.97058e-16	2.42782e-41	2.48881e-40	-8.11062e-41	0.250205	0.0156635	0	0.1	0.00576035
0.282607	-1.85986	1.51233	6.01188e-16	2.12975e-16	6.97058e-16	-2.6116e-40	1.56185e-40	-4.66148e-40	0.250134	0.0156501	0	0.1	0.00998156
0.280624	3.9208	-0.147942	2.69182e-12	-5.67581e-12	9.00055e-12	-1.75912e-26	-8.63693e-27	-2.56578e-28	0.250082	0.0156404	0	0.1	0.00874654
1.23223	-3.12075	-0.163894	6.01188e-16	2.12975e-16	6.97058e-16	-1.19863e-39	-4.22455e-40	-2.09854e-39	0.250067	0.0156376	0	0.1	0.00762684
-2.46381	-3.08121	-0.404924	6.01188e-16	2.12975e-16	6.97058e-16	7.53072e-40	1.53312e-40	-6.39404e-41	0.250041	0.0156327	0	0.1	0.0073094
1.5683	-3.00076	1.16112	6.01188e-16	2.12975e-16	6.97058e-16	-1.34308e-40	1.67356e-40	-1.30192e-40	0.249964	0.0156183	0	0.1	0.0107817
-1.66642	0.927125	-1.08984	6.01188e-16	2.12975e-16	6.97058e-16	-6.15215e-41	7.32616e-41	1.30917e-40	0.249932	0.0156122	0	0.1	0.0115135
1.94987	-0.562708	0.0269863	6.01188e-16	2.12975e-16	6.97058e-16	9.78257e-41	2.481e-40	-4.68774e-41	0.249886	0.0156037	0	0.1	0.0100018
-1.77621	-3.21416	-1.67996	6.01188e-16	2.12975e-16	6.97058e-16	-9.10616e-41	-5.42987e-41	-1.85505e-41	0.24978	0.0155838	0	0.1	0.00831081
-1.5129	4.41569	1.73168	6.01188e-16	2.12975e-16	6.97058e-16	6.03591e-40	-2.53655e-40	-4.64716e-40	0.249775	0.0155829	0	0.1	0.00745307
2.44626	1.43093	0.153563	6.01188e-16	2.12975e-16	6.97058e-16	-1.74397e-41	-9.48156e-41	-3.83851e-41	0.24966	0.0155613	0	0.1	0.0123582
-1.47073	0.0233982	2.39196	6.01188e-16	2.12975e-16	6.97058e-16	-1.23169e-40	2.8369e-42	-6.33641e-41	0.249327	0.0154992	0	0.1	0.00668452
1.78874	4.42589	0.212844	6.01188e-16	2.12975e-16	6.97058e-16	3.52152e-42	-1.59002e-40	1.87866e-40	0.249293	0.0154927	0	0.1	0.00878039
1.37551	0.220541	-1.92052	6.01188e-16	2.12975e-16	6.97058e-16	9.05512e-42	-4.66978e-41	-2.19774e-41	0.249284	0.0154911	0	0.1	0.00674239
1.97359	-4.26596	-1.00829	6.01188e-16	2.12975e-16	6.97058e-16	3.92748e-41	3.08943e-40	-2.87333e-41	0.249204	0.0154762	0	0.1	0.0117926
-0.394821	-1.85703	1.43235	-4.06221e-12	6.57936e-12	-7.30297e-12	1.26769e-26	-1.03534e-27	-8.01987e-27	0.249177	0.0154712	0	0.1	0.0150474
0.472116	-1.04504	-0.731297	6.01188e-16	2.12975e-16	6.97058e-16	1.2271e-40	1.35487e-40	4.18875e-41	0.249145	0.0154652	0	0.1	0.00894984
1.83456	-0.680935	-1.33938	6.01188e-16	2.12975e-16	6.97058e-16	2.38684e-42	-7.05284e-42	-2.01467e-42	0.249053	0.0154482	0	0.1	0.0134356
-1.49131	0.324778	-0.206293	6.01188e-16	2.12975e-16	6.97058e-16	8.12836e-42	1.35711e-40	1.3277e-40	0.248992	0.0154368	0	0.1	0.00863605
2.28153	-3.82658	-1.44636	-2.41045e-11	2.12719e-12	8.10592e-12	-1.38141e-27	7.61063e-27	-5.87299e-27	0.248987	0.0154359	0	0.1	0.00747878
0.162396	-2.83262	-1.80005	6.01188e-16	2.12975e-16	6.97058e-16	-2.91769e-41	-7.8318e-41	1.12638e-40	0.248955	0.0154298	0	0.1	0.00920714
-1.2031	4.09303	2.00817	6.01188e-16	2.12975e-16	6.97058e-16	-3.60555e-41	-8.04081e-41	4.31986e-41	0.248895	0.0154187	0	0.1	0.00959332
-1.80092	2.45297	0.392777	6.01188e-16	2.12975e-16	6.97058e-16	-4.70061e-40	9.43977e-40	-2.6408e-41	0.248817	0.0154043	0	0.1	0.0113885
-1.02326	-2.46286	2.44325	6.01188e-16	2.12975e-16	6.97058e-16	3.02837e-41	3.4756e-41	4.87499e-42	0.248702	0.0153828	0	0.1	0.00648259
-0.336293	3.0337	-0.777378	6.01188e-16	2.12975e-16	6.97058e-16	-1.35038e-41	-2.48917e-41	-2.64375e-41	0.248571	0.0153587	0	0.1	0.00815344
-1.60772	-1.10677	-0.0899942	6.01188e-16	2.12975e-16	6.97058e-16	2.94208e-40	3.42779e-40	2.95817e-42	0.248548	0.0153544	0	0.1	0.00807794
0.345641	1.66051	-0.435434	6.01188e-16	2.12975e-16	6.97058e-16	1.55934e-39	-8.35331e-41	6.72235e-40	0.248548	0.0153543	0	0.1	0.00655593
1.43432	-0.972041	-1.39148	3.34131e-12	-6.74154e-12	6.5293e-12	1.4915e-27	5.64369e-28	-3.08988e-28	0.24853	0.0153511	0	0.1	0.00724269
-2.3494	3.32667	2.0774	-6.737e-12	-4.44289e-12	-3.30678e-12	1.24294e-27	-3.53859e-27	1.98916e-27	0.248434	0.0153333	0	0.1	0.00823649
-1.92501	-2.60036	1.12781	6.01188e-16	2.12975e-16	6.97058e-16	9.10877e-41	-6.87993e-41	2.11185e-41	0.248359	0.0153193	0	0.1	0.00759751
0.672284	-0.536852	-1.20211	6.01188e-16	2.12975e-16	6.97058e-16	-1.49783e-40	4.70398e-41	-1.79565e-40	0.248141	0.0152789	0	0.1	0.0101729
-0.69204	0.988069	-1.50327	6.01188e-16	2.12975e-16	6.97058e-16	1.6206e-41	1.74941e-41	-1.32587e-41	0.248002	0.0152534	0	0.1	0.0213039
0.49908	1.67473	1.66714	6.01188e-16	2.12975e-16	6.97058e-16	-7.51826e-40	3.96151e-40	5.37932e-40	0.247923	0.0152388	0	0.1	0.00665905
-1.02092	-1.69787	1.19573	6.01188e-16	2.12975e-16	6.97058e-16	-5.00124e-42	-1.16086e-41	1.13683e-41	0.24791	0.0152364	0	0.1	0.0163837
-2.38439	1.32121	-2.26031	6.01188e-16	2.12975e-16	6.97058e-16	2.88645e-41	-1.45343e-40	1.94988e-40	0.247861	0.0152273	0	0.1	0.0116818
-0.323334	2.49039	-0.195727	6.01188e-16	2.12975e-16	6.97058e-16	1.19654e-40	6.67303e-41	2.64362e-40	0.247815	0.0152188	0	0.1	0.00721457
-0.336983	-0.515955	-1.06633	6.01188e-16	2.12975e-16	6.97058e-16	-3.35773e-40	1.63648e-41	4.69561e-41	0.24777	0.0152105	0	0.1	0.00729098
0.676299	1.86904	-1.57196	-3.82937e-12	-1.03709e-12	-6.62976e-12	5.88203e-27	-1.36773e-26	-6.85531e-27	0.247718	0.015201	0	0.1	0.00766846
0.67538	4.06742	-1.81321	6.01188e-16	2.12975e-16	6.97058e-16	-4.56146e-42	3.9959e-41	2.05431e-41	0.247653	0.015189	0	0.1	0.00854044
1.63459	-0.770678	0.354498	6.01188e-16	2.12975e-16	6.97058e-16	-1.20591e-39	2.16733e-40	4.05709e-40	0.247552	0.0151705	0	0.1	0.0114288
1.04086	-1.99658	-0.819837	-6.50846e-12	7.90833e-13	3.1842e-12	-4.02364e-28	3.30096e-27	-1.59807e-27	0.247417	0.0151457	0	0.1	0.00593909
0.356	-0.713968	1.0085	6.01188e-16	2.12975e-16	6.97058e-16	-8.62683e-41	2.48633e-41	7.57785e-41	0.247413	0.0151449	0	0.1	0.00997332
1.67304	1.93991	1.2277	6.01188e-16	2.12975e-16	6.97058e-16	2.52302e-41	-2.8281e-41	-1.47377e-40	0.247374	0.0151378	0	0.1	0.00677014
-0.220665	1.03298	1.52236	-3.1329e-12	6.58307e-12	1.52292e-12	3.20893e-27	-4.00131e-29	7.01629e-27	0.247362	0.0151356	0	0.1	0.0108231
0.636153	-4.5093	-0.60318	6.01188e-16	2.12975e-16	6.97058e-16	5.23824e-41	-3.97284e-40	6.62084e-41	0.247199	0.0151056	0	0.1	0.00834424
-2.15189	0.429111	1.47662	8.85281e-12	2.0579e-12	1.1073e-11	1.63505e-26	-1.66271e-27	-1.00625e-26	0.246967	0.0150632	0	0.1	0.00999358
0.702659	4.11909	-0.356079	6.01188e-16	2.12975e-16	6.97058e-16	-1.74983e-40	1.643e-40	-3.25637e-40	0.246927	0.0150559	0	0.1	0.00681418
-0.684363	-3.62321	2.49688	-2.07059e-11	1.00158e-11	1.1984e-11	-1.19888e-26	-2.27554e-26	-1.45221e-27	0.246807	0.0150339	0	0.1	0.00984888
2.24205	-0.545204	2.1241	6.01188e-16	2.12975e-16	6.97058e-16	2.51313e-41	4.58528e-41	-2.51897e-40	0.246693	0.015013	0	0.1	0.0148038
-0.517947	-3.23667	-0.746669	6.01188e-16	2.12975e-16	6.97058e-16	9.91544e-41	-1.72962e-41	-1.04392e-40	0.246676	0.01501	0	0.1	0.0122468
0.301205	4.18839	-1.06366	6.01188e-16	2.12975e-16	6.97058e-16	2.70316e-42	-1.29058e-40	3.47778e-43	0.246457	0.01497	0	0.1	0.00798019
-0.55421	-2.63184	2.42641	-5.96e-12	-4.33779e-12	6.63032e-12	-6.0795e-27	-3.81009e-27	-7.48928e-27	0.246336	0.014948	0	0.1	0.00611503
-0.77843	1.74956	0.516885	6.01188e-16	2.12975e-16	6.97058e-16	3.10591e-41	-2.84593e-41	-4.91857e-41	0.24629	0.0149396	0	0.1	0.0113756
2.35577	2.98132	0.743946	6.01188e-16	2.12975e-16	6.97058e-16	1.65226e-39	1.64765e-39	2.74767e-40	0.246281	0.0149381	0	0.1	0.00679845
2.27094	3.61207	-1.80253	-3.14094e-12	3.31566e-12	-1.40344e-12	-6.62724e-27	-3.58458e-27	6.21383e-27	0.246247	0.0149319	0	0.1	0.00602854
0.985538	-2.12695	-0.269625	6.79071e-12	-7.74761e-13	-1.82827e-12	-1.02676e-27	-1.26188e-27	-3.37093e-27	0.246246	0.0149317	0	0.1	0.00774002
1.10961	1.95883	-1.3525	4.89613e-12	1.01462e-12	2.48004e-12	5.93921e-27	-1.14135e-26	-7.04857e-27	0.246225	0.0149279	0	0.1	0.010853
-1.77505	-2.97002	1.92639	7.37956e-12	1.0323e-12	-1.29721e-12	8.99827e-28	-1.02679e-26	-3.0624e-27	0.246004	0.0148876	0	0.1	0.00879063
2.3974	-1.99624	-0.993542	6.01188e-16	2.12975e-16	6.97058e-16	1.91959e-41	-4.44981e-41	-6.3914e-41	0.245876	0.0148645	0	0.1	0.0102365
2.16444	1.11083	1.10515	-4.18464e-12	-6.12377e-12	-6.07682e-12	-7.12896e-27	2.68569e-26	-2.1831e-26	0.245817	0.0148537	0	0.1	0.00708446
-1.25127	1.60597	1.38458	6.01188e-16	2.12975e-16	6.97058e-16	-3.53863e-43	-3.51288e-43	-3.15022e-42	0.245568	0.0148087	0	0.1	0.0201471
-0.0815513	-2.01699	0.13661	6.01188e-16	2.12975e-16	6.97058e-16	-5.92876e-41	5.84788e-41	3.83655e-41	0.245289	0.0147582	0	0.1	0.0139184
-0.233627	-4.45356	-1.64733	6.01188e-16	2.12975e-16	6.97058e-16	-3.29391e-41	8.8156e-42	-1.17748e-41	0.245158	0.0147346	0	0.1	0.00771949
1.69493	-0.995963	-1.81693	-2.49004e-12	-5.31694e-12	4.31555e-13	3.07006e-27	-1.98087e-28	1.50251e-26	0.245057	0.0147163	0	0.1	0.00712388
-1.60677	-2.55881	1.71693	-5.07827e-12	1.27258e-12	6.94773e-12	-5.71805e-27	-2.46104e-26	3.04676e-28	0.245035	0.0147124	0	0.1	0.00865135
0.529987	3.76678	1.62685	6.01188e-16	2.12975e-16	6.97058e-16	9.55713e-41	6.31107e-41	1.03696e-40	0.244981	0.0147027	0	0.1	0.0112425
0.5629	2.02189	-2.02634	6.01188e-16	2.12975e-16	6.97058e-16	7.24603e-40	8.15674e-41	7.50765e-41	0.244911	0.0146901	0	0.1	0.00764802
1.21815	-1.77831	1.32934	6.01188e-16	2.12975e-16	6.97058e-16	2.89875e-41	3.40226e-41	-1.67475e-41	0.244869	0.0146825	0	0.1	0.00844602
-2.38458	-0.0883036	0.821164	6.01188e-16	2.12975e-16	6.97058e-16	-2.05264e-41	-4.67869e-41	-1.00575e-44	0.244864	0.0146816	0	0.1	0.00860099
1.84333	-3.96263	-1.64218	7.85675e-12	7.30029e-13	-6.87477e-12	1.35589e-27	1.94082e-27	1.81119e-27	0.244722	0.0146562	0	0.1	0.0096324
1.46975	4.34407	0.581288	1.33169e-12	1.8354e-11	1.29634e-11	-1.93657e-26	-1.43032e-28	2.11937e-27	0.244704	0.0146528	0	0.1	0.00788787
0.583861	-3.77753	-1.14145	1.22218e-11	-4.12931e-12	1.707e-12	2.98337e-26	9.70133e-27	3.5223e-27	0.24466	0.0146449	0	0.1	0.00533135
-0.345621	-4.51304	-0.745915	6.01188e-16	2.12975e-16	6.97058e-16	1.03161e-39	6.98224e-40	-1.85959e-40	0.244608	0.0146356	0	0.1	0.00520567
-0.0291626	-0.890661	1.2739	6.01188e-16	2.12975e-16	6.97058e-16	2.4894e-39	1.71989e-40	-2.55912e-40	0.244579	0.0146305	0	0.1	0.00667036
1.48155	1.45241	2.40219	9.34869e-12	-1.77675e-12	2.82208e-13	-1.97683e-28	1.14415e-27	1.34906e-26	0.244563	0.0146276	0	0.1	0.00792762
2.47295	0.130949	-1.49402	6.01188e-16	2.12975e-16	6.97058e-16	-1.61581e-40	-3.20439e-41	-2.16822e-41	0.244538	0.0146231	0	0.1	0.0122538
2.24357	3.10263	2.24197	6.01188e-16	2.12975e-16	6.97058e-16	-2.58543e-41	-4.50994e-41	-5.79086e-42	0.244316	0.0145832	0	0.1	0.0078754
-1.81633	1.12816	0.448191	6.01188e-16	2.12975e-16	6.97058e-16	-3.67374e-40	-1.40323e-40	-5.7763e-40	0.244283	0.0145774	0	0.1	0.00686418
1.16813	2.59081	-1.84175	6.01188e-16	2.12975e-16	6.97058e-16	1.44428e-42	-4.34292e-41	-4.31867e-41	0.244002	0.0145271	0	0.1	0.0118451
0.315534	-3.51928	-1.4576	9.11245e-12	7.08493e-12	-9.05471e-12	8.17677e-27	1.06702e-26	3.79558e-27	0.243851	0.0145002	0	0.1	0.00710555
-1.43479	-2.67366	0.393031	6.01188e-16	2.12975e-16	6.97058e-16	4.69663e-41	1.39644e-40	1.58906e-40	0.243848	0.0144996	0	0.1	0.00820644
0.537328	-2.95123	-0.158144	6.01188e-16	2.12975e-16	6.97058e-16	-1.58831e-40	1.35016e-40	-1.60284e-41	0.243706	0.0144744	0	0.1	0.0059964
-1.90453	-2.45679	0.657688	6.01188e-16	2.12975e-16	6.97058e-16	1.94582e-40	-1.80445e-40	-1.98101e-41	0.243422	0.0144237	0	0.1	0.00624296
1.47909	-2.04981	-1.03417	6.81282e-12	-8.2723e-13	-3.33108e-12	-4.31815e-28	3.53511e-27	-1.82187e-27	0.243314	0.0144046	0	0.1	0.00634523
-0.984212	1.35006	0.114779	6.01188e-16	2.12975e-16	6.97058e-16	-3.67907e-41	4.90424e-42	-1.1159e-40	0.243223	0.0143885	0	0.1	0.0117588
-2.3456	2.42981	-0.318685	6.01188e-16	2.12975e-16	6.97058e-16	4.64381e-41	1.9034e-40	5.96593e-41	0.243011	0.0143509	0	0.1	0.00992548
1.58773	-1.13242	1.46876	6.01188e-16	2.12975e-16	6.97058e-16	-6.15942e-41	-1.19056e-40	2.59489e-40	0.242882	0.0143279	0	0.1	0.00810221
0.474802	-3.31207	-1.04717	-1.83964e-12	7.85424e-12	1.59168e-12	1.14249e-26	2.06141e-27	2.83889e-27	0.242612	0.0142803	0	0.1	0.0065163
-0.890467	0.630745	-2.34835	6.01188e-16	2.12975e-16	6.97058e-16	-1.53607e-41	2.04356e-40	9.25956e-41	0.242476	0.0142562	0	0.1	0.0121588
-1.9316	1.13753	-2.22145	6.01188e-16	2.12975e-16	6.97058e-16	-1.21174e-41	-1.67068e-42	2.47626e-40	0.242265	0.0142191	0	0.1	0.0130032
0.746482	-0.160624	-0.751013	6.01188e-16	2.12975e-16	6.97058e-16	-3.17236e-40	-3.32897e-40	1.30405e-40	0.242052	0.0141816	0	0.1	0.00943499
-0.324828	3.123	0.738054	6.01188e-16	2.12975e-16	6.97058e-16	3.21148e-42	-1.46295e-41	-3.79662e-41	0.24203	0.0141777	0	0.1	0.00912073
1.23722	1.61613	-1.70274	6.01188e-16	2.12975e-16	6.97058e-16	5.32591e-43	-6.52122e-43	-2.41296e-43	0.241911	0.0141568	0	0.1	0.0109012
-0.701107	-2.77572	-0.96342	-9.35134e-12	-4.86365e-13	1.17887e-12	-3.09417e-28	1.29147e-27	-1.95049e-27	0.2419	0.0141549	0	0.1	0.0152649
-0.742321	3.15519	-1.69881	6.01188e-16	2.12975e-16	6.97058e-16	-1.12637e-41	2.53145e-42	-1.22316e-41	0.241847	0.0141456	0	0.1	0.0125158
2.30016	4.35737	2.17253	6.01188e-16	2.12975e-16	6.97058e-16	-6.95617e-40	4.36602e-40	-7.83832e-40	0.241827	0.0141421	0	0.1	0.0141211
-1.58888	-3.80185	-0.930736	6.01188e-16	2.12975e-16	6.97058e-16	5.8288e-41	2.35985e-42	-3.07476e-41	0.241789	0.0141354	0	0.1	0.00900098
-0.169486	-1.67351	-0.197605	6.01188e-16	2.12975e-16	6.97058e-16	-4.01267e-41	4.63242e-41	4.0669e-42	0.24175	0.0141286	0	0.1	0.00745201
-1.60562	-0.0898251	1.9335	6.01188e-16	2.12975e-16	6.97058e-16	1.53445e-40	8.23158e-41	-7.88989e-41	0.241745	0.0141278	0	0.1	0.00622141
2.23849	1.95473	-0.880392	6.01188e-16	2.12975e-16	6.97058e-16	1.5489e-41	-3.70612e-42	1.75103e-41	0.241636	0.0141087	0	0.1	0.0100933
-0.410021	3.24932	-2.03726	6.01188e-16	2.12975e-16	6.97058e-16	5.09785e-42	7.83638e-42	-6.40227e-41	0.241631	0.0141078	0	0.1	0.00782345
0.489902	0.190309	-0.962998	6.01188e-16	2.12975e-16	6.97058e-16	-3.24135e-40	-1.08763e-40	1.58463e-40	0.241573	0.0140975	0	0.1	0.00975732
-2.47111	1.25653	-1.71941	6.01188e-16	2.12975e-16	6.97058e-16	-5.61313e-41	-7.096e-42	1.4724e-40	0.241415	0.01407	0	0.1	0.013761
-2.49553	-0.152871	-0.113373	6.01188e-16	2.12975e-16	6.97058e-16	0	0	0	0.241399	0.0140672	0	0.1	0.020964
0.416623	-2.25577	-1.4345	6.84251e-12	-4.35889e-12	6.06836e-12	-1.14507e-26	-1.248e-26	3.51618e-27	0.241363	0.0140609	0	0.1	0.00609542
-1.12214	-1.70367	0.155349	6.01188e-16	2.12975e-16	6.97058e-16	-1.62545e-40	-6.35184e-41	2.32892e-41	0.241326	0.0140545	0	0.1	0.0145489
-0.29587	4.05897	-1.87014	6.01188e-16	2.12975e-16	6.97058e-16	-5.56895e-42	2.7904e-41	-4.07159e-41	0.241273	0.0140452	0	0.1	0.00661383
0.518809	4.15319	-2.26822	6.01188e-16	2.12975e-16	6.97058e-16	-7.36239e-41	1.68628e-41	1.21529e-41	0.241068	0.0140094	0	0.1	0.00656447
0.208693	-1.8054	2.37802	-4.73425e-12	-7.39287e-12	-5.21679e-12	2.80597e-26	-9.87781e-27	-1.12403e-26	0.240966	0.0139916	0	0.1	0.00799257
-1.7992	4.46121	2.26673	6.01188e-16	2.12975e-16	6.97058e-16	-5.36007e-41	-2.59871e-40	-4.21423e-41	0.24084	0.0139696	0	0.1	0.00881925
-1.01674	2.68844	0.298394	7.34094e-12	-2.19963e-12	6.83613e-12	-6.14903e-27	-5.12537e-27	5.06212e-27	0.240765	0.0139566	0	0.1	0.00730208
1.53451	1.46326	1.12653	6.01188e-16	2.12975e-16	6.97058e-16	-5.78677e-40	-1.96882e-40	3.80928e-41	0.240672	0.0139404	0	0.1	0.00587666
-1.84438	-0.321826	-1.906	6.01188e-16	2.12975e-16	6.97058e-16	-1.87951e-40	-3.2556e-40	-3.45209e-40	0.240565	0.0139219	0	0.1	0.0106138
1.20821	4.3021	-1.18781	6.01188e-16	2.12975e-16	6.97058e-16	-1.73162e-41	-2.02328e-40	-4.5341e-42	0.240418	0.0138964	0	0.1	0.00552022
1.31348	-2.40032	-0.0354808	7.00132e-13	9.21473e-13	-6.49005e-12	-3.49501e-27	-3.87579e-27	-9.24065e-28	0.240356	0.0138857	0	0.1	0.00725249
-0.315766	2.58731	-1.31336	9.78892e-12	-8.2327e-12	9.79721e-12	-1.63178e-26	3.41701e-26	1.77844e-26	0.240135	0.0138473	0	0.1	0.0103683
-2.40845	4.38228	1.7894	6.01188e-16	2.12975e-16	6.97058e-16	2.10672e-40	1.61116e-40	1.11523e-39	0.240113	0.0138436	0	0.1	0.00907647
-0.966512	-2.12113	-2.2119	6.01188e-16	2.12975e-16	6.97058e-16	2.66439e-40	-9.15053e-41	1.64175e-40	0.239897	0.0138063	0	0.1	0.0088532
1.55857	3.17957	2.35819	6.01188e-16	2.12975e-16	6.97058e-16	4.80215e-41	8.32761e-41	-4.41219e-41	0.239791	0.0137879	0	0.1	0.00934264
-2.49707	1.96933	-0.259104	6.01188e-16	2.12975e-16	6.97058e-16	3.1635e-41	-7.19047e-41	-8.40469e-41	0.239773	0.0137847	0	0.1	0.00838868
2.21314	1.36408	-0.612471	6.01188e-16	2.12975e-16	6.97058e-16	2.85022e-40	-3.36885e-41	-2.0526e-41	0.239506	0.0137389	0	0.1	0.00786451
1.36892	0.0179741	-1.36035	6.50243e-12	-6.03085e-12	-6.46922e-12	-9.52999e-27	-5.76223e-27	-4.09448e-27	0.239478	0.013734	0	0.1	0.0136478
1.99245	3.22028	0.527641	-1.96668e-12	4.69749e-13	4.70937e-12	-3.02794e-27	-8.34403e-27	-4.30692e-28	0.239384	0.0137179	0	0.1	0.008015
-1.65928	3.25826	0.413641	6.01188e-16	2.12975e-16	6.97058e-16	1.60782e-40	1.2826e-40	-4.38057e-40	0.239357	0.0137132	0	0.1	0.00822682
-0.357637	-3.52999	1.0593	6.01188e-16	2.12975e-16	6.97058e-16	-6.17265e-40	2.57258e-40	4.47164e-40	0.239202	0.0136866	0	0.1	0.00896058
-0.388945	-2.79198	-2.14129	6.01188e-16	2.12975e-16	6.97058e-16	-5.96865e-41	8.09976e-41	-1.42379e-40	0.239196	0.0136856	0	0.1	0.00881417
0.512938	-2.76908	-2.17632	6.01188e-16	2.12975e-16	6.97058e-16	1.22548e-41	-3.96707e-40	-2.22432e-40	0.239094	0.013668	0	0.1	0.00779972
0.247354	4.08078	2.22935	6.01188e-16	2.12975e-16	6.97058e-16	8.61788e-41	2.09178e-40	-5.6503e-41	0.239092	0.0136677	0	0.1	0.0112802
-0.906298	2.34249	1.95044	6.01188e-16	2.12975e-16	6.97058e-16	9.06387e-41	3.95989e-40	4.4307e-41	0.23907	0.013664	0	0.1	0.00772725
-0.268382	-1.80391	2.43046	-2.05438e-12	6.76346e-12	6.57575e-12	4.62641e-27	4.22635e-27	-2.77137e-27	0.238954	0.0136441	0	0.1	0.00611961
-1.71038	-3.95658	-0.491917	6.01188e-16	2.12975e-16	6.97058e-16	-1.03772e-41	7.62601e-42	3.83164e-41	0.238781	0.0136145	0	0.1	0.00777753
-1.67459	0.267682	1.62051	8.27722e-13	-4.57784e-12	5.40204e-12	-4.52254e-27	6.75996e-27	6.36925e-27	0.238342	0.0135395	0	0.1	0.00584101
-1.08325	4.25103	1.56272	6.01188e-16	2.12975e-16	6.97058e-16	2.31203e-41	2.80152e-41	-5.2015e-41	0.238076	0.0134942	0	0.1	0.00688094
-0.905998	-4.08637	-0.144435	6.01188e-16	2.12975e-16	6.97058e-16	-1.95388e-39	4.76902e-40	5.38792e-40	0.23804	0.0134881	0	0.1	0.00873765
-0.910183	-1.33796	-1.4129	4.33937e-12	-2.77638e-12	-9.21793e-12	-8.83539e-27	7.9871e-27	-6.57866e-27	0.238038	0.0134877	0	0.1	0.0119484
0.576447	-2.39292	-1.86515	6.01188e-16	2.12975e-16	6.97058e-16	4.39523e-41	-3.92088e-41	5.31897e-41	0.238027	0.0134859	0	0.1	0.0101135
0.975404	-1.59047	-0.561897	6.01188e-16	2.12975e-16	6.97058e-16	-2.44819e-40	8.63456e-41	2.2536e-41	0.238018	0.0134843	0	0.1	0.00641033
0.793048	-0.148466	1.26129	6.63854e-14	-1.41388e-12	-6.94334e-12	1.56794e-26	4.44359e-28	5.80675e-29	0.237793	0.0134461	0	0.1	0.00720407
-0.062532	2.9687	-1.17613	9.85029e-12	1.48345e-11	5.33818e-12	-1.22054e-26	-1.39468e-27	2.72978e-26	0.237793	0.0134461	0	0.1	0.0111061
-1.73544	3.35813	-0.723782	2.2194e-12	-2.37081e-12	5.35971e-12	-3.54016e-26	-2.97649e-26	1.5673e-27	0.237532	0.0134018	0	0.1	0.00524503
-1.56248	4.15947	0.685122	6.01188e-16	2.12975e-16	6.97058e-16	1.88632e-40	-5.04651e-41	7.92535e-41	0.237433	0.0133851	0	0.1	0.00684917
2.23398	-1.16168	-1.80953	-3.48038e-12	1.03088e-12	6.24975e-12	6.50812e-27	9.19386e-27	2.04599e-27	0.237255	0.0133551	0	0.1	0.0105139
-1.95977	-1.24684	-1.80158	1.33233e-12	1.81946e-12	6.07142e-12	1.09184e-26	1.00887e-26	-5.43162e-27	0.237142	0.013336	0	0.1	0.0101674
1.06423	1.97406	-2.06594	3.9633e-12	4.68034e-12	6.80784e-12	-1.69803e-26	-7.99153e-27	1.49905e-26	0.236928	0.0132999	0	0.1	0.0118392
1.79547	-0.595871	1.94568	6.01188e-16	2.12975e-16	6.97058e-16	-1.86969e-40	-1.32033e-40	-3.01465e-40	0.236852	0.0132872	0	0.1	0.0132956
-2.11936	2.99159	-2.42967	6.01188e-16	2.12975e-16	6.97058e-16	1.00585e-40	-1.11662e-40	1.11063e-39	0.236803	0.0132788	0	0.1	0.00714395
0.131488	-3.94898	-1.11807	6.01188e-16	2.12975e-16	6.97058e-16	-2.92438e-45	1.37494e-44	6.31711e-45	0.236802	0.0132787	0	0.1	0.00675505
-1.33142	3.80701	0.456452	-6.78993e-12	2.1146e-13	3.38127e-12	-2.54114e-28	-9.5677e-27	7.53781e-29	0.236724	0.0132655	0	0.1	0.00760337
-1.6951	2.2335	1.42249	6.01188e-16	2.12975e-16	6.97058e-16	-2.55178e-40	-2.30637e-41	-3.54115e-41	0.236581	0.0132416	0	0.1	0.0136248
2.0681	0.361784	-0.48457	5.04374e-12	-8.56029e-12	-4.08991e-12	-3.21871e-27	-1.6332e-26	3.02407e-26	0.236557	0.0132376	0	0.1	0.0129549
1.00741	-0.536338	-0.61019	6.01188e-16	2.12975e-16	6.97058e-16	7.93673e-41	-3.17647e-40	-3.41937e-40	0.236548	0.013236	0	0.1	0.00841409
0.190879	4.00554	-1.94732	6.01188e-16	2.12975e-16	6.97058e-16	-1.1902e-40	-3.10374e-41	1.14046e-41	0.236448	0.0132192	0	0.1	0.00638279
0.449249	-2.96869	0.881943	4.10037e-12	4.77603e-12	7.1028e-12	-1.76309e-26	-3.16439e-27	1.23631e-26	0.236428	0.013216	0	0.1	0.0091308
-1.74256	1.40372	-1.59668	6.01188e-16	2.12975e-16	6.97058e-16	2.34449e-41	1.11594e-40	-2.03755e-41	0.236339	0.0132009	0	0.1	0.0109524
-2.05484	0.346657	1.94284	6.22349e-12	-5.28703e-12	2.98963e-11	2.07283e-26	1.02906e-26	-2.48932e-27	0.236332	0.0131998	0	0.1	0.00615293
-0.189451	3.26467	1.17421	6.01188e-16	2.12975e-16	6.97058e-16	-1.91107e-43	1.40338e-41	-4.23366e-42	0.236114	0.0131634	0	0.1	0.0153641
1.03628	3.85264	-0.011324	6.67959e-12	-2.60477e-12	-7.90154e-12	-6.78143e-29	1.97826e-27	2.62853e-26	0.236071	0.0131561	0	0.1	0.00766131
-1.99765	4.03703	0.227485	7.02184e-12	5.33558e-12	-6.28093e-12	7.97526e-27	1.77934e-26	2.35529e-26	0.235985	0.0131418	0	0.1	0.00904638
2.32185	-2.26171	-2.48754	6.01188e-16	2.12975e-16	6.97058e-16	1.57938e-40	-4.57564e-41	-9.63803e-42	0.235952	0.0131362	0	0.1	0.0187936
-1.93576	3.25742	-1.4959	6.01188e-16	2.12975e-16	6.97058e-16	8.31471e-41	3.78134e-41	2.39798e-40	0.235904	0.0131283	0	0.1	0.00645392
0.00696189	1.44005	-2.46978	6.01188e-16	2.12975e-16	6.97058e-16	1.42736e-42	-4.24988e-41	-4.32915e-42	0.235895	0.0131268	0	0.1	0.0106097
-1.22987	-1.95479	0.843059	6.01188e-16	2.12975e-16	6.97058e-16	-4.34913e-42	-1.53517e-41	1.17631e-41	0.235839	0.0131174	0	0.1	0.0179941
-1.63258	0.893863	-1.57321	6.01188e-16	2.12975e-16	6.97058e-16	-2.9735e-41	-5.55253e-41	5.05167e-41	0.235733	0.0130998	0	0.1	0.00928859
-1.66361	-2.13797	0.922163	5.4136e-12	-3.2353e-12	-1.74527e-12	-2.03559e-27	-1.74994e-26	2.61322e-26	0.235687	0.013092	0	0.1	0.00895012
0.882694	2.69565	-0.469505	1.78795e-11	1.49469e-12	-1.33589e-11	1.79117e-26	-6.32009e-27	-5.22535e-27	0.235674	0.0130899	0	0.1	0.0110233
2.25533	1.76487	-1.34591	6.01188e-16	2.12975e-16	6.97058e-16	6.10332e-40	1.39838e-40	-3.15211e-40	0.235637	0.0130837	0	0.1	0.0113836
2.48328	3.9758	-1.16909	-6.54088e-12	-1.70968e-13	9.534e-13	4.52945e-28	-1.06764e-26	1.20089e-27	0.235489	0.013059	0	0.1	0.00740352
1.87002	1.44456	2.02536	-6.0105e-12	-4.55249e-12	6.85959e-12	2.74541e-26	-5.67135e-27	2.04027e-26	0.235458	0.0130539	0	0.1	0.0133821
-0.103965	-0.375149	-0.147738	-8.55314e-12	3.51813e-12	-1.46429e-12	-1.81998e-27	-7.61087e-27	-7.2859e-27	0.235403	0.0130448	0	0.1	0.00557235
2.48655	2.79218	-1.71896	6.01188e-16	2.12975e-16	6.97058e-16	-5.36147e-41	-3.52468e-40	4.19086e-40	0.235218	0.013014	0	0.1	0.00719378
-2.0676	0.880732	-1.39328	6.01188e-16	2.12975e-16	6.97058e-16	2.03759e-40	-3.24478e-41	3.55264e-41	0.235211	0.0130128	0	0.1	0.00738209
-0.752344	-1.42641	2.24949	6.01188e-16	2.12975e-16	6.97058e-16	4.78018e-41	-1.02992e-41	-4.92273e-41	0.235173	0.0130065	0	0.1	0.00957831
1.57569	2.8419	-1.86224	6.01188e-16	2.12975e-16	6.97058e-16	-3.62094e-40	2.42851e-40	1.99649e-40	0.235071	0.0129896	0	0.1	0.00684282
-2.11414	-3.90601	0.900209	6.01188e-16	2.12975e-16	6.97058e-16	-3.41959e-40	7.11563e-41	-1.07732e-39	0.235068	0.0129891	0	0.1	0.00619574
0.796762	4.50151	-1.05627	-3.16748e-13	1.46328e-11	1.88695e-12	-2.8341e-27	9.83442e-29	-1.22467e-27	0.235066	0.0129887	0	0.1	0.00555447
-1.98405	2.27848	-2.48688	6.01188e-16	2.12975e-16	6.97058e-16	8.21432e-41	-2.33352e-41	-1.22631e-40	0.235014	0.0129802	0	0.1	0.00744639
1.06082	3.98816	-1.53368	6.01188e-16	2.12975e-16	6.97058e-16	2.85374e-42	1.0176e-40	6.19825e-41	0.234906	0.0129623	0	0.1	0.00754948
1.23273	-1.18077	-1.99329	6.01188e-16	2.12975e-16	6.97058e-16	2.17617e-40	5.30054e-41	1.51387e-40	0.234887	0.0129591	0	0.1	0.00936405
0.587339	-2.89404	-0.630746	6.01188e-16	2.12975e-16	6.97058e-16	-7.81053e-41	-2.68783e-40	-6.16557e-41	0.234874	0.012957	0	0.1	0.0074103
1.56138	0.2973	2.11083	-9.63422e-13	6.58817e-13	-1.1684e-11	9.86342e-28	-5.26741e-27	-3.72356e-28	0.234781	0.0129416	0	0.1	0.00868703
-0.611987	-2.73517	-1.42999	-4.78513e-12	-1.53376e-12	3.83169e-12	6.3311e-27	5.03834e-27	9.83918e-27	0.23474	0.0129349	0	0.1	0.00773119
0.504472	-2.70627	0.322379	6.01188e-16	2.12975e-16	6.97058e-16	5.41926e-42	-3.0558e-41	3.71423e-40	0.234707	0.0129295	0	0.1	0.00728449
-1.55637	-2.9394	0.0141911	5.14764e-12	3.69913e-12	2.07142e-12	-4.70547e-27	-6.08685e-28	1.28303e-26	0.234553	0.012904	0	0.1	0.00933399
2.36551	0.102713	-0.75636	6.01188e-16	2.12975e-16	6.97058e-16	4.02839e-41	6.16893e-42	-1.93749e-41	0.234546	0.0129028	0	0.1	0.0140793
-0.0946312	3.8524	2.47736	6.01188e-16	2.12975e-16	6.97058e-16	2.86432e-41	6.42422e-42	9.67604e-41	0.234417	0.0128816	0	0.1	0.0116151
1.99809	1.57366	1.1596	6.01188e-16	2.12975e-16	6.97058e-16	-1.04533e-40	9.00637e-41	-1.31347e-41	0.234416	0.0128814	0	0.1	0.00508732
1.89765	-0.563195	-1.85199	2.78287e-12	5.93996e-12	-4.80611e-13	3.66108e-27	-2.64772e-28	1.80142e-26	0.234121	0.0128328	0	0.1	0.00978734
1.56206	-2.65166	0.760453	6.01188e-16	2.12975e-16	6.97058e-16	3.75596e-41	-2.84574e-41	5.30401e-42	0.234027	0.0128173	0	0.1	0.0122605
-2.18318	-0.404485	1.14771	6.01188e-16	2.12975e-16	6.97058e-16	-1.35303e-41	5.1333e-40	-2.84716e-40	0.233823	0.0127839	0	0.1	0.00627102
2.39163	3.47259	-1.26576	1.41021e-12	5.45723e-12	6.43962e-12	3.60365e-27	-3.21079e-26	-6.38852e-28	0.233771	0.0127752	0	0.1	0.00562417
0.0468023	2.19376	-0.015891	6.01188e-16	2.12975e-16	6.97058e-16	1.28131e-41	9.67872e-41	-3.60874e-41	0.233759	0.0127733	0	0.1	0.0125681
-2.01998	4.23083	0.773096	6.01188e-16	2.12975e-16	6.97058e-16	2.74726e-41	2.86351e-41	-8.34524e-40	0.233739	0.01277	0	0.1	0.0122023
-1.95444	4.26782	1.8621	6.01188e-16	2.12975e-16	6.97058e-16	1.31422e-40	-3.4369e-40	3.86357e-40	0.233693	0.0127626	0	0.1	0.00935465
2.2056	3.54005	-0.824024	6.61897e-12	-3.41116e-12	6.47403e-12	-1.33918e-27	-1.13023e-27	6.18896e-28	0.233641	0.012754	0	0.1	0.00580759
-0.910512	3.79392	0.246911	7.06134e-12	-2.1944e-13	-3.51439e-12	-2.6129e-28	-7.6942e-27	-3.5316e-30	0.233637	0.0127534	0	0.1	0.00735726
-2.05079	3.36191	-0.373783	6.01188e-16	2.12975e-16	6.97058e-16	3.01817e-40	2.0106e-40	1.51088e-40	0.233588	0.0127454	0	0.1	0.00517075
-2.25331	-2.69767	0.21309	6.01188e-16	2.12975e-16	6.97058e-16	-1.77245e-40	1.80038e-40	1.08271e-40	0.233503	0.0127314	0	0.1	0.00832774
0.937856	2.2242	1.87429	6.01188e-16	2.12975e-16	6.97058e-16	1.83581e-40	-2.16204e-40	-6.56264e-43	0.233321	0.0127016	0	0.1	0.00586856
-1.37175	-0.407439	2.19822	6.01188e-16	2.12975e-16	6.97058e-16	-1.30106e-41	3.73801e-40	-2.63975e-40	0.23328	0.0126951	0	0.1	0.00597047
-1.01198	1.91164	1.7658	6.01188e-16	2.12975e-16	6.97058e-16	-1.98281e-42	-9.67155e-41	-5.89981e-42	0.233259	0.0126916	0	0.1	0.0121427
2.13743	-0.890272	-2.36495	6.01188e-16	2.12975e-16	6.97058e-16	-4.83272e-41	3.26193e-41	1.83675e-40	0.233106	0.0126666	0	0.1	0.0140299
-0.129912	3.62129	-1.94597	6.01188e-16	2.12975e-16	6.97058e-16	-1.42238e-41	-2.8459e-41	-1.10421e-40	0.232841	0.0126235	0	0.1	0.00781487
-2.14062	-4.2611	2.25963	6.01188e-16	2.12975e-16	6.97058e-16	-5.77984e-40	3.38112e-40	-5.3652e-40	0.232681	0.0125974	0	0.1	0.0103966
1.61176	-3.42957	0.944189	6.01188e-16	2.12975e-16	6.97058e-16	-1.80566e-40	3.28829e-40	-3.92615e-40	0.232555	0.0125769	0	0.1	0.00779376
0.0130286	2.77011	0.00271787	6.01188e-16	2.12975e-16	6.97058e-16	1.10008e-40	2.29093e-40	4.47661e-40	0.232387	0.0125497	0	0.1	0.00775479
-1.63106	-0.527813	-0.902564	6.01188e-16	2.12975e-16	6.97058e-16	-4.61236e-41	-5.1693e-42	-3.36124e-41	0.232202	0.0125198	0	0.1	0.00939036
-1.93597	2.25257	-0.481778	6.01188e-16	2.12975e-16	6.97058e-16	2.9723e-40	2.09138e-40	6.33571e-41	0.232182	0.0125166	0	0.1	0.00904385
1.83444	3.67597	-0.577368	6.01188e-16	2.12975e-16	6.97058e-16	-1.40045e-41	8.0743e-41	-2.12742e-40	0.232173	0.0125152	0	0.1	0.00844376
-2.32207	-2.38805	-1.07738	6.01188e-16	2.12975e-16	6.97058e-16	-1.06741e-40	6.08753e-42	1.54423e-41	0.232073	0.0124989	0	0.1	0.00934417
1.25085	-3.61486	2.29168	-9.11527e-13	7.12094e-12	-9.16984e-12	-7.28075e-27	-1.23758e-27	-2.54839e-28	0.232036	0.012493	0	0.1	0.00721739
0.750806	-1.94799	1.58717	6.01188e-16	2.12975e-16	6.97058e-16	-4.30212e-40	-3.08038e-41	-3.48543e-40	0.231892	0.0124697	0	0.1	0.00575675
2.3502	3.04682	1.74819	6.01188e-16	2.12975e-16	6.97058e-16	3.1077e-42	2.20474e-42	4.70644e-43	0.231874	0.0124668	0	0.1	0.00807481
-2.38554	3.37636	-2.41022	6.01188e-16	2.12975e-16	6.97058e-16	-1.80366e-40	-8.33586e-40	1.43221e-39	0.231344	0.0123816	0	0.1	0.00573485
-0.750419	-3.38584	1.38951	6.01188e-16	2.12975e-16	6.97058e-16	-1.93245e-40	-2.30526e-40	4.10443e-40	0.231199	0.0123583	0	0.1	0.00602099
0.934105	-0.947928	-0.82007	6.01188e-16	2.12975e-16	6.97058e-16	1.88473e-40	-5.51544e-41	1.06366e-42	0.231144	0.0123494	0	0.1	0.00586327
-1.72977	0.180748	0.274211	-1.13429e-12	-7.96738e-12	-9.10676e-13	-1.1432e-27	-2.61009e-28	3.71976e-27	0.231109	0.0123439	0	0.1	0.00878491
-1.61203	-0.526438	-2.42177	8.86389e-12	-5.56777e-12	1.38945e-12	2.03035e-29	-7.80624e-27	-3.2274e-26	0.231077	0.0123387	0	0.1	0.00530409
1.96024	-2.46907	-0.644871	6.01188e-16	2.12975e-16	6.97058e-16	-1.74715e-40	4.44152e-41	-1.68851e-40	0.23103	0.0123312	0	0.1	0.0068467
-0.413018	-1.33622	-1.13376	6.01188e-16	2.12975e-16	6.97058e-16	-8.29524e-41	1.91216e-41	-4.76557e-41	0.230978	0.0123228	0	0.1	0.0106879
2.24108	0.224015	1.19844	6.01188e-16	2.12975e-16	6.97058e-16	1.18175e-41	1.82543e-41	1.18771e-40	0.230773	0.0122902	0	0.1	0.00998601
-0.516805	-2.17815	-2.43082	6.01188e-16	2.12975e-16	6.97058e-16	1.51741e-41	-5.94665e-43	6.43546e-43	0.23074	0.0122848	0	0.1	0.00533555
0.374774	-0.810283	1.62442	6.01188e-16	2.12975e-16	6.97058e-16	8.37036e-41	-4.96618e-41	1.22251e-40	0.230721	0.0122818	0	0.1	0.00826981
-0.259528	-2.62219	-1.71213	5.09274e-12	1.6324e-12	-4.07558e-12	6.87547e-27	4.73342e-27	1.0308e-26	0.230658	0.0122717	0	0.1	0.0061146
-1.60726	0.860611	0.810519	6.01188e-16	2.12975e-16	6.97058e-16	7.08408e-42	1.48433e-40	-1.82153e-41	0.23065	0.0122704	0	0.1	0.00644061
1.74444	4.16616	-1.91616	6.01188e-16	2.12975e-16	6.97058e-16	-6.70788e-40	-7.96685e-40	2.17977e-40	0.230594	0.0122616	0	0.1	0.00657415
-2.10642	-4.42951	-0.0299077	6.01188e-16	2.12975e-16	6.97058e-16	9.2379e-42	1.52938e-41	1.06103e-40	0.23028	0.0122115	0	0.1	0.00853334
-1.89272	-0.626962	2.04593	6.01188e-16	2.12975e-16	6.97058e-16	7.49867e-41	1.71725e-40	-8.4366e-41	0.230137	0.0121888	0	0.1	0.00789329
-2.06547	-3.33562	-1.2438	-8.38769e-12	1.2337e-11	4.62938e-12	-2.43621e-26	-2.89502e-27	-3.71402e-26	0.230074	0.0121787	0	0.1	0.00826778
1.49798	-3.53834	-1.66281	6.01188e-16	2.12975e-16	6.97058e-16	-1.27422e-40	-9.47058e-42	-2.1443e-41	0.230022	0.0121704	0	0.1	0.0138907
-1.27026	1.18459	-1.54026	6.01188e-16	2.12975e-16	6.97058e-16	-2.58616e-42	-1.91403e-42	3.34581e-41	0.229978	0.0121635	0	0.1	0.0209227
0.48753	-4.18764	-0.922806	-3.11445e-12	-1.32614e-11	7.07105e-12	1.29107e-26	-3.99194e-27	-1.66597e-27	0.229971	0.0121624	0	0.1	0.00548656
2.2663	-4.33558	-0.635481	6.01188e-16	2.12975e-16	6.97058e-16	2.29455e-40	6.68696e-40	-4.63457e-41	0.229821	0.0121387	0	0.1	0.00853985
-1.90093	3.53496	-1.12347	-2.41418e-12	2.58066e-12	-5.83166e-12	-4.02053e-26	-3.36401e-26	1.71953e-27	0.229809	0.0121367	0	0.1	0.0065944
1.20774	1.91401	1.33041	6.01188e-16	2.12975e-16	6.97058e-16	-3.40043e-40	-3.83331e-40	-4.38887e-40	0.229766	0.0121298	0	0.1	0.00834157
-1.87313	4.24984	-0.167945	6.01188e-16	2.12975e-16	6.97058e-16	-6.17248e-41	-2.6254e-41	5.20107e-42	0.229731	0.0121244	0	0.1	0.00970695
0.785361	-0.0725317	-1.21989	6.01188e-16	2.12975e-16	6.97058e-16	-6.19172e-41	6.05292e-43	-1.0915e-40	0.229708	0.0121207	0	0.1	0.0072208
0.687018	0.874449	0.564627	6.01188e-16	2.12975e-16	6.97058e-16	8.07732e-41	-6.50018e-41	8.45977e-41	0.229632	0.0121088	0	0.1	0.0111913
1.9174	-3.56704	-0.188396	6.01188e-16	2.12975e-16	6.97058e-16	1.28863e-40	-1.46462e-40	-2.46822e-41	0.229528	0.0120922	0	0.1	0.00835501
0.936131	1.4449	-0.339143	6.01188e-16	2.12975e-16	6.97058e-16	-1.13181e-40	1.57088e-40	3.06317e-40	0.229389	0.0120703	0	0.1	0.00869931
2.46296	-3.26069	2.46115	6.01188e-16	2.12975e-16	6.97058e-16	-4.797e-41	6.80073e-40	1.03673e-41	0.229385	0.0120697	0	0.1	0.00767152
2.27018	1.76574	0.83655	6.01188e-16	2.12975e-16	6.97058e-16	-4.99468e-41	7.16701e-41	-5.06886e-41	0.229369	0.0120672	0	0.1	0.00679438
1.17353	-1.30759	1.17262	6.01188e-16	2.12975e-16	6.97058e-16	8.22455e-40	5.59314e-40	-1.10605e-39	0.229259	0.0120497	0	0.1	0.00640024
1.1496	2.07069	-0.892095	6.01188e-16	2.12975e-16	6.97058e-16	1.62004e-41	3.71611e-42	7.31449e-42	0.229194	0.0120396	0	0.1	0.0109643
-1.38419	-2.53951	-1.33447	6.01188e-16	2.12975e-16	6.97058e-16	-2.38679e-51	2.95339e-51	-1.74936e-51	0.229172	0.0120361	0	0.1	0.0143021
2.24802	3.11482	-1.95299	6.01188e-16	2.12975e-16	6.97058e-16	-2.61988e-40	-6.92776e-41	2.34006e-42	0.229117	0.0120275	0	0.1	0.00597571
-1.13108	-0.0520479	-0.396954	-1.8385e-12	-1.82388e-12	-9.74076e-12	6.24743e-27	-4.17964e-27	-3.98413e-28	0.229068	0.0120196	0	0.1	0.00539021
0.130853	4.33105	1.263	7.40425e-12	-3.0162e-12	-5.61258e-12	2.96929e-27	3.4228e-26	-1.46776e-26	0.229065	0.0120193	0	0.1	0.0140091
-0.507229	4.42321	-1.30149	6.01188e-16	2.12975e-16	6.97058e-16	2.9494e-41	4.18229e-41	-8.79099e-42	0.229019	0.012012	0	0.1	0.00553959
0.117434	-3.22837	-0.390979	-8.08123e-12	5.17103e-12	3.90127e-13	-1.0372e-27	1.27219e-27	-3.79242e-26	0.228976	0.0120053	0	0.1	0.00784963
2.4157	-3.47178	0.383019	6.01188e-16	2.12975e-16	6.97058e-16	-7.90747e-40	-4.1519e-40	3.9808e-41	0.228953	0.0120016	0	0.1	0.00952407
0.756194	-2.32849	-1.09899	6.01188e-16	2.12975e-16	6.97058e-16	-4.38244e-41	1.15673e-40	-3.8154e-40	0.228804	0.0119781	0	0.1	0.00750301
-1.42144	1.60354	0.554347	6.01188e-16	2.12975e-16	6.97058e-16	-7.15756e-41	-1.60863e-40	-2.29394e-42	0.228768	0.0119725	0	0.1	0.00783131
1.08156	-3.2399	2.08336	6.01188e-16	2.12975e-16	6.97058e-16	1.38518e-41	-2.53221e-41	-2.48032e-41	0.228747	0.0119692	0	0.1	0.00762494
-0.823248	-3.31865	0.940164	6.01188e-16	2.12975e-16	6.97058e-16	-1.78352e-39	-2.16873e-41	-3.14983e-40	0.228687	0.0119598	0	0.1	0.00667358
2.26136	-0.937804	-1.00588	6.01188e-16	2.12975e-16	6.97058e-16	7.01867e-40	-1.18987e-39	6.29287e-40	0.228552	0.0119387	0	0.1	0.00993967
-1.11712	2.39352	2.36471	6.01188e-16	2.12975e-16	6.97058e-16	1.90405e-40	3.79307e-40	9.1988e-41	0.228486	0.0119283	0	0.1	0.00912107
1.53189	2.71112	-2.44313	6.01188e-16	2.12975e-16	6.97058e-16	-4.31732e-40	3.61187e-41	5.09333e-40	0.228441	0.0119212	0	0.1	0.0062603
0.634114	3.27663	2.42233	6.01188e-16	2.12975e-16	6.97058e-16	-9.3743e-41	-2.195e-40	-2.69712e-40	0.228345	0.0119063	0	0.1	0.00664965
-1.55624	2.45254	2.47607	6.01188e-16	2.12975e-16	6.97058e-16	-9.76943e-41	-2.57477e-40	-7.39602e-42	0.228247	0.011891	0	0.1	0.0073302
1.26377	-2.46579	0.425783	-7.81036e-13	-1.02918e-12	7.25329e-12	-4.45092e-27	-4.83353e-27	-1.1427e-27	0.228176	0.0118798	0	0.1	0.0119637
2.13864	-2.73229	-2.33621	6.01188e-16	2.12975e-16	6.97058e-16	-4.67434e-42	-3.59016e-41	4.48961e-41	0.228087	0.011866	0	0.1	0.0114706
1.06427	1.7983	1.74978	6.01188e-16	2.12975e-16	6.97058e-16	-5.60267e-40	1.08449e-39	-2.99976e-40	0.228051	0.0118603	0	0.1	0.00724395
-1.41868	1.18861	0.200466	6.01188e-16	2.12975e-16	6.97058e-16	-1.37789e-40	-4.23839e-40	-6.95663e-40	0.227993	0.0118513	0	0.1	0.00613538
1.86288	3.38084	-1.87315	6.01188e-16	2.12975e-16	6.97058e-16	-3.52941e-40	1.47064e-40	-1.91886e-40	0.227935	0.0118422	0	0.1	0.00447306
1.07087	-3.87077	1.95472	6.01188e-16	2.12975e-16	6.97058e-16	2.84732e-40	2.01395e-42	2.01557e-40	0.227766	0.0118159	0	0.1	0.00780224
0.151494	-4.38017	-0.67893	-6.21664e-14	1.27636e-11	-2.83061e-12	-7.70346e-27	-9.71965e-29	-2.71248e-28	0.227682	0.0118028	0	0.1	0.0056929
-1.75471	3.67716	0.597294	6.01188e-16	2.12975e-16	6.97058e-16	-1.22768e-40	-1.6381e-40	1.47622e-41	0.227633	0.0117953	0	0.1	0.00641556
0.574503	-1.30659	-0.34602	6.01188e-16	2.12975e-16	6.97058e-16	2.09835e-40	-3.48462e-41	-7.86982e-41	0.227494	0.0117735	0	0.1	0.00484928
-1.28293	3.31032	-2.23802	6.01188e-16	2.12975e-16	6.97058e-16	8.22561e-40	-6.30954e-41	-1.04652e-40	0.22746	0.0117684	0	0.1	0.0072008
-1.54077	-2.40613	-1.77964	6.01188e-16	2.12975e-16	6.97058e-16	-2.27677e-41	-1.93256e-40	-3.60918e-41	0.227458	0.011768	0	0.1	0.0088384
1.5241	0.353629	0.196061	6.01188e-16	2.12975e-16	6.97058e-16	3.13958e-40	1.14065e-40	-1.37213e-40	0.227364	0.0117535	0	0.1	0.00678703
1.87052	1.33552	1.53412	6.01188e-16	2.12975e-16	6.97058e-16	-9.52537e-41	1.40721e-41	-7.98679e-41	0.227272	0.0117392	0	0.1	0.00522304
1.71401	-1.96281	-1.77474	6.01188e-16	2.12975e-16	6.97058e-16	1.9591e-39	-8.07053e-41	-5.15594e-40	0.227267	0.0117384	0	0.1	0.00658283
-2.04657	-1.90906	1.04569	-6.01918e-12	3.59842e-12	1.94239e-12	-2.32857e-27	-2.02317e-26	3.06653e-26	0.227257	0.0117368	0	0.1	0.00840327
0.830326	-3.73699	2.43035	6.01188e-16	2.12975e-16	6.97058e-16	-5.57753e-40	-1.44187e-39	9.95263e-40	0.227235	0.0117334	0	0.1	0.00666863
0.169693	0.732285	-0.460616	-7.0119e-12	-1.25518e-11	5.23992e-12	3.58602e-26	-1.63354e-26	8.40937e-27	0.227121	0.0117158	0	0.1	0.00687743
-2.04175	-0.146793	1.77078	6.01188e-16	2.12975e-16	6.97058e-16	-8.66332e-41	1.73936e-40	2.16272e-41	0.227041	0.0117034	0	0.1	0.00672552
-0.608689	-2.42088	-1.9639	6.01188e-16	2.12975e-16	6.97058e-16	1.82818e-41	-2.03644e-40	7.10537e-41	0.227022	0.0117005	0	0.1	0.00524594
-2.05521	-1.37722	-2.23663	-1.46744e-12	-2.00525e-12	-6.69142e-12	1.28182e-26	1.24983e-26	-6.56852e-27	0.22694	0.0116877	0	0.1	0.0133232
-1.20506	2.83361	-2.21499	6.01188e-16	2.12975e-16	6.97058e-16	1.58122e-39	6.42364e-41	-1.18597e-39	0.226875	0.0116778	0	0.1	0.00555726
0.556723	1.87126	-1.11289	-5.05823e-12	-8.12348e-12	4.55363e-12	1.39282e-27	-2.22038e-27	-1.19115e-26	0.226667	0.0116456	0	0.1	0.00492497
-1.95443	-2.99366	1.39256	6.01188e-16	2.12975e-16	6.97058e-16	-1.53142e-40	6.73227e-44	-1.86901e-41	0.226615	0.0116377	0	0.1	0.0114301
-1.23779	0.834576	0.538904	6.01188e-16	2.12975e-16	6.97058e-16	-1.57608e-42	-4.41566e-41	-3.16338e-43	0.226596	0.0116348	0	0.1	0.0062276
2.14242	1.65087	1.71454	-8.32527e-14	1.28382e-11	1.65957e-12	3.41228e-26	-2.94951e-27	2.15923e-26	0.226464	0.0116144	0	0.1	0.00617699
0.182346	-0.132328	-0.434636	6.01188e-16	2.12975e-16	6.97058e-16	1.70475e-40	1.99265e-41	6.03807e-41	0.226461	0.0116139	0	0.1	0.0115833
-2.38373	-3.13143	0.0624539	6.01188e-16	2.12975e-16	6.97058e-16	9.46431e-41	-3.72612e-39	-6.97594e-40	0.226445	0.0116114	0	0.1	0.00497598
1.90951	0.893502	1.43797	6.01188e-16	2.12975e-16	6.97058e-16	1.19762e-40	-1.83268e-40	-1.97017e-40	0.2264	0.0116046	0	0.1	0.00792604
2.37054	1.41239	1.40442	1.18134e-11	2.93522e-13	-1.88927e-12	-7.5339e-27	4.16714e-26	-3.20673e-26	0.226393	0.0116035	0	0.1	0.013206
0.0411961	-3.4401	-0.922391	6.01188e-16	2.12975e-16	6.97058e-16	2.26013e-40	-7.15134e-40	5.28734e-40	0.226276	0.0115855	0	0.1	0.00607602
1.10241	0.301303	1.98235	6.01188e-16	2.12975e-16	6.97058e-16	1.20953e-40	1.26256e-40	5.00607e-40	0.226241	0.0115802	0	0.1	0.0071275
-0.157039	-2.45826	-2.36788	6.01188e-16	2.12975e-16	6.97058e-16	6.54838e-40	4.52174e-41	-2.97347e-41	0.226081	0.0115556	0	0.1	0.00598943
0.932873	-1.12804	-1.64729	6.01188e-16	2.12975e-16	6.97058e-16	-1.42078e-40	-3.68084e-40	8.24606e-41	0.225946	0.0115349	0	0.1	0.0070326
2.34321	-0.448572	-1.85757	6.01188e-16	2.12975e-16	6.97058e-16	-1.81528e-40	-2.22852e-40	-5.03847e-41	0.225943	0.0115345	0	0.1	0.00943792
0.173138	2.8923	-2.454	6.01188e-16	2.12975e-16	6.97058e-16	-4.15546e-42	1.47954e-41	-6.10361e-42	0.225919	0.0115307	0	0.1	0.00866494
-1.99911	3.75169	-0.135742	6.01188e-16	2.12975e-16	6.97058e-16	2.09385e-40	-3.66823e-41	9.43402e-40	0.225909	0.0115292	0	0.1	0.0056829
2.45118	-1.5172	0.464764	6.01188e-16	2.12975e-16	6.97058e-16	2.00691e-39	-1.70724e-40	-1.33546e-39	0.225904	0.0115285	0	0.1	0.00476263
0.000975085	2.00942	1.80972	6.01188e-16	2.12975e-16	6.97058e-16	-6.90725e-42	-2.33509e-41	-2.38544e-41	0.22567	0.0114927	0	0.1	0.00707752
-2.36076	-0.709714	-2.07686	6.01188e-16	2.12975e-16	6.97058e-16	-9.72051e-40	-8.94421e-40	-3.70453e-40	0.225613	0.011484	0	0.1	0.00713659
-0.951508	4.14431	-1.31585	6.01188e-16	2.12975e-16	6.97058e-16	1.04736e-40	3.07112e-40	9.2015e-41	0.225601	0.0114821	0	0.1	0.00745394
0.888174	-3.70603	-1.67876	6.01188e-16	2.12975e-16	6.97058e-16	7.89128e-41	5.89298e-42	-2.41558e-40	0.225545	0.0114736	0	0.1	0.00737499
-2.06082	3.98773	-1.23548	7.56549e-12	1.98174e-13	-1.10106e-12	5.43002e-28	-1.28848e-26	1.43972e-27	0.225381	0.0114486	0	0.1	0.00483974
0.984482	-0.886523	-1.26951	6.01188e-16	2.12975e-16	6.97058e-16	-1.7426e-41	-1.03494e-40	-5.01394e-40	0.225173	0.0114169	0	0.1	0.00781782
-1.98983	4.3302	-1.51949	6.01188e-16	2.12975e-16	6.97058e-16	-5.10275e-40	1.17441e-40	-7.52055e-41	0.225111	0.0114075	0	0.1	0.00654329
0.869099	-2.18486	2.40609	6.01188e-16	2.12975e-16	6.97058e-16	-3.06772e-41	-1.81806e-42	-1.3562e-40	0.225109	0.0114072	0	0.1	0.009646
1.44854	0.544727	-1.574	6.01188e-16	2.12975e-16	6.97058e-16	5.58424e-41	3.55313e-41	1.16407e-41	0.225014	0.0113927	0	0.1	0.0133357
