-1.49845	1.28347	2.20399	0.000167943	0.00476868	-0.00224391	-1.85087e-20	7.56275e-19	-5.8577e-19	0.538133	1.33077	0.538131	0.1	0.0302812
-0.138619	-1.13544	-1.53588	0.0107456	-0.00794432	0.00762098	3.75324e-18	-8.384e-19	-3.59874e-19	0.537075	1.32294	0.537072	0.1	0.0293083
1.79933	-1.73879	-2.07901	0.00257324	-0.00842725	0.00553825	2.02839e-18	-9.18167e-19	-1.98982e-18	0.534574	1.30454	0.534571	0.1	0.0289004
0.820289	0.548129	-2.0464	-0.000631147	-0.00353828	-0.000377986	-6.41242e-19	4.17697e-20	2.67114e-18	0.534326	1.30272	0.534323	0.1	0.0268681
2.3675	-3.68822	2.37389	0.00268318	-0.0014455	0.0114159	4.85178e-19	-9.09799e-19	3.51503e-19	0.534068	1.30084	0.534066	0.1	0.0265559
-1.54705	-0.328489	0.101139	0.0011406	0.00650116	0.00417976	-2.51242e-18	1.21344e-18	2.25871e-18	0.533252	1.29489	0.53325	0.1	0.0247332
-0.836185	0.360336	-1.87738	-0.00987397	-0.0106924	0.00103761	-9.98476e-19	7.977e-19	1.74344e-18	0.533185	1.2944	0.533182	0.1	0.0238526
-0.342452	0.178431	1.83786	0.000931635	-0.00537653	-0.00120742	-2.44245e-19	1.60317e-20	1.03446e-18	0.532995	1.29302	0.532992	0.1	0.022915
1.57991	-1.33481	1.16773	-0.00764747	-0.00200578	-0.00474484	1.50062e-18	-3.41064e-18	5.3055e-20	0.53199	1.28571	0.531987	0.1	0.0268585
-0.299091	3.42735	-0.625208	0.00190145	-0.00233768	-0.00607907	-3.77264e-19	-8.61527e-19	-3.2784e-20	0.531932	1.28529	0.531929	0.1	0.0346147
0.0612214	-0.195981	-2.00093	-0.00264842	-0.00508629	-0.00633948	4.9548e-19	-5.48707e-19	8.09481e-19	0.531795	1.2843	0.531792	0.1	0.0253278
-0.787767	-0.552216	2.4694	-0.00640034	-0.00770191	-0.00383826	2.99349e-19	-3.61376e-21	-6.66448e-19	0.531587	1.28279	0.531584	0.1	0.0263375
-0.791621	-4.07898	-0.66481	0.000537774	-8.63573e-05	-0.013171	-8.85743e-20	-2.54553e-18	-1.37438e-18	0.531419	1.28158	0.531416	0.1	0.0241402
1.66557	-0.50092	2.18462	0.0108653	0.000809659	-0.00476532	6.33447e-19	-5.47622e-19	1.05985e-18	0.531348	1.28107	0.531345	0.1	0.0251756
0.809134	-2.39367	-1.34007	0.00996152	-0.00292096	-0.000850928	3.85306e-19	-3.02084e-20	6.08053e-19	0.531096	1.27924	0.531093	0.1	0.0291395
1.34062	2.19882	-2.27804	-0.00126915	0.00992175	0.000413737	8.36559e-19	-2.91754e-18	-1.11342e-18	0.530999	1.27854	0.530997	0.1	0.02885
1.66317	3.75742	1.79876	0.00352242	0.0040041	-0.00835401	1.02123e-18	-8.91433e-19	1.49375e-18	0.530235	1.27303	0.530232	0.1	0.023891
-0.711308	1.83907	-2.33642	-0.00344519	0.00500606	0.00506568	-1.19841e-18	5.20281e-19	-1.36051e-19	0.52981	1.26997	0.529807	0.1	0.0241125
1.43668	0.877255	0.44615	0.00214528	-0.00948399	0.00568577	-1.22813e-18	-1.31173e-19	-5.89286e-19	0.529723	1.26935	0.529721	0.1	0.0242872
2.46384	-0.0812541	0.400805	-0.00212064	-0.000342126	0.00646447	-3.01922e-19	1.02966e-18	-9.16355e-20	0.529626	1.26865	0.529623	0.1	0.0204877
1.07529	-2.2481	1.69111	0.0028304	0.00433457	-0.000455923	3.96138e-18	-3.25908e-19	-2.63934e-18	0.52894	1.26373	0.528938	0.1	0.0300686
-0.159075	-2.38151	0.00875484	0.00517181	-0.00310938	-0.000958807	-3.44986e-18	7.21786e-19	-2.04718e-18	0.528765	1.26247	0.528762	0.1	0.026008
-1.74911	1.50178	1.19352	0.00250563	-0.00972734	-0.00361723	2.60021e-18	-3.62162e-19	-1.04425e-18	0.528402	1.25987	0.528399	0.1	0.0209085
-1.68398	-1.42385	-0.196968	0.0061966	0.00491936	0.00375505	-7.70433e-20	-2.3407e-19	2.0747e-19	0.525926	1.24224	0.525923	0.1	0.0246213
-1.79181	-0.502689	2.14487	-0.0102529	-0.00336371	0.0033407	3.29803e-18	-1.76166e-18	9.081e-19	0.525819	1.24149	0.525816	0.1	0.0190388
1.35071	0.273378	-0.412224	-0.008217	-0.00634378	0.00156223	2.2823e-18	1.7011e-18	-8.73571e-19	0.525736	1.2409	0.525733	0.1	0.0225416
-0.55738	-0.274839	-1.08002	0.0065288	-0.00262079	0.00317042	1.93586e-18	-9.73312e-19	2.56989e-18	0.525726	1.24083	0.525724	0.1	0.0309879
-2.28575	2.29972	0.758085	0.00650129	0.00607978	0.0227397	-9.82958e-19	8.96368e-19	9.83418e-19	0.525395	1.23849	0.525392	0.1	0.027134
-1.47068	-2.15787	-1.34069	-0.00542986	-0.00999567	0.00509598	1.2865e-18	-3.17641e-18	-5.82481e-18	0.524644	1.23319	0.524642	0.1	0.0326827
-2.34141	3.25382	-1.76418	0.0046438	0.00285747	-0.00210172	-5.6143e-19	2.59026e-20	1.01223e-18	0.524215	1.23016	0.524212	0.1	0.0192715
-1.13398	-3.14731	-1.38132	-0.0043664	-0.0118648	0.00146306	-1.46752e-19	-7.60712e-20	1.13384e-18	0.524135	1.2296	0.524133	0.1	0.0221811
2.15987	1.10588	-2.36809	-0.00217999	-0.00299127	-0.00609625	-4.00314e-19	-4.14395e-20	1.16057e-19	0.523666	1.2263	0.523663	0.1	0.0348264
2.38035	3.93201	-0.569489	-0.00704611	0.0016679	-0.00260634	3.97347e-20	5.10711e-19	-7.73528e-19	0.523	1.22163	0.522998	0.1	0.0255281
1.544	2.71474	1.82832	-0.00131946	-0.000403728	-0.00704689	1.7504e-18	-1.11385e-18	2.54656e-18	0.522973	1.22144	0.52297	0.1	0.0269532
-2.44227	-1.6246	-0.890477	-0.00163785	0.000271376	0.00908573	-3.46309e-19	-5.8869e-20	-8.2616e-20	0.522857	1.22063	0.522855	0.1	0.0226029
0.701402	-3.54507	-2.08049	0.0170071	0.00431076	0.0157861	2.28761e-18	5.40664e-19	-1.7631e-18	0.521955	1.21432	0.521952	0.1	0.023947
0.668843	3.58637	2.08489	0.0027661	0.00463713	-0.00313719	5.09779e-20	-6.66091e-19	-6.02208e-19	0.520845	1.20659	0.520843	0.1	0.0246093
0.829005	-3.89914	0.335815	-0.00690372	0.0138124	-0.00280262	9.34618e-19	5.96806e-19	4.37267e-19	0.52038	1.20336	0.520378	0.1	0.0201796
2.46262	4.16151	1.2557	0.0152341	0.00256978	-0.00108498	-4.45203e-20	4.50879e-19	-1.27605e-18	0.52025	1.20246	0.520248	0.1	0.0209581
2.41326	2.61869	2.44431	-0.00493724	0.00599805	-0.00784372	-3.71295e-19	-1.16198e-18	-1.88575e-19	0.519996	1.2007	0.519993	0.1	0.023047
0.850723	-1.46936	-0.643699	0.00758663	-0.00153323	0.000208185	-1.34778e-18	3.76376e-18	-4.68708e-19	0.519918	1.20016	0.519915	0.1	0.0252777
1.22039	2.79454	-0.459833	-0.00405255	-0.00236577	0.0118225	5.5915e-19	2.21301e-19	-1.98596e-20	0.519527	1.19745	0.519525	0.1	0.0286416
1.68161	-2.08525	-0.573236	-0.00152439	-0.022656	-0.0113635	-6.20051e-19	1.22928e-18	7.6161e-19	0.518397	1.18965	0.518394	0.1	0.0316859
0.51576	0.764167	1.97256	0.00714337	-0.00565817	-0.0078555	1.91725e-19	4.93735e-19	2.63878e-18	0.518037	1.18718	0.518034	0.1	0.0226963
-1.12761	-0.600639	1.02228	-0.000211052	-0.000159161	0.00737888	-1.13839e-19	-6.7994e-19	-1.2209e-18	0.517448	1.18313	0.517445	0.1	0.0191311
0.268134	-3.03979	-0.679196	0.000159323	-0.0119785	0.00145293	-1.33577e-18	3.19462e-18	-1.90124e-18	0.516934	1.17961	0.516931	0.1	0.0209909
-1.82397	3.60235	0.599771	-0.00172765	-0.00772214	-0.00127513	1.22217e-19	-2.00449e-19	-1.49476e-20	0.516086	1.17382	0.516084	0.1	0.0235315
-2.17795	-3.61039	-0.316733	0.00258314	-0.00537685	-0.013696	-5.39832e-19	3.62137e-19	7.17993e-19	0.515873	1.17237	0.515871	0.1	0.0291175
-0.820043	3.3144	0.273657	0.00827542	0.00832188	-0.00050492	-1.93458e-18	2.6965e-19	3.53978e-19	0.514857	1.16545	0.514855	0.1	0.024376
2.1874	-1.38999	2.0136	-0.0050168	-0.00402383	-0.00126213	1.31018e-18	3.95932e-20	4.27311e-20	0.514273	1.16149	0.514271	0.1	0.0280109
-0.356636	3.53812	2.19806	0.00135739	0.0028039	-0.00561824	5.56358e-19	-1.53321e-18	8.3988e-19	0.513799	1.15828	0.513796	0.1	0.0254296
0.863197	-3.14727	1.21695	0.002958	0.00357815	-0.0144204	2.07696e-18	2.31279e-19	-1.93478e-19	0.511481	1.14267	0.511478	0.1	0.0212389
1.60232	-0.718378	-0.566563	0.000684369	-0.00654458	-0.00565812	3.8527e-19	4.57787e-19	9.12577e-19	0.511468	1.14259	0.511465	0.1	0.0195625
1.81106	-3.66402	-0.48	-0.00254676	0.00874973	-0.006888	1.85402e-20	4.10651e-19	-4.22964e-19	0.511158	1.14051	0.511156	0.1	0.0220647
2.10021	-2.38512	1.78842	0.00433146	-0.00710881	-0.00256122	1.8944e-19	-6.73652e-20	3.85062e-19	0.510819	1.13824	0.510816	0.1	0.0318896
2.44239	0.912535	0.705239	0.00372547	0.00342483	0.0102395	-1.61273e-19	-2.03438e-19	2.21995e-19	0.509733	1.131	0.509731	0.1	0.0197277
-1.62756	2.86194	-0.164248	0.00681248	0.00130407	0.000190371	4.72016e-20	1.74451e-19	4.89912e-19	0.5055	1.10305	0.505497	0.1	0.0302667
-1.54918	2.99295	-1.16263	0.00617612	0.00121957	-0.00210296	-3.6454e-20	4.43677e-19	2.13595e-20	0.505492	1.103	0.505489	0.1	0.0279951
-1.18058	-1.16056	-1.55334	0.00804967	0.00187885	-0.00516264	-3.79296e-19	3.40492e-19	5.7521e-19	0.505487	1.10297	0.505484	0.1	0.0228889
-1.98955	2.81959	1.63795	-0.00971464	0.0161832	-0.00688434	-9.50042e-19	1.32622e-18	5.58438e-19	0.505067	1.10022	0.505064	0.1	0.0314
0.56992	1.77168	1.8253	-0.00523722	-0.00158385	-0.00161419	-1.45835e-18	-9.76542e-19	-1.51603e-19	0.504817	1.09859	0.504815	0.1	0.0265604
-1.34753	0.271734	-0.717354	0.00124082	0.002582	-0.00165693	1.32984e-18	1.19993e-18	2.41178e-18	0.504698	1.09782	0.504696	0.1	0.0198407
1.39899	1.33852	-1.71417	-0.00473629	0.00235574	0.000602525	1.06898e-18	-6.52652e-19	2.80886e-18	0.502454	1.08324	0.502452	0.1	0.0281073
-0.0450192	0.753955	-0.64908	-0.00363686	0.00885303	0.00896759	-3.81614e-20	6.25729e-19	8.03172e-19	0.502381	1.08276	0.502378	0.1	0.0235461
2.19652	-3.68618	0.478513	-0.00112118	-0.016477	-0.0121805	1.5023e-19	1.71536e-18	1.00611e-18	0.501162	1.0749	0.50116	0.1	0.0271431
-0.143974	1.55202	0.0829151	-0.00220118	0.00293623	0.000221724	4.45154e-19	1.93401e-19	3.55888e-19	0.501159	1.07488	0.501157	0.1	0.0203176
-2.00085	2.28856	-1.72291	0.00819572	0.00252832	-0.00332131	8.49549e-19	4.29038e-18	1.391e-18	0.500833	1.07278	0.50083	0.1	0.019396
-1.29491	1.81942	-0.0630546	0.00476498	0.00898925	0.00627661	2.9751e-19	-1.74317e-18	3.25905e-18	0.500761	1.07232	0.500759	0.1	0.018651
-1.62256	3.8456	-0.365117	-0.00405253	0.00565981	0.0001931	-1.17426e-18	1.51796e-18	-2.15014e-19	0.500228	1.0689	0.500225	0.1	0.0290183
-0.115529	-3.95212	2.3959	0.00372228	0.00547937	-0.000478837	-2.12323e-19	2.00013e-18	-9.40448e-19	0.499828	1.06634	0.499825	0.1	0.0229311
2.31816	2.95205	-0.848033	0.00657177	-0.00299707	0.000153619	1.26838e-18	1.55944e-18	3.06312e-19	0.499239	1.06258	0.499237	0.1	0.028635
0.653111	0.169502	1.13859	0.00473474	0.0127514	-0.000549086	1.17363e-19	-1.46835e-19	-2.48075e-19	0.498934	1.06063	0.498932	0.1	0.02431
-2.18285	-1.57699	-2.10422	0.0057554	-0.00185775	0.0129495	-7.28157e-19	-2.39384e-18	-1.54694e-19	0.498126	1.05548	0.498123	0.1	0.0196724
-2.01226	-3.31744	-1.8731	-0.00506691	-0.0142366	8.13822e-05	4.61909e-19	5.27897e-19	1.78808e-19	0.497865	1.05382	0.497862	0.1	0.0296281
0.412976	1.75987	-1.3661	-0.00376147	0.0028017	0.00396902	-8.59387e-19	-8.77202e-19	4.20834e-18	0.497498	1.0515	0.497495	0.1	0.0245458
2.12708	1.94817	-0.881832	0.00773532	0.00292426	0.0068979	-1.22511e-18	-6.19777e-19	1.28684e-18	0.497262	1.05	0.49726	0.1	0.0212896
-0.409847	1.23997	-1.55973	0.00255334	-0.0100618	-0.00586876	-3.99642e-20	-3.44797e-18	1.76771e-18	0.497046	1.04864	0.497044	0.1	0.0228756
0.861506	-2.08811	-2.31947	-0.00406659	0.00361434	-0.00177046	-3.65424e-19	-2.01344e-19	-7.14765e-19	0.497046	1.04863	0.497043	0.1	0.0262667
-0.62341	1.56041	1.68069	0.00373336	-0.00690847	0.00479743	-1.76587e-19	7.34653e-22	3.0689e-20	0.496969	1.04815	0.496966	0.1	0.0283465
0.129515	-2.70678	-2.06106	-0.000538908	-0.00221073	-0.00305876	2.01217e-18	8.90867e-19	4.47727e-18	0.496631	1.04601	0.496629	0.1	0.0223331
-0.761058	1.92677	0.769805	0.00541475	0.0114579	0.00837885	2.14531e-19	-3.47806e-19	4.47435e-19	0.496217	1.0434	0.496215	0.1	0.0233064
0.438266	0.220521	0.0416249	-0.0084015	0.00383125	0.0100995	-8.00917e-20	4.28261e-19	-1.23656e-18	0.495904	1.04142	0.495902	0.1	0.021632
-0.546229	-2.05572	-1.75081	-0.00614996	-0.00184668	-0.00381111	4.23238e-18	-7.47542e-19	-2.7528e-19	0.495175	1.03684	0.495172	0.1	0.0283655
-0.260207	-3.54717	-1.71082	0.00724843	-0.00372464	0.00738109	-2.78532e-19	-1.25284e-18	6.19374e-19	0.493735	1.02782	0.493732	0.1	0.0220921
1.78835	-4.20952	-1.33313	-0.00270871	0.00623819	-0.00760798	1.47051e-19	2.53615e-19	6.26954e-19	0.493409	1.02578	0.493406	0.1	0.0186142
0.166842	3.35069	-1.96214	-0.00229185	0.00985147	-0.00154584	-4.1397e-19	-1.02515e-20	3.37564e-19	0.493146	1.02414	0.493143	0.1	0.0255662
-0.853022	2.40482	-0.751773	-0.00399241	0.00860775	-0.00304917	7.31905e-19	2.53094e-19	-2.89609e-19	0.492944	1.02289	0.492942	0.1	0.031428
-0.939452	1.17871	-0.728582	-0.00593362	0.00917841	-0.00570227	1.67535e-18	4.54154e-20	-1.26891e-18	0.49291	1.02267	0.492907	0.1	0.0237733
2.30739	-0.614507	1.25774	-0.00129588	-0.00176007	0.00653582	3.50982e-19	-8.10253e-20	1.33048e-19	0.492868	1.02241	0.492865	0.1	0.0245953
1.72467	-0.863064	-1.55232	-0.00175743	0.00604076	-0.0128048	-3.81017e-18	2.02978e-18	3.08779e-18	0.492751	1.02168	0.492748	0.1	0.0294974
-1.36447	2.71628	0.870408	0.00505402	0.00910805	0.00484421	-1.86528e-19	1.73492e-19	3.14432e-20	0.492162	1.01803	0.49216	0.1	0.0246254
1.97856	-1.17862	0.240292	0.00543265	0.000672366	-0.000143723	2.50525e-19	2.1758e-18	9.75834e-19	0.491981	1.0169	0.491978	0.1	0.0261124
0.421443	3.68416	1.11069	0.000241967	-0.00322952	-0.00612689	1.37153e-18	-3.07995e-19	-3.43085e-19	0.49159	1.01448	0.491588	0.1	0.0191912
0.18308	-4.00313	-0.957318	0.0104473	-0.0174779	0.00205614	1.72328e-18	-2.99443e-18	-7.05217e-19	0.491362	1.01306	0.491359	0.1	0.0197118
0.25987	-1.86771	1.21642	-0.000898255	0.008801	-0.0036419	-5.19348e-19	-2.24079e-19	9.68202e-19	0.491013	1.01091	0.49101	0.1	0.0153213
-0.978537	3.83575	-1.51036	-0.00406107	-0.010783	-0.00975944	2.11472e-18	3.5694e-19	1.86089e-19	0.490441	1.00738	0.490439	0.1	0.0302062
-2.41066	-0.741256	-0.390246	0.00427313	0.00432167	-0.00456274	-3.07887e-19	8.65481e-20	-3.5019e-19	0.490031	1.00486	0.490029	0.1	0.0236229
-1.94234	-2.48628	-2.40139	0.00393987	-0.00368347	0.0072755	5.76205e-19	3.51129e-19	8.2181e-19	0.489223	0.999893	0.48922	0.1	0.0254118
1.48685	-2.0086	0.409986	0.0033472	-0.00192792	-0.00865997	-7.50021e-19	1.79623e-20	-2.65864e-20	0.488186	0.993547	0.488183	0.1	0.0306065
-2.21509	0.413106	2.09978	-0.00152295	0.00862698	0.00538206	-2.43105e-18	-1.86499e-18	2.35045e-18	0.487161	0.987306	0.487159	0.1	0.0213949
0.561381	-1.72701	0.297499	0.0034595	0.00777793	-0.00620788	-2.00621e-19	-4.87062e-19	4.08397e-19	0.486973	0.986161	0.48697	0.1	0.0242607
2.16997	0.948087	-0.250874	0.00472036	0.0103903	0.00650059	-2.77981e-18	3.05392e-19	4.34395e-18	0.486943	0.985981	0.486941	0.1	0.0200731
-1.99152	4.15017	-2.06812	0.00135199	0.00761489	-0.000384328	-2.04876e-19	-1.03396e-18	-3.85958e-19	0.486681	0.984392	0.486679	0.1	0.0189053
-2.01703	-0.0393709	-1.98349	-0.00231672	0.00496615	0.00573429	1.80104e-19	-5.28555e-20	6.97298e-19	0.486256	0.981814	0.486254	0.1	0.0209086
0.840528	0.8392	-1.0725	-0.00465071	0.00261149	0.00352742	7.14609e-19	1.57142e-19	5.9198e-19	0.485077	0.974687	0.485074	0.1	0.0245574
-0.227245	4.11691	0.138294	-0.00962005	-0.00688733	-0.00601747	6.77783e-19	-1.36052e-19	1.55237e-18	0.484691	0.972366	0.484689	0.1	0.0188826
1.46899	3.04949	0.783558	-0.002634	0.00456645	0.00983413	-2.67593e-19	-5.14659e-19	-3.0686e-19	0.484598	0.971804	0.484595	0.1	0.0278304
1.75204	2.15414	1.02035	-0.00318917	-0.00268348	-0.00731661	1.00017e-18	-1.05292e-18	5.77758e-19	0.48417	0.969231	0.484167	0.1	0.0278278
-0.209363	2.99033	1.37771	-0.00436686	-0.0012183	-0.0028212	4.82601e-19	-9.66467e-19	-5.26783e-20	0.483916	0.967708	0.483914	0.1	0.022397
-0.74036	-3.17741	-0.207151	0.00249702	-0.00347325	-0.00136137	2.66955e-18	7.76381e-19	3.68123e-18	0.483705	0.96644	0.483702	0.1	0.0213078
2.20336	3.71976	0.395943	-0.0030086	0.00265573	2.11855e-05	-1.76031e-18	-4.14726e-19	-1.25258e-18	0.482771	0.960857	0.482769	0.1	0.0235198
1.68404	0.0247574	-1.95042	0.0149514	0.0125414	-0.0114826	-6.94167e-19	6.74237e-19	5.07028e-18	0.482156	0.957188	0.482154	0.1	0.0332435
1.20968	3.89476	-2.03943	-0.00796186	-0.00384697	-0.00478747	5.55877e-19	1.70619e-18	2.43335e-18	0.482004	0.95628	0.482001	0.1	0.0184652
2.12281	2.8011	0.117982	-0.000388304	-0.00583973	0.0113144	-2.4968e-18	2.25202e-18	1.49815e-18	0.481748	0.95476	0.481746	0.1	0.029632
1.36409	0.792578	1.44931	0.0221233	0.00522556	0.00925231	1.95658e-19	9.84669e-19	-3.94582e-19	0.481558	0.95363	0.481556	0.1	0.0359713
1.26961	2.21822	-1.27163	0.00166232	0.00487703	0.00413536	-3.7616e-18	-3.39889e-21	7.35636e-19	0.480677	0.948403	0.480674	0.1	0.0215923
-0.0556536	-2.78941	1.31064	-0.00182709	-0.00444861	-0.00933513	-6.48698e-19	-5.85534e-20	2.38616e-19	0.480208	0.945634	0.480206	0.1	0.0229441
-0.555406	-4.16771	1.54837	-0.0118268	0.00219124	0.00418295	-8.59733e-20	1.76772e-19	3.69544e-19	0.480009	0.944455	0.480006	0.1	0.023664
-1.90287	2.13081	-0.763037	0.00236994	-0.00172577	-4.17862e-05	-1.51119e-18	-1.70352e-18	8.08787e-19	0.479846	0.943496	0.479844	0.1	0.0211632
-1.48617	-4.0471	1.8563	0.00927672	-0.00289628	0.00459091	2.32665e-18	1.19641e-18	-6.08549e-19	0.479229	0.939861	0.479227	0.1	0.0223967
-0.883054	-1.91953	-0.542269	0.00178321	-0.00812895	0.00216198	2.11533e-19	-8.08011e-19	4.40948e-19	0.478878	0.937795	0.478875	0.1	0.0213522
-1.04889	-3.69675	0.870968	-0.00506751	-0.00470321	0.00266579	2.08952e-19	6.66748e-20	8.7404e-19	0.478592	0.93612	0.47859	0.1	0.0233334
0.36763	1.42215	-2.27989	-0.00621181	-0.000170368	0.000169631	1.96447e-19	6.20054e-19	4.36377e-19	0.478526	0.935732	0.478524	0.1	0.0269352
-0.603415	-1.93114	0.786822	-0.00484804	-0.000213784	-0.00544778	5.51705e-18	7.05928e-18	-1.84229e-18	0.47843	0.935165	0.478427	0.1	0.0213233
-2.23222	-0.836355	-1.47062	-0.00533988	2.43684e-05	0.0144958	-1.68028e-18	-3.67564e-18	9.07309e-18	0.478231	0.934001	0.478229	0.1	0.0222128
1.03508	3.61636	0.0684103	0.00432203	0.00892951	0.00298951	1.54125e-18	1.15665e-18	5.55231e-19	0.47784	0.931713	0.477838	0.1	0.0196059
0.559768	-3.95735	1.69162	0.00247718	0.00534484	-0.00641115	-6.13759e-19	4.66951e-19	9.40258e-19	0.477556	0.930051	0.477554	0.1	0.0181413
0.878019	-2.86294	0.0860617	-0.00562818	0.0076774	0.00520281	2.1731e-19	5.60224e-19	3.36333e-20	0.477386	0.929056	0.477383	0.1	0.0258832
-1.52861	-2.64613	1.14888	0.00594325	0.0021311	-0.000278577	-1.27558e-18	-1.0008e-18	-1.1189e-19	0.476707	0.925099	0.476705	0.1	0.0358166
-1.52773	-2.73075	-0.524705	-0.009058	-0.00405301	0.0119052	-1.15184e-18	-5.11014e-19	-7.69529e-20	0.476079	0.921447	0.476076	0.1	0.0274605
0.192121	-0.70108	0.196361	0.00589608	-0.00374662	0.00580862	1.41972e-19	-2.96323e-19	4.77644e-19	0.472185	0.899021	0.472182	0.1	0.0169168
-0.684266	0.681211	1.0386	0.00376867	0.00914641	0.000865644	-1.77057e-18	-6.46795e-19	-8.58605e-19	0.471889	0.897335	0.471887	0.1	0.0202702
-0.336739	-1.09638	1.41308	-0.0194732	-0.00538407	0.0028499	-6.79272e-20	-1.33465e-18	8.09923e-19	0.471509	0.895168	0.471507	0.1	0.018877
-1.66608	2.26176	2.36824	-0.00461097	0.00622051	-0.0117583	-2.2024e-18	4.63876e-18	1.38168e-18	0.471153	0.89314	0.471151	0.1	0.0249325
0.125714	-2.26465	2.08075	0.000330842	-0.00525369	-0.00887797	-2.90291e-18	-1.09706e-18	-3.75638e-19	0.470469	0.889257	0.470467	0.1	0.0190292
1.65368	-2.90955	0.686439	0.00956491	-0.00443877	-0.0116522	-1.00317e-19	-3.9427e-19	-4.04307e-19	0.470426	0.88901	0.470423	0.1	0.0227644
1.62147	-2.71755	-2.20248	-0.011708	-0.0110176	0.00230335	6.40626e-19	1.26844e-18	-1.29845e-19	0.470408	0.888913	0.470406	0.1	0.0241359
-2.06249	-3.1728	1.72587	0.00167813	0.0030569	0.00591984	4.58175e-19	1.74974e-19	8.47355e-20	0.470024	0.886735	0.470022	0.1	0.0302027
0.875676	2.22091	0.370774	0.000919512	0.006027	-0.00500073	-5.61466e-19	3.25087e-19	-3.63118e-19	0.469765	0.885271	0.469763	0.1	0.0355858
-0.21596	-0.243068	0.91113	-0.00160206	0.00477162	-0.00101991	-2.34941e-19	-1.37381e-19	-3.68009e-20	0.469377	0.883077	0.469374	0.1	0.0204651
1.11058	-1.32056	2.05073	-0.00767821	0.00625344	0.00279045	4.19709e-19	-1.71115e-18	2.76799e-18	0.469096	0.881493	0.469094	0.1	0.0206367
-1.09768	2.92172	2.0238	0.00305153	-0.000783424	-0.0168368	-7.15012e-19	-6.61739e-19	1.09235e-18	0.468015	0.875412	0.468012	0.1	0.0282832
1.34444	-0.425379	0.819086	-0.00718722	-7.73457e-06	-0.0103016	2.97506e-19	8.14271e-19	-2.53974e-19	0.467607	0.873127	0.467605	0.1	0.0205365
-2.14253	-0.982333	0.563584	0.00679266	0.00166538	0.00838363	-1.73804e-19	1.08269e-18	1.329e-18	0.467354	0.871709	0.467352	0.1	0.0203565
1.38604	-3.21709	-1.44691	0.0226029	-0.00997423	0.0202973	-7.68229e-19	6.08511e-19	4.67774e-19	0.467326	0.871554	0.467324	0.1	0.02092
2.0766	0.772736	-1.31929	-0.00147947	0.00638771	0.000503246	8.39763e-19	-1.03007e-18	1.55399e-18	0.46727	0.871239	0.467267	0.1	0.0236458
0.197316	2.3949	-0.250758	-0.00677475	0.00728766	0.000716595	8.67897e-20	-2.66407e-19	-1.78139e-19	0.467209	0.8709	0.467207	0.1	0.0267804
0.844612	-0.491574	-1.45944	-0.00198037	0.0117899	0.00619541	-2.37968e-18	-9.74916e-19	2.25912e-18	0.466711	0.868116	0.466709	0.1	0.0148605
2.49477	3.59287	2.32074	0.00433203	0.00895899	-0.0014743	-5.98703e-19	-4.76107e-19	-1.8259e-19	0.466113	0.864781	0.46611	0.1	0.022566
-1.52592	0.40513	1.33957	0.0047745	-0.0180715	-0.0111501	4.90842e-20	5.02486e-20	-1.57708e-18	0.464855	0.857801	0.464853	0.1	0.0226769
0.122692	3.06192	0.440428	-0.00931986	0.000467923	-0.001996	-9.69745e-20	-9.91744e-20	1.03987e-19	0.464097	0.853612	0.464095	0.1	0.0238758
0.712916	2.79576	1.30677	-0.00857928	-0.00412998	-0.00421104	2.59347e-19	-8.70248e-19	-6.60613e-19	0.46333	0.849385	0.463327	0.1	0.0241266
-1.24908	0.316558	2.21974	-0.00449538	-0.0027811	-0.00526407	2.17485e-19	4.96248e-18	-1.99443e-18	0.463188	0.848605	0.463186	0.1	0.0206338
-0.0467708	-2.09602	-0.934588	0.00375846	-0.00130807	-0.00603858	-9.46697e-19	-8.5986e-19	1.05337e-18	0.462587	0.845308	0.462585	0.1	0.0254205
0.320747	-1.30768	-2.45778	-0.0123267	0.00294714	0.00491307	-5.39099e-19	-5.33409e-19	2.60658e-19	0.462581	0.845275	0.462579	0.1	0.0264442
1.70934	3.30603	-1.49987	0.00114912	0.00213764	-0.000320216	2.57072e-18	2.62756e-18	2.52614e-18	0.462514	0.844905	0.462511	0.1	0.0150896
-1.95038	-3.42192	0.83497	-0.00751745	0.00371314	0.00169853	-1.12683e-18	5.82405e-19	6.29803e-19	0.461863	0.841344	0.461861	0.1	0.0220514
-0.112063	-1.42999	-0.299735	-0.000709578	0.00404738	-0.0072334	1.3465e-18	-3.35067e-19	6.27401e-19	0.461288	0.838205	0.461286	0.1	0.0191665
2.21713	-0.13397	-1.19158	-0.00635368	0.00485968	0.00534498	2.1568e-18	6.69405e-18	9.53007e-19	0.460989	0.836575	0.460986	0.1	0.0208084
-1.24915	-1.52223	1.32353	-0.0153695	-0.00378493	-0.00774517	1.27423e-18	1.43187e-17	-1.50111e-18	0.460357	0.833143	0.460355	0.1	0.020483
-1.25888	-3.74415	-2.28528	0.00984572	0.00522213	0.00548785	2.1264e-19	1.34891e-20	-5.59644e-19	0.460215	0.832371	0.460213	0.1	0.0284868
0.654154	-1.03435	0.986063	-0.00555286	0.00823439	-0.0193921	-3.96536e-19	5.32259e-19	-9.82957e-19	0.460068	0.831572	0.460066	0.1	0.0193096
2.45611	1.19842	1.69189	-0.014847	-0.00562729	-0.0205066	2.66048e-18	1.00218e-18	2.83749e-18	0.459467	0.828316	0.459464	0.1	0.0236574
-1.57357	-0.657079	-0.832303	0.0110925	-0.0044862	0.00327527	1.66817e-18	-2.25359e-18	5.34796e-19	0.458432	0.822734	0.45843	0.1	0.0237885
-1.20686	3.62109	1.42954	-0.0106203	-0.000862476	-0.0170147	6.94646e-19	-8.28e-19	1.70968e-18	0.458138	0.821153	0.458136	0.1	0.0228385
-2.38988	1.75801	-0.0547335	0.0138414	0.00566671	0.0179826	1.71168e-18	6.27466e-20	-1.77178e-18	0.457957	0.820178	0.457955	0.1	0.0192776
0.252098	-0.704638	-0.730096	0.0133668	0.005412	0.00312767	-2.37633e-19	6.27662e-19	-9.65393e-19	0.457657	0.818565	0.457654	0.1	0.0170488
-2.16289	-1.67602	1.17133	-0.0131567	-0.00223455	0.00691357	-1.53207e-18	-7.36035e-19	-4.65328e-19	0.456939	0.814718	0.456936	0.1	0.0258774
0.105813	2.41709	-2.11639	0.000415683	0.00574433	0.0134615	1.60743e-18	-3.8692e-19	-7.28697e-19	0.45627	0.811148	0.456268	0.1	0.0241493
-1.00302	-2.44456	-2.48685	0.00510825	-0.00989546	-0.0108709	-2.42509e-19	-4.36438e-19	3.2369e-19	0.455871	0.809021	0.455869	0.1	0.0231827
-1.84785	-1.4716	2.01107	-0.000516696	-0.00634049	0.00502884	3.79083e-19	2.79935e-18	3.31575e-19	0.455478	0.806933	0.455476	0.1	0.015324
1.02109	1.56746	1.00706	-0.00909467	9.45245e-07	-0.00752419	-3.73646e-18	-6.98602e-18	1.64345e-18	0.454801	0.80334	0.454799	0.1	0.0259834
-2.27664	0.190683	-0.50588	-0.00351446	0.0100353	0.00560997	-4.5892e-19	3.98592e-18	-9.42371e-19	0.453612	0.797056	0.45361	0.1	0.0157288
-0.905103	0.989254	0.196711	0.000288359	0.00214217	-0.00431841	3.88653e-19	-3.54938e-19	-1.56784e-19	0.452565	0.791545	0.452562	0.1	0.0219363
-1.66544	-3.90759	-1.08009	-0.00674605	-0.0170702	-0.0130577	-4.88701e-19	-8.89715e-19	-2.49784e-19	0.452299	0.790152	0.452297	0.1	0.0203288
0.678334	1.12037	-0.125794	0.00267502	0.00255902	0.00815316	-9.51221e-19	-1.01635e-18	-6.35745e-19	0.451732	0.787182	0.451729	0.1	0.0217055
1.44855	-3.10422	1.98084	0.00630763	-0.00128787	-0.0103171	-1.62056e-18	-1.04328e-18	-2.17256e-18	0.451513	0.786039	0.45151	0.1	0.0218913
-0.762627	-2.83732	0.662668	0.00957465	-0.00708515	0.00134513	-1.33232e-18	-1.93587e-19	8.06304e-19	0.451413	0.785517	0.451411	0.1	0.0326225
-2.46611	-2.52492	-0.430348	0.0124446	-1.25915e-05	0.00206492	-8.72883e-20	5.93509e-19	1.17272e-18	0.451359	0.785239	0.451357	0.1	0.0212431
-1.24663	3.77203	2.49304	0.00740267	-0.00685387	0.00826144	-1.25164e-19	2.94249e-19	-4.02505e-19	0.451339	0.785131	0.451337	0.1	0.0252881
2.07087	2.48463	-1.6598	0.00119061	-0.00142546	-0.00326393	-9.75018e-19	-4.79208e-19	3.59815e-18	0.451323	0.785049	0.451321	0.1	0.0164599
-2.07793	0.84776	-1.66548	-0.00505614	0.00540514	-0.00966781	-3.6541e-19	-1.04692e-18	-1.05241e-18	0.450475	0.780629	0.450472	0.1	0.0170935
-2.3099	-2.66569	0.477189	-0.00817338	0.00586395	0.0136413	-3.83419e-19	5.09537e-19	-2.1002e-19	0.450107	0.778718	0.450104	0.1	0.0275715
1.75843	-3.6229	1.31642	0.0139109	-0.00838534	-0.00265438	-3.40033e-18	-1.91956e-18	-3.84769e-19	0.448293	0.769343	0.448291	0.1	0.025649
0.691632	-0.474501	2.30289	0.00389554	-0.00339226	-0.00658927	-7.80652e-19	-3.73923e-19	2.12085e-20	0.44799	0.767786	0.447988	0.1	0.0180288
0.446741	2.66243	-1.08938	-0.00256683	0.00632414	-0.000416525	2.5508e-19	-1.14148e-18	-4.09272e-19	0.44789	0.76727	0.447888	0.1	0.0190816
-0.649509	-1.11094	0.35891	-0.007134	-0.000369928	-0.0046447	2.17e-18	5.02922e-19	3.24495e-19	0.44776	0.766601	0.447758	0.1	0.0176236
1.9585	1.8662	2.04319	-0.00488194	-0.00711108	0.00326341	5.82466e-18	5.71713e-18	5.94807e-18	0.44768	0.766189	0.447677	0.1	0.0265836
2.40248	-2.58813	-1.73956	-0.00780595	-0.00937222	0.000684807	5.81699e-19	-1.73109e-18	4.67689e-19	0.447385	0.764678	0.447383	0.1	0.0169697
1.4298	1.47024	-0.467488	7.18741e-05	0.00901314	0.00584997	8.11066e-19	-1.37886e-18	-4.48121e-19	0.445696	0.756049	0.445694	0.1	0.0242757
-1.86716	1.22123	-0.599508	-0.0083904	-0.00499367	0.0031407	-4.24685e-19	-2.50502e-19	4.32941e-19	0.445624	0.755682	0.445621	0.1	0.0177023
-0.940224	-1.60214	2.16996	0.000150779	-0.00994875	-0.00366513	-3.05869e-19	-1.56921e-18	-4.01542e-19	0.444397	0.749456	0.444394	0.1	0.0129702
-1.47581	2.99116	-2.10964	0.00436414	-0.00907161	-0.00187576	1.74004e-19	-4.51965e-19	-6.10402e-19	0.4443	0.748969	0.444298	0.1	0.0192067
0.406977	-3.13358	2.07338	0.00262995	-0.00743197	0.000244219	4.23455e-20	-1.02371e-19	-2.25771e-20	0.44377	0.746289	0.443768	0.1	0.0206506
1.32476	-3.93106	2.29322	-0.00463465	-0.000116558	-0.00493806	6.925e-18	-3.7745e-19	1.13692e-18	0.443364	0.744242	0.443361	0.1	0.0200424
0.063708	-3.90314	0.918537	-0.0112211	0.00662915	-0.000585092	1.76046e-19	1.63864e-18	6.38296e-20	0.443175	0.743293	0.443173	0.1	0.0204873
-1.11758	-3.20374	1.82874	-0.0011988	0.0068915	0.00676606	7.69697e-20	9.87884e-19	2.91407e-19	0.44309	0.742865	0.443088	0.1	0.0260492
0.646012	2.63446	2.20075	-0.0127466	0.00252177	0.000397311	-1.76549e-18	-3.2186e-18	3.82144e-18	0.44295	0.742161	0.442948	0.1	0.0224371
-0.173995	2.32333	2.01652	-0.00616391	0.00591397	0.00108048	-6.27474e-19	-7.74144e-20	-1.73236e-19	0.442103	0.737911	0.442101	0.1	0.0204736
0.962581	-1.46985	-1.59686	0.00812637	-0.000562239	-0.00355326	1.24412e-18	1.01157e-18	-2.39495e-18	0.44089	0.731854	0.440888	0.1	0.0206623
0.648951	3.9021	-0.681309	0.0012924	-0.0342202	-0.00937142	-3.97749e-19	-3.65742e-19	-3.91498e-19	0.269067	0.166347	0.269065	0.1	0.0127405
1.04395	4.12922	0.965916	-0.00149187	0.00239894	-0.00946198	3.99129e-19	-1.16281e-18	-6.96156e-21	0.268538	0.165367	0.268536	0.1	0.0087271
-1.86879	-1.48107	-1.41334	0.00647321	0.00175269	0.0131389	5.30032e-18	3.51522e-17	-1.03838e-16	0.268435	0.165177	0.268433	0.1	0.00726325
0.625067	-0.0299644	-0.655692	-0.00895213	0.0176962	0.00198982	-9.04335e-19	-6.50985e-19	-2.8583e-18	0.268128	0.164611	0.268126	0.1	0.00780274
1.4819	-0.142418	1.49028	-0.0160647	1.69633e-05	-0.00301505	3.58829e-19	8.27248e-19	-6.16523e-18	0.267479	0.163419	0.267477	0.1	0.010466
0.085002	-0.0012286	-0.701345	-0.00504169	0.00581131	-0.00254841	3.74927e-19	5.00782e-19	-4.01146e-18	0.267393	0.163262	0.267392	0.1	0.00722041
-1.77709	-1.04015	1.19615	-0.0203215	0.00442019	0.0281379	-1.77848e-18	-1.03308e-17	-3.01291e-19	0.267287	0.163068	0.267286	0.1	0.0123759
0.851293	2.01202	-0.687941	-0.0014554	0.0152612	0.0111985	9.88066e-20	2.72125e-19	3.10343e-19	0.267163	0.16284	0.267162	0.1	0.0167294
1.43578	-1.90157	-1.29587	0.0160485	-0.00454558	-0.0169223	4.76978e-19	2.74265e-18	4.29738e-18	0.267046	0.162626	0.267044	0.1	0.0132369
1.21081	-3.80686	-1.04791	0.00505493	-0.00393897	0.0239226	7.37007e-19	1.13624e-17	-3.2492e-19	0.267034	0.162605	0.267033	0.1	0.00759349
1.9225	-2.89902	-0.408622	0.00200786	0.00943268	-0.0149017	1.25624e-18	2.73059e-18	-3.48207e-18	0.266986	0.162517	0.266984	0.1	0.0152763
-0.236695	0.435779	-2.41131	-0.00177343	-0.00335385	0.0023715	-4.13661e-19	3.77979e-19	-1.08678e-20	0.266975	0.162496	0.266973	0.1	0.012068
-1.15382	1.05385	1.46937	-0.00129177	-0.00995279	0.0164176	-1.6512e-18	-1.29587e-18	-2.56608e-18	0.266626	0.161861	0.266625	0.1	0.0085638
-0.167039	-3.66759	-0.199559	0.0137644	0.0118108	0.0215012	8.27405e-19	1.00809e-18	-1.02768e-19	0.266593	0.1618	0.266591	0.1	0.0136277
-2.10209	-2.78049	-0.993619	0.000526874	-7.788e-05	-0.00640209	-1.0288e-18	-2.25382e-20	1.19871e-20	0.266498	0.161627	0.266496	0.1	0.0118176
1.19187	-1.23886	-2.22394	0.018081	0.0118033	0.00188168	4.69086e-18	-6.1328e-18	-2.32837e-17	0.266442	0.161526	0.266441	0.1	0.0130106
-0.727203	2.45359	1.45545	-0.00523944	-0.00535599	0.000678482	2.33842e-20	-1.55663e-19	-5.61663e-19	0.265995	0.160714	0.265994	0.1	0.0190717
-1.48929	2.08291	1.67568	0.00233139	-0.000999528	-0.00721986	-8.06138e-19	-2.2758e-20	-2.11526e-20	0.265966	0.160662	0.265965	0.1	0.0226835
-0.732505	1.02701	-2.38203	-0.00438881	0.000121268	-0.00139279	-2.73738e-20	-7.99589e-20	2.62803e-21	0.265898	0.160538	0.265896	0.1	0.0143891
-2.46401	2.40704	-0.361145	0.00423664	0.000417456	0.00569188	2.35892e-17	-2.51482e-18	-2.13542e-17	0.265862	0.160473	0.26586	0.1	0.00863589
1.84509	0.236827	1.57979	0.00253409	-0.0181848	-0.00779039	1.29979e-18	-1.7831e-18	-9.81123e-18	0.265793	0.160349	0.265792	0.1	0.00821892
-0.570979	2.63565	-0.026088	0.000696267	0.00432702	-0.000297199	-5.50036e-20	4.50054e-21	9.87793e-20	0.26571	0.160197	0.265708	0.1	0.0172195
-0.26093	-1.70002	2.349	-0.00259871	-0.0138695	0.0119648	-3.10067e-18	-4.9045e-18	-6.90453e-19	0.265674	0.160133	0.265673	0.1	0.0115892
-0.271192	-1.70504	1.81971	-0.0149428	-0.00797781	0.013363	2.84172e-17	2.33468e-18	-2.16978e-17	0.26565	0.160089	0.265648	0.1	0.00847759
-1.80155	-4.09137	0.170856	-0.00471447	-0.000885067	0.00694124	8.66666e-19	4.16427e-19	1.82145e-18	0.265548	0.159905	0.265546	0.1	0.00700417
-0.4637	-3.36334	2.04935	0.00516447	-0.00257701	-0.0136692	-1.43309e-18	-2.14e-18	-1.94082e-18	0.2655	0.159818	0.265498	0.1	0.0129137
1.03624	-3.07926	-0.818943	0.00795457	0.00660029	0.0130365	3.99792e-18	4.81679e-18	1.31975e-18	0.265437	0.159705	0.265436	0.1	0.00911997
0.716305	-4.21658	-2.48296	-0.0114078	0.00740059	0.00139238	3.67204e-17	-1.06736e-17	-2.6742e-18	0.265117	0.159129	0.265116	0.1	0.00894372
2.33808	3.97402	-1.77935	-0.00498523	0.0014762	-0.0117525	-3.09425e-18	-3.80749e-18	-2.7874e-18	0.264905	0.158746	0.264903	0.1	0.0112654
-2.24524	1.35235	-1.18614	0.00533493	0.00212535	-0.00762159	-4.70253e-19	1.12735e-18	1.15192e-18	0.264864	0.158672	0.264862	0.1	0.00897939
1.03337	-2.60004	-0.593158	0.0276518	0.0104824	0.00975601	1.02803e-18	-3.47922e-19	-2.54595e-19	0.264862	0.158669	0.26486	0.1	0.0111984
0.799186	-3.87813	-1.37576	0.0150539	-0.00495704	0.0133369	2.91822e-18	9.66895e-18	2.972e-18	0.264813	0.158581	0.264812	0.1	0.00861081
-0.67749	-3.1966	1.27552	-0.000647236	-0.00758628	0.00549728	-1.31784e-18	9.35646e-18	-9.86326e-18	0.26447	0.157966	0.264469	0.1	0.0121716
2.4927	-2.07429	0.124148	0.000730853	0.00119151	-0.000239256	-3.66404e-19	6.01672e-19	1.33781e-19	0.264383	0.157809	0.264381	0.1	0.0164854
-1.50537	2.01194	0.643302	0.00100068	0.00682098	0.00800022	4.71786e-17	-3.03494e-17	-9.22194e-18	0.264201	0.157484	0.264199	0.1	0.00687403
-0.514	-0.535974	-0.0362422	-0.00313459	0.00396484	-0.00275187	-3.4799e-18	-1.30324e-18	-3.26643e-18	0.263898	0.156943	0.263897	0.1	0.0138821
0.0545062	0.656038	-1.42101	0.00259301	-0.00325673	0.000584712	1.1112e-18	1.41684e-19	-1.38119e-18	0.262963	0.155281	0.262962	0.1	0.0225755
1.95825	4.03564	-2.46257	-0.00593261	-0.00283314	-0.00524387	-5.38665e-19	-8.61154e-19	2.57454e-21	0.262909	0.155186	0.262908	0.1	0.0112575
-1.14829	-2.17752	1.77025	1.79928e-07	-1.98486e-07	-4.20996e-07	5.861e-22	6.04207e-22	1.37751e-22	0.262868	0.155112	0.262867	0.1	0.0148344
-1.77801	3.68026	-1.41829	0.00109087	0.00546399	0.000916902	1.6494e-20	-7.50157e-19	-3.34261e-19	0.262863	0.155104	0.262862	0.1	0.00998097
-1.26652	0.987985	-1.63673	0.006983	-0.0024184	0.0224904	1.1945e-18	-1.85815e-18	5.20326e-19	0.262697	0.154811	0.262696	0.1	0.00702269
1.4339	0.577613	2.39852	-4.39471e-07	3.68805e-07	6.39696e-07	0	0	0	0.262322	0.154148	0.262321	0.1	0.020778
2.08351	0.15775	2.04514	-0.00816105	0.0158709	0.00518608	1.20284e-18	-2.37877e-18	-2.2794e-18	0.26232	0.154145	0.262319	0.1	0.0118172
-0.493389	-4.21251	-1.98854	-0.0118607	0.00963652	-0.0142414	2.71994e-18	2.12486e-18	-1.30265e-18	0.262184	0.153904	0.262182	0.1	0.0133957
1.17656	1.58051	0.183569	-0.0114765	-0.00390067	0.00407261	-1.33577e-18	1.77672e-18	-4.3663e-18	0.262154	0.153852	0.262152	0.1	0.0119567
0.244556	-1.04643	1.86721	-0.00176723	-0.00236833	-0.00225283	-5.5738e-19	3.07094e-19	-7.46925e-19	0.262107	0.15377	0.262106	0.1	0.0126924
1.89848	0.0314144	0.943237	-0.00379889	-0.0132135	0.0106548	5.95894e-19	3.52493e-18	-2.29115e-18	0.262068	0.1537	0.262066	0.1	0.0106116
-2.2867	4.17192	0.0987479	-0.0118389	0.016373	-0.000737091	4.24668e-18	-7.29155e-18	-1.64466e-18	0.26189	0.153388	0.261889	0.1	0.0101169
-0.374836	-2.78037	2.22024	-0.0123155	0.00413288	-0.00532948	1.11623e-18	3.58175e-19	6.69808e-19	0.261833	0.153288	0.261832	0.1	0.0138043
0.682877	-3.66159	-0.463965	-0.00404391	-0.0158883	0.0102472	-1.12995e-18	-1.47783e-18	1.85495e-20	0.2615	0.152704	0.261499	0.1	0.0102381
-1.08405	-0.915495	-0.166862	-0.00396976	-0.000401291	-0.00884865	-5.7427e-19	-2.15035e-19	9.92499e-19	0.261487	0.15268	0.261485	0.1	0.0129386
-1.29403	-3.037	-2.14717	-0.00119498	0.00857106	0.00154069	-3.75825e-19	-1.65876e-19	-1.92479e-20	0.261429	0.152579	0.261427	0.1	0.0136464
-1.15803	-3.68764	0.138972	0.00173205	-0.00400274	-0.00241835	2.46002e-18	4.85631e-18	3.20792e-18	0.261411	0.152548	0.26141	0.1	0.00903339
-1.45515	-3.37301	-0.172033	0.00435559	-0.00864161	-0.00362536	7.40801e-19	-6.32691e-18	2.54857e-17	0.260978	0.15179	0.260976	0.1	0.0123072
1.72471	0.163402	0.269836	-0.00948804	-0.0173809	0.000735795	-5.16353e-19	-1.50165e-18	1.16366e-18	0.26055	0.151044	0.260548	0.1	0.0106861
-0.251409	-0.217869	-0.358266	0.0116717	0.00599773	0.00296195	-1.19876e-18	3.3695e-19	-1.81036e-18	0.260434	0.150844	0.260433	0.1	0.0107346
-2.10742	0.764464	-0.118435	-0.0153366	0.0091292	0.0187072	3.91969e-18	-8.37845e-19	-2.05333e-19	0.260423	0.150824	0.260421	0.1	0.00644029
-1.44769	-2.6014	1.97467	-0.0143847	0.00517132	-0.00690038	-1.6242e-18	1.33888e-19	3.62245e-18	0.26019	0.15042	0.260189	0.1	0.0103815
-0.273313	1.81323	-1.05151	-0.0151827	0.00458576	-0.0069324	-1.35595e-18	3.75742e-19	-2.58768e-19	0.260137	0.150328	0.260136	0.1	0.0113033
-1.94777	0.646015	-0.9996	0.00165532	0.00250214	-0.0121111	-5.21731e-18	-6.554e-18	-1.35833e-17	0.260125	0.150308	0.260124	0.1	0.00708896
1.63623	4.04226	0.0417939	0.0134758	0.00579412	-0.0354679	2.1919e-18	-1.76621e-18	-7.5673e-19	0.260036	0.150153	0.260035	0.1	0.0144741
-0.678877	-1.59226	-1.17067	0.00476911	-0.00681337	0.00351094	9.0301e-19	-3.30301e-18	1.01179e-18	0.259998	0.150087	0.259997	0.1	0.0136258
1.88781	-1.62508	-1.29829	-0.00239294	0.00125934	0.00754158	9.24434e-19	1.27964e-18	-1.31358e-19	0.259975	0.150048	0.259974	0.1	0.0128055
0.4315	3.88583	0.389374	-0.00139766	0.00875487	-0.00613691	3.49442e-18	4.132e-17	-1.16677e-17	0.259959	0.15002	0.259958	0.1	0.00964209
-2.10801	4.19623	2.1971	0.0140449	0.00986736	-0.00582018	7.15387e-18	1.31741e-19	3.20794e-18	0.259772	0.149696	0.259771	0.1	0.0100004
-0.879592	3.86272	0.83831	0.00138851	-0.0197856	-0.0190913	4.21229e-19	5.37745e-19	-4.3908e-20	0.259764	0.149682	0.259762	0.1	0.00984509
2.37558	3.18768	1.42542	-0.022644	0.00366854	-0.000214639	1.81193e-18	-5.16317e-19	-3.63278e-19	0.259483	0.149196	0.259481	0.1	0.016974
-1.91759	3.67038	1.36458	-0.0172823	-0.00986832	0.00167969	-1.13211e-17	2.41864e-18	2.85232e-18	0.259347	0.148963	0.259346	0.1	0.00769462
0.60281	3.30056	-1.3507	0.00496038	0.00854676	-0.0049231	-1.05531e-18	1.67225e-19	-4.53903e-19	0.25931	0.148899	0.259308	0.1	0.00966872
1.66782	-3.42876	-2.35643	-0.00170052	-0.0169043	0.0221011	8.32621e-19	3.05396e-18	-3.73718e-18	0.259198	0.148707	0.259197	0.1	0.00991723
2.06648	0.375798	-0.711953	-0.00768847	0.0100379	0.00419396	6.49089e-18	-3.22866e-18	5.92248e-18	0.25905	0.148451	0.259048	0.1	0.00713968
-1.87668	0.759497	-2.33574	-0.0267197	-0.00219057	0.00766218	2.24018e-18	-2.10296e-17	1.93399e-17	0.259027	0.148411	0.259025	0.1	0.0114767
0.938409	-0.792597	-2.1169	0.0114239	0.00959779	-0.000650533	3.29247e-18	-2.97667e-18	-7.93545e-18	0.259018	0.148397	0.259017	0.1	0.00915286
-0.179336	-3.1996	2.45795	-0.0074943	0.00497092	-0.00603734	6.42396e-19	-2.17589e-18	2.81169e-19	0.258734	0.147909	0.258732	0.1	0.00807349
2.13252	-2.93349	2.32588	-0.00208195	-0.000218987	0.00693152	-3.93791e-18	-3.84571e-18	5.05572e-18	0.258724	0.147892	0.258723	0.1	0.0120997
-2.21403	-0.135	1.58471	0.00409897	0.00051859	0.00347259	-6.52816e-19	1.30484e-19	-7.08232e-19	0.258508	0.147521	0.258506	0.1	0.00828174
-0.138419	1.09606	2.26176	0.00156629	0.00187625	-0.0100268	1.66813e-19	-1.55166e-19	3.51613e-20	0.258467	0.147451	0.258466	0.1	0.0160513
-1.47946	-1.60454	-2.37946	0.00190123	-0.019518	0.00185693	1.17362e-19	5.0056e-19	8.91983e-19	0.258043	0.146727	0.258042	0.1	0.0100491
-2.23776	0.290512	1.29297	0.00177574	-0.00128707	-0.00212164	-6.08372e-21	6.20128e-19	8.20661e-19	0.257938	0.146549	0.257937	0.1	0.00660514
1.93826	3.74469	-2.02561	-0.00639847	-0.00585331	-0.00586224	-2.17536e-20	1.28829e-18	-7.75548e-19	0.257937	0.146546	0.257935	0.1	0.00975658
1.13517	-0.716716	1.52822	-0.00595057	0.00371772	-0.00233943	-3.48654e-19	1.74121e-19	8.83475e-19	0.257799	0.146311	0.257798	0.1	0.010737
1.04264	0.19733	0.490905	0.00298482	-0.0144995	-0.00381551	1.57943e-19	7.58579e-19	-4.86712e-19	0.25779	0.146297	0.257789	0.1	0.0111677
-2.1102	-0.748127	-2.18681	-0.0137877	0.00190796	0.00814835	3.02178e-17	2.60967e-17	1.4437e-17	0.257614	0.145996	0.257613	0.1	0.0102224
0.547634	-2.66167	0.711156	-0.0133895	0.0101605	-0.00100491	1.26499e-18	2.33592e-18	-5.06143e-19	0.257429	0.145682	0.257427	0.1	0.0137501
-0.552226	3.60362	1.14594	0.00462221	0.0139384	0.0133389	3.62111e-19	-1.22174e-17	-1.01508e-17	0.257383	0.145605	0.257382	0.1	0.00940949
1.87067	2.98523	-2.1375	-0.00107685	0.00274226	0.000875467	1.82701e-19	4.70969e-19	-9.82916e-19	0.257137	0.145186	0.257135	0.1	0.010706
-1.67783	-1.0164	-2.11235	-0.00422927	0.0104045	0.000483458	-3.71273e-19	2.70059e-18	-9.27478e-19	0.2569	0.144785	0.256898	0.1	0.00882659
-1.42939	0.0651769	-1.44725	-0.0183937	-0.00339488	-0.00118394	-2.67312e-19	1.25637e-18	3.50296e-19	0.256897	0.144781	0.256896	0.1	0.0123262
1.06816	1.54281	-1.06351	-0.00222267	0.00405033	0.0039044	-6.44704e-18	6.42511e-18	-1.11653e-17	0.256853	0.144707	0.256852	0.1	0.00697985
-2.22244	-2.03991	-1.51078	-0.0042422	-0.012264	0.0118237	4.29596e-18	-1.0739e-17	4.90468e-18	0.25685	0.144701	0.256848	0.1	0.00787773
-2.45241	1.73725	-1.46959	-1.72374e-05	0.00788065	-0.00224263	-6.36603e-18	-1.31907e-18	-1.98844e-18	0.256697	0.144443	0.256695	0.1	0.00816942
-1.28916	-4.18679	0.179735	-0.00410852	-0.00273639	0.020682	-1.79004e-18	-5.0711e-18	1.07406e-17	0.256672	0.144401	0.256671	0.1	0.0113253
0.695867	1.51331	-0.713107	0.000162927	0.0121973	0.0102765	-4.33695e-18	-1.12259e-17	-7.58256e-19	0.25664	0.144347	0.256639	0.1	0.00747757
-0.99157	-0.955688	1.69549	-0.0145504	5.92344e-05	0.0134945	8.13949e-18	1.17798e-17	-6.68608e-19	0.256521	0.144145	0.256519	0.1	0.00729375
-1.02226	-1.62228	-2.13604	-0.0140935	-0.00866049	-0.00328683	4.878e-18	3.93125e-18	-2.60651e-19	0.255844	0.143007	0.255842	0.1	0.0102738
-0.792019	0.833083	1.77406	0.0103963	-0.00858369	0.00967158	-4.00043e-19	-1.35466e-18	-3.63036e-19	0.25574	0.142834	0.255739	0.1	0.0119258
2.27821	-1.37235	-1.57048	-0.00919665	0.00079208	0.0103438	-2.78928e-18	-1.65191e-17	-3.38531e-18	0.255734	0.142823	0.255733	0.1	0.00788315
1.2934	2.77719	-1.74898	-0.0146527	0.00460531	0.0108449	-7.65229e-18	2.20919e-18	-3.19484e-18	0.255579	0.142564	0.255578	0.1	0.00678451
2.33809	0.566984	1.37959	-0.0102142	-0.0174254	-0.00146329	1.13096e-19	3.96763e-19	-9.98576e-20	0.255424	0.142304	0.255422	0.1	0.00718557
-2.36656	-1.66111	0.406274	0.000643977	0.00193173	0.00132111	-5.54038e-19	1.11649e-19	-1.84599e-20	0.255409	0.14228	0.255408	0.1	0.013372
-1.02324	-3.87875	-1.6231	0.0259968	-0.0116072	0.000135383	-4.44886e-18	3.0397e-19	-7.17448e-18	0.255198	0.141927	0.255197	0.1	0.0110548
-1.37857	2.25833	-1.26335	-0.00370387	-0.00212918	-0.00320717	-3.29472e-19	-9.6443e-20	-1.50152e-19	0.255144	0.141836	0.255142	0.1	0.00831728
0.963343	-0.116521	1.76256	0.00901394	0.00247286	-0.00100842	-1.70994e-18	-3.36297e-19	-1.03712e-18	0.254867	0.141375	0.254865	0.1	0.0108346
-0.131404	2.13505	1.12154	0.0113182	-0.000297011	0.00963109	1.74479e-18	1.94155e-19	-3.96664e-19	0.254856	0.141358	0.254855	0.1	0.0149501
0.074736	3.94899	1.71486	-0.00650167	0.00676043	-0.00836246	1.05888e-17	-9.29123e-18	-5.86906e-18	0.254288	0.140415	0.254287	0.1	0.00949466
-0.244324	0.923154	1.56413	0.0109061	-0.00550459	0.00526658	-8.33411e-20	1.14011e-18	-2.00101e-19	0.254073	0.140059	0.254072	0.1	0.0132178
2.08319	-3.20237	-1.62865	0.0283255	-0.0298659	0.0229301	1.04908e-18	9.36389e-20	-2.22972e-18	0.253969	0.139886	0.253967	0.1	0.0114065
1.43979	-0.228976	-1.15133	0.00412052	0.00188749	0.00216845	-2.63245e-19	5.81725e-19	-9.64919e-19	0.253877	0.139735	0.253876	0.1	0.0130697
-2.39622	0.823891	-0.834098	-0.00408791	-0.0160394	-0.000286009	-2.16169e-17	-1.36004e-17	-3.45219e-17	0.252899	0.138125	0.252897	0.1	0.00674686
-0.242713	3.84026	0.819065	-0.0015507	-0.000464871	-0.00181307	5.15827e-19	-1.25571e-18	-5.00317e-18	0.25275	0.137882	0.252749	0.1	0.0103109
1.83421	-0.449428	0.117641	-0.00182311	-0.00102911	-0.000733932	1.87713e-19	-2.80904e-19	8.76502e-19	0.252746	0.137875	0.252745	0.1	0.0109284
2.44798	-3.94835	-1.08753	-0.00756833	0.0143136	0.00459429	-4.5318e-18	-1.48831e-18	-6.25432e-19	0.252743	0.137871	0.252742	0.1	0.0162587
-1.31325	-1.12746	-2.44927	0.0033396	-0.0177239	0.0149931	2.41275e-18	-2.26213e-18	2.32085e-19	0.252554	0.137562	0.252553	0.1	0.00799977
0.808428	2.88672	-1.64527	-0.0168091	0.0280202	-0.003603	4.3517e-18	-1.26495e-17	-5.85615e-19	0.252533	0.137528	0.252532	0.1	0.0103826
0.892597	-4.09702	-0.759178	0.0125889	-0.0372458	-0.000904502	5.60273e-18	2.31338e-18	-2.21841e-18	0.252409	0.137324	0.252407	0.1	0.00752909
-1.41383	1.33821	-1.28045	-0.00935862	-0.00167598	-0.00992369	6.76309e-19	2.82464e-18	2.21934e-18	0.252349	0.137227	0.252348	0.1	0.00951641
-1.09589	-0.0895528	1.65074	-0.00100511	-0.00221292	-0.0084253	2.57476e-18	2.36277e-19	-1.08248e-18	0.251942	0.136564	0.251941	0.1	0.00887608
-1.86904	-3.2185	-1.14321	-0.00376129	-0.00880077	0.00280051	3.98772e-20	-1.18738e-18	-4.26701e-19	0.251754	0.136259	0.251753	0.1	0.0138883
-0.198214	1.21453	1.05501	0.00377272	0.0136791	-0.014115	-6.41268e-18	3.23108e-18	-4.92932e-18	0.251277	0.135485	0.251275	0.1	0.00970169
1.90064	-4.04914	-2.10826	0.00271707	-0.0113949	0.00865086	1.88198e-18	-1.23244e-18	-1.07107e-18	0.251227	0.135405	0.251226	0.1	0.00936798
0.212605	1.58566	-0.578337	-0.0035808	0.0267789	-0.00237018	-2.20582e-19	-8.58334e-19	-1.93716e-19	0.25119	0.135345	0.251189	0.1	0.0112236
2.06272	0.628203	1.8439	-0.0381539	0.0120356	-0.0022219	1.43824e-17	5.47739e-19	1.46062e-18	0.250692	0.13454	0.25069	0.1	0.011516
-0.0514615	1.63452	0.823888	0.00838305	0.0217287	-0.00149304	1.76324e-18	3.20434e-19	9.93826e-19	0.250581	0.134363	0.25058	0.1	0.0102556
0.91253	-0.45137	-0.746903	0.00699711	0.0252234	0.00882164	-3.82532e-19	-3.19862e-18	-6.8805e-18	0.25058	0.13436	0.250578	0.1	0.00825522
-2.38797	-2.36457	-1.11	-0.00196748	0.00264511	0.00115828	-4.39123e-19	-3.49558e-18	1.57527e-19	0.250416	0.134098	0.250415	0.1	0.00815836
0.966698	0.0888581	-1.05935	-0.0141003	0.0272508	-0.0100771	-4.95782e-18	-1.08477e-18	1.48768e-18	0.250381	0.13404	0.250379	0.1	0.0110608
1.7384	3.61454	-0.858995	-0.0113104	-0.00244233	0.00570931	-1.62679e-18	-3.21486e-18	3.42779e-18	0.250114	0.133612	0.250113	0.1	0.0090898
-2.49149	-2.97495	-2.33499	-0.00458023	0.000278234	0.0111719	2.61253e-18	-3.17314e-18	3.35532e-18	0.249914	0.133292	0.249913	0.1	0.00837409
1.5761	-2.75854	1.38506	-0.00235773	0.00634983	-0.0122267	2.25082e-17	-6.13361e-18	1.3907e-18	0.249639	0.132852	0.249637	0.1	0.0120993
-0.54239	-4.21186	0.789164	-0.00631471	-0.00807157	-0.00109233	-1.13961e-18	1.48714e-18	6.15113e-18	0.24962	0.132822	0.249618	0.1	0.00766064
-0.818613	3.19017	1.02596	-0.0110237	0.0286138	-0.0128599	-4.25923e-18	-2.1829e-17	-5.74984e-18	0.249572	0.132746	0.249571	0.1	0.00785885
-0.235594	1.00965	-2.24749	-0.00110271	-0.00363059	-0.00962857	-1.32312e-18	1.72073e-18	-1.83295e-18	0.249467	0.132579	0.249466	0.1	0.00854391
-0.694716	-0.621542	-1.75885	0.00936885	-0.00132715	-0.00357834	7.54929e-18	5.64915e-19	-3.2801e-18	0.249119	0.132024	0.249117	0.1	0.0100214
1.10585	-3.87584	1.21839	0.00674415	0.00386517	-0.00320059	6.60432e-19	-2.51589e-18	-3.15329e-19	0.249063	0.131935	0.249062	0.1	0.00851921
-1.09003	1.2205	-2.05604	0.0392487	-0.0183641	0.019729	-8.5497e-19	2.95281e-19	5.58212e-18	0.248932	0.131728	0.248931	0.1	0.00632085
0.713747	-0.468761	-0.250427	0.00832751	0.00900349	0.0102744	-5.33095e-19	-2.249e-18	1.47408e-18	0.248749	0.131437	0.248748	0.1	0.0102398
0.884544	2.92207	0.217951	-0.0101194	0.0104692	0.00994741	-5.57577e-18	-1.94398e-18	2.83897e-19	0.248674	0.131319	0.248673	0.1	0.00752395
-0.269153	1.48649	-0.661886	-0.00391133	0.0119222	0.000809652	1.33065e-18	-1.01636e-18	-7.7078e-19	0.248631	0.13125	0.24863	0.1	0.00670916
-2.30104	-1.00978	2.42733	-0.0103663	-0.00458743	0.00863006	8.22078e-18	-4.20561e-17	-1.44874e-17	0.248571	0.131155	0.24857	0.1	0.00817208
0.0576341	-2.6822	-1.32116	-0.00102887	-0.00844831	-0.000489906	-1.0595e-17	-7.31466e-18	4.71543e-18	0.248523	0.131079	0.248522	0.1	0.00867537
0.157371	1.49833	1.2588	0.013031	0.0183841	-0.0304845	2.6879e-18	6.61669e-18	7.53021e-18	0.248523	0.131079	0.248522	0.1	0.0129551
1.96073	-1.37972	-0.4708	-0.0151221	-0.016195	0.00237304	2.62731e-18	9.16436e-18	1.0052e-17	0.248484	0.131018	0.248483	0.1	0.0118056
-0.562629	-2.12213	1.90945	-0.00452619	-0.0155466	0.000151068	-2.58926e-18	4.30433e-19	-3.4392e-18	0.248316	0.130751	0.248314	0.1	0.0105694
0.168306	-3.50838	0.319811	-0.0149085	0.0078953	-0.000927265	-3.48999e-19	-1.38028e-19	-2.1373e-18	0.248109	0.130425	0.248107	0.1	0.0184492
0.418201	0.00967085	1.88483	0.0035287	-0.00682861	-0.0167984	-6.08631e-18	-2.12011e-18	1.72106e-18	0.247952	0.130178	0.247951	0.1	0.00884721
0.543571	3.00822	-0.131482	-0.00217474	0.00876289	-8.44988e-06	-3.87315e-19	-3.1389e-18	-1.97734e-18	0.247587	0.129604	0.247586	0.1	0.00761508
-1.29354	-0.416619	-1.51166	0.000433875	0.000362255	-0.000975517	-3.57804e-20	4.77792e-20	-6.45077e-19	0.247434	0.129363	0.247432	0.1	0.0109986
-0.916101	-2.11115	0.157696	-0.00630225	-0.01291	-0.000312103	1.25601e-18	-1.51541e-18	8.13994e-19	0.247229	0.129042	0.247228	0.1	0.0148964
0.212774	-0.216214	-1.23642	-4.85821e-05	0.00218399	-0.00195112	5.09247e-19	-9.01368e-20	-6.0307e-20	0.24707	0.128794	0.247069	0.1	0.00819221
2.35815	2.00465	-2.07727	0.000365975	-0.000887634	-4.93509e-05	-2.45032e-19	1.81367e-19	-6.19915e-19	0.246867	0.128477	0.246866	0.1	0.00790869
-1.31323	-1.86457	0.317844	0.000273217	-0.00246308	0.00707872	5.41458e-19	1.62705e-20	-3.95315e-19	0.246809	0.128386	0.246808	0.1	0.0239155
2.24323	-2.54315	1.06177	-0.0073131	-0.0124269	-0.00579956	-2.06643e-18	1.06647e-19	-2.40126e-18	0.246704	0.128222	0.246703	0.1	0.0119656
1.57079	-3.75476	-1.87953	0.00192957	0.00963479	-0.014682	-2.06749e-18	-1.55928e-18	-6.23467e-19	0.246573	0.128018	0.246572	0.1	0.00757355
2.34095	0.112634	1.59937	0.00751791	-0.0024819	-1.50196e-05	3.88936e-20	2.15062e-18	-7.2799e-19	0.246472	0.127861	0.246471	0.1	0.00432085
-0.592329	2.79948	0.785754	-0.00494863	-0.00912829	-0.00602868	1.45103e-19	7.58129e-19	3.12657e-19	0.246455	0.127834	0.246454	0.1	0.0110836
1.54553	1.65525	0.528435	0.0056738	-0.00534931	0.0010103	-2.09312e-18	3.26097e-18	1.88706e-18	0.246434	0.127801	0.246433	0.1	0.0110892
-1.63843	-4.05766	0.654237	-0.00509401	-0.0106087	0.0116464	1.7574e-19	3.93773e-18	-1.43618e-18	0.246375	0.12771	0.246374	0.1	0.00595664
1.00369	3.97637	1.45499	-0.000898071	-0.000718867	-0.00690478	8.54954e-18	8.19673e-19	1.76638e-18	0.246218	0.127466	0.246217	0.1	0.00789707
-0.693589	-1.20824	-2.12306	0.00537071	-0.00446199	-0.00378461	8.07869e-20	-1.24704e-18	-1.13707e-19	0.246109	0.127296	0.246108	0.1	0.00987528
-2.09984	0.819811	1.29779	0.0062284	-0.0121889	0.0080407	-9.37759e-18	-1.01359e-17	-2.70674e-17	0.246081	0.127253	0.24608	0.1	0.00788392
-0.272829	2.83375	2.46598	-0.00104051	0.00513368	0.00941344	1.16486e-18	-8.25235e-18	-1.06397e-17	0.245991	0.127113	0.245989	0.1	0.0127019
-1.54096	0.860548	-1.22246	-0.0237615	0.00929321	0.0121705	5.23748e-19	-1.98319e-18	4.99625e-18	0.245929	0.127018	0.245928	0.1	0.00740369
0.546147	1.15414	1.31621	-0.010495	-0.00200226	-0.00655721	-1.96667e-18	-9.9278e-19	-1.25717e-18	0.245795	0.12681	0.245794	0.1	0.0149757
-0.514634	2.8729	-1.21177	-0.00326902	0.0239643	0.00793455	2.34119e-18	-5.54732e-19	-4.51485e-19	0.245681	0.126633	0.245679	0.1	0.0176295
-2.38271	-2.84529	1.16645	0.00123449	-0.00111818	0.000335079	6.89301e-20	2.25899e-19	2.95697e-19	0.245513	0.126374	0.245512	0.1	0.016487
2.03078	1.73471	0.493096	0.000754143	-0.000266494	-0.00174311	1.61422e-19	-6.23742e-19	6.63646e-19	0.245506	0.126364	0.245505	0.1	0.0153433
-0.642659	1.77998	-0.421963	0.00153478	0.00682352	-0.00562172	7.46593e-18	-4.6679e-18	1.45783e-18	0.245369	0.126152	0.245368	0.1	0.00643315
-0.274512	2.72121	-1.61188	-0.00828758	0.0104925	0.00728336	-4.04413e-19	-3.31546e-18	5.40527e-18	0.245221	0.125923	0.245219	0.1	0.01212
-1.98242	3.9088	-1.01398	-0.00586357	0.00633781	-0.00259711	-1.95461e-19	3.75887e-19	-5.04919e-20	0.245016	0.125607	0.245014	0.1	0.00826787
-2.21525	1.85516	1.71148	0.00025536	-0.000282486	-0.00145432	-6.5801e-20	-1.40337e-20	-1.75164e-20	0.244905	0.125437	0.244903	0.1	0.0147837
0.767987	-2.82168	-2.41978	0.000391727	-3.84473e-05	-0.000122113	1.65623e-20	8.45508e-20	2.14439e-21	0.244897	0.125425	0.244896	0.1	0.0143204
-1.76566	-2.21146	1.94287	0.000422493	0.0220195	0.0185424	3.11928e-18	-8.79541e-19	-1.00139e-17	0.244823	0.125311	0.244821	0.1	0.00566374
-1.51011	1.55347	-2.01291	-0.000687836	0.000147101	-0.000737997	-1.78117e-20	-3.21898e-19	-8.66926e-21	0.244756	0.125209	0.244755	0.1	0.0137398
2.12267	-0.173199	-0.493214	-0.00316235	-0.00294382	0.00998316	2.83266e-18	-3.35363e-19	4.44449e-18	0.244611	0.124987	0.24461	0.1	0.00743918
0.55222	-0.994248	-1.86849	0.00900217	0.00567369	-9.10563e-05	1.2674e-17	-4.59688e-17	-2.74333e-17	0.244434	0.124714	0.244432	0.1	0.00781364
0.791923	-2.25578	0.877498	0.00467708	0.00187491	-0.000203373	-5.51435e-19	2.78218e-19	1.96245e-19	0.244093	0.124193	0.244092	0.1	0.0134663
-1.31635	-1.26251	0.459416	-0.00591417	0.000109348	0.01327	-2.45934e-19	-7.75879e-19	9.00172e-19	0.244087	0.124185	0.244086	0.1	0.0165338
-1.23011	-3.43864	-0.677656	-0.00856226	-0.00575338	0.00752919	2.73631e-19	-1.14893e-18	9.08604e-19	0.243956	0.123984	0.243954	0.1	0.00939093
-1.53634	1.01444	-2.06414	0.0192428	-0.00091707	0.000422404	-1.35487e-18	-3.29806e-18	-1.97992e-18	0.24394	0.123961	0.243939	0.1	0.00673331
-0.922257	2.30348	-1.75534	0.022389	0.00324665	0.0204446	1.86683e-19	-1.31719e-18	3.64574e-18	0.243931	0.123947	0.24393	0.1	0.0136239
-1.64843	-3.61042	0.227583	-0.000927417	-0.000909245	-0.000715521	-8.5698e-18	-1.79336e-17	2.69952e-18	0.243787	0.123727	0.243786	0.1	0.00984831
-0.258929	3.95388	-1.64522	-0.0134983	-0.00583082	-0.0244225	8.92401e-18	-7.72634e-18	-2.50818e-18	0.243581	0.123413	0.243579	0.1	0.0112684
-0.768108	-0.458542	1.69109	0.00339081	-0.00422036	0.000318073	6.60718e-20	-9.68725e-21	4.8772e-19	0.2435	0.123291	0.243499	0.1	0.00907054
2.09419	0.222385	-0.209007	-0.00548478	0.00834044	0.00468046	2.756e-18	4.49723e-18	1.12546e-19	0.243486	0.12327	0.243485	0.1	0.00646109
0.418612	3.13722	-0.588109	0.00959716	0.0117117	-0.00341854	4.28751e-19	6.09714e-19	8.31776e-20	0.243472	0.123248	0.24347	0.1	0.0110456
1.15394	3.63802	1.07353	0.00366028	0.0134408	0.00649591	5.66171e-19	1.05768e-18	-2.91093e-18	0.243341	0.123049	0.243339	0.1	0.0124027
-2.03259	3.92934	1.7785	0.00763289	-0.0150334	0.00623234	1.65785e-17	-1.03303e-18	1.05392e-17	0.24327	0.122942	0.243269	0.1	0.0104119
1.33428	-3.53973	0.778497	0.0106855	-0.00619573	-0.00223528	5.84653e-18	-1.99487e-17	1.09365e-17	0.243128	0.122727	0.243127	0.1	0.00928895
1.86064	0.532007	0.991832	0.00693021	-0.0124867	0.000264805	-2.39765e-18	3.78898e-18	-2.95137e-18	0.243074	0.122645	0.243073	0.1	0.00991361
0.260033	3.88676	-0.3496	0.000823643	0.000170363	-0.00376204	-2.95653e-18	9.42672e-18	-1.25293e-18	0.242855	0.122313	0.242854	0.1	0.00846507
0.511935	0.135953	-1.451	-0.00508624	0.010655	-0.0122562	6.62172e-19	9.03807e-19	5.1571e-20	0.242545	0.121846	0.242544	0.1	0.00793594
0.576175	0.67736	0.604575	0.0196344	0.0137717	-0.00290491	-5.871e-19	6.24611e-19	6.81891e-19	0.242538	0.121836	0.242537	0.1	0.0133553
-2.16204	-2.48858	1.89365	0.00733287	0.00553508	0.0174215	4.86078e-19	2.82226e-18	-1.71066e-17	0.242368	0.12158	0.242367	0.1	0.00762371
0.40817	3.50207	-0.934327	0.0178158	-0.0123966	0.0125514	1.3184e-18	2.19621e-18	1.05084e-18	0.242346	0.121546	0.242344	0.1	0.0090999
0.616373	4.21342	-1.77133	-0.00518323	-0.00016942	0.0036517	-1.04355e-18	-2.37154e-20	1.43621e-19	0.242299	0.121475	0.242298	0.1	0.0116924
-2.32709	3.90211	-1.35753	-0.00835419	0.00489165	0.00235464	3.1742e-18	-1.85346e-18	7.73471e-20	0.242085	0.121154	0.242084	0.1	0.00963018
0.589181	-2.3578	-0.601059	0.0102237	-0.0152487	0.00421845	3.22846e-18	-3.30322e-18	-3.42094e-18	0.242001	0.121028	0.242	0.1	0.0100804
0.504689	-3.24897	0.563151	-0.0196727	0.0094501	-0.00368317	-4.87735e-19	9.39226e-18	5.26263e-18	0.241958	0.120963	0.241957	0.1	0.00793237
-0.242253	1.02887	0.60029	0.0173998	-0.0109837	-0.00635543	1.47216e-17	-4.58583e-18	-5.96057e-18	0.241887	0.120856	0.241885	0.1	0.00844736
1.24173	-1.00176	0.222341	0.00116104	-0.00106744	0.00188002	5.73425e-20	-1.66513e-19	-1.55728e-19	0.241852	0.120805	0.241851	0.1	0.0171104
0.692902	-0.336532	0.550199	0.0041337	0.00292462	0.00294695	-1.10056e-19	-6.9998e-20	-4.13213e-20	0.241386	0.120107	0.241384	0.1	0.0125411
-1.68361	4.13684	1.15284	-0.00292171	-0.0153097	0.00400712	-1.55592e-19	-1.0599e-18	-8.84786e-19	0.241179	0.119799	0.241178	0.1	0.00777118
2.36323	1.25066	-0.8836	0.012001	0.000926855	0.00122613	-9.26269e-18	3.90743e-19	6.35444e-18	0.241078	0.119648	0.241077	0.1	0.00830997
2.00331	-3.42391	-1.16716	0.0383787	-0.00366068	-0.0054962	-2.32172e-18	5.024e-18	2.5915e-18	0.241073	0.119641	0.241072	0.1	0.0161651
-1.9519	1.55781	-1.54304	-0.00135817	-0.000844121	-0.00128423	1.33674e-19	4.27516e-19	-3.61793e-19	0.241002	0.119535	0.241001	0.1	0.00873258
-1.48542	-2.00167	2.27808	-0.00811324	0.00510587	0.0405609	2.32551e-18	-1.18691e-17	1.18201e-19	0.240874	0.119345	0.240873	0.1	0.0061429
0.397673	0.268823	-0.999328	-0.0107832	0.00434593	-0.0089987	-2.67996e-18	-9.75465e-19	-4.33141e-19	0.240808	0.119247	0.240807	0.1	0.00684498
-0.777284	-2.61973	-0.667798	0.00182405	-0.00758993	-0.00891706	7.25055e-19	2.04413e-19	4.84253e-21	0.240779	0.119204	0.240778	0.1	0.0147878
-0.698425	3.57865	-2.13261	0.00788354	-0.0319401	0.00182773	3.80125e-18	4.39366e-18	-9.60279e-19	0.240338	0.11855	0.240337	0.1	0.0138855
1.37515	3.73333	-0.552614	-0.018535	0.0242996	-0.0098226	-1.15612e-18	-3.83032e-18	1.41516e-18	0.24033	0.118538	0.240329	0.1	0.0144899
-2.17781	-3.87069	1.77515	0.00800915	-0.00257688	0.0124407	-5.83998e-18	-1.86599e-17	2.65227e-18	0.240104	0.118204	0.240103	0.1	0.00877178
-2.27349	-1.97406	1.79102	0.00629304	-0.0161323	0.00500627	3.76907e-19	1.22837e-18	5.9213e-18	0.240038	0.118107	0.240037	0.1	0.00576881
1.30277	3.39704	-0.914458	-0.00993164	-0.00701085	0.00135232	-2.60387e-18	4.6374e-19	-3.38415e-18	0.240004	0.118057	0.240003	0.1	0.00944525
-1.85586	3.45248	-2.44185	0.0022729	-0.00204065	0.00391456	-1.23921e-18	-4.65966e-18	-4.50043e-18	0.239923	0.117937	0.239922	0.1	0.0148715
0.389021	-1.99512	-0.358336	0.00949582	-0.00741345	-0.00283312	-6.8143e-19	3.17466e-17	2.27941e-17	0.239865	0.117852	0.239864	0.1	0.00759994
1.20397	3.72406	-1.25021	-0.0124579	-0.0100499	-0.0072838	-2.29328e-18	-2.62641e-18	6.80553e-19	0.239615	0.117483	0.239613	0.1	0.0102137
-0.273557	-3.47924	1.37954	0.00621468	-0.00742321	-0.00997496	6.93436e-19	8.65424e-19	-1.60601e-19	0.239599	0.11746	0.239598	0.1	0.00971371
-1.03333	0.233276	0.231927	0.0065376	0.0028016	0.0157153	7.54318e-19	1.55683e-18	1.56064e-18	0.239439	0.117224	0.239438	0.1	0.0131254
0.340554	-0.483109	1.27644	0.0035083	0.0100931	-0.00163422	-1.47207e-17	-4.99117e-18	-1.46565e-17	0.239296	0.117015	0.239295	0.1	0.00867997
1.5695	-3.93442	0.176213	-0.00916838	-0.00247569	-0.0121239	-3.00834e-19	1.82023e-18	1.00237e-18	0.239263	0.116966	0.239262	0.1	0.00876834
-0.229268	0.704414	0.0677959	-0.00319602	-0.000894218	0.00782961	4.10754e-20	-8.04904e-19	-4.11794e-21	0.239215	0.116896	0.239214	0.1	0.0143346
-2.30867	3.55243	1.64695	-0.022598	-0.0179625	-0.014171	1.01013e-18	-9.58789e-18	-2.67394e-18	0.239116	0.11675	0.239114	0.1	0.00722992
-1.57429	0.533262	-2.01484	0.000898658	0.00367514	-0.0177442	-7.71602e-18	-2.69796e-17	1.05574e-17	0.239072	0.116686	0.239071	0.1	0.00811876
-0.529128	-3.457	-1.03617	0.00637306	0.0126521	0.00522653	-1.30332e-18	8.56179e-18	6.25263e-18	0.239035	0.116633	0.239034	0.1	0.00733074
-0.768214	-1.2118	-0.417996	-0.00630791	0.000473292	-0.00440275	7.957e-19	2.03918e-19	-7.75022e-20	0.23892	0.116464	0.238919	0.1	0.0198072
-0.71382	2.57085	-2.10348	0.00176508	0.00551911	0.00604353	-2.57121e-18	-7.97625e-19	-2.85648e-19	0.238778	0.116256	0.238777	0.1	0.0102695
-2.01452	0.375234	0.828604	-0.00092672	0.0024561	-0.000428491	7.0289e-20	4.9902e-20	-9.91095e-20	0.238693	0.116132	0.238692	0.1	0.00877285
-0.0377681	-0.473177	1.56549	-0.00647486	-0.0093496	-0.00797526	-7.51044e-18	3.17994e-17	-1.33259e-17	0.238435	0.115756	0.238434	0.1	0.0101377
-1.48908	-0.930038	1.59512	0.00965826	-0.00180799	0.0120711	-4.03131e-18	2.86694e-17	3.44469e-17	0.238353	0.115637	0.238352	0.1	0.00672144
-1.67582	-2.04365	1.50112	-0.0122512	-0.00509953	0.00541811	-8.83354e-18	2.12397e-18	1.10997e-18	0.238336	0.115612	0.238335	0.1	0.00656396
1.11042	-3.90054	-0.36733	0.00178025	-0.0141466	-0.00285109	2.78628e-18	-2.04998e-17	-2.35605e-18	0.238293	0.11555	0.238292	0.1	0.00882096
-1.62943	0.900662	-0.0345453	0.00272473	0.000730405	0.000563302	1.93406e-20	-5.63464e-20	7.16016e-20	0.238039	0.115181	0.238038	0.1	0.00927308
-1.3456	0.500455	-0.0103124	0.00576664	-0.00950426	-0.0101171	3.00555e-18	2.15142e-18	-1.32951e-18	0.237819	0.114861	0.237817	0.1	0.00919441
0.995325	-1.8105	0.956229	-6.41601e-07	4.56839e-07	8.86993e-07	2.33307e-23	1.02564e-22	7.13304e-24	0.237432	0.114301	0.237431	0.1	0.00890745
0.391235	-3.45954	-1.39379	0.00575804	4.22905e-05	0.0153724	1.09311e-18	-1.11602e-17	-7.37905e-19	0.23734	0.114169	0.237339	0.1	0.00866448
2.20262	-2.15932	0.525003	-0.00909578	9.56503e-06	-0.00507486	1.40714e-19	-2.46776e-19	1.63996e-19	0.237042	0.113739	0.237041	0.1	0.0113084
-1.84536	-0.0624763	0.904443	0.00234129	0.00201571	-0.000829345	5.54183e-19	-3.07395e-19	-1.51714e-19	0.236549	0.113031	0.236548	0.1	0.0115934
0.347547	3.82192	-1.28437	-0.0122871	-0.0304536	0.0167011	2.27185e-17	2.70749e-17	-1.86202e-18	0.236477	0.112928	0.236476	0.1	0.00899515
-0.0288107	-3.56195	1.77857	0.000581082	0.00810889	-0.00441941	-8.56186e-19	-1.97994e-18	2.37049e-18	0.236092	0.112378	0.236091	0.1	0.00797827
-0.649064	-1.81622	1.51246	-0.0070085	-0.00330262	-0.0026693	6.89597e-18	-7.30525e-18	7.9066e-18	0.235945	0.112167	0.235943	0.1	0.00703044
-0.810597	0.15117	-0.179328	-0.00629456	-0.00621977	0.00567103	-2.28735e-18	5.53869e-18	6.98238e-20	0.235755	0.111896	0.235753	0.1	0.0119093
-1.31631	4.09481	0.852294	0.0012261	-0.0105146	0.00167432	-1.65048e-19	3.96258e-19	3.0492e-18	0.235654	0.111752	0.235653	0.1	0.00713079
-2.2142	0.264244	-1.29328	0.00115796	0.000172734	0.000712488	-1.74631e-19	9.93022e-20	2.8301e-19	0.235652	0.11175	0.235651	0.1	0.00947869
2.42397	1.31629	-1.68977	-0.00445355	0.0100969	-0.00611687	-3.896e-18	1.2551e-17	-7.6667e-19	0.235592	0.111665	0.235591	0.1	0.00589449
1.14864	1.17346	2.39823	0.000934953	-0.00284692	7.80654e-05	-2.32481e-21	6.97254e-21	8.52578e-20	0.235576	0.111643	0.235575	0.1	0.0220942
-1.80172	0.381518	-0.0452618	-0.0052784	0.0100611	0.0121839	-2.35489e-18	2.3221e-18	1.54679e-18	0.235533	0.111581	0.235532	0.1	0.00678488
-0.620857	0.298729	-0.584259	0.00365597	-0.00528568	0.00780494	1.12089e-18	4.2409e-18	2.89204e-18	0.235439	0.111447	0.235438	0.1	0.0113227
-0.279703	-1.53106	-2.18181	-0.0183482	0.0105319	0.000902148	1.88004e-17	-4.45962e-18	1.1626e-18	0.235235	0.111157	0.235233	0.1	0.0103916
-2.11766	-4.1064	0.656145	-0.00664481	0.00252201	-0.0158109	-9.00547e-20	-2.20732e-18	-1.11495e-18	0.235224	0.111143	0.235223	0.1	0.00842588
2.06494	1.46635	-1.42784	-0.00330455	0.00892736	0.000462034	3.23373e-18	-3.94523e-18	7.29262e-18	0.235213	0.111126	0.235212	0.1	0.00807624
-0.921428	4.00091	-0.00857386	-0.0113961	0.00547035	-0.00868582	1.07377e-18	-8.67049e-18	8.5452e-18	0.235204	0.111114	0.235203	0.1	0.0094386
0.315241	3.58019	0.0126229	0.00200979	-0.00543426	-0.00651401	4.78943e-20	6.84025e-19	6.80186e-20	0.235089	0.110952	0.235088	0.1	0.0081993
-1.9795	-0.493438	1.04045	0.00176796	0.0045592	0.010216	-1.31199e-18	5.69219e-20	1.23389e-19	0.235012	0.110842	0.235011	0.1	0.0100865
0.0328461	4.08042	-2.00237	0.00791847	0.00350142	-0.0102784	-1.76306e-21	-1.95759e-18	-6.25254e-19	0.234883	0.110659	0.234881	0.1	0.0105611
-1.52204	-3.51283	1.38003	0.00312488	-8.88501e-05	-0.000748649	1.63687e-18	3.78062e-18	-1.37933e-18	0.234688	0.110385	0.234687	0.1	0.00704679
-0.122331	-1.40587	0.808805	-0.0109281	0.0128886	0.00115769	3.97057e-18	5.5657e-18	1.5941e-18	0.234646	0.110325	0.234645	0.1	0.00673557
-2.31419	-1.93746	2.2622	-0.000504386	-0.000146385	0.00558296	2.34436e-20	1.07569e-19	-1.4847e-20	0.234548	0.110187	0.234547	0.1	0.00786184
-1.32937	-0.150946	-2.16805	-0.00854244	-0.0127593	-0.00759914	5.08427e-19	1.90088e-19	-2.59055e-18	0.234545	0.110182	0.234543	0.1	0.0101538
1.35544	3.91784	0.628886	0.0144197	0.00298242	0.00612961	2.97809e-18	-5.26076e-18	-2.2529e-18	0.234383	0.109955	0.234382	0.1	0.0145791
-2.29073	1.96171	2.17265	0.00131362	0.00159143	-0.000826762	-1.65324e-19	-3.8973e-19	-1.17247e-19	0.234147	0.109623	0.234146	0.1	0.0108232
-1.73009	1.09398	0.39021	0.0306203	-0.0015197	0.0122343	-7.34965e-19	2.21738e-18	-2.12941e-19	0.234007	0.109426	0.234006	0.1	0.00920792
1.32338	-3.10568	-0.412023	0.0128607	0.0238151	0.0115596	-2.08658e-18	3.61623e-18	-5.35877e-18	0.233967	0.10937	0.233966	0.1	0.00642572
-2.07361	-2.29769	1.45869	-0.000138719	-0.00185113	0.000872883	-8.76432e-19	-1.64257e-19	-2.3234e-20	0.233804	0.109141	0.233802	0.1	0.00856981
0.229267	0.173491	2.35021	0.00658119	-0.00430741	-0.000915979	7.95299e-18	3.62425e-18	9.78508e-19	0.233776	0.109103	0.233775	0.1	0.00915484
-2.23022	-4.09008	-1.42293	-0.0201758	0.00257073	-0.00413238	-3.22002e-18	5.16303e-18	-1.43938e-18	0.233677	0.108964	0.233676	0.1	0.0109877
1.77095	3.3027	2.42704	0.00794568	0.000326886	0.00138213	1.56301e-19	-2.03707e-18	-5.70323e-20	0.233663	0.108944	0.233662	0.1	0.0108229
0.553707	-1.71645	1.8705	-0.00191354	-0.00282754	0.00497595	-5.50805e-19	-1.57223e-19	-4.13301e-21	0.233635	0.108905	0.233634	0.1	0.0079301
1.38269	0.200166	1.97039	0.00120605	0.000773644	-0.00157766	1.12921e-19	2.22663e-19	2.54094e-20	0.233605	0.108862	0.233603	0.1	0.00995566
-1.61566	-0.622085	-1.82123	0.00400514	0.00293817	0.00665682	-1.75572e-18	-4.46097e-20	-3.77394e-19	0.233372	0.108537	0.233371	0.1	0.00844644
0.560297	-1.08297	-1.21928	0.0119426	-0.00212192	0.00340823	1.31355e-17	2.17384e-17	1.63649e-18	0.233355	0.108515	0.233354	0.1	0.00738364
0.151486	0.747306	-2.3647	0.00029571	-0.00434623	-0.00853419	-1.89274e-19	1.75815e-18	-4.74747e-18	0.233332	0.108481	0.23333	0.1	0.00787879
-0.640146	2.14278	0.00917992	0.011615	2.64924e-05	0.001918	2.55764e-19	-5.17113e-19	-2.07094e-19	0.233276	0.108403	0.233274	0.1	0.00984234
-0.267953	-3.01899	-1.21258	-0.00412962	-0.00221309	0.00840024	2.85542e-18	3.86532e-18	8.27547e-18	0.233195	0.10829	0.233193	0.1	0.00713663
-2.47371	1.59866	0.976564	-0.0018985	0.00475242	0.0111339	-2.19897e-18	8.83526e-19	-9.48474e-19	0.233056	0.108098	0.233055	0.1	0.0077016
-0.0868671	2.53137	0.840802	-0.00156547	-0.00499383	-0.00173739	1.5796e-18	5.47912e-19	3.87441e-19	0.233041	0.108077	0.23304	0.1	0.0169314
1.50849	-2.71329	-0.201008	0.000525829	-0.00852408	0.01733	-1.40444e-17	1.1032e-17	-9.46339e-18	0.233023	0.108052	0.233022	0.1	0.00799626
2.40974	-2.81689	-1.09527	-0.00581093	-0.00407082	0.00850251	2.6009e-19	3.71638e-19	-3.11016e-20	0.232873	0.107842	0.232871	0.1	0.0182882
0.413879	1.70566	0.537492	-8.51144e-05	-0.000356668	0.000413785	-7.90203e-21	-3.10575e-20	5.82525e-20	0.232454	0.107262	0.232453	0.1	0.018043
2.32892	-0.263545	1.89211	0.0113244	-0.00629875	0.0134147	5.67835e-18	-6.76805e-20	7.33593e-19	0.232428	0.107225	0.232426	0.1	0.00531647
1.98321	1.75659	-1.87899	0.000598009	0.00044255	-0.000174487	-5.29329e-20	-8.19872e-20	-6.62712e-19	0.232049	0.106701	0.232047	0.1	0.0109205
-1.10429	1.2525	0.877081	0.00689668	-0.00274449	-0.00339683	4.43719e-19	-6.28261e-19	5.14411e-19	0.231884	0.106474	0.231883	0.1	0.0106975
0.715096	-3.1463	-1.26899	0.0169685	-0.0052967	0.00933484	-1.68712e-17	6.49527e-18	1.34407e-17	0.23172	0.106249	0.231719	0.1	0.00895685
1.46329	3.25106	-2.21302	-0.0041062	-0.00632692	-0.00545296	2.47106e-19	4.56517e-19	-1.56268e-18	0.231665	0.106173	0.231664	0.1	0.00716682
1.67649	3.37028	-0.294837	0.0020837	0.00223273	-0.00174636	2.52421e-19	-7.87108e-20	8.0339e-20	0.231594	0.106076	0.231593	0.1	0.0114064
2.07031	1.51754	0.91581	-0.00313012	0.00334372	0.00226255	7.08119e-19	7.52358e-19	-1.74243e-19	0.23148	0.105919	0.231479	0.1	0.0137196
1.60632	-0.621905	1.43546	-0.00769965	0.00252372	-0.00604656	1.58254e-17	1.27453e-17	6.20294e-20	0.231417	0.105832	0.231415	0.1	0.00544341
0.0869134	-3.24363	0.783079	-0.0335984	0.00235455	-0.0258181	5.25472e-18	5.39536e-18	2.15076e-18	0.231294	0.105664	0.231292	0.1	0.0144243
-1.72781	-1.33642	-0.956677	0.00399728	0.00401173	0.0128464	-1.626e-18	1.92313e-18	2.04666e-19	0.231291	0.105659	0.231289	0.1	0.0112987
1.32456	3.27502	2.28619	0.0105414	0.00689235	-0.00159179	-3.20128e-18	4.46091e-19	-4.9936e-19	0.231257	0.105613	0.231256	0.1	0.00695527
-0.0909158	1.79989	-1.89375	-0.00437531	0.00109673	0.00179637	3.02438e-17	1.25951e-17	8.15503e-18	0.231085	0.105378	0.231084	0.1	0.00501963
-1.56759	3.6108	-1.85933	-0.0121435	-0.00790337	-0.00448738	2.72593e-18	2.90099e-18	-1.66799e-18	0.231055	0.105336	0.231054	0.1	0.00705665
1.14834	2.98366	-1.2418	-0.000378988	-0.000216937	0.000178079	4.84063e-20	6.97963e-20	1.75122e-19	0.231043	0.10532	0.231042	0.1	0.00951089
0.704814	-0.903825	1.66312	-0.00519961	-0.00937708	-0.0173125	7.61895e-18	1.32489e-17	-1.52569e-17	0.230932	0.105168	0.23093	0.1	0.00569018
1.46265	-1.36513	-0.226259	0.0199549	-0.0200226	-0.0108326	6.35586e-18	5.52621e-18	-1.70607e-18	0.230731	0.104894	0.23073	0.1	0.00973721
-0.660304	2.56007	2.42991	-0.00738805	0.00810111	0.00176371	4.24589e-18	-2.50649e-18	-1.16589e-17	0.230699	0.104851	0.230698	0.1	0.00886899
-0.23864	1.96792	-0.587306	0.0087403	-0.000416182	-0.00343059	-1.13514e-18	4.51587e-18	5.58989e-18	0.230644	0.104776	0.230643	0.1	0.00553303
0.00983733	0.40218	0.763194	0.00232325	0.00462502	-0.00202951	1.63946e-18	-6.94204e-20	2.52651e-18	0.230494	0.104572	0.230493	0.1	0.0136158
2.34482	3.27879	0.939264	-0.010656	-0.018812	-0.0114944	6.38982e-19	-1.26175e-19	-6.76311e-19	0.230278	0.104278	0.230277	0.1	0.0128781
2.3366	-2.22405	-2.32529	0.00580143	-0.00450793	-0.00439751	1.50942e-19	1.04476e-19	7.92606e-19	0.230256	0.104247	0.230255	0.1	0.0124008
2.23758	2.43076	1.73833	0.000580574	-0.00151344	-0.00376656	4.20759e-19	-8.21832e-19	-1.72155e-20	0.230179	0.104143	0.230178	0.1	0.0149678
0.548735	-4.11399	-0.327096	-0.00734475	-0.0206345	0.00352762	-3.25773e-19	3.16614e-19	7.84945e-19	0.230164	0.104123	0.230163	0.1	0.0094916
1.18831	-3.94831	-1.67241	0.0136035	-0.0065695	0.00380897	-1.80689e-18	-1.10163e-17	8.11539e-18	0.23011	0.104049	0.230108	0.1	0.00586577
-2.36072	1.61979	-2.04275	0.000988605	-0.00138976	9.93586e-05	1.0385e-20	6.6734e-21	-9.46339e-20	0.230108	0.104046	0.230106	0.1	0.0130634
1.09341	2.21621	1.29125	-0.00446108	-0.00368667	0.00271977	9.40787e-20	-3.91009e-19	-1.15981e-18	0.230034	0.103947	0.230033	0.1	0.0134908
0.233591	2.32713	1.48236	-0.0100312	-0.00722638	-0.00488941	1.11832e-18	-1.3876e-18	1.06533e-18	0.229778	0.1036	0.229777	0.1	0.011015
0.667118	3.73412	-1.61029	0.0109578	-0.0227709	0.0277942	-2.91967e-18	2.73032e-17	3.82101e-18	0.229733	0.10354	0.229732	0.1	0.00795515
0.172288	0.864331	0.251522	-0.00537318	0.0138095	0.00568135	-4.17277e-19	-7.97169e-19	2.73118e-18	0.229721	0.103523	0.22972	0.1	0.00715639
2.13933	-3.17755	-2.1075	-0.00407436	-0.00241157	0.0166105	7.76539e-18	-2.02689e-18	-1.031e-17	0.229445	0.10315	0.229444	0.1	0.00545045
-1.0933	0.706029	-1.25051	-0.0212637	0.0102161	-0.00921532	-1.96696e-17	-1.76502e-17	6.68694e-18	0.229377	0.103058	0.229376	0.1	0.00950424
-1.67323	-2.04756	-0.623096	0.000478599	0.000330388	0.00366495	-2.57624e-18	7.59025e-20	1.65796e-18	0.229216	0.102842	0.229215	0.1	0.0108014
-0.41029	-2.75308	-1.57826	-0.000955469	-0.00116526	0.00127795	5.95685e-20	-2.37906e-19	-8.56833e-20	0.22912	0.102713	0.229119	0.1	0.0107694
-1.0507	2.40321	0.299732	0.0087803	0.00892584	0.000509986	2.10921e-18	-5.63353e-19	-3.64027e-19	0.229069	0.102644	0.229068	0.1	0.00963898
-0.108624	3.17425	-1.31682	-0.00109513	-0.0114829	-0.0048204	-4.3159e-19	-6.63733e-19	3.88621e-19	0.228978	0.102522	0.228977	0.1	0.0118656
-2.12587	1.1634	0.161925	0.0228214	0.00782395	0.0238231	5.99173e-18	2.59756e-18	6.346e-18	0.228828	0.102321	0.228827	0.1	0.00763976
-1.39963	1.40701	0.529073	0.00636472	-0.0105858	-0.0038944	-2.52977e-18	-5.03738e-19	-3.95308e-20	0.228543	0.101938	0.228542	0.1	0.00623866
-0.588308	-3.01646	-0.882001	0.00205003	0.0238863	0.00826664	9.15774e-19	1.34541e-17	1.24306e-19	0.228469	0.10184	0.228468	0.1	0.00792948
-0.00708779	-0.958277	0.8141	-0.0134746	0.0178393	0.00977331	2.72852e-17	7.8608e-18	6.17636e-19	0.228286	0.101594	0.228285	0.1	0.00689432
0.994483	3.09697	-2.4459	0.00746748	-0.000104853	-0.00335969	-1.09928e-17	5.40272e-18	1.00852e-17	0.228135	0.101394	0.228134	0.1	0.00910147
-0.822792	0.00254748	0.671325	-0.00441111	0.0021209	-0.00190966	-1.57495e-19	-2.99961e-19	-1.37068e-19	0.228091	0.101335	0.22809	0.1	0.0120324
2.34718	0.101921	1.12624	0.00334581	0.00871732	0.00264294	5.82944e-18	1.02711e-18	-7.18954e-19	0.22803	0.101253	0.228029	0.1	0.00606909
-1.98032	-1.93963	0.304243	1.38189e-05	-1.03514e-05	-1.67527e-06	-2.1418e-21	-6.05191e-21	9.8388e-21	0.227956	0.101155	0.227955	0.1	0.02119
-0.775341	0.0178574	1.23534	-0.00483009	0.0081176	-0.00371535	-8.13957e-18	3.201e-17	-1.8566e-17	0.227935	0.101128	0.227934	0.1	0.00652715
-2.04458	3.37388	-0.751495	-0.00110709	-0.000661279	-0.000548451	4.96687e-20	5.7347e-20	7.17243e-21	0.227756	0.100889	0.227755	0.1	0.0126786
-2.4764	-0.734093	1.93392	-0.0206697	0.00803419	0.0175669	-2.80634e-18	3.81762e-18	1.82626e-17	0.227751	0.100883	0.22775	0.1	0.00823102
-2.47978	-0.242296	2.30937	-0.00141105	0.0183841	0.0123549	-6.61405e-20	9.11799e-19	5.42649e-18	0.227739	0.100867	0.227738	0.1	0.0111192
-1.64248	-0.268536	1.44528	-0.0185114	-0.0132624	-0.0034257	2.6941e-18	-1.16421e-18	4.42243e-19	0.227458	0.100493	0.227457	0.1	0.00838916
1.17619	-0.985538	-1.10621	-0.00221229	-0.00252073	-0.0114515	-5.63508e-17	3.73416e-18	2.83317e-18	0.227412	0.100432	0.227411	0.1	0.00792071
2.01506	-4.02623	1.79181	0.0171495	-0.00141717	0.00276436	2.61304e-18	-4.84176e-18	8.86913e-18	0.227401	0.100418	0.2274	0.1	0.0101621
2.00628	-3.5894	-1.96321	0.0198326	-0.0118408	0.0203907	-3.09868e-18	5.20125e-18	-2.50237e-18	0.227261	0.100233	0.22726	0.1	0.0101566
-1.82772	1.65938	0.434385	-0.000118108	-0.000115278	-6.71017e-05	6.32992e-21	-3.3924e-21	-3.64645e-20	0.226978	0.0998588	0.226977	0.1	0.00911346
-1.61525	1.7723	-1.29915	0.000148142	0.00119197	-0.0044863	-3.14092e-18	-3.99594e-19	1.16433e-18	0.226806	0.0996319	0.226805	0.1	0.0081385
1.19968	-3.66464	1.69208	0.0094297	-0.00576915	-0.00790293	-4.63873e-18	-3.35049e-18	-4.65927e-20	0.226679	0.0994646	0.226678	0.1	0.00718473
0.813007	-0.20966	-2.09013	-0.00292334	-0.00495266	-0.00567874	-8.65964e-18	-4.33339e-18	-9.5596e-18	0.22666	0.0994395	0.226659	0.1	0.00633117
2.47881	1.77644	-2.47452	0.000458055	-0.000914025	-0.0010632	-1.45232e-19	1.39074e-19	-3.05281e-19	0.226282	0.0989432	0.226281	0.1	0.00987544
-0.856323	-3.22649	-2.48766	0.00608505	0.0076841	-0.00299268	6.54823e-19	3.20912e-19	8.97077e-19	0.226149	0.098769	0.226148	0.1	0.0102537
-0.838061	2.97068	-1.90216	0.00343993	0.00647978	0.00523517	-1.22639e-18	-5.0245e-19	-9.57278e-19	0.226146	0.0987639	0.226144	0.1	0.0178266
-2.28988	3.42818	1.16784	-0.0118088	-0.0130715	-0.0103851	4.06588e-18	-1.54096e-18	5.67947e-18	0.225904	0.0984481	0.225903	0.1	0.00721285
-1.82737	0.874842	0.782279	0.0057074	-0.0137385	0.000396848	1.84425e-18	7.44825e-19	-6.22291e-20	0.225874	0.0984085	0.225873	0.1	0.0108446
1.09836	4.16483	-1.146	-0.0119987	-0.00330328	-0.0331497	5.21417e-18	9.86185e-18	1.41305e-18	0.225866	0.0983978	0.225865	0.1	0.00914767
1.58713	0.864448	-0.831995	-0.000855767	0.000668782	0.000702298	2.19649e-19	-4.83279e-20	1.6449e-19	0.22577	0.0982731	0.225769	0.1	0.0124245
-1.69321	2.30384	0.299998	-0.00386448	0.00473634	0.00625205	-1.14085e-17	-4.80517e-18	1.13155e-17	0.225756	0.0982548	0.225755	0.1	0.00671121
0.896428	-1.58276	1.37432	-0.00727776	0.00364105	0.0144237	-5.7961e-19	4.08089e-18	-1.98681e-18	0.225706	0.0981897	0.225705	0.1	0.0050495
-2.08578	0.519425	0.300768	0.00742949	-0.000872179	0.00894615	2.96959e-18	-8.04963e-19	1.32135e-18	0.22568	0.0981548	0.225679	0.1	0.00875919
1.19555	-0.400439	-2.23259	0.00942843	0.0131005	-0.00502842	-8.28687e-18	-2.02204e-17	9.07258e-20	0.225669	0.0981413	0.225668	0.1	0.00753097
2.17043	-1.89519	1.03466	-0.00723368	0.00659671	0.00339134	-1.9684e-18	-3.05111e-18	-5.53513e-19	0.225662	0.0981311	0.22566	0.1	0.0167196
-1.18974	1.48753	-1.67502	0.00289026	0.00119811	-0.00284198	4.74794e-19	-2.85529e-19	1.00994e-19	0.225617	0.0980725	0.225615	0.1	0.0092562
1.42572	-0.205544	0.167096	-0.0129692	-0.0130241	-0.0190772	2.52818e-18	-4.14475e-19	-2.47325e-19	0.225596	0.0980458	0.225595	0.1	0.010106
-1.89178	-3.92432	1.29624	0.0198025	0.00113236	-0.00822474	-2.3186e-18	-2.93055e-18	-8.00412e-18	0.225297	0.0976566	0.225296	0.1	0.0068841
-2.0395	-2.92056	-0.0857547	-0.00507173	-0.0104298	0.0184726	-3.8772e-17	-1.27847e-17	-1.28998e-17	0.225237	0.0975787	0.225236	0.1	0.013081
1.76333	-2.5941	-1.52938	-0.00981946	-0.000105854	0.00370979	-8.54863e-21	-6.08275e-19	-1.52865e-20	0.225053	0.0973397	0.225052	0.1	0.0187753
1.13832	3.20969	-1.88632	-0.00810359	0.00796581	-0.00184728	-2.63512e-18	-7.89263e-19	1.35396e-18	0.224998	0.097268	0.224997	0.1	0.00732123
-0.81722	-3.07373	-2.05947	-0.00151282	-0.00215115	0.00272188	-3.62626e-19	-4.6294e-19	4.58099e-19	0.22461	0.096765	0.224608	0.1	0.00862136
-0.684978	-3.79543	0.132828	0.00942258	0.0143332	0.0339596	-1.35526e-17	-3.08542e-18	-6.58233e-18	0.224421	0.0965221	0.22442	0.1	0.0119715
-0.427485	1.99017	-1.65405	-0.000811283	0.00149138	0.00334005	-2.57043e-19	-2.5579e-19	4.07087e-19	0.224325	0.0963976	0.224324	0.1	0.0122619
1.89927	2.49572	-0.47551	-0.00629319	0.00367573	0.00302142	1.15602e-17	-1.42907e-17	8.8824e-18	0.224297	0.0963621	0.224296	0.1	0.0105189
-1.99115	-0.141041	-1.28118	0.000734976	-0.00206035	0.0102815	-9.32448e-20	1.4509e-19	-2.22119e-19	0.224269	0.0963252	0.224268	0.1	0.0113478
1.21669	-3.44506	-0.10795	-0.0034491	0.0102062	-0.00749272	1.40003e-20	4.00559e-18	2.78017e-19	0.224244	0.0962939	0.224243	0.1	0.00500888
-0.474429	-1.12877	2.09472	0.00554779	-0.0124062	0.0108001	-2.15562e-18	-3.92159e-18	9.85576e-19	0.224156	0.0961794	0.224154	0.1	0.0124527
1.55719	4.19938	1.19638	-0.00519951	-0.0018848	-0.0141185	2.4745e-19	-2.24148e-19	2.38982e-18	0.224147	0.0961691	0.224146	0.1	0.0139881
1.53172	-3.48036	0.265547	-0.00902782	0.00180375	0.0250028	-8.89827e-20	1.97662e-18	-2.99538e-19	0.224147	0.0961678	0.224145	0.1	0.00593284
-0.61089	-1.7312	0.0791399	-0.000312962	-0.000126073	0.000582785	-2.7971e-20	-6.15843e-20	-1.61884e-20	0.224033	0.0960221	0.224032	0.1	0.00737691
2.3351	1.84789	1.30887	-0.00612131	0.00804058	0.010798	-5.62725e-19	1.07426e-18	-1.11363e-19	0.223995	0.0959732	0.223994	0.1	0.0106708
1.53863	-3.12554	-0.00702673	0.00474696	-0.0225386	0.0109213	-7.46097e-18	1.08957e-18	2.15061e-18	0.223945	0.0959088	0.223944	0.1	0.00464822
0.377755	-0.595361	1.72301	-0.00314469	-0.00585111	-0.00442307	1.74712e-18	-2.53901e-18	-1.63943e-17	0.22388	0.0958252	0.223879	0.1	0.00746048
0.771809	3.02732	0.663476	-0.00693617	0.0344001	0.00733297	2.65368e-18	5.27543e-18	3.06511e-18	0.22384	0.0957736	0.223839	0.1	0.00880959
1.93352	1.81598	-0.193432	0.00582538	0.00711138	0.00463995	-5.37501e-19	7.01215e-19	1.77939e-18	0.223777	0.0956928	0.223776	0.1	0.0174248
-0.0131681	2.33455	-1.45227	-0.0108634	0.000264543	0.0121805	-6.55101e-19	9.53821e-19	4.05378e-19	0.223693	0.0955848	0.223691	0.1	0.00812866
0.944139	2.81498	-2.09649	-0.0116336	0.00475223	-7.92152e-05	-5.00835e-18	-2.96591e-18	-1.11405e-17	0.223629	0.0955035	0.223628	0.1	0.00899431
-2.15508	2.39338	0.0174741	-0.00236263	0.0153609	0.0179607	5.76054e-19	5.45662e-18	-6.18575e-18	0.223391	0.0951981	0.223389	0.1	0.00796512
-1.25143	-1.01746	2.09273	-0.0196629	-0.0173403	0.0101054	-1.00953e-18	1.38234e-17	-2.40054e-17	0.223357	0.0951547	0.223355	0.1	0.00504824
0.718314	-1.10633	-0.00899107	0.00789399	0.00362209	-0.00101681	-2.89814e-18	2.89409e-18	8.72172e-19	0.223278	0.0950544	0.223277	0.1	0.00866268
1.66534	3.33124	0.160017	0.00266567	-0.00410713	0.00511792	2.02205e-18	-1.26093e-17	2.15003e-17	0.223124	0.094858	0.223123	0.1	0.00651427
1.11073	-3.533	-0.654432	-0.00970615	0.00403591	0.0160978	4.83078e-19	-8.6259e-19	-1.08029e-18	0.223038	0.0947483	0.223037	0.1	0.0058681
2.3801	-0.669461	2.35579	0.00664828	0.0124845	0.0286338	-2.16894e-18	-5.11038e-18	3.79487e-18	0.222898	0.0945699	0.222897	0.1	0.0135177
2.32836	-1.88126	-1.55683	-0.00049371	0.000698974	0.00676085	-2.35974e-19	-2.58936e-18	1.8381e-18	0.222881	0.0945487	0.22288	0.1	0.00804666
-0.105281	3.85095	-1.218	-0.0198522	0.00120142	-0.0141632	-1.04261e-17	-1.41508e-17	-1.00017e-17	0.222848	0.0945062	0.222847	0.1	0.00931206
1.98255	-2.87441	0.0773904	0.0135901	0.00205038	-0.0115258	2.92309e-19	4.25424e-19	4.83281e-20	0.222812	0.0944602	0.222811	0.1	0.0147341
-0.40451	-2.18919	1.41105	0.00452484	0.000539042	-0.00477861	5.70511e-18	4.59162e-18	-3.84464e-17	0.222198	0.0936821	0.222197	0.1	0.0107751
0.318241	3.96371	-2.37582	-2.35067e-05	8.92745e-06	0.000365579	-4.86139e-21	-8.46106e-20	-7.50959e-20	0.22215	0.0936211	0.222149	0.1	0.00809087
-0.297455	-3.51229	-0.642961	0.0077492	-0.0148467	0.00895841	1.7722e-18	3.00414e-17	-3.24561e-18	0.221916	0.0933254	0.221915	0.1	0.00481667
-2.30689	3.07163	0.428232	0.000748663	0.000245903	0.000453584	-1.38196e-19	2.72254e-19	-4.15691e-19	0.221885	0.0932862	0.221884	0.1	0.0150599
0.998589	1.60548	2.39588	0.000222954	-0.00234397	0.00272643	-5.99043e-20	7.70838e-19	-6.7707e-20	0.221829	0.0932152	0.221828	0.1	0.00996227
1.12537	0.0354863	2.30761	0.00121493	0.00217208	0.00185877	6.45261e-19	4.72875e-19	4.8842e-19	0.221682	0.0930303	0.221681	0.1	0.0104203
0.155298	0.828437	0.727533	0.0189086	0.00140766	0.0146023	9.97431e-19	-1.20532e-18	-5.31691e-19	0.221608	0.0929378	0.221607	0.1	0.0116561
2.08376	3.51292	1.22537	-0.00611977	0.0104789	-0.0214714	-1.04074e-18	4.14284e-18	-3.71835e-18	0.221589	0.0929135	0.221588	0.1	0.0107259
-1.36891	1.95142	-1.62837	0.00956794	-0.00333513	-0.00484356	1.80718e-19	-1.64514e-19	7.85095e-19	0.221588	0.0929116	0.221586	0.1	0.00949288
0.558174	-1.33244	1.62491	-0.00612561	-0.0117997	-0.00789357	-7.83765e-19	-2.7246e-19	-2.49372e-18	0.221545	0.0928581	0.221544	0.1	0.00527922
-2.0186	-2.23749	-0.841533	0.0059733	0.00134595	-0.00619877	5.04791e-20	-2.78e-18	6.08733e-20	0.221542	0.0928544	0.221541	0.1	0.0051279
2.48105	-2.1791	0.88891	-0.0174885	-0.000801461	0.00469405	2.35048e-19	-6.2984e-18	-1.56902e-20	0.221475	0.0927701	0.221474	0.1	0.00760981
1.26096	1.92302	2.02128	0.00281916	4.47024e-05	-0.000954836	-1.02143e-19	1.87165e-19	-1.86274e-19	0.221387	0.0926599	0.221386	0.1	0.0155203
-0.514111	-2.88323	-2.32453	0.00257304	-0.0113226	-0.00242335	-4.64776e-19	-5.23847e-19	-6.45678e-19	0.221157	0.0923705	0.221155	0.1	0.00667955
-0.00840672	2.19794	-0.900443	0.00470095	0.00461655	-0.00622978	-2.18858e-18	3.38893e-19	-1.32113e-18	0.221057	0.092246	0.221056	0.1	0.00891735
-0.47051	-0.0594166	0.0406206	0.00139544	0.00470593	0.00970774	1.16787e-18	8.62969e-19	-8.91312e-19	0.221051	0.0922389	0.22105	0.1	0.0134464
2.34208	0.257275	-2.03029	0.00985253	0.0356591	-0.00889639	8.34813e-19	-2.31705e-18	-3.03639e-18	0.220705	0.0918062	0.220704	0.1	0.0185334
-0.0216707	-1.33559	0.371062	-0.00877721	-0.00742342	-0.00485496	1.74665e-18	-3.17332e-18	1.48048e-17	0.220489	0.0915363	0.220488	0.1	0.00655399
-1.3213	2.5221	-1.66541	0.0123113	-0.00446246	0.00215145	1.70119e-19	-1.25694e-18	7.5343e-18	0.220477	0.091521	0.220475	0.1	0.00727112
-0.0385692	-2.34594	0.747398	0.00152895	-0.00116746	-6.86864e-05	2.55957e-20	-1.18893e-20	-5.13542e-19	0.220475	0.0915193	0.220474	0.1	0.00993699
1.01798	-0.805762	-0.132954	0.00792443	0.00288814	-0.00169459	-3.7236e-18	1.69281e-18	3.48086e-18	0.220445	0.0914818	0.220444	0.1	0.00889202
-0.827704	-0.386081	0.316788	0.00185133	-0.000111696	0.000561344	1.25939e-21	3.03738e-19	5.6517e-20	0.22024	0.0912266	0.220239	0.1	0.0086916
-1.43696	-4.1031	-1.67998	0.0181999	0.0042405	-0.0115672	7.47097e-18	-9.04733e-18	1.82899e-17	0.220189	0.0911629	0.220187	0.1	0.00770823
