-1.56921	1.25355	2.22916	-6.07806e-06	-5.45048e-06	5.12927e-06	-1.88612e-21	2.3065e-21	3.78111e-21	0.549969	1.33077	0.549969	0.1	0.0300077
-0.0709956	-1.21338	-1.48637	4.35825e-06	1.51033e-07	9.80003e-06	2.95068e-22	-3.92787e-22	-3.59043e-22	0.548887	1.32294	0.548887	0.1	0.0289076
1.84091	-1.81378	-2.0539	1.35046e-05	-8.26593e-06	9.87886e-07	7.06241e-22	-6.28266e-22	-5.73442e-22	0.546331	1.30454	0.546331	0.1	0.0280311
0.839031	0.508937	-1.99333	2.95979e-06	-1.04246e-05	2.95526e-06	2.12406e-24	-1.72643e-21	9.93826e-22	0.546077	1.30272	0.546077	0.1	0.0269223
2.31762	-3.68402	2.43601	-3.48009e-06	1.85011e-06	-2.25759e-06	-3.00852e-22	-1.21493e-21	2.03942e-22	0.545814	1.30084	0.545814	0.1	0.0293547
-1.56372	-0.274739	0.104666	3.15779e-06	3.83533e-06	-5.77997e-06	3.82951e-22	1.24882e-21	-6.85992e-22	0.54498	1.29489	0.54498	0.1	0.0206457
-0.865746	0.255494	-1.84024	1.28556e-07	-4.8765e-06	5.53877e-06	2.15151e-21	-4.92035e-22	9.53176e-22	0.544912	1.2944	0.544912	0.1	0.0255209
-0.316525	0.157926	1.84351	4.3983e-06	1.5556e-05	7.35451e-06	1.28881e-21	2.83801e-22	-1.42577e-21	0.544717	1.29302	0.544717	0.1	0.0241904
1.51547	-1.37223	1.13291	-9.74326e-06	-7.72504e-06	-1.35824e-05	-1.22925e-21	-1.02456e-20	3.92801e-21	0.54369	1.28571	0.54369	0.1	0.0249103
-0.235769	3.40082	-0.740798	1.59953e-06	-3.45485e-06	-5.81884e-06	-1.64227e-21	-8.33404e-22	-2.43151e-21	0.543631	1.28529	0.543631	0.1	0.0281001
0.0729681	-0.267416	-2.01329	7.06494e-07	-3.76133e-06	-3.11242e-07	4.19587e-22	-3.9142e-22	4.58125e-22	0.543491	1.2843	0.543491	0.1	0.0252891
-0.824477	-0.604949	2.47513	-4.42446e-06	-6.90076e-06	9.88547e-06	8.63278e-23	-3.95481e-23	1.30122e-22	0.543278	1.28279	0.543278	0.1	0.0232496
-0.780586	-4.11579	-0.828255	9.70354e-06	3.20148e-06	-9.07957e-06	-2.81345e-21	3.98499e-22	-5.62465e-22	0.543107	1.28158	0.543107	0.1	0.0226462
1.68558	-0.435538	2.14497	5.40718e-07	-1.40882e-06	2.08177e-06	3.41692e-21	-2.27935e-22	7.61646e-22	0.543034	1.28107	0.543034	0.1	0.0200751
0.881577	-2.37645	-1.35609	-7.69275e-06	5.76799e-06	-4.89773e-06	4.46292e-22	-5.85842e-22	4.80927e-22	0.542776	1.27924	0.542776	0.1	0.0264944
1.29915	2.32079	-2.25484	-2.66193e-07	5.95435e-07	9.3241e-06	-4.34711e-21	3.55986e-22	2.78837e-22	0.542678	1.27854	0.542678	0.1	0.0266057
1.71152	3.75113	1.66684	-2.46674e-06	-5.7945e-06	-1.94849e-05	1.7688e-21	-2.30901e-21	2.32146e-21	0.541896	1.27303	0.541896	0.1	0.0230936
-0.811197	1.81957	-2.22661	-1.34349e-06	-5.73145e-06	1.06824e-06	-1.19378e-21	8.88544e-22	-6.07137e-24	0.541462	1.26997	0.541462	0.1	0.0253
1.44346	0.840594	0.525642	-1.35323e-06	1.9659e-06	2.19362e-06	4.73605e-21	-3.78987e-21	1.10942e-21	0.541373	1.26935	0.541373	0.1	0.0230091
2.41035	-0.11234	0.422482	2.2142e-06	1.339e-06	-5.14455e-06	-1.35189e-21	-4.35314e-22	2.96708e-22	0.541274	1.26865	0.541274	0.1	0.0207992
1.04561	-2.23371	1.63473	-6.56253e-06	-5.80358e-06	-1.12379e-05	-1.29596e-23	-9.79062e-23	4.17781e-22	0.540573	1.26373	0.540573	0.1	0.0285259
-0.133885	-2.41092	-0.0367172	-5.38964e-07	6.04465e-06	2.22522e-06	-2.26031e-21	7.08874e-21	-1.6855e-21	0.540394	1.26247	0.540394	0.1	0.0236352
-1.71723	1.44187	1.16586	5.20577e-06	-3.47219e-06	2.05053e-06	-6.41686e-22	4.27447e-21	-7.12466e-22	0.540023	1.25987	0.540023	0.1	0.0211861
-1.61683	-1.39946	-0.156148	2.63564e-06	4.90097e-06	1.88594e-06	-3.02871e-22	-3.9763e-21	-2.09141e-22	0.537492	1.24224	0.537492	0.1	0.023281
-1.86585	-0.524313	2.1784	-5.58707e-06	-5.30299e-06	3.82436e-06	5.02003e-22	-1.1692e-22	3.0033e-21	0.537383	1.24149	0.537383	0.1	0.0182199
1.29162	0.290339	-0.389591	-1.12578e-07	2.79905e-06	5.36954e-07	2.50248e-22	9.86677e-22	-6.1801e-22	0.537298	1.2409	0.537298	0.1	0.0201668
-0.546378	-0.360829	-1.01003	9.60212e-06	4.07152e-06	9.81636e-06	7.24285e-22	-2.13923e-21	7.47699e-23	0.537289	1.24083	0.537289	0.1	0.0290603
-2.28925	2.30574	0.872059	1.88882e-06	-1.4865e-06	1.04092e-05	9.46088e-22	-2.36453e-21	1.29387e-21	0.53695	1.23849	0.53695	0.1	0.0242117
-1.56211	-2.25483	-1.33112	-1.33543e-05	6.41247e-07	3.53882e-06	-7.32226e-24	-3.72522e-21	-3.50082e-21	0.536183	1.23319	0.536183	0.1	0.0283045
-2.32912	3.27547	-1.77493	2.22818e-06	-1.44298e-06	1.06286e-07	-1.22593e-21	-2.23462e-21	-4.77178e-22	0.535744	1.23016	0.535744	0.1	0.0202949
-1.08051	-3.21233	-1.33569	-8.82281e-06	1.27454e-06	-4.4619e-06	-3.1043e-21	-1.94294e-21	3.70445e-22	0.535663	1.2296	0.535663	0.1	0.0211978
2.10126	1.01376	-2.42322	-4.62862e-06	-5.97395e-06	-3.82116e-06	5.50464e-22	-2.33316e-22	1.12807e-22	0.535183	1.2263	0.535183	0.1	0.027782
2.36564	3.93946	-0.534076	-1.26501e-06	-5.11844e-07	2.91891e-06	1.37271e-21	-8.01044e-23	-7.28415e-23	0.534503	1.22163	0.534503	0.1	0.0253242
1.49478	2.70063	1.75641	-1.17413e-05	-2.43007e-06	4.67085e-06	4.9673e-21	-4.63025e-22	-1.09984e-21	0.534475	1.22144	0.534475	0.1	0.0241111
-2.41586	-1.66271	-0.820282	8.19892e-06	2.33673e-06	-4.68719e-06	-1.32361e-22	-4.78918e-22	-6.78078e-22	0.534357	1.22063	0.534357	0.1	0.0223496
0.775195	-3.50447	-2.06262	-3.70609e-08	8.70138e-06	-1.88067e-06	1.17103e-21	-1.14055e-22	-1.03396e-21	0.533435	1.21432	0.533435	0.1	0.0228727
0.723886	3.60926	2.06467	5.9928e-06	1.19322e-06	7.66451e-06	-3.44764e-21	6.14874e-22	-1.58547e-21	0.5323	1.20659	0.5323	0.1	0.0264353
0.823185	-3.74829	0.226105	-1.74661e-06	7.7431e-06	-1.81848e-05	6.30191e-23	-1.58949e-21	-4.1769e-22	0.531825	1.20336	0.531825	0.1	0.0185369
-2.42822	4.21643	1.22416	6.92411e-07	7.63892e-06	-2.59393e-06	-1.98583e-21	-3.88675e-21	1.05577e-20	0.531692	1.20246	0.531692	0.1	0.0207941
2.32841	2.60349	2.41346	-6.97993e-06	-2.28367e-06	8.4177e-07	-4.72888e-23	-1.6706e-21	-2.35836e-21	0.531432	1.2007	0.531432	0.1	0.0232261
0.924043	-1.50281	-0.705234	2.99365e-06	-1.1159e-05	-1.15294e-05	-9.16931e-26	-8.04591e-22	-3.5111e-21	0.531353	1.20016	0.531353	0.1	0.0262111
1.19901	2.86888	-0.380117	8.18852e-06	1.09717e-05	-4.26302e-06	3.80531e-21	-1.52627e-21	-8.11795e-22	0.530953	1.19745	0.530953	0.1	0.0226823
1.69726	-2.23245	-0.674672	1.28545e-05	-1.214e-05	-2.50138e-05	-2.0621e-21	-6.2622e-22	-4.05734e-21	0.529798	1.18965	0.529798	0.1	0.0241894
0.604823	0.710993	1.97663	1.23323e-05	6.27413e-06	3.17788e-06	-4.30653e-22	3.79439e-22	2.75797e-21	0.52943	1.18718	0.52943	0.1	0.0211811
-1.2085	-0.617075	1.0584	-1.06354e-05	4.81315e-06	1.33247e-06	-3.08586e-22	1.87686e-21	2.38382e-21	0.528828	1.18313	0.528828	0.1	0.0174581
0.356173	-3.13656	-0.649403	-6.52286e-06	-4.65961e-06	9.41499e-06	-6.35366e-22	1.34732e-22	-2.24421e-21	0.528303	1.17961	0.528303	0.1	0.0191667
-1.8734	3.57176	0.585852	-4.87092e-06	2.53431e-07	-4.16201e-06	3.81587e-22	2.32448e-22	-2.03451e-22	0.527437	1.17382	0.527437	0.1	0.0233308
-2.14357	-3.57975	-0.41248	6.34782e-06	-2.65935e-06	-4.48039e-06	3.45044e-21	-1.04043e-21	-1.32412e-21	0.527219	1.17237	0.527219	0.1	0.0258923
-0.807616	3.34362	0.161487	1.78482e-06	6.23726e-06	-3.05524e-06	1.50558e-21	-6.94824e-22	-3.0983e-22	0.526181	1.16545	0.526181	0.1	0.0261969
2.14417	-1.41999	1.99643	-1.278e-05	-6.04999e-06	-8.52212e-06	-6.83736e-21	-1.23422e-20	9.15873e-22	0.525584	1.16149	0.525584	0.1	0.0267204
-0.315925	3.52949	2.23922	5.36283e-06	2.07858e-06	1.04813e-05	4.33723e-22	1.25597e-21	-3.91704e-23	0.525099	1.15828	0.525099	0.1	0.0275447
0.88765	-3.13409	1.08088	1.77105e-06	-5.53332e-06	-8.16704e-06	-1.75719e-21	6.60594e-21	-3.38994e-21	0.52273	1.14267	0.52273	0.1	0.0206518
1.62807	-0.726156	-0.594909	-4.53548e-06	-4.93033e-06	4.1693e-07	-1.37939e-21	-5.43306e-22	-1.29015e-21	0.522717	1.14259	0.522717	0.1	0.020162
1.68873	-3.70214	-0.505694	-2.21376e-05	-1.76315e-05	4.81652e-06	-9.6113e-22	-9.14296e-22	2.52264e-22	0.5224	1.14051	0.5224	0.1	0.0197869
2.08045	-2.43962	1.7604	-5.33189e-06	-1.5248e-06	5.54592e-07	2.24894e-22	-1.41219e-21	8.31511e-22	0.522053	1.13824	0.522053	0.1	0.0298267
2.48731	0.906977	0.711186	-1.39416e-06	-2.17002e-06	9.84607e-06	1.04821e-21	1.76213e-21	-7.29863e-22	0.520944	1.131	0.520944	0.1	0.0182499
-1.66498	2.83195	-0.139279	-6.43364e-07	-1.91917e-06	1.24273e-05	-2.09608e-21	2.75575e-21	-5.08808e-21	0.516617	1.10305	0.516617	0.1	0.0281732
-1.51711	3.00474	-1.15109	5.35733e-06	4.16292e-06	6.76094e-06	-3.26233e-22	1.85525e-22	4.17428e-22	0.516609	1.103	0.516609	0.1	0.0259188
-1.18007	-1.13279	-1.63804	1.13573e-05	7.28202e-06	-1.34794e-05	1.65736e-22	-1.27205e-21	1.30846e-21	0.516604	1.10297	0.516604	0.1	0.0217664
-2.03072	2.95253	1.66187	-1.70393e-06	5.53162e-06	7.96707e-06	1.19819e-21	-1.17315e-21	1.45963e-21	0.516175	1.10022	0.516175	0.1	0.0278255
0.414652	1.7292	1.83603	-7.26854e-06	4.5262e-06	6.76931e-06	-7.3123e-22	-2.11537e-21	-1.94172e-21	0.51592	1.09859	0.51592	0.1	0.026145
-1.3042	0.317251	-0.736413	5.84362e-06	6.45897e-06	-3.8133e-06	2.28397e-22	7.43745e-22	-1.08825e-22	0.515798	1.09782	0.515798	0.1	0.0216739
1.30838	1.41578	-1.71047	-1.07631e-05	-3.20911e-06	5.3489e-06	-3.80099e-22	1.61514e-22	-2.21424e-21	0.513505	1.08324	0.513505	0.1	0.0285163
-0.127501	0.817524	-0.556997	-5.08362e-06	9.20008e-06	1.94006e-05	-4.44281e-23	-7.87032e-22	1.68574e-22	0.51343	1.08276	0.51343	0.1	0.0241318
2.20976	-3.72757	0.387686	1.35453e-06	5.93247e-06	-5.74335e-06	-8.15725e-21	-9.59865e-21	2.95366e-21	0.512184	1.0749	0.512184	0.1	0.0214298
-0.0992299	1.61484	0.133551	5.5965e-06	7.96353e-06	7.93727e-06	2.29912e-22	-9.37133e-22	1.88524e-22	0.512181	1.07488	0.512181	0.1	0.0223885
-1.98316	2.28805	-1.7228	7.49264e-06	7.71602e-08	9.37756e-06	-2.67318e-22	3.19919e-21	1.01785e-21	0.511848	1.07278	0.511848	0.1	0.0214712
-1.18542	1.93049	-0.0170964	1.24081e-05	2.64149e-06	3.86211e-06	8.15882e-22	-8.06617e-22	1.03717e-21	0.511774	1.07232	0.511774	0.1	0.0199468
-1.58754	3.82835	-0.379151	1.87365e-05	-4.06813e-06	8.76726e-07	1.02075e-20	-1.50088e-21	-1.81468e-21	0.511229	1.0689	0.511229	0.1	0.0288459
-0.0451421	-3.93682	2.40245	5.48781e-06	4.01748e-06	3.80685e-06	1.09196e-21	1.52259e-21	1.45533e-21	0.510821	1.06634	0.510821	0.1	0.0223916
2.3804	2.93729	-0.828771	9.5909e-06	-1.46905e-06	3.65557e-06	2.98041e-21	-1.89699e-21	-1.29879e-21	0.510219	1.06258	0.510219	0.1	0.0277206
0.731853	0.267362	1.04538	4.01823e-07	-1.16041e-06	3.92869e-06	2.54156e-23	-1.14188e-21	-8.37473e-21	0.509907	1.06063	0.509907	0.1	0.0212469
-2.12613	-1.59736	-2.0597	1.39644e-05	-7.5593e-06	1.53553e-07	4.91247e-21	7.34473e-22	4.8818e-22	0.509081	1.05548	0.509081	0.1	0.0205995
-2.05783	-3.33157	-1.70326	-8.6464e-06	-9.77147e-06	7.54418e-06	-2.88457e-21	-5.64666e-22	7.03005e-21	0.508814	1.05382	0.508814	0.1	0.0266413
0.373949	1.7896	-1.30444	-6.26761e-08	6.30578e-07	3.9678e-06	-1.59356e-21	-1.6115e-22	4.50531e-21	0.508439	1.0515	0.508439	0.1	0.0206802
2.16283	1.9384	-0.844776	2.98e-06	-8.26852e-06	3.03947e-06	1.85338e-21	-1.59685e-22	-5.5752e-22	0.508199	1.05	0.508199	0.1	0.0226659
-0.360663	1.13822	-1.56776	2.87597e-06	-4.34111e-06	-1.26789e-07	5.68669e-22	-6.96294e-22	3.27996e-22	0.507978	1.04864	0.507978	0.1	0.0241328
0.835946	-2.0514	-2.35423	5.16039e-06	-5.48969e-07	-8.68616e-06	2.23738e-21	4.54691e-21	5.33187e-22	0.507977	1.04863	0.507977	0.1	0.0262806
-0.586642	1.5018	1.7644	-3.45895e-06	2.62482e-06	8.33836e-06	-9.81128e-23	-5.50127e-22	9.04511e-23	0.507899	1.04815	0.507899	0.1	0.0253936
0.114118	-2.70039	-2.05575	1.90711e-07	9.59821e-06	2.13299e-06	-3.73864e-21	-3.10119e-22	-6.97515e-22	0.507554	1.04601	0.507554	0.1	0.026934
-0.695632	1.98455	0.874686	8.10314e-06	1.77774e-05	6.89071e-06	1.44506e-21	-9.7818e-22	1.47198e-21	0.507131	1.0434	0.507131	0.1	0.0198122
0.364656	0.210649	0.0990161	-4.03977e-06	-6.29462e-06	4.93166e-06	5.0961e-22	-1.24555e-21	-1.03403e-21	0.506811	1.04142	0.506811	0.1	0.0161332
-0.636934	-2.07871	-1.77752	-1.21159e-05	-2.59244e-06	3.40053e-06	-2.49526e-21	4.27182e-21	-8.80467e-22	0.506065	1.03684	0.506065	0.1	0.0293666
-0.205471	-3.695	-1.62451	-2.59789e-06	5.77788e-06	3.45261e-06	-1.65109e-21	-2.36038e-21	-3.04951e-21	0.504594	1.02782	0.504594	0.1	0.0219963
1.91613	-4.15914	-1.40107	-3.29309e-06	-2.16231e-06	-6.12355e-07	-1.29758e-24	8.4214e-22	7.92609e-23	0.50426	1.02578	0.50426	0.1	0.0170751
0.192847	3.35522	-1.88343	-4.19212e-06	-2.36245e-05	1.19735e-05	-3.40137e-22	2.08172e-22	1.96051e-21	0.503991	1.02414	0.503991	0.1	0.0211757
-0.740389	2.48301	-0.743725	7.27634e-06	-7.82023e-06	-8.30576e-06	-9.87048e-22	-5.49923e-22	-3.10853e-21	0.503786	1.02289	0.503786	0.1	0.0242192
-0.988802	1.30475	-0.792341	-7.94715e-07	6.81961e-06	-4.67037e-06	-1.62585e-23	3.59772e-21	7.92985e-22	0.50375	1.02267	0.50375	0.1	0.0227698
2.26608	-0.656901	1.30259	-9.44233e-06	4.26421e-07	-7.0074e-06	-1.28605e-21	6.43278e-22	-9.00815e-24	0.503707	1.02241	0.503707	0.1	0.0207789
1.80725	-0.853824	-1.63012	9.19851e-06	-1.22788e-06	-1.09948e-05	-6.96956e-23	1.05093e-21	1.82424e-21	0.503588	1.02168	0.503588	0.1	0.0248209
-1.35002	2.75226	0.926785	-1.83949e-05	-4.097e-06	7.57776e-06	2.03242e-22	3.33948e-22	-9.21079e-22	0.502987	1.01803	0.502987	0.1	0.0253415
2.02446	-1.16696	0.241897	1.13366e-05	1.19566e-05	2.07773e-06	1.42368e-22	-2.63287e-21	-2.39239e-21	0.502801	1.0169	0.502801	0.1	0.0258133
0.38965	3.71867	1.09081	1.05938e-06	-4.11139e-06	1.77373e-06	-1.32392e-22	1.47564e-23	3.76712e-22	0.502402	1.01448	0.502402	0.1	0.020409
0.266789	-4.14212	-0.856031	3.58881e-06	-3.32381e-06	-4.21053e-06	4.02307e-22	-3.9648e-21	7.32367e-22	0.502168	1.01306	0.502168	0.1	0.0172985
0.208943	-1.8208	1.17003	-4.43921e-06	1.06417e-05	-4.77716e-06	1.38066e-21	-1.2573e-21	-3.91094e-21	0.501812	1.01091	0.501812	0.1	0.0160773
-0.927579	3.68297	-1.62905	2.31688e-06	-9.4732e-07	-4.66322e-06	3.38632e-22	4.16678e-23	-1.93553e-22	0.501228	1.00738	0.501228	0.1	0.0222975
-2.36123	-0.714035	-0.409764	3.89075e-06	6.30286e-06	-1.0272e-05	1.96485e-21	-2.37527e-21	7.36032e-22	0.500809	1.00486	0.500809	0.1	0.0228112
-1.84177	-2.53828	-2.28769	3.58326e-07	-1.32713e-05	2.39278e-06	1.19902e-21	6.87068e-21	4.23984e-21	0.499982	0.999893	0.499982	0.1	0.025005
1.46955	-1.99882	0.300918	1.59185e-05	5.82445e-06	-2.74484e-05	4.90437e-22	-2.00041e-21	-8.64903e-22	0.498922	0.993547	0.498922	0.1	0.0253991
-2.21163	0.443873	2.05687	-4.47574e-06	-5.15471e-06	-4.99873e-06	5.79015e-22	1.34019e-21	1.73131e-21	0.497875	0.987306	0.497875	0.1	0.0170458
0.540314	-1.64318	0.243962	8.80076e-06	-7.98766e-06	-4.17796e-06	3.68015e-22	-9.00696e-22	-4.94265e-22	0.497683	0.986161	0.497683	0.1	0.0241326
2.11046	1.04992	-0.242992	-1.35431e-05	1.27509e-05	-7.28442e-06	2.63371e-21	4.70247e-24	-6.35236e-21	0.497653	0.985981	0.497653	0.1	0.0231232
-1.96162	4.19229	-2.07775	-7.39726e-07	-2.57475e-06	-1.06295e-05	-2.76331e-21	8.58635e-22	-2.05483e-22	0.497385	0.984392	0.497385	0.1	0.0185693
-2.06867	0.0167461	-1.96371	-1.33197e-05	-7.96104e-06	5.24775e-06	3.63088e-21	6.41736e-22	4.67737e-21	0.49695	0.981814	0.49695	0.1	0.0186905
0.758652	0.902909	-1.03223	-1.29319e-05	-7.41278e-06	5.28693e-07	-3.15682e-22	9.62635e-22	1.71708e-21	0.495745	0.974687	0.495745	0.1	0.0235115
-0.248584	4.19157	0.0521493	1.04757e-05	-4.34303e-07	-1.48024e-05	-2.46867e-22	-2.00917e-22	-1.45846e-21	0.495351	0.972366	0.495351	0.1	0.0198871
1.47117	3.07594	0.797848	-3.66386e-06	1.68396e-06	4.22571e-06	9.52606e-21	5.44402e-21	-9.07005e-22	0.495256	0.971804	0.495256	0.1	0.0226112
1.7043	2.09332	0.952241	2.53846e-08	-3.9242e-07	5.56748e-06	4.47051e-22	6.7737e-22	1.13169e-21	0.494818	0.969231	0.494818	0.1	0.0259048
-0.248903	2.95373	1.40036	3.7923e-07	9.63136e-06	4.13017e-06	1.08219e-21	-3.43211e-21	-4.36232e-21	0.494559	0.967708	0.494559	0.1	0.0214211
-0.697863	-3.24731	-0.266895	5.68281e-06	1.32874e-06	-3.09513e-06	-5.64602e-21	2.60364e-21	-3.4463e-21	0.494343	0.96644	0.494343	0.1	0.0185322
2.12749	3.72426	0.442402	-5.77126e-06	3.78444e-06	3.22653e-06	2.95488e-22	-9.19678e-23	7.99119e-22	0.493389	0.960857	0.493389	0.1	0.0199514
1.78925	0.0898734	-1.96847	8.37029e-06	7.97793e-08	1.78831e-06	5.41434e-21	-1.90284e-21	-1.33448e-22	0.49276	0.957188	0.49276	0.1	0.0255803
1.18079	3.86263	-2.04143	1.29213e-05	-3.43898e-06	-9.6531e-07	-7.2925e-22	-1.31423e-21	-2.47444e-21	0.492605	0.95628	0.492605	0.1	0.0166252
2.12101	2.76216	0.123659	-9.469e-06	-3.82898e-06	-9.78139e-07	1.20534e-21	4.2873e-21	-3.03834e-21	0.492343	0.95476	0.492343	0.1	0.0272778
1.50725	0.933972	1.55295	9.49433e-06	1.53683e-05	5.35151e-07	-8.21969e-22	-1.62988e-22	-6.38183e-22	0.492149	0.95363	0.492149	0.1	0.0294115
1.23425	2.29225	-1.22338	7.52936e-06	-1.25505e-05	1.03824e-05	4.57298e-22	-3.43296e-21	2.98746e-22	0.491248	0.948403	0.491248	0.1	0.0220952
-0.0420439	-2.77772	1.27008	6.0345e-06	1.10698e-07	7.71509e-06	6.97093e-21	2.27554e-21	6.33366e-22	0.49077	0.945634	0.49077	0.1	0.0192162
-0.534564	-4.12461	1.54926	4.28114e-06	-2.09764e-06	4.8433e-06	3.29923e-21	1.84871e-21	-3.2159e-21	0.490566	0.944455	0.490566	0.1	0.0243527
-1.84972	2.05807	-0.756515	2.12862e-06	-3.44179e-06	1.10036e-05	3.1454e-21	6.28783e-22	-1.48451e-21	0.4904	0.943496	0.4904	0.1	0.0212081
-1.47049	-4.04581	1.83008	8.40692e-07	-7.61937e-07	-5.82223e-06	-7.18762e-22	1.30232e-21	2.31018e-21	0.489769	0.939861	0.489769	0.1	0.0224046
-0.905895	-2.00457	-0.583773	-3.96901e-06	-2.03378e-06	-2.37337e-06	2.40681e-21	-4.89921e-21	-1.02973e-21	0.48941	0.937795	0.48941	0.1	0.0191523
-1.07655	-3.72435	0.835286	-2.4483e-06	-3.18315e-06	9.37385e-06	3.40939e-22	-1.32331e-21	4.71992e-22	0.489118	0.93612	0.489118	0.1	0.0195406
0.34984	1.39274	-2.21925	9.3817e-06	-5.30381e-06	5.64296e-06	2.19009e-21	-8.38644e-22	1.35757e-21	0.489051	0.935732	0.489051	0.1	0.0263571
-0.657711	-1.91267	0.696456	-7.81218e-06	5.88847e-06	-1.13757e-05	1.75426e-21	2.85732e-21	-5.23136e-22	0.488952	0.935165	0.488952	0.1	0.0189569
-2.22442	-0.843442	-1.41352	1.16241e-05	7.81061e-06	-1.6366e-05	8.4869e-22	2.96596e-21	-4.91958e-21	0.488749	0.934001	0.488749	0.1	0.0194584
1.05663	3.71283	0.173405	-2.92122e-06	4.77931e-06	4.50579e-06	-1.42544e-21	-9.06371e-22	-2.50136e-21	0.488349	0.931713	0.488349	0.1	0.013349
0.595375	-3.92653	1.63606	3.36761e-06	-1.39099e-06	8.29938e-07	6.29943e-22	-1.95877e-21	2.62393e-21	0.488059	0.930051	0.488059	0.1	0.019077
0.823999	-2.731	0.156375	3.40785e-06	1.00928e-05	-3.23787e-06	5.15941e-21	-6.63637e-22	-1.02077e-20	0.487885	0.929056	0.487885	0.1	0.0196946
-1.49578	-2.60443	1.15923	8.81907e-06	5.68524e-07	-1.51683e-07	2.31724e-22	-8.90087e-22	3.7875e-22	0.487191	0.925099	0.487191	0.1	0.0276809
-1.52385	-2.7443	-0.43081	4.09937e-07	-5.07494e-06	3.84504e-06	-4.86687e-23	1.62028e-22	6.8535e-22	0.486549	0.921447	0.486549	0.1	0.023085
0.147634	-0.745077	0.23448	4.25268e-06	-9.28886e-06	-1.20883e-06	-3.62916e-22	-6.19802e-22	-4.08194e-21	0.48257	0.899021	0.48257	0.1	0.0178108
-0.624729	0.724366	1.04426	-3.02483e-07	-1.69732e-06	-4.21908e-06	-1.17783e-21	-6.07394e-22	-3.52612e-21	0.482268	0.897335	0.482268	0.1	0.0190231
-0.433743	-1.13212	1.4533	-9.35382e-06	5.60463e-06	2.37301e-06	-6.51863e-21	3.07771e-21	2.30713e-21	0.481879	0.895168	0.481879	0.1	0.0200211
-1.71981	2.26989	2.31961	-5.38559e-06	-2.61833e-06	3.86076e-06	-4.18379e-21	1.16734e-21	-4.47588e-24	0.481515	0.89314	0.481515	0.1	0.0259806
0.05221	-2.23845	2.07269	-8.2086e-06	1.2438e-05	3.26787e-06	-4.88289e-21	3.95963e-21	-3.50935e-21	0.480816	0.889257	0.480816	0.1	0.0211728
1.74565	-2.88189	0.623002	-2.53344e-06	5.35763e-06	-1.07944e-05	9.18235e-22	1.52976e-22	4.71726e-22	0.480772	0.88901	0.480772	0.1	0.0212452
1.49767	-2.77023	-2.20279	-5.5558e-07	-5.44854e-06	1.40369e-06	-2.27817e-21	-6.56869e-21	6.09859e-22	0.480754	0.888913	0.480754	0.1	0.021695
-2.03206	-3.1423	1.75861	-2.4629e-06	5.33135e-06	-5.68802e-06	7.21841e-22	1.44363e-21	5.03279e-22	0.480361	0.886735	0.480361	0.1	0.0298986
0.929944	2.26623	0.38577	9.62757e-06	4.95993e-06	-7.14347e-06	1.49906e-21	-1.36073e-21	-1.24374e-21	0.480097	0.885271	0.480097	0.1	0.0265714
-0.304756	-0.162213	0.852145	-3.06525e-06	-2.72242e-06	-1.0774e-05	-9.74806e-22	5.72292e-21	-2.91801e-21	0.4797	0.883077	0.4797	0.1	0.0186999
1.1439	-1.30051	2.08343	-3.86659e-06	1.99718e-06	-1.1122e-05	-6.7211e-22	-7.95965e-22	-4.11871e-22	0.479413	0.881493	0.479413	0.1	0.0204486
-1.03467	2.86735	2.01177	-9.6131e-06	1.3458e-05	1.87171e-05	1.23072e-21	4.59872e-21	1.16876e-20	0.478308	0.875412	0.478308	0.1	0.0241958
1.34918	-0.442386	0.743912	1.40052e-06	9.3326e-07	-4.01369e-07	-3.96373e-21	-9.6622e-22	-1.81593e-21	0.477891	0.873127	0.477891	0.1	0.017451
-2.0865	-0.974128	0.636886	1.0506e-05	7.2107e-06	7.09073e-06	-5.45238e-21	-2.21644e-21	-7.0545e-22	0.477633	0.871709	0.477633	0.1	0.0190532
1.49164	-3.27392	-1.38756	-3.90601e-06	-1.28434e-06	6.63407e-06	1.86565e-20	-2.203e-21	3.45273e-21	0.477604	0.871554	0.477604	0.1	0.0181178
1.98161	0.795477	-1.33084	-7.1938e-06	5.41583e-07	7.45702e-06	3.74999e-21	-6.58825e-22	5.07137e-22	0.477547	0.871239	0.477547	0.1	0.0237991
0.250104	2.45166	-0.262834	2.09015e-06	3.23533e-06	-5.60372e-06	1.03101e-22	1.76468e-22	2.04874e-22	0.477485	0.8709	0.477485	0.1	0.0221843
0.941671	-0.412565	-1.49793	6.21567e-06	-3.88644e-06	-8.07041e-06	3.02429e-21	1.11778e-21	-1.34634e-21	0.476975	0.868116	0.476975	0.1	0.0155033
-2.48871	3.58478	2.27472	-1.712e-05	4.92865e-07	2.93315e-06	-2.60953e-21	-8.12363e-22	-2.83656e-21	0.476364	0.864781	0.476364	0.1	0.019659
-1.50061	0.364157	1.30549	-5.66806e-06	4.09038e-06	4.76596e-06	3.07511e-23	4.17137e-22	-5.52632e-22	0.475079	0.857801	0.475079	0.1	0.0188344
0.0823129	3.01864	0.483002	1.15822e-08	3.33917e-07	-3.46265e-06	-3.25764e-22	-1.28354e-22	-7.25312e-22	0.474304	0.853612	0.474304	0.1	0.0201447
0.663178	2.70946	1.18686	-5.43784e-06	-6.27358e-06	-5.52158e-06	-4.70433e-23	1.29127e-21	-6.01754e-22	0.47352	0.849385	0.47352	0.1	0.0240353
-1.25488	0.279794	2.21912	-1.08721e-06	-6.3712e-06	4.30751e-06	2.39595e-21	-8.70504e-21	1.19662e-20	0.473375	0.848605	0.473375	0.1	0.020256
-0.0428859	-2.11152	-1.0003	-1.32757e-06	-8.58155e-06	-3.56198e-06	9.09296e-22	4.50373e-21	1.24988e-21	0.472761	0.845308	0.472761	0.1	0.0243841
0.308164	-1.23235	-2.46546	-2.72041e-06	-4.07139e-06	-6.95495e-06	2.24835e-21	-2.54608e-21	-4.11282e-21	0.472755	0.845275	0.472755	0.1	0.021835
1.72178	3.33701	-1.4391	7.45865e-07	-4.68546e-06	9.9045e-06	8.41967e-22	7.59465e-22	-3.93353e-22	0.472686	0.844905	0.472686	0.1	0.0180873
-1.99439	-3.35531	0.831142	2.52882e-06	7.08483e-06	-6.77699e-06	2.95062e-22	6.41523e-23	-1.00334e-21	0.472021	0.841344	0.472021	0.1	0.0227781
-0.191955	-1.3915	-0.379453	-1.07204e-05	4.73193e-06	-8.21512e-06	-4.85131e-22	8.6838e-23	-1.10797e-23	0.471433	0.838205	0.471433	0.1	0.0220551
2.21032	-0.122252	-1.12779	1.71066e-06	-5.83335e-06	4.59669e-06	-2.33549e-21	-7.69048e-21	-4.05241e-22	0.471127	0.836575	0.471127	0.1	0.0183038
-1.4127	-1.58633	1.19038	-6.48144e-06	2.25933e-06	-5.5032e-06	3.07572e-21	1.66532e-21	4.13651e-21	0.470482	0.833143	0.470482	0.1	0.021221
-1.1752	-3.73457	-2.28123	4.69905e-06	-9.55089e-06	-9.68785e-06	-2.66924e-22	-2.63428e-22	2.44892e-22	0.470337	0.832371	0.470337	0.1	0.0309251
0.60215	-0.940224	1.04875	-3.50617e-06	1.32495e-05	9.58089e-06	9.01782e-22	1.12665e-21	-6.99043e-22	0.470186	0.831572	0.470186	0.1	0.0193278
2.41725	1.23561	1.64294	5.61905e-06	7.14456e-06	7.93958e-06	6.01484e-21	-5.0212e-22	5.89884e-21	0.469572	0.828316	0.469572	0.1	0.0176494
-1.48857	-0.662415	-0.828698	6.8947e-06	-9.65746e-07	-4.75538e-06	-1.85457e-21	4.79652e-21	4.91429e-23	0.468515	0.822734	0.468515	0.1	0.0192717
-1.14725	3.60132	1.4249	2.17029e-06	-1.11378e-06	-4.94398e-06	6.90147e-21	4.85709e-21	-1.09737e-20	0.468214	0.821153	0.468214	0.1	0.021269
-2.27859	1.742	0.0401748	-1.55925e-07	-3.27237e-06	1.08116e-05	8.47789e-21	3.78662e-21	-8.11825e-21	0.468029	0.820178	0.468029	0.1	0.0180816
0.350091	-0.68517	-0.692001	1.14263e-05	-5.15633e-06	-1.55096e-06	1.6557e-21	2.6585e-22	-2.51654e-21	0.467722	0.818565	0.467722	0.1	0.0180725
-2.34671	-1.69444	1.18981	-1.66395e-05	2.75192e-07	-1.37211e-05	-1.16081e-21	-1.62779e-21	-4.13784e-22	0.466988	0.814718	0.466988	0.1	0.020745
0.167831	2.39199	-2.07098	-8.41851e-06	-1.29689e-05	2.10873e-06	-5.62991e-22	1.46739e-21	7.65271e-22	0.466305	0.811148	0.466305	0.1	0.0219258
-0.923629	-2.51651	2.40346	9.52783e-06	4.88896e-06	-9.6529e-06	-2.14428e-21	2.7086e-21	-1.63117e-21	0.465897	0.809021	0.465897	0.1	0.0197404
-1.86909	-1.51189	2.00414	-1.12219e-05	-4.85955e-06	-7.06556e-06	-4.04017e-22	3.78187e-22	1.56788e-21	0.465496	0.806933	0.465496	0.1	0.0134878
0.918675	1.54589	1.015	-5.11713e-07	-8.71667e-07	9.94923e-06	4.36687e-21	-4.03717e-21	1.91362e-21	0.464804	0.80334	0.464804	0.1	0.0224277
-2.24122	0.241418	-0.461775	6.03449e-06	7.68744e-06	-2.00364e-06	1.16558e-21	7.89351e-22	-2.2701e-21	0.463589	0.797056	0.463589	0.1	0.0161435
-0.855812	1.00124	0.166221	4.11711e-06	7.59738e-06	-3.52094e-06	-4.91615e-22	-1.95019e-21	1.0295e-21	0.462518	0.791545	0.462518	0.1	0.0213982
-1.72594	-4.07006	-1.16723	7.80873e-06	-1.70777e-05	-8.90945e-06	-9.02131e-21	-2.04871e-21	3.47384e-21	0.462246	0.790152	0.462246	0.1	0.018604
0.694401	1.0998	-0.0974956	-3.76315e-06	-7.05419e-06	1.36878e-06	-4.09823e-22	5.58243e-23	1.64979e-22	0.461667	0.787182	0.461667	0.1	0.0193563
1.37603	-3.13064	1.93528	-8.74392e-06	-3.95817e-06	-6.45912e-07	-7.53514e-22	-6.59819e-21	1.18713e-21	0.461443	0.786039	0.461443	0.1	0.021756
-0.770665	-2.85125	0.599791	7.97531e-06	2.78474e-06	-2.96092e-06	-8.45753e-23	-8.80904e-22	7.47606e-22	0.461341	0.785517	0.461341	0.1	0.0264898
-2.4631	-2.64647	-0.349421	1.25563e-06	-4.96942e-06	1.72993e-05	2.54782e-21	-1.49939e-22	6.37545e-22	0.461286	0.785239	0.461286	0.1	0.0175742
-1.25369	3.73416	2.46629	-3.2586e-06	-8.16781e-06	-1.11687e-05	1.43883e-22	1.12876e-21	-1.92269e-22	0.461265	0.785131	0.461265	0.1	0.0252028
2.06964	2.49266	-1.63465	4.80512e-06	-3.03895e-06	5.45994e-06	9.80116e-22	1.07835e-20	5.42506e-21	0.461249	0.785049	0.461249	0.1	0.0174872
-2.15023	0.931717	-1.65861	-1.11999e-05	1.65967e-06	-3.56041e-06	2.53561e-21	7.41229e-22	5.00659e-22	0.460382	0.780629	0.460382	0.1	0.0142456
-2.2181	-2.50318	0.527045	6.78185e-06	1.58165e-05	1.29972e-05	2.44026e-22	-4.8058e-22	2.60958e-22	0.460006	0.778718	0.460006	0.1	0.0239207
1.86444	-3.54592	1.27607	9.88564e-07	1.03642e-05	-5.22312e-06	3.70262e-21	-4.34703e-21	9.68474e-21	0.458152	0.769343	0.458152	0.1	0.0269792
0.686613	-0.448776	2.20481	-2.43634e-07	4.76174e-06	1.27638e-05	-5.55592e-22	-1.3898e-21	-8.48868e-21	0.457843	0.767786	0.457843	0.1	0.0152983
0.402388	2.74152	-1.14171	1.2867e-05	2.74304e-06	-3.26728e-06	-3.15418e-21	3.58294e-21	-6.79669e-21	0.457741	0.76727	0.457741	0.1	0.0151677
-0.737634	-1.05274	0.309049	-3.48607e-06	1.25952e-05	9.90962e-07	8.23086e-22	-1.19986e-22	-3.0302e-24	0.457608	0.766601	0.457608	0.1	0.0181801
1.83472	1.821	2.06417	-8.88562e-06	-2.40784e-06	3.53292e-06	2.83725e-21	-1.46107e-21	6.76458e-21	0.457525	0.766189	0.457525	0.1	0.0258673
2.26566	-2.64241	-1.6797	-1.37088e-05	-1.33632e-05	2.37199e-05	-1.99323e-21	1.70208e-21	1.6183e-21	0.457225	0.764678	0.457225	0.1	0.0171304
1.38397	1.65723	-0.351839	-5.12283e-06	2.74628e-05	1.22647e-05	-3.84387e-22	1.32928e-21	1.47193e-21	0.455498	0.756049	0.455498	0.1	0.0240148
-1.902	1.13605	-0.552358	3.70608e-06	-5.95686e-06	5.63822e-06	3.72194e-21	2.52832e-21	1.4811e-21	0.455424	0.755682	0.455424	0.1	0.0175909
-0.958731	-1.63657	2.04152	-1.01088e-05	-9.11718e-06	-7.66429e-06	-1.65628e-20	2.45589e-20	-9.41185e-21	0.45417	0.749456	0.45417	0.1	0.0143907
-1.37672	2.93037	-2.11349	7.51237e-06	-5.19288e-06	-6.00325e-07	-3.94852e-21	4.55319e-22	-1.27207e-21	0.454072	0.748969	0.454072	0.1	0.0171381
0.467068	-3.07418	2.02326	-1.01415e-05	1.2182e-05	-1.70288e-05	-5.36983e-23	5.07406e-22	-2.79902e-22	0.45353	0.746289	0.45353	0.1	0.0203574
1.31492	-3.991	2.23929	9.92027e-06	-8.35376e-06	-6.95971e-06	-2.48865e-21	4.3016e-22	4.32388e-22	0.453115	0.744242	0.453115	0.1	0.0182832
0.0743317	-3.86369	0.855051	9.90883e-06	-2.46778e-06	-4.443e-06	-2.00228e-21	-1.09565e-22	-3.33101e-21	0.452922	0.743293	0.452922	0.1	0.0193348
-1.09903	-3.18031	1.79301	3.91723e-06	-1.13964e-06	-2.33672e-06	4.63519e-22	-1.60452e-21	-1.18162e-21	0.452835	0.742865	0.452835	0.1	0.0212211
0.583286	2.63658	2.12994	-7.95899e-06	2.29921e-06	1.69392e-05	-6.07913e-21	-3.84353e-22	1.03858e-21	0.452692	0.742161	0.452692	0.1	0.0221319
-0.273098	2.34558	2.12506	-1.03259e-05	5.95089e-06	1.32223e-06	1.25555e-21	-2.98424e-21	2.24829e-21	0.451826	0.737911	0.451826	0.1	0.0181668
1.01776	-1.38753	-1.68715	1.26097e-05	1.32569e-05	-2.26132e-05	-3.59654e-21	3.16003e-21	-3.54449e-21	0.450587	0.731854	0.450587	0.1	0.0188506
0.730215	3.65622	-0.52254	4.13938e-06	-1.5401e-05	7.51718e-06	4.99783e-23	2.11515e-21	1.02962e-21	0.274984	0.166347	0.274984	0.1	0.00811451
1.04773	4.22373	0.833876	-8.56874e-06	9.13932e-06	-1.34372e-05	-1.01054e-21	-6.21137e-23	7.29976e-22	0.274444	0.165367	0.274444	0.1	0.0103019
-1.82105	-1.48687	-1.33917	1.82384e-05	1.30763e-05	9.82659e-06	7.63515e-21	-1.74442e-20	5.11456e-20	0.274338	0.165177	0.274338	0.1	0.0082408
0.565209	0.0221012	-0.631659	-3.45071e-07	-9.59502e-07	3.38961e-06	-2.12901e-21	8.73849e-21	1.86386e-20	0.274025	0.164611	0.274025	0.1	0.00744117
1.40808	-0.133103	1.42746	-1.7159e-06	-1.56188e-06	-7.42668e-07	1.64806e-22	-8.09013e-23	-4.0926e-22	0.273361	0.163419	0.273361	0.1	0.00919119
0.0195991	0.045693	-0.596028	3.6058e-07	9.83232e-06	1.79953e-05	4.90029e-21	-4.93403e-21	2.4425e-21	0.273274	0.163262	0.273274	0.1	0.0078754
-1.99361	-1.04999	1.37804	-1.07569e-05	-3.31139e-06	8.83773e-06	1.87031e-22	-1.39272e-21	-2.09985e-22	0.273166	0.163068	0.273166	0.1	0.0117898
0.847967	2.13111	-0.583895	1.02492e-05	-2.53855e-06	1.48368e-05	-4.49207e-22	1.29494e-21	-1.69329e-21	0.273039	0.16284	0.273039	0.1	0.0119638
1.47772	-1.80797	-1.3196	6.6932e-07	1.41577e-05	-4.85908e-06	-1.40332e-21	1.22288e-20	7.6612e-21	0.272919	0.162626	0.272919	0.1	0.00973782
1.22776	-4.03202	-1.0635	-9.75893e-06	-1.57819e-05	-8.19486e-06	3.17156e-21	-7.76207e-22	-1.68267e-20	0.272907	0.162605	0.272907	0.1	0.00833159
1.86685	-2.94611	-0.335046	5.30737e-06	-1.67392e-05	-2.77939e-05	-5.30271e-21	4.22699e-21	-4.03947e-21	0.272858	0.162517	0.272858	0.1	0.0109693
-0.25664	0.424126	-2.38565	2.57575e-10	3.20144e-10	7.39005e-10	-1.2028e-38	3.14197e-39	-2.34832e-39	0.272846	0.162496	0.272846	0.1	0.0132261
-1.14688	0.986019	1.52233	6.12102e-06	-1.93351e-06	3.05528e-06	-4.09569e-22	1.1748e-21	1.21963e-21	0.27249	0.161861	0.27249	0.1	0.00948438
-0.0175084	-3.53868	-0.0664425	1.36852e-06	9.81792e-06	2.54025e-05	-1.51319e-20	4.08676e-21	6.21134e-21	0.272456	0.1618	0.272456	0.1	0.0118156
-2.09421	-2.74997	-0.976931	-1.49231e-05	1.21616e-05	1.77189e-05	-1.09562e-21	5.20527e-23	4.20224e-21	0.272359	0.161627	0.272359	0.1	0.00907389
1.38495	-1.09266	-2.23559	8.73175e-06	2.23174e-05	-2.09113e-05	1.10937e-20	-1.27144e-20	-3.2233e-21	0.272302	0.161526	0.272302	0.1	0.0125291
-0.71834	2.36349	1.55487	-2.13833e-05	1.34726e-05	9.38027e-06	2.86862e-20	-1.38366e-20	7.77539e-21	0.271845	0.160714	0.271845	0.1	0.0138259
-1.47607	2.07119	1.63005	2.57575e-10	3.20144e-10	7.39005e-10	3.36184e-40	2.13968e-39	-2.31874e-39	0.271815	0.160662	0.271815	0.1	0.0244212
-0.74299	0.991663	-2.49264	2.57575e-10	3.20144e-10	7.39005e-10	1.49654e-37	1.12907e-37	3.49163e-38	0.271745	0.160538	0.271745	0.1	0.0140197
-2.41429	2.35995	-0.343091	-2.75877e-06	-5.32277e-06	6.4397e-06	-1.40333e-20	1.382e-20	1.62897e-20	0.271709	0.160473	0.271709	0.1	0.00837737
1.79463	0.214549	1.59099	-7.20358e-06	4.43292e-06	-3.38296e-07	1.72547e-22	-8.15238e-23	1.81244e-22	0.271639	0.160349	0.271639	0.1	0.00821535
-0.437363	2.66798	-0.0508686	1.56995e-06	7.57116e-06	-4.14369e-06	-3.59282e-24	-3.06896e-22	-2.28967e-22	0.271553	0.160197	0.271553	0.1	0.0117852
-0.292395	-1.62052	2.32836	-1.78847e-05	3.82249e-06	1.53273e-05	1.33806e-20	7.28736e-20	-3.99341e-20	0.271517	0.160133	0.271517	0.1	0.0122948
-0.420774	-1.87308	1.6158	-7.0787e-06	-1.24292e-06	-9.03321e-06	1.59715e-21	-5.20122e-21	1.26634e-21	0.271492	0.160089	0.271492	0.1	0.00798064
-1.7759	-4.12471	0.192888	1.07139e-05	-1.21691e-05	7.50394e-06	2.09448e-20	-5.82083e-20	3.85948e-20	0.271388	0.159905	0.271388	0.1	0.00820638
-0.438786	-3.39353	2.0004	4.56691e-06	3.80933e-06	3.49151e-06	-1.07627e-20	-1.89251e-20	3.1524e-21	0.271339	0.159818	0.271339	0.1	0.0101957
1.11323	-2.95121	-0.827719	-9.46566e-06	3.61638e-06	1.84496e-06	3.37359e-20	-2.78664e-20	3.49266e-20	0.271275	0.159705	0.271275	0.1	0.00770528
0.679728	-4.19621	-2.46184	2.59314e-06	-1.24721e-06	1.25659e-05	-1.91425e-20	6.74196e-22	-8.59835e-21	0.270948	0.159129	0.270948	0.1	0.00836052
2.31013	3.96713	-1.98311	-4.15926e-07	3.74302e-07	-1.79031e-07	-6.2245e-24	-3.76863e-22	1.33326e-21	0.270731	0.158746	0.270731	0.1	0.0100818
-2.11137	1.47946	-1.176	5.39274e-06	1.9319e-05	-2.39428e-05	-1.88834e-20	-2.86489e-21	-3.07749e-21	0.270689	0.158672	0.270689	0.1	0.0069498
0.955423	-2.50909	-0.556954	5.04312e-06	1.3496e-05	-3.62865e-06	6.75004e-20	-9.3448e-21	-4.17933e-20	0.270687	0.158669	0.270687	0.1	0.00991882
0.795622	-3.84299	-1.33359	-1.87644e-06	2.29456e-05	5.32178e-06	9.06108e-21	-9.23371e-21	-7.10046e-21	0.270637	0.158581	0.270637	0.1	0.00773013
-0.658588	-3.22115	1.22098	4.90584e-06	1.32232e-06	-2.75282e-06	-4.10512e-21	4.15657e-20	-3.1481e-20	0.270287	0.157966	0.270287	0.1	0.0114946
-2.4487	-2.01556	0.020461	1.59196e-05	1.1749e-05	-1.15934e-05	2.30326e-21	-2.02933e-21	1.3475e-22	0.270197	0.157809	0.270197	0.1	0.0156705
-1.55165	2.05443	0.662384	-2.8589e-06	-4.93039e-06	-2.71421e-06	-2.87298e-22	-2.0988e-22	1.36577e-21	0.270011	0.157484	0.270011	0.1	0.00883237
-0.702887	-0.397843	-0.00538201	-1.95582e-05	1.51618e-05	4.03965e-06	-5.91628e-21	3.99572e-21	-2.61972e-21	0.269702	0.156943	0.269702	0.1	0.00942138
0.131246	0.562465	-1.39505	3.22145e-06	-3.76993e-06	1.13168e-06	1.74104e-24	-2.33708e-23	5.09959e-24	0.268746	0.155281	0.268746	0.1	0.0189916
1.90406	3.9899	2.4239	-2.19508e-05	1.00449e-06	-1.68573e-05	-2.83076e-21	-4.12752e-23	6.62913e-22	0.268692	0.155186	0.268692	0.1	0.01053
-1.21735	-2.26387	1.7794	-2.46507e-06	2.12099e-06	-5.23766e-06	-1.18409e-22	-4.21123e-22	-1.23093e-22	0.268649	0.155112	0.268649	0.1	0.00858585
-1.73329	3.70913	-1.45082	-1.725e-06	-1.94556e-05	-3.52496e-06	4.36199e-22	-1.37048e-22	4.38653e-23	0.268644	0.155104	0.268644	0.1	0.00884506
-1.25146	1.14349	-1.57409	-7.45058e-06	1.60156e-05	1.09236e-06	-3.87482e-21	2.36991e-21	1.15071e-21	0.268475	0.154811	0.268475	0.1	0.00746455
1.43389	0.577614	2.39853	2.57575e-10	3.20144e-10	7.39005e-10	0	0	0	0.268091	0.154148	0.268091	0.1	0.0138443
2.07875	0.252279	2.31989	2.47068e-07	-4.67818e-06	5.73721e-06	2.29791e-25	1.64379e-23	-8.59266e-24	0.26809	0.154145	0.26809	0.1	0.00962612
-0.577143	-4.20719	-2.07056	2.57575e-10	3.20144e-10	7.39005e-10	-1.42908e-36	1.1491e-37	-1.29769e-37	0.26795	0.153904	0.26795	0.1	0.0130882
1.10812	1.544	0.307231	-1.24532e-05	-2.0248e-06	5.47907e-06	1.48878e-20	-2.827e-21	5.51174e-21	0.267919	0.153852	0.267919	0.1	0.00881211
0.121382	-0.899044	1.90009	-1.40023e-05	1.33278e-05	4.8621e-06	-8.0289e-21	-2.71914e-21	-2.9629e-21	0.267872	0.15377	0.267872	0.1	0.0126763
1.8531	0.0325616	1.02062	1.06442e-06	-6.71296e-06	1.50208e-05	-6.66106e-22	1.15774e-20	-1.5702e-21	0.267831	0.1537	0.267831	0.1	0.0105594
-2.29464	4.16443	0.158599	2.57575e-10	3.20144e-10	7.39005e-10	-7.36027e-38	7.11432e-38	3.01127e-38	0.26765	0.153388	0.26765	0.1	0.00967023
-0.385015	-2.85075	2.03443	7.01089e-06	-4.18769e-06	-5.302e-06	1.23528e-23	-5.6697e-22	6.01221e-22	0.267592	0.153288	0.267592	0.1	0.00992705
0.90045	-3.81569	-0.566357	1.79746e-05	-2.19751e-05	-1.40413e-05	-2.8719e-21	-1.83083e-21	4.66782e-21	0.267251	0.152704	0.267251	0.1	0.00755337
-0.983092	-0.747728	-0.300949	1.82199e-05	5.58166e-08	-1.46016e-05	4.0718e-22	-1.03015e-21	-2.70961e-21	0.267237	0.15268	0.267237	0.1	0.0107658
-1.28848	-3.03143	-2.08972	1.15874e-05	-7.42397e-06	-1.25034e-05	9.88223e-22	-3.06252e-21	-6.98623e-22	0.267178	0.152579	0.267178	0.1	0.0146399
-1.10284	-3.80139	0.0780129	5.32688e-06	-6.30257e-06	3.25602e-06	-4.47619e-22	-8.23755e-23	5.27684e-22	0.26716	0.152548	0.26716	0.1	0.0115079
-1.4234	-3.42207	-0.117898	6.6574e-06	-6.54456e-06	3.26971e-07	1.69992e-20	-1.03192e-20	1.07829e-20	0.266717	0.15179	0.266717	0.1	0.0105879
1.63641	0.0873511	0.30728	1.11515e-06	2.61793e-06	5.31802e-07	-5.49347e-21	3.77473e-21	-7.75987e-21	0.26628	0.151044	0.26628	0.1	0.00890718
-0.262646	-0.14591	-0.17817	-5.47654e-06	-6.22254e-06	7.23992e-06	1.56144e-21	3.17393e-21	8.28862e-21	0.266162	0.150844	0.266162	0.1	0.0107254
-2.15301	0.779873	0.0227566	1.0674e-06	-5.44013e-07	9.26853e-06	7.68524e-21	5.2652e-20	2.90894e-21	0.26615	0.150824	0.26615	0.1	0.00750283
-1.53234	-2.65435	2.0214	2.84681e-06	-2.1145e-06	1.22656e-06	7.2404e-21	-7.97462e-21	5.47318e-20	0.265913	0.15042	0.265913	0.1	0.00819503
-0.374839	1.89849	-1.12319	-3.82364e-06	1.48056e-05	-2.0199e-06	-3.88687e-21	-4.77376e-22	8.96664e-22	0.265858	0.150328	0.265858	0.1	0.00928145
-1.96599	0.605248	-1.03645	7.92344e-06	6.69535e-06	-1.02821e-05	-1.60978e-20	-1.77661e-20	3.20161e-20	0.265846	0.150308	0.265846	0.1	0.00670821
1.69412	4.02213	-0.105106	-1.42626e-06	9.80853e-07	-1.80148e-06	-2.879e-22	-3.62229e-22	1.81078e-23	0.265755	0.150153	0.265755	0.1	0.00877858
-0.73002	-1.58844	-1.1888	-3.63833e-06	3.95453e-06	2.09228e-08	2.80301e-21	-5.08397e-22	2.81563e-21	0.265716	0.150087	0.265716	0.1	0.0143676
1.89119	-1.48489	-1.1981	6.16026e-06	4.81386e-06	1.81069e-06	-1.82943e-22	-5.68872e-23	1.21055e-21	0.265693	0.150048	0.265693	0.1	0.0126344
0.4144	4.04062	0.393918	1.74762e-06	1.20053e-05	8.75091e-06	1.05102e-21	6.26288e-22	-1.21292e-21	0.265676	0.15002	0.265676	0.1	0.00858038
-2.11497	4.21783	2.17542	-7.16479e-07	-1.00961e-05	-1.21967e-05	-4.56719e-20	1.3737e-20	-2.39848e-20	0.265485	0.149696	0.265485	0.1	0.00994305
-0.834923	3.81547	0.796532	7.10733e-06	6.37095e-06	-1.40435e-06	-6.97752e-21	-1.20189e-20	1.80022e-20	0.265477	0.149682	0.265477	0.1	0.00901932
2.24962	3.08128	1.38314	6.49666e-07	-4.26512e-06	2.71423e-06	3.38887e-22	4.09537e-23	4.54855e-23	0.265189	0.149196	0.265189	0.1	0.0145467
-1.87613	3.66175	1.37319	3.52626e-09	2.85273e-06	-3.61256e-06	-1.26158e-20	-3.39946e-20	-1.66565e-19	0.265051	0.148963	0.265051	0.1	0.0071454
0.811749	3.27661	-1.43382	9.08581e-06	-5.71826e-07	-2.04968e-06	2.95665e-22	-1.10978e-21	-2.76943e-22	0.265013	0.148899	0.265013	0.1	0.00599495
1.57267	-3.50591	-2.29835	-5.07949e-06	-6.52933e-06	3.27246e-07	-6.78318e-21	4.75271e-21	4.21021e-21	0.264899	0.148707	0.264899	0.1	0.00828813
2.02371	0.43408	-0.683855	4.55243e-06	-2.33539e-06	5.8032e-06	-1.16468e-19	2.96014e-20	-5.2283e-20	0.264747	0.148451	0.264747	0.1	0.00818024
-1.89707	0.682803	-2.29082	-1.06226e-05	-9.45989e-06	5.02586e-08	-1.69029e-20	5.10761e-20	1.77615e-20	0.264723	0.148411	0.264723	0.1	0.0105245
0.961497	-0.771452	-2.15878	-2.79992e-06	2.12465e-06	5.08512e-07	7.59716e-23	8.49312e-23	-1.14833e-22	0.264715	0.148397	0.264715	0.1	0.00877845
-0.144569	-3.16814	2.38727	3.2318e-06	4.21936e-06	4.88128e-06	-3.85687e-21	1.03117e-20	-1.70288e-20	0.264424	0.147909	0.264424	0.1	0.00874546
2.11195	-2.90134	2.39628	3.86326e-06	4.34299e-06	4.63115e-06	6.82342e-22	1.79441e-23	-4.68852e-22	0.264414	0.147892	0.264414	0.1	0.013272
-2.22741	-0.144138	1.57238	-5.88823e-07	-8.48481e-06	-1.20058e-06	-1.32315e-21	2.35425e-22	2.53526e-23	0.264193	0.147521	0.264193	0.1	0.00642358
-0.114141	1.09705	2.22191	2.57575e-10	3.20144e-10	7.39005e-10	-6.60964e-37	9.54516e-37	6.51399e-37	0.264151	0.147451	0.264151	0.1	0.0132696
-1.43924	-1.65135	-2.40964	1.11627e-05	1.77005e-05	-1.02482e-05	3.33433e-21	7.63741e-21	-3.51451e-21	0.263718	0.146727	0.263718	0.1	0.0108154
-2.23527	0.292892	1.27654	-5.21727e-06	-4.64512e-06	4.43744e-06	-1.26257e-21	1.21842e-21	3.31897e-21	0.263611	0.146549	0.263611	0.1	0.00647932
1.90219	3.64759	-2.11348	1.02716e-05	-1.1746e-05	-4.39359e-06	-2.9403e-22	-4.6951e-22	1.50565e-21	0.263609	0.146546	0.263609	0.1	0.00895694
1.05258	-0.638639	1.54312	-4.85432e-06	6.56673e-06	1.51039e-05	7.48252e-22	-1.52885e-21	-3.83089e-23	0.263469	0.146311	0.263469	0.1	0.0113898
1.08269	0.138563	0.368348	-1.40444e-06	1.81878e-06	1.25576e-06	-5.79212e-21	-1.79599e-20	-1.55905e-21	0.26346	0.146297	0.26346	0.1	0.00740638
-2.26627	-0.693492	-2.14923	-4.21338e-05	4.11268e-06	-1.51293e-05	-3.24955e-21	-6.73269e-21	7.02552e-21	0.26328	0.145996	0.26328	0.1	0.010292
0.40087	-2.44201	0.749439	-2.58423e-06	3.13128e-05	5.49935e-06	2.62958e-21	9.45044e-22	-2.42835e-21	0.26309	0.145682	0.26309	0.1	0.00876771
-0.461576	3.65378	1.17624	3.88765e-06	-5.84902e-08	-2.13683e-07	-7.55545e-23	-6.54705e-23	4.50473e-23	0.263044	0.145605	0.263044	0.1	0.00970613
1.86069	3.01445	-2.09344	-2.36759e-08	1.32233e-06	4.53708e-06	3.48645e-22	8.98232e-22	5.12987e-22	0.262792	0.145186	0.262792	0.1	0.00860047
-1.78435	-0.904401	-2.07536	-1.44665e-05	9.06909e-06	1.1939e-05	-1.27648e-21	-3.96902e-22	-5.5808e-22	0.26255	0.144785	0.26255	0.1	0.00761513
-1.52837	0.044184	-1.43003	-3.84395e-06	4.99889e-07	1.98965e-06	-1.73112e-23	-2.49389e-22	-4.3853e-22	0.262547	0.144781	0.262547	0.1	0.00997332
1.0692	1.59354	-0.993983	7.91441e-07	-1.22948e-05	1.20961e-05	3.53259e-20	5.28567e-21	8.97281e-21	0.262502	0.144707	0.262502	0.1	0.00925465
-2.32479	-2.08104	-1.49233	-1.30565e-05	-3.32785e-06	-4.84225e-06	2.13012e-20	1.62712e-20	-1.2088e-21	0.262499	0.144701	0.262499	0.1	0.00924489
-2.46489	1.73001	-1.48641	-1.32626e-05	8.26025e-06	-1.22129e-05	-1.61003e-21	1.06289e-20	3.35766e-23	0.262342	0.144443	0.262342	0.1	0.00862902
-1.28281	4.19506	0.347816	2.72338e-06	-2.10514e-05	2.63883e-05	1.23132e-21	3.28481e-21	2.23137e-21	0.262317	0.144401	0.262317	0.1	0.0089952
0.714727	1.61318	-0.607525	-2.51673e-06	8.39602e-07	9.03288e-06	-1.34384e-21	-1.91618e-20	2.62322e-21	0.262284	0.144347	0.262284	0.1	0.00839736
-1.06988	-0.920146	1.77574	-8.09469e-06	9.65478e-06	3.31898e-06	-6.89714e-21	-1.43407e-20	7.99367e-21	0.262162	0.144145	0.262162	0.1	0.00793425
-0.948626	-1.55785	-2.24726	1.41943e-05	2.30599e-06	-9.09521e-06	-2.35664e-21	8.98551e-21	4.27292e-21	0.261471	0.143007	0.261471	0.1	0.00997855
-0.824135	0.781945	1.89541	-6.99402e-06	5.59791e-06	1.87959e-05	-7.88647e-22	-6.87941e-22	-9.48508e-22	0.261365	0.142834	0.261365	0.1	0.0105857
2.31035	-1.42076	-1.52713	1.40337e-05	3.40584e-06	-7.17655e-06	6.92271e-21	-1.73714e-20	2.398e-20	0.261358	0.142823	0.261358	0.1	0.00784205
1.20204	2.88288	-1.68844	-2.45016e-06	-6.94813e-06	1.74082e-05	-3.7329e-20	1.15184e-20	-3.76432e-20	0.2612	0.142564	0.2612	0.1	0.00752816
2.30082	0.531584	1.41873	2.57575e-10	3.20144e-10	7.39005e-10	2.13763e-39	3.12618e-37	-2.02319e-38	0.261041	0.142304	0.261041	0.1	0.00626864
-2.37612	-1.64705	0.430001	-6.28952e-06	3.70322e-06	1.55976e-06	2.6061e-22	1.69026e-22	6.21049e-22	0.261027	0.14228	0.261027	0.1	0.0118661
-0.927537	-3.94773	-1.60055	-2.51267e-06	3.31487e-06	-6.93597e-06	8.51873e-22	-1.63303e-21	-1.51304e-22	0.26081	0.141927	0.26081	0.1	0.00812956
-1.27668	2.21274	-1.21684	-5.4523e-06	-1.29286e-06	9.37507e-07	2.66383e-21	-1.07987e-20	1.04741e-20	0.260755	0.141836	0.260755	0.1	0.00871417
0.981821	-0.0038834	1.72172	1.29409e-06	-1.41776e-06	3.56274e-06	2.00178e-22	2.67973e-22	4.15758e-23	0.260472	0.141375	0.260472	0.1	0.00803676
-0.0593086	2.16008	1.26639	1.97458e-05	-9.16781e-06	2.33585e-06	2.64271e-20	-6.39504e-20	4.76927e-22	0.260461	0.141358	0.260461	0.1	0.0108891
0.0990775	3.97767	1.7462	4.80479e-06	-3.20296e-06	3.79258e-06	2.65128e-20	3.28256e-21	7.44054e-21	0.259881	0.140415	0.259881	0.1	0.00906558
-0.140075	0.90153	1.57759	2.57575e-10	3.20144e-10	7.39005e-10	1.0346e-33	8.25796e-34	-6.9927e-34	0.259661	0.140059	0.259661	0.1	0.0131142
2.18733	-3.41485	-1.58641	-9.11004e-06	-2.09216e-05	4.17174e-07	1.85162e-21	8.89361e-21	5.32468e-21	0.259554	0.139886	0.259554	0.1	0.00803815
1.48057	-0.125179	-1.08513	2.57575e-10	3.20144e-10	7.39005e-10	-2.91238e-37	1.32688e-36	-2.17029e-37	0.25946	0.139735	0.25946	0.1	0.0140944
-2.43177	0.793431	-0.886377	6.45194e-06	3.56322e-06	-9.30864e-06	-1.61432e-22	-3.80162e-20	5.5064e-21	0.258461	0.138125	0.258461	0.1	0.0074805
-0.266876	3.78623	0.711101	6.22688e-07	4.23738e-07	-1.48622e-06	-8.11251e-23	5.95681e-23	5.86373e-24	0.258309	0.137882	0.258309	0.1	0.0103669
1.75468	-0.464147	0.129859	-1.79992e-06	6.1584e-06	-3.37339e-06	-2.79211e-21	6.31875e-21	-7.31041e-21	0.258305	0.137875	0.258305	0.1	0.00848452
-2.4491	-3.93452	-1.04318	-1.57243e-06	-3.5967e-06	-1.366e-06	3.58267e-20	9.22833e-21	-1.9311e-20	0.258302	0.137871	0.258302	0.1	0.00851825
-1.42283	-1.13103	-2.37372	-2.08297e-05	1.84928e-05	-3.26294e-06	1.70982e-21	-8.70055e-21	-1.0803e-22	0.258109	0.137562	0.258109	0.1	0.00785059
0.700575	2.7946	-1.79028	4.39268e-06	-1.97347e-05	-1.01702e-05	3.603e-21	-1.48344e-22	-6.74444e-21	0.258087	0.137528	0.258087	0.1	0.00738003
0.979107	4.06349	-0.759626	-1.34503e-06	-1.82413e-05	-3.57274e-06	-2.14556e-21	3.38443e-23	-3.40671e-22	0.25796	0.137324	0.25796	0.1	0.00756025
-1.61081	1.31904	-1.23164	-3.78861e-06	-1.85811e-05	-2.56194e-06	-1.11232e-20	1.12335e-20	8.71149e-21	0.257899	0.137227	0.257899	0.1	0.0059584
-1.04422	-0.118142	1.64348	6.96347e-06	8.29121e-06	-4.95967e-06	-3.1584e-20	1.13949e-20	6.32702e-20	0.257483	0.136564	0.257483	0.1	0.00871097
-1.79721	-3.18802	-0.997303	-6.2137e-06	1.8281e-05	1.28629e-06	2.03824e-20	-7.36823e-21	1.02379e-20	0.257291	0.136259	0.257291	0.1	0.00951565
-0.278833	1.37671	1.07566	-1.00976e-05	4.15095e-06	4.64215e-06	4.0911e-21	-1.82683e-21	2.28205e-20	0.256803	0.135485	0.256803	0.1	0.00814074
1.81696	-4.16011	-2.15559	7.85025e-06	-1.02685e-05	-2.2342e-06	2.44592e-21	-3.18858e-21	6.51691e-22	0.256752	0.135405	0.256752	0.1	0.00689792
0.197369	1.63871	-0.575411	-3.75814e-06	-4.4889e-06	2.74052e-06	8.48355e-21	-2.36396e-20	2.18037e-21	0.256715	0.135345	0.256715	0.1	0.00943944
2.06127	0.583452	1.91381	-7.03914e-06	-1.18761e-05	4.57118e-08	2.25484e-21	-5.40253e-22	-1.46385e-21	0.256205	0.13454	0.256205	0.1	0.0068017
0.0314968	1.76429	0.947155	2.23324e-06	-7.88615e-06	-5.73637e-06	6.09851e-21	5.38448e-21	-8.68369e-21	0.256092	0.134363	0.256092	0.1	0.00913491
0.978077	-0.333158	-0.766957	4.43864e-06	6.06766e-06	-8.81229e-06	-9.04481e-22	1.48991e-22	1.34323e-21	0.256091	0.13436	0.256091	0.1	0.00778144
-2.49714	-2.41551	-1.0466	-2.97859e-05	-3.32727e-06	2.65408e-05	-4.05799e-21	-5.88651e-21	7.63073e-21	0.255924	0.134098	0.255924	0.1	0.00761059
0.865938	0.159157	-1.04584	7.35787e-07	-7.73893e-06	1.78366e-07	-7.57637e-20	9.02566e-20	5.37829e-21	0.255887	0.13404	0.255887	0.1	0.00924135
1.69783	3.57792	-0.752227	4.38386e-07	-9.98377e-06	1.21854e-05	2.07211e-21	3.14422e-22	2.24167e-21	0.255615	0.133612	0.255615	0.1	0.0104114
-2.48045	-2.94181	-2.28365	4.42259e-06	-4.38642e-07	3.47338e-06	1.68227e-23	-4.43737e-22	7.01032e-24	0.25541	0.133292	0.25541	0.1	0.0108374
1.53594	-2.77732	1.32058	-3.80053e-06	8.87633e-06	-1.1234e-05	3.59751e-21	8.5361e-21	8.9141e-21	0.255129	0.132852	0.255129	0.1	0.0103172
-0.52812	-4.21967	0.747351	4.49738e-06	8.10479e-06	-1.71616e-05	5.55697e-21	7.35531e-21	1.16038e-19	0.25511	0.132822	0.25511	0.1	0.00809526
-0.764441	3.23357	0.933689	-8.08735e-06	-1.55572e-05	-3.97969e-06	-9.24748e-21	1.36022e-20	-2.5865e-20	0.255061	0.132746	0.255061	0.1	0.00770477
-0.254069	0.945313	-2.30168	2.57575e-10	3.20144e-10	7.39005e-10	-1.55386e-37	1.14564e-37	-8.71131e-38	0.254954	0.132579	0.254954	0.1	0.00831132
-0.610761	-0.626212	-1.75644	1.33275e-05	9.70832e-06	5.49739e-06	-5.35722e-23	1.65422e-22	-8.01778e-22	0.254597	0.132024	0.254597	0.1	0.00893986
1.22727	-3.83129	1.13284	6.79868e-06	-3.17048e-06	-5.96294e-06	-5.73327e-22	-5.21875e-22	1.55917e-21	0.254541	0.131935	0.254541	0.1	0.00655341
-1.03683	1.07443	-2.06154	-1.71372e-06	-5.66014e-06	1.25473e-06	4.1885e-22	-5.99749e-23	1.95503e-22	0.254407	0.131728	0.254407	0.1	0.00913044
0.753636	-0.384934	-0.174113	1.22591e-06	2.14832e-06	2.26966e-06	2.21552e-22	4.88086e-22	-6.50714e-22	0.25422	0.131437	0.25422	0.1	0.00916385
0.812006	2.985	0.293288	7.59309e-06	4.7636e-06	-7.35101e-06	-1.9135e-21	-4.95356e-22	-7.47497e-22	0.254144	0.131319	0.254144	0.1	0.0075338
-0.270812	1.54462	-0.756718	2.20931e-06	9.55191e-07	-1.67541e-05	-2.11202e-21	-2.22626e-21	-7.58945e-22	0.254099	0.13125	0.254099	0.1	0.0072199
-2.38128	-1.04069	2.48498	1.09041e-07	-1.94743e-05	-8.11955e-06	5.08175e-20	2.51747e-20	1.17382e-20	0.254038	0.131155	0.254038	0.1	0.0105566
0.174094	-2.73818	-1.29754	1.01621e-06	-1.13189e-05	2.07743e-06	1.41667e-20	-9.51555e-21	-2.11907e-20	0.253989	0.131079	0.253989	0.1	0.00890202
0.218332	1.35722	1.19118	-1.19506e-05	-3.99318e-06	1.27827e-05	1.01177e-20	-1.09954e-21	3.60106e-22	0.253989	0.131079	0.253989	0.1	0.00916829
1.91479	-1.43684	-0.468684	6.86494e-06	-1.13258e-06	-3.72776e-06	3.97106e-24	-1.3964e-22	-2.24508e-22	0.253949	0.131018	0.253949	0.1	0.0120475
-0.61488	-2.33274	1.77991	3.64903e-06	-9.00213e-06	-1.73252e-05	2.29954e-21	-3.24316e-21	1.9e-21	0.253777	0.130751	0.253777	0.1	0.00926496
0.168751	-3.34437	0.385478	1.29534e-05	1.76144e-05	1.791e-05	-6.93016e-21	4.35091e-21	-4.46722e-21	0.253565	0.130425	0.253565	0.1	0.0104013
0.451531	-0.00542403	1.70082	3.75367e-06	5.3632e-06	9.60738e-06	-4.14965e-20	2.25036e-20	6.27117e-21	0.253405	0.130178	0.253405	0.1	0.0076456
0.524355	3.198	-0.0660347	9.69344e-07	8.04074e-06	-3.08677e-07	-1.95765e-22	-1.3672e-21	4.29382e-22	0.253033	0.129604	0.253033	0.1	0.00769078
-1.2421	-0.380154	-1.49042	6.40144e-07	3.65582e-06	8.03163e-07	-3.23692e-23	-1.18633e-23	-9.64445e-23	0.252875	0.129363	0.252875	0.1	0.00901671
-1.00387	-2.23106	0.123047	-4.67582e-06	-4.3004e-06	-7.74514e-06	-7.23141e-22	3.58161e-22	5.50061e-23	0.252666	0.129042	0.252666	0.1	0.0155027
0.200925	-0.228591	-1.22863	8.69192e-06	-3.80942e-06	-9.06906e-07	-8.58553e-21	-6.76859e-21	1.3085e-20	0.252504	0.128794	0.252504	0.1	0.0100728
2.35988	2.00153	-2.07571	2.57575e-10	3.20144e-10	7.39005e-10	-7.13584e-37	-6.56528e-37	-3.81206e-37	0.252297	0.128477	0.252297	0.1	0.00806797
-1.32264	-1.91066	0.369011	-1.31374e-05	-7.30134e-06	-9.98225e-07	4.96675e-23	1.27169e-21	6.47131e-22	0.252237	0.128386	0.252237	0.1	0.0174811
2.27723	-2.57594	1.02417	-1.46313e-05	2.29844e-05	-7.09194e-06	-4.84977e-21	3.33164e-21	9.71703e-21	0.25213	0.128222	0.25213	0.1	0.0103483
1.46669	-3.86166	-1.93867	-5.49963e-06	-1.8913e-05	-1.11879e-05	2.68912e-21	1.36602e-20	3.72443e-21	0.251996	0.128018	0.251996	0.1	0.00551469
2.29037	0.0573216	1.65102	-1.10592e-05	-6.49471e-06	4.01585e-06	1.71626e-22	1.67904e-21	3.92774e-22	0.251893	0.127861	0.251893	0.1	0.00576502
-0.594729	2.78215	0.749038	2.57575e-10	3.20144e-10	7.39005e-10	-6.4152e-42	-3.74135e-40	1.15879e-40	0.251875	0.127834	0.251875	0.1	0.00877092
1.62077	1.62312	0.376083	2.57575e-10	3.20144e-10	7.39005e-10	-4.88274e-36	-1.96775e-36	8.28745e-37	0.251854	0.127801	0.251854	0.1	0.0115869
-1.68251	-4.14327	0.756212	3.22536e-06	-7.56505e-06	-1.4388e-05	-4.14991e-21	-9.06316e-22	1.67552e-20	0.251794	0.12771	0.251794	0.1	0.00508533
1.0378	4.01301	1.33945	3.29921e-06	9.84173e-06	-1.98874e-05	-4.99874e-21	5.12507e-21	-6.96703e-21	0.251633	0.127466	0.251633	0.1	0.00842669
-0.577032	-1.23356	-2.10617	2.02807e-05	-6.50914e-06	-3.4608e-06	-8.60745e-21	-4.15788e-22	2.53442e-21	0.251521	0.127296	0.251521	0.1	0.00915128
-2.09359	0.778029	1.376	-1.06584e-05	7.04129e-07	-1.22637e-05	1.75417e-21	1.67767e-21	-1.06303e-20	0.251493	0.127253	0.251493	0.1	0.00734701
-0.289937	2.85022	-2.38547	1.17159e-07	2.5079e-07	7.67715e-06	4.08388e-22	3.5956e-23	-8.141e-24	0.251401	0.127113	0.251401	0.1	0.0101538
-1.55787	0.814471	-1.27546	-1.15729e-05	-1.45602e-05	-6.35274e-05	2.66539e-21	-1.02419e-20	-5.56379e-21	0.251338	0.127018	0.251338	0.1	0.00754159
0.548	0.978307	1.24541	-6.03765e-06	-1.37899e-06	1.31581e-06	6.54792e-21	2.79368e-21	3.10874e-21	0.251201	0.12681	0.251201	0.1	0.0100246
-0.671635	3.01091	-1.27891	-8.08938e-06	1.22403e-06	-1.41109e-06	2.39591e-22	2.69948e-22	-3.42873e-22	0.251084	0.126633	0.251084	0.1	0.00903075
-2.29346	-2.79237	1.17212	-3.35294e-05	-1.32568e-05	-3.32292e-06	5.28622e-20	5.91197e-21	8.04375e-21	0.250913	0.126374	0.250913	0.1	0.00986658
2.11743	1.71843	0.454414	2.57575e-10	3.20144e-10	7.39005e-10	-1.444e-36	-3.42915e-36	1.54143e-36	0.250906	0.126364	0.250906	0.1	0.0126086
-0.560904	1.81627	-0.439465	8.97573e-06	-4.0203e-06	2.70423e-07	-1.8594e-20	-4.17767e-22	-3.29289e-21	0.250766	0.126152	0.250766	0.1	0.00743852
-0.389827	2.66689	-1.71403	-1.90352e-06	-1.06913e-06	3.38135e-06	1.70634e-22	1.37632e-22	-1.27993e-21	0.250614	0.125923	0.250614	0.1	0.00766838
-2.09315	3.77817	-1.08036	-9.43948e-06	-6.29287e-06	-5.11374e-06	4.56556e-21	-1.39756e-21	4.95108e-23	0.250404	0.125607	0.250404	0.1	0.00798223
-2.21041	1.85006	1.6879	5.33875e-06	8.04891e-06	-4.81834e-07	2.4595e-22	-2.87114e-23	-4.60016e-22	0.250291	0.125437	0.250291	0.1	0.0144625
0.799794	-2.80614	-2.41747	5.58483e-06	-1.58724e-07	-2.0037e-05	7.02336e-24	1.14208e-20	-1.09468e-21	0.250283	0.125425	0.250283	0.1	0.0103193
-1.81619	-2.22523	1.98112	-1.53469e-06	-5.08063e-06	-1.84615e-05	-2.75584e-21	-1.9484e-20	5.93088e-20	0.250207	0.125311	0.250207	0.1	0.00592583
-1.53685	1.56745	-2.0356	-7.02583e-06	8.32417e-06	-2.7082e-07	2.11242e-21	6.04504e-21	2.38642e-21	0.250139	0.125209	0.250139	0.1	0.010846
2.13567	-0.156735	-0.411379	-3.13295e-06	3.04676e-07	4.54015e-06	-3.59528e-23	-1.21589e-22	-3.86972e-22	0.249991	0.124987	0.249991	0.1	0.00818837
0.552544	-0.89818	-1.8733	-5.91297e-06	2.277e-06	-7.09049e-06	-4.84681e-21	2.62082e-20	6.73995e-20	0.249809	0.124714	0.249809	0.1	0.0063172
0.876798	-2.29092	0.865071	1.52239e-05	-7.68433e-06	-1.60339e-05	-5.60282e-22	8.05482e-22	-4.96228e-22	0.249461	0.124193	0.249461	0.1	0.0123954
-1.37255	-1.22221	0.57062	4.98026e-06	1.03845e-05	-1.2291e-07	-2.81917e-22	3.63202e-22	-8.45781e-23	0.249456	0.124185	0.249456	0.1	0.0100021
-1.29614	-3.50761	-0.627023	2.57575e-10	3.20144e-10	7.39005e-10	1.72083e-37	-7.86873e-38	6.07624e-38	0.249321	0.123984	0.249321	0.1	0.0109629
-1.53909	1.05889	-1.99622	-4.02809e-06	-1.18138e-05	3.86139e-06	3.27048e-21	-7.00178e-21	3.10065e-22	0.249305	0.123961	0.249305	0.1	0.00644402
-0.813914	2.31307	-1.51346	6.22436e-06	-8.66589e-07	1.4616e-05	1.64379e-22	1.06988e-21	2.9349e-21	0.249296	0.123947	0.249296	0.1	0.00844516
-1.59201	-3.65249	0.311703	4.33267e-06	-6.73895e-06	9.6385e-07	-1.39907e-20	-2.17777e-20	-1.3118e-20	0.249149	0.123727	0.249149	0.1	0.00974348
-0.2507	3.97166	-1.77478	2.55099e-06	1.18152e-06	2.64189e-07	-1.47109e-22	3.06891e-22	6.68899e-24	0.248938	0.123413	0.248938	0.1	0.00836799
-0.723942	-0.506803	1.69557	8.82011e-06	1.09901e-05	1.33521e-05	-7.61716e-21	9.68925e-21	3.37662e-20	0.248855	0.123291	0.248855	0.1	0.00814241
2.07102	0.278859	-0.177047	-3.94094e-07	2.65742e-06	1.43018e-06	-2.44972e-22	-1.48981e-23	3.32424e-23	0.248841	0.12327	0.248841	0.1	0.00914082
0.490135	3.13733	-0.563031	2.05705e-06	-4.74736e-08	4.29659e-07	-8.02417e-21	-1.28268e-20	4.70751e-21	0.248826	0.123248	0.248826	0.1	0.00619905
1.1264	3.71858	0.944764	-3.08265e-06	8.19714e-06	-2.05631e-05	8.22441e-21	-1.0998e-21	-2.2315e-22	0.248692	0.123049	0.248692	0.1	0.00844788
-1.97682	3.85514	1.83828	7.70162e-06	-3.02736e-05	1.22826e-05	-5.56292e-21	-2.54315e-21	-2.67736e-22	0.24862	0.122942	0.24862	0.1	0.0113116
1.411	-3.58296	0.735386	3.51813e-06	-5.06644e-06	-6.36371e-06	3.48656e-22	9.27576e-22	9.64697e-23	0.248475	0.122727	0.248475	0.1	0.00812044
1.91979	0.541035	1.07985	-5.53928e-06	-3.90075e-06	2.72236e-06	-1.06997e-20	6.77762e-21	1.73687e-20	0.24842	0.122645	0.24842	0.1	0.00814943
0.282506	3.80543	-0.296695	-1.29233e-05	-3.43516e-05	-1.34008e-05	-2.21341e-21	1.95875e-21	1.02134e-21	0.248196	0.122313	0.248196	0.1	0.00638508
0.485925	0.155154	-1.37651	-1.07646e-05	1.71367e-05	1.23257e-05	5.67699e-21	-2.48961e-20	-4.81939e-20	0.24788	0.121846	0.24788	0.1	0.00617533
0.627558	0.841167	0.559834	1.04988e-06	-2.04596e-06	3.9003e-06	5.74897e-22	8.62007e-24	2.68355e-23	0.247873	0.121836	0.247873	0.1	0.0100109
-2.21655	-2.5087	2.06609	-3.83941e-06	1.93857e-06	3.40328e-06	9.32179e-21	3.28293e-20	-1.27145e-20	0.247699	0.12158	0.247699	0.1	0.00872803
0.642672	3.38885	-0.963013	1.14684e-05	-5.9034e-06	1.84249e-07	2.40908e-21	-9.54812e-23	1.55462e-21	0.247676	0.121546	0.247676	0.1	0.00726878
0.584985	-4.22471	-1.75431	2.57575e-10	3.20144e-10	7.39005e-10	2.00439e-38	3.08954e-38	1.10823e-38	0.247628	0.121475	0.247628	0.1	0.0101699
-2.40665	3.96788	-1.41731	-1.14894e-06	2.45315e-06	-8.09489e-06	-2.81899e-22	-5.98537e-22	-7.60684e-22	0.247409	0.121154	0.247409	0.1	0.00917706
0.463716	-2.34664	-0.545829	1.51814e-06	7.35897e-06	3.23663e-06	1.53717e-20	4.9811e-20	2.55972e-21	0.247323	0.121028	0.247323	0.1	0.00908185
0.297084	-2.9277	0.63195	7.01797e-06	3.00225e-05	9.91607e-07	9.13747e-21	3.23918e-21	-1.2577e-20	0.247279	0.120963	0.247279	0.1	0.00789337
-0.10958	1.05901	0.650862	2.82421e-06	7.17056e-06	7.16176e-06	-1.75957e-21	-1.17387e-21	-1.50264e-22	0.247207	0.120856	0.247207	0.1	0.00894571
1.25268	-1.01507	0.241798	2.57575e-10	3.20144e-10	7.39005e-10	-5.19347e-38	-1.37511e-37	3.0518e-38	0.247171	0.120805	0.247171	0.1	0.0162353
0.654409	-0.311771	0.558241	2.26165e-06	-4.07707e-06	3.58489e-06	2.24644e-22	-1.59269e-22	-4.29748e-22	0.246695	0.120107	0.246695	0.1	0.0103861
-1.63495	4.07554	1.19355	-2.93876e-06	3.40929e-06	-7.43674e-06	1.11054e-21	3.03168e-22	-8.79753e-21	0.246483	0.119799	0.246483	0.1	0.00528319
2.44387	1.26216	-1.02661	1.30126e-05	2.00636e-06	-2.38366e-05	2.48524e-20	4.15149e-21	1.61081e-21	0.24638	0.119648	0.24638	0.1	0.00883134
2.19394	-3.51454	-1.09045	5.88333e-08	-8.84872e-07	4.40332e-06	2.95228e-22	2.50389e-23	1.28922e-25	0.246375	0.119641	0.246375	0.1	0.0121573
-1.81778	1.55447	-1.62652	-1.01906e-06	-3.37589e-06	4.17279e-06	-1.8376e-20	1.72442e-21	2.00521e-21	0.246302	0.119535	0.246302	0.1	0.00649625
-1.46084	-2.05941	2.28541	-2.43555e-05	9.61026e-06	2.2484e-06	-4.96717e-20	-4.70262e-20	-8.10969e-20	0.246172	0.119345	0.246172	0.1	0.00630988
0.295979	0.328232	-0.954648	-1.79932e-05	-1.14972e-06	1.73332e-05	-1.59937e-20	-3.41031e-20	5.17224e-21	0.246104	0.119247	0.246104	0.1	0.00686416
-0.874184	-2.71583	-0.768219	-3.05852e-06	-2.08909e-06	-3.31535e-06	-2.78478e-22	6.08236e-21	-6.42291e-21	0.246075	0.119204	0.246075	0.1	0.010742
-0.706309	3.22073	-2.17233	-1.74085e-06	-8.74585e-06	1.99953e-07	-1.18651e-21	6.09078e-22	1.52199e-23	0.245624	0.11855	0.245624	0.1	0.0099475
1.32609	3.8038	-0.503213	9.26877e-06	8.26706e-06	9.52269e-06	4.03537e-21	4.53125e-21	-1.53263e-21	0.245616	0.118538	0.245616	0.1	0.00874061
-2.17812	-3.84743	1.84865	1.92683e-06	3.59978e-06	1.06514e-06	-9.96465e-21	-6.19156e-20	5.22031e-20	0.245385	0.118204	0.245385	0.1	0.00986944
-2.2455	-2.07377	1.78545	-4.65864e-07	-6.9637e-06	-2.3333e-05	-7.08153e-21	4.52036e-21	-4.40709e-20	0.245318	0.118107	0.245318	0.1	0.0048944
1.24521	3.43344	-0.91084	-4.64122e-06	1.75208e-05	1.11725e-06	-1.58831e-20	-1.44559e-21	1.33395e-21	0.245283	0.118057	0.245283	0.1	0.00674084
-1.86233	3.40224	-2.39553	2.57575e-10	3.20144e-10	7.39005e-10	9.00289e-38	-1.74681e-37	-7.65625e-38	0.2452	0.117937	0.2452	0.1	0.013614
0.317475	-1.89389	-0.418801	-7.15081e-06	7.43546e-06	-5.26645e-06	-1.61388e-22	-1.30102e-21	1.00766e-20	0.245141	0.117852	0.245141	0.1	0.00647521
1.1041	3.67897	-1.31091	1.67491e-05	2.8435e-05	-1.00719e-07	-6.66538e-22	-8.36813e-21	-4.61228e-21	0.244884	0.117483	0.244884	0.1	0.00768658
-0.234583	-3.48297	1.35153	3.86792e-06	-3.0812e-06	-6.37246e-06	5.15727e-22	1.74834e-20	6.56667e-20	0.244869	0.11746	0.244869	0.1	0.00826738
-0.937185	0.241004	0.30991	-3.23698e-07	1.63995e-06	1.63657e-06	-2.86923e-22	-1.19735e-24	-4.25028e-23	0.244705	0.117224	0.244705	0.1	0.0100005
0.294626	-0.320091	1.22676	-1.2725e-05	9.21604e-06	1.11944e-05	2.29785e-20	-2.96724e-20	-1.12937e-19	0.244559	0.117015	0.244559	0.1	0.00825834
1.5452	-4.02882	0.173162	-3.00258e-06	-6.83319e-06	1.42003e-05	-5.80954e-22	1.15348e-22	-4.83033e-24	0.244525	0.116966	0.244525	0.1	0.00920054
-0.249791	0.63718	0.169221	-1.72523e-06	-3.49256e-06	1.63422e-05	-1.93312e-21	6.5634e-22	-2.7461e-20	0.244476	0.116896	0.244476	0.1	0.0105998
2.46881	3.51426	1.5504	-2.68659e-06	3.01607e-06	-5.97613e-07	-9.02843e-23	-2.60334e-23	2.85846e-23	0.244374	0.11675	0.244374	0.1	0.00615828
-1.58416	0.577179	-1.89829	-1.16759e-06	-1.24809e-05	2.53827e-06	7.05114e-22	-1.85427e-23	4.88411e-23	0.24433	0.116686	0.24433	0.1	0.00897805
-0.423245	-3.41196	-0.966263	-1.41807e-05	-2.42841e-06	3.21669e-06	-2.20221e-21	-3.93309e-21	-1.10393e-21	0.244292	0.116633	0.244292	0.1	0.0056681
-0.87981	-1.21797	-0.473421	-1.46218e-05	-9.85577e-06	-7.68734e-06	-1.2698e-21	-1.60751e-22	-6.16704e-22	0.244175	0.116464	0.244175	0.1	0.0141853
-0.814396	2.55271	-1.94466	1.88872e-06	-9.0132e-06	9.99847e-06	-1.42745e-21	1.12738e-21	4.77443e-22	0.244029	0.116256	0.244029	0.1	0.00599522
-2.02343	0.316883	0.814159	-3.88636e-06	-2.09074e-06	3.36591e-06	-2.96258e-23	1.51341e-22	-3.7589e-23	0.243942	0.116132	0.243942	0.1	0.00618976
-0.0734724	-0.503434	1.48989	-6.65881e-06	4.49401e-06	1.82981e-05	1.14334e-20	-1.36624e-20	-5.83588e-21	0.243679	0.115756	0.243679	0.1	0.00824752
-1.55128	-0.993611	1.63921	-5.79472e-06	-2.07994e-06	4.90247e-07	-1.65602e-21	3.05942e-21	-8.52168e-21	0.243596	0.115637	0.243596	0.1	0.00617712
-1.83366	-2.06297	1.51512	-1.38069e-05	-1.03461e-06	-1.78638e-05	9.31369e-22	5.59912e-20	3.21477e-20	0.243578	0.115612	0.243578	0.1	0.00573503
1.1349	-4.19857	-0.322762	-1.27025e-05	-2.83743e-05	5.03373e-06	1.61607e-21	-1.991e-21	-2.13367e-21	0.243534	0.11555	0.243534	0.1	0.00528549
-1.53618	0.914107	-1.64048e-05	-8.87525e-07	8.77097e-06	1.50243e-05	4.82947e-21	3.6941e-21	-3.1092e-21	0.243275	0.115181	0.243275	0.1	0.00906258
-1.26542	0.448444	0.00998438	6.36902e-06	4.10214e-06	-2.84393e-06	-2.31181e-20	-6.64472e-22	4.07824e-20	0.243049	0.114861	0.243049	0.1	0.00772678
0.900339	-1.80027	0.894764	-9.20021e-06	-6.23249e-06	-1.84392e-05	2.37481e-21	8.03631e-24	-1.25818e-21	0.242654	0.114301	0.242654	0.1	0.00887822
0.446617	-3.4668	-1.34004	-4.567e-06	2.08716e-05	-2.81128e-06	7.61873e-21	-1.08649e-20	2.71301e-21	0.24256	0.114169	0.24256	0.1	0.00843058
2.19346	-2.14492	0.363705	1.15393e-05	-1.67736e-05	-2.65717e-05	1.29326e-21	-5.42628e-21	-2.73297e-22	0.242255	0.113739	0.242255	0.1	0.0122046
-1.80098	-0.113827	0.848786	4.72766e-07	6.18635e-07	-5.00886e-07	-5.00362e-22	4.57168e-22	1.08211e-22	0.241752	0.113031	0.241752	0.1	0.00858548
0.329066	3.66415	-1.21859	1.00594e-05	-6.21728e-06	1.29383e-06	-3.59207e-21	7.89648e-21	1.44949e-20	0.241678	0.112928	0.241678	0.1	0.00706818
0.0017139	-3.52603	1.77419	-1.01673e-06	-5.49247e-06	-3.23697e-06	1.54786e-20	-8.91624e-21	2.51593e-21	0.241285	0.112378	0.241285	0.1	0.00744908
-0.906774	-2.01519	1.46066	8.00643e-07	-5.83366e-06	-8.94947e-06	-8.97071e-22	-1.48679e-24	-5.24308e-23	0.241134	0.112167	0.241134	0.1	0.00731886
-0.870816	0.0715348	-0.14034	-4.28883e-06	-3.77505e-06	3.03433e-06	2.79617e-22	-4.23987e-23	1.16745e-23	0.24094	0.111896	0.24094	0.1	0.00767042
-1.29582	4.01853	0.848281	-1.58295e-06	-1.14273e-05	-4.0335e-06	1.82722e-21	-3.7323e-21	-9.03173e-21	0.240837	0.111752	0.240837	0.1	0.00625175
-2.27414	0.326704	-1.32653	-4.48953e-06	3.26388e-06	3.81436e-06	6.51078e-20	-6.16312e-21	1.68586e-20	0.240835	0.11175	0.240835	0.1	0.00843709
2.32051	1.377	-1.77355	-1.23775e-05	5.29099e-07	-4.24293e-06	-7.55883e-22	-5.0069e-21	-7.32029e-21	0.240774	0.111665	0.240774	0.1	0.00605248
1.151	1.16652	2.39832	2.57575e-10	3.20144e-10	7.39005e-10	2.29159e-40	-2.37312e-41	1.4395e-37	0.240758	0.111643	0.240758	0.1	0.0180887
-1.7473	0.479035	-0.0195022	5.73864e-06	5.91463e-06	-1.89656e-07	-3.51099e-21	8.6353e-21	-7.11872e-21	0.240713	0.111581	0.240713	0.1	0.00626469
-0.591253	0.225604	-0.500898	9.66264e-07	3.40043e-06	1.00505e-05	-7.6209e-22	1.05814e-21	2.38586e-21	0.240617	0.111447	0.240617	0.1	0.0103104
-0.235243	-1.58254	-2.16437	1.50408e-05	-1.47558e-05	1.42001e-05	-1.16487e-20	3.22682e-20	4.083e-20	0.240408	0.111157	0.240408	0.1	0.0116843
-2.11153	-4.00346	0.559671	1.97577e-06	5.37184e-06	-4.14549e-06	2.35534e-20	-5.08738e-20	2.80991e-20	0.240398	0.111143	0.240398	0.1	0.0062901
2.00419	1.50552	-1.43453	-8.72369e-06	-3.64586e-07	-3.30327e-08	9.32462e-21	-7.52284e-22	-1.7444e-21	0.240386	0.111126	0.240386	0.1	0.00884617
-0.96994	4.06922	-0.0249688	4.4387e-06	1.18295e-05	1.62818e-05	-1.45976e-21	7.01031e-21	-9.36382e-21	0.240377	0.111114	0.240377	0.1	0.0087924
0.330303	3.60002	0.143881	-2.29264e-06	4.50999e-06	3.59369e-06	-1.12754e-21	-2.91073e-22	8.38821e-22	0.24026	0.110952	0.24026	0.1	0.00893383
-2.04694	-0.435667	1.1099	-2.92301e-06	8.86721e-06	6.50571e-06	-9.64268e-22	1.13049e-21	-1.56137e-22	0.240181	0.110842	0.240181	0.1	0.00787915
0.160167	4.13287	-1.98527	3.9362e-06	-4.99604e-07	1.55461e-06	-2.80856e-22	-1.19814e-22	1.65279e-22	0.240048	0.110659	0.240048	0.1	0.00807001
-1.53344	-3.49553	1.35516	-6.67122e-06	5.94207e-06	2.05799e-06	2.35188e-21	-2.19026e-20	-1.88545e-20	0.23985	0.110385	0.23985	0.1	0.0066532
-0.21033	-1.34208	0.789194	-7.62208e-06	8.49597e-06	-4.17354e-06	-1.73687e-22	8.75567e-22	1.38938e-21	0.239806	0.110325	0.239806	0.1	0.00814432
-2.33554	-1.94417	2.30888	-4.91108e-06	-4.55126e-06	3.20925e-06	-9.40428e-22	4.55558e-22	-1.17712e-21	0.239706	0.110187	0.239706	0.1	0.00910349
-1.40267	-0.180899	-2.21033	-2.62119e-06	1.92286e-06	1.42684e-06	-2.24945e-22	-2.36529e-22	2.5086e-22	0.239703	0.110182	0.239703	0.1	0.00893553
1.48529	3.95325	0.711323	-2.13924e-06	2.33757e-05	-4.29001e-06	-2.62105e-21	-9.46183e-22	-1.07221e-21	0.239538	0.109955	0.239538	0.1	0.00950885
-2.34348	1.95189	2.14792	-4.59944e-06	-1.55623e-06	-1.20341e-06	-1.27443e-22	-2.00551e-23	6.16102e-22	0.239297	0.109623	0.239297	0.1	0.0107586
-1.54656	1.01398	0.471842	7.97306e-06	1.46366e-05	1.41781e-05	6.42073e-22	-1.47893e-21	-9.18978e-22	0.239154	0.109426	0.239154	0.1	0.00981323
1.36068	-2.8789	-0.387252	4.75028e-06	1.23873e-05	-6.7287e-06	-1.15888e-20	-5.14892e-21	1.88742e-20	0.239113	0.10937	0.239113	0.1	0.0054753
-2.17869	-2.38732	1.42252	-8.93408e-06	-3.94154e-06	-2.82821e-05	1.70905e-20	3.91586e-21	-1.63168e-20	0.238946	0.109141	0.238946	0.1	0.00805424
0.290678	0.10921	2.33644	4.99617e-06	1.08012e-05	7.67256e-06	2.07122e-20	2.78923e-20	5.71193e-20	0.238918	0.109103	0.238918	0.1	0.00911308
-2.37278	-3.98749	-1.53151	1.26656e-06	-1.73876e-05	-3.61202e-07	-3.66803e-21	-1.53211e-20	1.55298e-20	0.238816	0.108964	0.238816	0.1	0.00757384
1.84514	3.30432	2.45691	1.169e-05	7.57747e-08	6.20734e-06	7.31788e-24	-9.86362e-22	-9.87635e-25	0.238802	0.108944	0.238802	0.1	0.00990321
0.567777	-1.74095	2.00563	2.04184e-06	1.44404e-06	7.46784e-08	2.00775e-22	7.1352e-23	1.44578e-21	0.238773	0.108905	0.238773	0.1	0.00672337
1.36486	0.251668	1.95017	2.57575e-10	3.20144e-10	7.39005e-10	-5.34666e-37	3.92274e-37	2.28188e-36	0.238742	0.108862	0.238742	0.1	0.00811719
-1.62345	-0.536692	-1.77309	5.18034e-06	1.26844e-05	2.55253e-05	1.00141e-20	1.25105e-20	-3.24234e-21	0.238504	0.108537	0.238504	0.1	0.00804611
0.649804	-1.01308	-1.24091	1.15524e-05	-5.61011e-06	-4.12792e-06	-5.87146e-20	-3.04194e-20	-4.28394e-20	0.238488	0.108515	0.238488	0.1	0.00690899
0.170757	0.705675	-2.37905	2.57575e-10	3.20144e-10	7.39005e-10	-5.52171e-40	4.5581e-38	-8.2078e-38	0.238463	0.108481	0.238463	0.1	0.00897533
-0.528602	2.22788	0.19006	8.7683e-06	1.06419e-05	4.43205e-06	3.55268e-22	-9.40042e-22	-7.24386e-22	0.238406	0.108403	0.238406	0.1	0.00980609
-0.166864	-3.0816	-1.20719	-9.30553e-06	7.80504e-07	1.24806e-05	-4.81799e-21	7.10744e-21	-2.03863e-20	0.238323	0.10829	0.238323	0.1	0.00675117
2.45024	1.59361	1.03279	-3.75872e-06	-4.78362e-07	6.25655e-06	1.51746e-21	3.85676e-23	-5.24095e-23	0.238182	0.108098	0.238182	0.1	0.00752513
-0.112128	2.44806	0.862785	2.28303e-05	-2.53096e-07	7.99093e-06	2.44134e-21	2.72503e-21	5.10735e-22	0.238167	0.108077	0.238167	0.1	0.0119677
1.58284	-2.64461	-0.0357982	3.57441e-05	5.26111e-06	-2.07502e-05	-7.91603e-21	2.85078e-21	-1.38941e-20	0.238148	0.108052	0.238148	0.1	0.00682553
2.38735	-2.89685	-1.04427	4.26003e-06	-8.90836e-06	2.22484e-05	-1.12491e-21	-9.02527e-22	-5.62849e-24	0.237994	0.107842	0.237994	0.1	0.0152098
0.407133	1.84361	0.636879	8.79875e-06	1.09504e-05	4.96915e-06	2.08969e-20	1.77152e-20	-2.5237e-20	0.237567	0.107262	0.237567	0.1	0.0136319
2.43304	-0.237854	2.01442	-6.59546e-06	-9.7613e-06	-1.62886e-07	1.62543e-21	-2.98563e-22	-6.01388e-22	0.237539	0.107225	0.237539	0.1	0.00497911
1.98381	1.75703	-1.87916	2.57575e-10	3.20144e-10	7.39005e-10	-4.36408e-46	-6.75947e-46	-5.46376e-45	0.237152	0.106701	0.237152	0.1	0.01217
-1.00824	1.30933	0.876966	1.34167e-05	1.38908e-05	1.11677e-05	1.03194e-20	-6.94254e-21	-1.32341e-19	0.236984	0.106474	0.236984	0.1	0.0100096
0.797757	-3.14718	-1.27424	1.37148e-06	8.19807e-06	3.0303e-05	3.33046e-22	4.82808e-22	-3.36345e-21	0.236816	0.106249	0.236816	0.1	0.00784571
1.43265	3.21309	-2.25739	-6.06107e-07	-7.50098e-06	-4.79659e-06	-1.12273e-22	1.97987e-22	1.0247e-22	0.23676	0.106173	0.23676	0.1	0.00759252
1.77017	3.37677	-0.308764	1.9134e-05	-3.51447e-06	1.23197e-05	-4.633e-22	3.59579e-22	-2.19116e-21	0.236687	0.106076	0.236687	0.1	0.00998902
1.99213	1.42106	0.964831	-4.19087e-06	-2.31999e-06	5.00669e-06	4.10875e-22	6.57362e-23	-3.3779e-21	0.236571	0.105919	0.236571	0.1	0.0119351
1.53349	-0.635921	1.40643	-8.35718e-06	-9.60048e-08	2.06561e-06	-1.16512e-24	8.47886e-22	-1.0213e-22	0.236506	0.105832	0.236506	0.1	0.00618516
-0.18328	-3.2169	0.702434	2.57575e-10	3.20144e-10	7.39005e-10	5.49049e-36	-1.94299e-36	-6.55904e-37	0.236381	0.105664	0.236381	0.1	0.0102417
-1.55002	-1.35785	-0.925998	3.64008e-05	-4.98432e-06	4.01093e-06	1.14656e-21	2.73981e-21	-4.6342e-22	0.236377	0.105659	0.236377	0.1	0.0129715
1.42549	3.30161	2.23409	1.54406e-05	5.40444e-06	-1.20269e-06	2.25501e-23	-6.18216e-21	-5.7003e-21	0.236343	0.105613	0.236343	0.1	0.00738427
-0.129916	1.7944	-1.85261	-1.85845e-06	-1.60715e-05	3.88329e-06	-1.65354e-20	-6.85681e-21	-3.51141e-20	0.236168	0.105378	0.236168	0.1	0.00560521
-1.6044	3.56063	-1.91572	2.20092e-06	-2.53536e-06	-7.93683e-06	-3.20725e-22	-5.20583e-22	7.41052e-23	0.236136	0.105336	0.236136	0.1	0.00599092
1.14961	3.01497	-1.17204	-7.25733e-07	-5.89545e-06	5.43401e-06	1.62808e-22	3.9495e-22	-7.26451e-22	0.236124	0.10532	0.236124	0.1	0.00686438
0.601625	-0.969662	1.75432	-1.32481e-05	7.34633e-06	9.44908e-06	4.7835e-22	2.365e-22	-6.18585e-22	0.23601	0.105168	0.23601	0.1	0.00524632
1.50373	-1.46626	-0.204078	4.17109e-07	2.27829e-05	-1.09048e-05	-8.62281e-23	-1.14499e-21	-5.91985e-23	0.235805	0.104894	0.235805	0.1	0.00914538
-0.70922	2.60336	-2.41004	-2.18629e-06	3.8981e-06	1.03269e-05	-4.7266e-22	-1.39445e-21	-1.38951e-21	0.235773	0.104851	0.235773	0.1	0.008004
-0.161086	2.0075	-0.640052	6.91908e-06	-3.25975e-06	-3.639e-06	-2.99729e-21	7.42651e-22	6.7407e-21	0.235717	0.104776	0.235717	0.1	0.00553632
0.0295052	0.460936	0.734643	2.57575e-10	3.20144e-10	7.39005e-10	-2.05707e-37	-8.52887e-39	5.66863e-37	0.235564	0.104572	0.235564	0.1	0.00935908
2.31774	3.13404	0.861552	2.69894e-06	-7.40247e-06	-5.36213e-06	2.7209e-22	-1.88859e-22	3.57627e-22	0.235343	0.104278	0.235343	0.1	0.0107187
2.39563	-2.27396	-2.35638	1.00617e-05	-8.34653e-06	-5.48543e-06	4.45924e-22	-3.01278e-22	1.4785e-21	0.23532	0.104247	0.23532	0.1	0.0135013
2.23823	2.40873	1.67744	-7.22999e-08	-1.56375e-07	-5.91403e-07	9.20249e-23	-1.54278e-23	-4.22685e-24	0.235241	0.104143	0.235241	0.1	0.0147939
0.63834	4.12865	-0.245681	-3.70247e-05	-1.2608e-05	1.92667e-05	-4.01469e-21	-4.7947e-20	-2.848e-20	0.235226	0.104123	0.235226	0.1	0.0065359
1.19883	-4.0354	-1.57073	-1.82404e-05	4.53476e-06	-8.46676e-06	2.7473e-21	7.40423e-21	1.34259e-20	0.23517	0.104049	0.23517	0.1	0.0052838
-2.35281	1.60895	-2.04174	2.57575e-10	3.20144e-10	7.39005e-10	-5.97852e-39	5.62445e-39	7.83421e-38	0.235168	0.104046	0.235168	0.1	0.0125179
1.07795	2.14977	1.33094	8.36079e-07	3.16926e-06	1.65874e-06	3.19915e-23	1.11073e-22	-1.39714e-22	0.235093	0.103947	0.235093	0.1	0.0122401
0.186325	2.40983	1.61648	-2.3903e-06	7.56923e-06	8.17646e-06	1.04345e-19	1.31908e-19	-1.33996e-20	0.234832	0.1036	0.234832	0.1	0.00537247
0.682327	3.77203	-1.51952	8.78718e-06	-2.08552e-05	-6.87877e-06	1.84864e-21	-3.96925e-20	1.43705e-20	0.234786	0.10354	0.234786	0.1	0.00535094
0.139753	0.896898	0.27158	8.46929e-08	-3.24374e-06	9.63475e-06	3.83789e-22	4.52933e-21	2.73925e-21	0.234773	0.103523	0.234773	0.1	0.00630681
2.03827	-3.20084	-2.01868	-3.45737e-06	-7.34227e-06	6.28314e-06	5.86374e-21	6.00381e-21	-1.26567e-20	0.234491	0.10315	0.234491	0.1	0.0062324
-1.07467	0.767328	-1.29099	-6.8822e-06	8.89887e-06	-7.89476e-06	-5.21743e-20	1.40087e-20	-1.98806e-20	0.234422	0.103058	0.234422	0.1	0.00871086
-1.62887	-2.0333	-0.596244	-4.70131e-06	3.33977e-06	3.69184e-06	6.10291e-21	9.80663e-22	-2.63141e-21	0.234257	0.102842	0.234257	0.1	0.00935987
-0.429243	-2.76763	-1.55507	2.57575e-10	3.20144e-10	7.39005e-10	7.17552e-37	-5.66729e-36	-5.78794e-37	0.234159	0.102713	0.234159	0.1	0.0129081
-0.940057	2.54052	0.33504	2.67905e-06	6.66005e-06	3.84508e-06	1.38071e-22	-3.27648e-22	-9.89493e-23	0.234107	0.102644	0.234107	0.1	0.00977898
-0.20081	2.97345	-1.38953	-7.91003e-06	-2.53444e-05	7.96142e-06	-2.70522e-21	-1.87337e-22	2.266e-23	0.234014	0.102522	0.234014	0.1	0.00764517
-1.9402	1.16672	0.257417	6.67171e-06	-1.32225e-06	5.59602e-06	-5.56526e-22	1.32695e-22	1.64795e-22	0.233861	0.102321	0.233861	0.1	0.00740258
-1.28873	1.41956	0.515634	1.17773e-05	7.06061e-06	8.58872e-06	1.10044e-20	1.89286e-20	-4.75887e-20	0.233569	0.101938	0.233569	0.1	0.0059298
-0.451264	-2.91883	-0.86775	2.19718e-05	3.64232e-05	2.23837e-05	-4.32137e-21	6.32525e-21	-1.20527e-20	0.233494	0.10184	0.233494	0.1	0.0101327
-0.0790694	-0.836278	0.907314	-4.62328e-06	-3.47949e-06	-1.74934e-06	-9.76996e-22	-4.21406e-20	-2.80483e-20	0.233306	0.101594	0.233306	0.1	0.00801772
1.08871	3.06362	2.45849	1.58403e-05	-8.04617e-06	-1.41038e-05	-6.14754e-21	8.39415e-21	-1.40459e-21	0.233152	0.101394	0.233152	0.1	0.00676615
-0.974187	0.060711	0.750851	-3.78327e-06	6.0153e-07	9.5527e-07	-1.29738e-22	-2.49836e-23	-6.88436e-23	0.233108	0.101335	0.233108	0.1	0.00896925
2.32939	0.079832	1.16819	7.44682e-06	-3.15591e-05	4.10798e-06	-6.11039e-21	1.47984e-21	1.26779e-20	0.233045	0.101253	0.233045	0.1	0.00587241
-1.95979	-1.89212	0.326832	6.65633e-06	1.82034e-05	1.88497e-05	3.1017e-21	-1.04246e-21	5.77638e-21	0.23297	0.101155	0.23297	0.1	0.0148017
-0.858313	0.0752532	1.23295	-1.06787e-05	-3.07659e-06	-1.95001e-05	1.39077e-20	3.41835e-20	1.68104e-20	0.232948	0.101128	0.232948	0.1	0.00550355
-2.03916	3.39908	-0.785695	5.09872e-06	4.48388e-06	6.44703e-06	1.11708e-20	-3.8887e-21	2.04902e-21	0.232765	0.100889	0.232765	0.1	0.0092852
2.4021	-0.707435	2.02461	-3.15887e-06	-8.85151e-06	-8.40703e-06	8.8749e-21	-1.48726e-20	3.59596e-20	0.23276	0.100883	0.23276	0.1	0.00585202
-2.49573	-0.16683	2.47382	-8.32235e-06	-3.44821e-07	-1.2204e-06	9.30582e-22	-1.45499e-21	3.3802e-22	0.232748	0.100867	0.232748	0.1	0.00846487
-1.76344	-0.276687	1.45304	3.60986e-06	2.0247e-06	4.36993e-06	1.42278e-22	3.34292e-22	3.71947e-24	0.23246	0.100493	0.23246	0.1	0.00768821
1.2204	-0.980688	-1.17735	1.90583e-06	-4.08827e-06	-4.50788e-06	1.12996e-21	-6.51505e-22	-2.90017e-21	0.232413	0.100432	0.232413	0.1	0.00735794
2.06103	-4.01722	1.78121	-7.5447e-07	-9.79748e-07	-1.9253e-06	-3.67794e-22	-1.09928e-22	8.32711e-23	0.232402	0.100418	0.232402	0.1	0.0120388
1.8922	-3.63175	-1.91463	-1.13819e-05	-7.97509e-06	-6.4329e-06	-1.84727e-21	-5.16012e-21	-2.48384e-21	0.232259	0.100233	0.232259	0.1	0.00497318
-1.70086	1.60988	0.412596	9.35326e-06	1.94932e-06	1.75282e-06	5.808e-20	9.97392e-20	4.99294e-20	0.23197	0.0998588	0.23197	0.1	0.00689298
-1.51858	1.79588	-1.34231	1.35067e-07	-1.95101e-05	1.68802e-05	2.34608e-21	-3.77649e-22	2.56782e-21	0.231794	0.0996319	0.231794	0.1	0.00528607
1.28809	-3.73375	1.60525	4.51055e-06	-3.65589e-06	-5.36621e-06	-1.4293e-21	6.89508e-21	2.33176e-20	0.231665	0.0994646	0.231665	0.1	0.0077377
0.929657	-0.239331	-2.18493	6.16756e-05	-8.73569e-07	-9.01053e-06	-1.36671e-20	-1.44706e-20	6.183e-22	0.231645	0.0994395	0.231645	0.1	0.00696481
2.47044	1.74684	-2.47162	-6.12473e-07	-6.74865e-07	1.25349e-06	-2.15155e-22	3.39096e-22	6.47883e-23	0.231259	0.0989432	0.231259	0.1	0.0120515
-0.800557	-3.21964	2.41214	2.57575e-10	3.20144e-10	7.39005e-10	1.48967e-32	-6.47399e-33	-7.92611e-33	0.231123	0.098769	0.231123	0.1	0.00839698
-0.750554	2.98356	-1.75479	-4.32186e-06	-3.87472e-06	8.75506e-07	9.88411e-23	2.0397e-22	-4.99965e-21	0.231119	0.0987639	0.231119	0.1	0.00674779
-2.36083	3.35837	1.12699	2.57575e-10	3.20144e-10	7.39005e-10	-1.75159e-39	2.01564e-37	6.03781e-38	0.230873	0.0984481	0.230873	0.1	0.0068711
-1.77917	0.766011	0.796343	5.6025e-07	6.31033e-09	-2.09502e-06	4.19095e-22	-4.98908e-22	-1.26486e-22	0.230842	0.0984085	0.230842	0.1	0.00869306
0.923383	4.12488	-1.33467	-3.44641e-05	1.42133e-05	-1.49145e-05	-3.94495e-20	-5.90983e-21	1.82319e-20	0.230833	0.0983978	0.230833	0.1	0.00559932
1.54302	0.899229	-0.784464	-6.17708e-06	9.40991e-06	6.72466e-06	-1.07064e-21	2.57016e-21	1.07461e-22	0.230736	0.0982731	0.230736	0.1	0.0151948
-1.81883	2.22495	0.268641	-1.76039e-06	-6.94592e-06	4.66899e-06	-3.41247e-22	9.97844e-23	-1.27298e-22	0.230721	0.0982548	0.230721	0.1	0.00663342
0.820916	-1.52149	1.44104	-4.37296e-06	-9.39527e-07	1.94073e-06	9.51062e-23	-3.51459e-22	-2.80776e-23	0.23067	0.0981897	0.23067	0.1	0.0060087
-2.04063	0.425746	0.352551	9.20973e-06	-4.76468e-06	2.15797e-06	2.14187e-22	-3.18588e-23	-1.7028e-21	0.230643	0.0981548	0.230643	0.1	0.00755782
1.34274	-0.445515	-2.16155	4.26657e-05	-3.61385e-05	2.25807e-05	-8.32788e-23	1.02059e-21	-5.76372e-23	0.230633	0.0981413	0.230633	0.1	0.00727942
2.0113	-1.96616	1.16373	-1.33605e-05	-9.7803e-06	7.31749e-06	-7.78342e-23	-4.92082e-22	-2.23354e-22	0.230625	0.0981311	0.230625	0.1	0.012961
-1.1192	1.62388	-1.54626	4.90866e-05	-5.85892e-07	2.54057e-05	4.60944e-22	2.4699e-21	-1.54505e-21	0.230579	0.0980725	0.230579	0.1	0.00932022
1.28212	-0.349018	0.0448522	5.69698e-07	1.28133e-06	-3.22026e-07	3.80129e-23	-2.76149e-23	3.48648e-23	0.230558	0.0980458	0.230558	0.1	0.0066772
-1.74017	-3.91259	1.1759	1.9787e-06	4.63229e-06	-5.24897e-06	-1.38305e-22	-2.4348e-22	-4.63416e-22	0.230252	0.0976566	0.230252	0.1	0.00536344
-1.96228	-3.00679	0.071777	-2.65951e-06	-1.59216e-06	3.04977e-06	-1.23871e-22	3.47896e-22	1.44391e-22	0.230191	0.0975787	0.230191	0.1	0.0141741
1.62132	-2.57963	-1.44919	-1.02888e-05	-2.54055e-05	3.8231e-05	-7.08858e-22	6.39044e-22	-6.58944e-21	0.230003	0.0973397	0.230003	0.1	0.0106904
0.931516	3.18927	-1.96076	-6.03224e-06	7.15216e-06	3.62016e-05	-2.65713e-21	2.08746e-21	-2.06677e-20	0.229946	0.097268	0.229946	0.1	0.00635009
-0.815695	-3.17922	-2.05283	8.42135e-06	-1.54177e-05	3.35751e-07	2.42942e-20	3.2938e-20	2.78716e-20	0.229549	0.096765	0.229549	0.1	0.00976218
-0.579728	-3.66566	0.313616	2.57575e-10	3.20144e-10	7.39005e-10	7.43472e-37	3.37117e-37	3.77938e-37	0.229357	0.0965221	0.229357	0.1	0.0103935
-0.429331	2.04005	-1.5945	5.66143e-06	4.29381e-06	-6.47951e-06	-3.01239e-21	-5.42231e-21	8.66186e-21	0.229258	0.0963976	0.229258	0.1	0.00666872
1.86276	2.52008	-0.505113	2.09588e-06	-1.47681e-06	-7.34239e-06	1.9298e-20	2.69981e-20	-2.12201e-20	0.22923	0.0963621	0.22923	0.1	0.0115908
-1.98858	-0.147602	-1.24242	2.57575e-10	3.20144e-10	7.39005e-10	-2.55572e-40	-8.72096e-41	1.2125e-41	0.229201	0.0963252	0.229201	0.1	0.0120029
1.11861	-3.26597	-0.283026	-3.24616e-06	1.58137e-05	-1.17728e-05	3.56305e-21	-2.25078e-21	9.45491e-22	0.229176	0.0962939	0.229176	0.1	0.00651577
-0.384817	-1.15746	2.16213	1.92834e-06	2.86116e-06	1.53127e-06	-1.26495e-21	-1.87925e-22	-5.6454e-22	0.229085	0.0961794	0.229085	0.1	0.00964398
1.53089	-4.20662	1.10407	8.06464e-06	-1.34709e-06	-1.9164e-05	-2.91926e-21	2.9922e-22	3.344e-21	0.229077	0.0961691	0.229077	0.1	0.0109415
1.52634	-3.46228	0.278155	4.27756e-07	3.74463e-06	-1.12139e-05	-2.41259e-20	8.6345e-21	2.52443e-20	0.229076	0.0961678	0.229076	0.1	0.00596547
-0.691899	-1.67758	0.0189969	-1.71065e-05	1.64129e-05	-7.5202e-06	-1.55815e-21	-2.08228e-21	2.38136e-21	0.22896	0.0960221	0.22896	0.1	0.00854956
2.30047	1.8819	1.36841	-1.75291e-06	3.37479e-06	3.9293e-06	-6.19258e-22	-2.89652e-22	1.45862e-23	0.228922	0.0959732	0.228922	0.1	0.00887112
1.51946	-3.10709	-0.0108017	8.896e-06	2.31279e-06	-1.403e-05	-1.96958e-20	1.56861e-20	4.48798e-21	0.22887	0.0959088	0.22887	0.1	0.0053556
0.376002	-0.587915	1.60847	-3.06798e-06	1.16106e-05	1.16521e-05	2.03741e-20	-1.65211e-20	-1.69686e-21	0.228804	0.0958252	0.228804	0.1	0.00567961
0.766256	3.2181	0.713724	-4.13737e-06	-4.43921e-06	-3.34198e-06	-1.77071e-22	2.00066e-21	1.40248e-22	0.228763	0.0957736	0.228763	0.1	0.00655251
2.00842	1.86304	-0.127736	2.57575e-10	3.20144e-10	7.39005e-10	2.98852e-37	-2.38529e-37	8.59211e-38	0.228698	0.0956928	0.228698	0.1	0.0130429
-0.136615	2.35981	-1.44713	-1.5927e-07	3.48664e-06	7.18494e-06	-1.55228e-21	2.55225e-21	7.92192e-22	0.228612	0.0955848	0.228612	0.1	0.00600993
0.764548	2.88816	-2.26351	2.62858e-06	3.77445e-05	9.85065e-08	-4.70883e-20	-5.23169e-21	-6.27424e-21	0.228547	0.0955035	0.228547	0.1	0.00707202
-2.23818	2.43261	0.119174	-6.08169e-06	-9.24287e-07	8.19698e-06	2.25338e-20	-6.11772e-20	-1.11894e-19	0.228304	0.0951981	0.228304	0.1	0.00542976
-1.34326	-1.0831	2.14886	-8.8081e-06	-8.38768e-06	-4.4404e-06	-7.51281e-22	-7.96987e-21	-5.86999e-21	0.228269	0.0951547	0.228269	0.1	0.00446286
0.720794	-1.01481	-0.087869	4.10709e-06	-6.24764e-06	-4.18204e-06	-7.54661e-22	-5.45525e-22	-7.68038e-22	0.228189	0.0950544	0.228189	0.1	0.00921244
1.638	3.29656	0.129479	-5.09415e-06	7.22924e-07	5.97144e-06	2.08332e-21	-1.70321e-21	-1.2436e-21	0.228031	0.094858	0.228031	0.1	0.00535749
1.06355	-3.44724	-0.8542	-1.43526e-05	3.98551e-06	3.18232e-07	3.28364e-21	1.05399e-20	2.94063e-21	0.227943	0.0947483	0.227943	0.1	0.0062116
2.3813	-0.610618	2.47965	-6.88613e-07	-2.48556e-06	3.33844e-08	4.98488e-24	-1.41532e-24	-3.59547e-23	0.2278	0.0945699	0.2278	0.1	0.0105922
2.20359	-1.99083	-1.39332	-1.03343e-05	-9.17277e-06	1.40356e-05	-6.45887e-22	5.66213e-22	-9.33788e-22	0.227783	0.0945487	0.227783	0.1	0.00802461
-0.162437	3.91947	-1.30868	2.57575e-10	3.20144e-10	7.39005e-10	7.09141e-37	-1.41402e-36	-6.0168e-37	0.227749	0.0945062	0.227749	0.1	0.00970408
2.20009	-3.04163	0.103471	1.46333e-06	-2.37239e-05	1.39411e-06	1.72594e-21	4.51541e-21	-8.16529e-22	0.227712	0.0944602	0.227712	0.1	0.01202
-0.530764	-2.25369	1.31312	4.3949e-06	9.34851e-07	-1.60601e-05	-9.57826e-21	6.47622e-21	-3.59564e-21	0.227085	0.0936821	0.227085	0.1	0.00887751
0.318781	3.91659	-2.36767	1.04374e-07	-1.41649e-07	-2.50265e-07	1.17031e-23	-5.37204e-23	3.94628e-23	0.227036	0.0936211	0.227036	0.1	0.00701576
-0.205104	-3.64062	-0.616908	-4.15121e-06	-8.59044e-06	-6.86297e-06	-1.51896e-20	-6.7805e-21	1.71928e-20	0.226797	0.0933254	0.226797	0.1	0.00611403
-2.25058	2.9359	0.436755	-1.54312e-06	-2.60148e-06	-6.0935e-07	7.63024e-23	7.3637e-23	-3.49039e-22	0.226765	0.0932862	0.226765	0.1	0.0114963
0.997094	1.60806	2.39861	2.57575e-10	3.20144e-10	7.39005e-10	2.48791e-40	-3.32694e-41	1.74044e-37	0.226707	0.0932152	0.226707	0.1	0.0136661
1.12758	0.0660429	2.32158	2.57575e-10	3.20144e-10	7.39005e-10	1.37018e-36	2.89461e-37	1.79068e-36	0.226557	0.0930303	0.226557	0.1	0.00911685
0.258351	0.843954	0.857643	2.56615e-07	-1.34044e-06	2.97008e-06	-6.66334e-23	2.41812e-22	4.87135e-23	0.226482	0.0929378	0.226482	0.1	0.0080969
2.187	3.49272	1.12139	1.9488e-05	-3.97128e-06	-1.47846e-06	-1.2473e-21	1.30915e-21	-7.49668e-23	0.226462	0.0929135	0.226462	0.1	0.00604152
-1.29431	2.02827	-1.66741	-1.69309e-06	-2.67075e-05	1.01364e-05	3.2819e-21	4.04756e-20	-2.46605e-20	0.226461	0.0929116	0.226461	0.1	0.00567356
0.434189	-1.39933	1.71953	2.2223e-07	1.18908e-06	5.94424e-07	-2.18511e-23	9.28979e-23	-1.65384e-22	0.226417	0.0928581	0.226417	0.1	0.00906784
-1.99717	-2.28745	-0.705674	-3.13498e-06	-3.23462e-06	1.14768e-05	2.82946e-21	-9.13555e-21	4.06225e-20	0.226414	0.0928544	0.226414	0.1	0.0060063
2.26597	-2.1403	0.82663	-3.08428e-05	1.71472e-05	-1.99427e-05	-2.85994e-21	-2.36536e-21	-1.39396e-21	0.226346	0.0927701	0.226346	0.1	0.00835305
1.16268	1.93688	2.01425	-8.0044e-06	1.38053e-06	-5.93776e-07	4.73044e-24	-1.93841e-22	-9.69939e-23	0.226256	0.0926599	0.226256	0.1	0.0145879
-0.5018	-2.99342	-2.32572	1.26129e-06	4.26385e-06	3.90108e-06	1.41384e-21	1.37976e-20	2.45158e-20	0.22602	0.0923705	0.22602	0.1	0.00817238
-0.0864095	2.28451	-1.00171	7.05453e-06	1.23654e-05	8.08752e-06	-4.0972e-21	1.27554e-23	-2.21006e-22	0.225919	0.092246	0.225919	0.1	0.00565383
-0.527221	0.0152627	0.204659	2.65436e-06	6.2429e-06	3.17468e-06	-3.97098e-22	8.1159e-23	-2.23387e-22	0.225913	0.0922389	0.225913	0.1	0.00769971
2.38518	0.490461	-1.94917	5.88989e-06	3.95927e-06	1.91426e-07	-6.08113e-25	-1.15859e-23	3.73176e-22	0.225559	0.0918062	0.225559	0.1	0.00912688
-0.137645	-1.3856	0.33183	-2.32961e-06	-6.53888e-06	-1.9414e-06	4.0494e-23	-8.19804e-24	6.02375e-22	0.225338	0.0915363	0.225338	0.1	0.00726537
-1.24398	2.48387	-1.61894	6.48144e-06	-1.25591e-05	-6.28487e-06	2.20719e-21	5.9968e-22	2.49302e-21	0.225325	0.091521	0.225325	0.1	0.00573341
-0.0710013	-2.31927	0.720817	-1.06173e-05	1.00213e-06	6.39644e-06	-2.66284e-19	3.43137e-20	8.15511e-20	0.225324	0.0915193	0.225324	0.1	0.00728172
1.07475	-0.731354	-0.091591	-1.11549e-06	4.67651e-07	4.25114e-06	6.83983e-24	-1.19713e-22	-3.09935e-22	0.225293	0.0914818	0.225293	0.1	0.00753853
-0.865271	-0.321535	0.455718	-1.98801e-05	2.04131e-05	3.40129e-06	-5.22556e-21	-6.51047e-22	-1.13632e-21	0.225084	0.0912266	0.225084	0.1	0.00548672
-1.33735	-4.17773	-1.72378	2.62488e-06	-2.16409e-06	-1.57129e-05	5.46767e-21	1.75134e-20	-3.39259e-21	0.225031	0.0911629	0.225031	0.1	0.00790085
