0.803775	2.10434	0.0022114	-2.52556e-12	-2.97501e-11	2.69087e-11	2.23623e-26	-3.35553e-27	1.95724e-27	0.524846	0.144576	0	0.1	0.0290738
-2.01543	1.60483	1.01731	1.44054e-12	-4.30523e-12	3.88301e-13	-1.28518e-28	6.74446e-29	-1.76619e-29	0.524322	0.144144	0	0.1	0.0305264
1.71102	0.967904	-0.194937	-6.94353e-12	1.51e-11	1.60297e-12	3.45164e-28	-2.13364e-27	1.58101e-27	0.524212	0.144053	0	0.1	0.0190697
-2.25366	0.807377	-0.22567	8.79423e-13	-3.81435e-12	2.4178e-12	5.98524e-28	-5.18729e-29	-3.12743e-29	0.523895	0.143791	0	0.1	0.0240487
-1.45764	0.766427	2.15425	-1.67348e-11	3.21813e-11	9.71351e-12	9.59683e-28	1.94751e-27	-4.57145e-27	0.523609	0.143556	0	0.1	0.0308855
-1.92911	0.203327	-1.01754	-1.33554e-12	2.28304e-12	-4.0648e-12	-4.39353e-28	2.46861e-28	2.99656e-28	0.523432	0.143411	0	0.1	0.0235295
-1.91175	-3.22372	0.638278	3.25967e-12	2.11671e-14	-9.80502e-13	7.74182e-30	-1.5282e-28	2.54922e-28	0.523282	0.143287	0	0.1	0.0177966
-2.35956	-3.92683	1.61722	-4.35595e-12	-6.2539e-12	-3.0552e-12	-1.27287e-27	9.54044e-30	1.55058e-27	0.523	0.143056	0	0.1	0.0284964
-2.23419	-1.21764	-0.525348	-2.75109e-12	2.29403e-12	-2.68448e-12	-7.68417e-30	1.06278e-28	-3.05722e-29	0.522213	0.142411	0	0.1	0.0270393
1.96021	1.65588	-2.03492	4.4791e-12	-5.13589e-12	-2.1435e-12	1.07999e-27	-7.03912e-28	1.7374e-28	0.521675	0.141971	0	0.1	0.0256562
0.928647	-1.55704	0.265769	-2.18061e-12	4.54182e-12	9.82986e-13	7.01663e-28	-5.90431e-28	-1.22687e-30	0.521666	0.141964	0	0.1	0.022342
0.816145	4.20787	0.958883	-2.3213e-12	4.59142e-12	2.58339e-12	3.87135e-28	-2.0058e-28	8.4606e-29	0.521614	0.141922	0	0.1	0.0205853
1.43952	4.30655	-0.462881	-3.03592e-12	-3.29447e-12	8.15497e-13	2.94404e-29	-1.81732e-28	7.6725e-29	0.520533	0.141041	0	0.1	0.0184146
0.228973	-0.360963	2.43329	1.09837e-12	3.82682e-12	-1.24767e-12	2.11299e-28	-7.80814e-28	-7.16926e-28	0.520389	0.140924	0	0.1	0.0297161
-1.71161	3.78508	1.33617	-4.5168e-13	2.9017e-12	-2.51614e-12	-2.89347e-28	-1.17844e-27	5.08161e-28	0.520324	0.140871	0	0.1	0.024419
0.762165	1.14428	-1.33173	-7.50858e-13	-2.50346e-12	2.45788e-13	1.46308e-28	-2.95295e-28	-6.47294e-28	0.52032	0.140867	0	0.1	0.0211967
-0.257941	1.27055	-0.161876	-4.54688e-13	1.22435e-12	1.3451e-13	-3.23311e-28	6.72859e-29	7.4555e-28	0.520271	0.140828	0	0.1	0.027127
0.0675348	-1.52098	0.851213	-2.8186e-12	1.25525e-12	1.15211e-12	7.18746e-28	-3.08813e-28	-3.30939e-28	0.520146	0.140726	0	0.1	0.0239009
-1.16012	-2.6707	1.10598	4.49865e-12	7.56146e-12	-8.057e-12	-4.12747e-29	7.37132e-27	-7.90199e-28	0.520004	0.140611	0	0.1	0.0198044
1.9301	-2.84311	0.00591101	1.53937e-12	-1.73912e-13	1.68421e-12	-8.97876e-29	1.92462e-28	-2.68809e-28	0.519757	0.140411	0	0.1	0.0202336
0.352191	3.23208	-0.483062	-2.25706e-11	2.61968e-11	1.71419e-13	-6.75442e-28	6.32015e-28	-2.71937e-27	0.518893	0.139712	0	0.1	0.0220745
-1.22116	-1.13895	-0.752173	-1.06102e-11	4.67922e-12	1.05235e-11	1.32234e-26	6.87237e-27	3.11548e-27	0.518846	0.139674	0	0.1	0.0219627
-1.09054	-4.36595	-0.823088	-2.13342e-12	1.01931e-12	9.79685e-13	-6.14811e-28	8.55046e-28	2.24956e-28	0.518509	0.139402	0	0.1	0.0194247
-1.18358	-4.1473	2.2253	2.65226e-12	1.64933e-12	-2.50541e-12	1.25995e-28	4.28616e-28	8.43771e-29	0.518469	0.139369	0	0.1	0.0217808
2.01726	-3.35754	-0.899929	-4.65704e-13	4.37527e-12	-4.30402e-13	6.37779e-29	-2.70685e-28	-3.32526e-28	0.518089	0.139064	0	0.1	0.0230612
-0.442537	3.7975	-0.899079	-7.79995e-13	2.50041e-12	1.71851e-13	3.93415e-28	-4.99722e-28	7.0308e-28	0.517613	0.13868	0	0.1	0.0196841
0.302695	-1.79596	-0.837948	-3.91544e-12	4.13724e-11	-2.37978e-11	5.47013e-27	-5.4133e-28	-3.5959e-27	0.517573	0.138648	0	0.1	0.0183761
2.24259	0.662619	-2.14776	2.2695e-11	5.8211e-12	1.04508e-11	-4.59833e-27	-4.63629e-27	1.8704e-26	0.517023	0.138207	0	0.1	0.0224297
-1.09799	-2.97978	-1.94727	-1.60487e-12	-2.36561e-12	4.19038e-12	3.28826e-28	-9.90431e-29	-7.17999e-29	0.515939	0.137339	0	0.1	0.0172029
2.31973	2.30346	1.40748	2.70226e-12	-2.34656e-12	3.78229e-14	4.00185e-28	-5.34226e-28	-4.07516e-28	0.51593	0.137332	0	0.1	0.0194534
0.389737	-4.41848	0.113604	8.02278e-13	7.68113e-13	-1.65222e-12	1.99398e-28	-1.03054e-28	-8.85801e-28	0.515892	0.137302	0	0.1	0.0215588
-0.161557	-2.53055	0.870832	-9.30585e-13	2.50494e-13	3.46849e-13	3.53981e-28	8.63554e-28	1.75715e-28	0.51515	0.13671	0	0.1	0.0266707
1.13912	3.42658	-2.03676	2.56179e-12	2.09562e-12	2.57928e-12	-7.52199e-28	5.82119e-29	-2.24749e-28	0.515017	0.136605	0	0.1	0.0176577
-2.42762	-0.786665	0.441456	6.10766e-12	4.82919e-12	6.91841e-12	-3.45754e-28	3.01657e-28	2.184e-27	0.51479	0.136424	0	0.1	0.0168985
-1.00083	-3.10734	2.03458	1.22157e-13	5.14171e-13	3.02114e-12	9.873e-29	1.46251e-27	8.75169e-28	0.514608	0.136279	0	0.1	0.0180592
-1.37064	0.266059	-1.89053	2.88648e-12	1.69839e-12	-1.89607e-12	-2.00451e-28	3.4284e-28	1.53146e-28	0.514597	0.136271	0	0.1	0.0275856
-0.597663	3.19171	-0.0784214	1.37049e-12	-8.05419e-13	-1.56723e-12	-2.14339e-28	-5.10485e-28	4.66088e-28	0.514103	0.135879	0	0.1	0.0206345
2.37844	-2.21655	0.694414	1.11267e-12	2.25219e-12	7.32311e-13	9.75433e-28	7.31609e-28	5.34443e-28	0.513382	0.135308	0	0.1	0.0252525
-1.76102	3.71467	2.36623	8.01773e-12	3.36691e-12	2.61791e-12	1.4708e-27	5.27503e-28	-3.87357e-27	0.513251	0.135204	0	0.1	0.0238243
-1.4939	1.75205	-2.25499	-6.13015e-12	-9.66877e-12	7.39399e-12	1.46947e-28	-5.13476e-28	5.01001e-28	0.51286	0.134895	0	0.1	0.0333766
1.80271	-1.37271	0.786158	1.29209e-12	4.05275e-12	-1.86773e-12	-1.54215e-28	-4.31761e-28	-1.53312e-28	0.511987	0.134207	0	0.1	0.0226907
1.14006	2.99503	-1.10437	2.21872e-12	-8.36727e-12	9.45773e-14	-8.09844e-28	1.83687e-27	-1.81933e-27	0.511935	0.134166	0	0.1	0.0249843
0.243856	-3.46938	-2.20818	-7.45195e-12	2.389e-12	9.23441e-13	1.9534e-28	-1.1697e-28	3.7625e-28	0.51175	0.134021	0	0.1	0.0215452
2.4037	-4.38412	0.590291	-4.56119e-12	-2.74226e-12	3.56761e-12	-1.84377e-28	-2.6862e-28	-1.01388e-28	0.511328	0.13369	0	0.1	0.0210269
-0.996166	0.0817672	0.317678	2.53461e-12	3.92086e-12	1.73512e-11	5.15371e-27	-6.22035e-27	1.98508e-28	0.510397	0.132961	0	0.1	0.0248822
1.81616	-3.16776	2.11489	1.99376e-11	6.4684e-12	2.14999e-11	8.50428e-28	5.75285e-27	-6.57955e-28	0.509973	0.13263	0	0.1	0.025942
-0.5132	1.70272	1.25632	4.52692e-13	-2.7851e-12	4.14573e-12	-8.84116e-28	3.01413e-28	-2.32111e-29	0.509383	0.13217	0	0.1	0.0176455
2.47524	-3.18596	-1.80387	2.99017e-12	-4.5258e-12	7.07291e-12	-1.52794e-27	1.18343e-27	-1.23041e-27	0.509347	0.132142	0	0.1	0.0270944
-1.18143	-3.43724	-0.391497	-5.77353e-12	2.08656e-12	2.15794e-12	-6.01897e-29	-3.25214e-29	-7.64578e-29	0.509054	0.131914	0	0.1	0.0195239
1.45226	-2.49311	-2.21362	3.85824e-12	3.8058e-12	1.28423e-13	5.62311e-28	-6.65098e-28	6.79478e-28	0.509023	0.13189	0	0.1	0.0252017
0.741632	1.59306	2.37991	-1.61735e-11	-1.99632e-12	-8.61905e-12	-2.16889e-27	-1.72134e-27	9.87596e-27	0.508934	0.131821	0	0.1	0.0164433
-0.673253	1.43407	2.22537	-1.0258e-12	-4.00007e-13	5.624e-12	-8.07772e-29	-4.12372e-28	-3.46639e-28	0.508766	0.131691	0	0.1	0.0259335
-2.23277	-0.136487	2.48097	-1.39143e-11	2.19567e-12	-3.90641e-12	-8.62943e-28	-1.87504e-28	4.76727e-27	0.508406	0.131411	0	0.1	0.0207347
-0.0913498	-1.31884	1.89027	6.38715e-12	-5.26083e-13	4.43422e-13	1.5884e-28	-3.06432e-29	-2.98204e-28	0.508337	0.131357	0	0.1	0.0202268
-1.77501	-2.42254	-2.47726	2.12329e-12	-5.58376e-13	-7.84364e-13	1.62871e-28	-6.27263e-28	-2.12339e-29	0.508294	0.131324	0	0.1	0.0305611
1.10046	-3.88858	1.21992	5.13579e-12	4.94849e-12	4.8936e-13	1.94417e-28	5.18094e-29	-7.85954e-28	0.50781	0.13095	0	0.1	0.0202275
2.25824	-3.96137	-2.42572	-2.44534e-12	3.87292e-13	3.98106e-13	4.56107e-29	-5.08522e-28	1.78621e-29	0.507753	0.130905	0	0.1	0.0222295
2.18554	0.72083	-1.126	-6.93314e-12	-5.68637e-12	2.26295e-12	-5.89079e-29	-6.54377e-29	3.73559e-28	0.507742	0.130897	0	0.1	0.0222201
-0.933404	2.04547	-0.164856	-2.61392e-12	1.08543e-12	-7.69396e-13	4.3056e-29	-1.11046e-29	4.14432e-28	0.507637	0.130816	0	0.1	0.0225785
-1.83064	-1.64615	0.390684	4.35136e-12	3.39991e-12	2.13356e-12	-1.03686e-28	2.38431e-28	1.44333e-28	0.507412	0.130642	0	0.1	0.0178997
-2.2149	2.8163	-0.960447	-1.46557e-12	8.12405e-12	-1.75704e-13	2.03272e-28	-1.01874e-27	-1.38022e-27	0.507009	0.13033	0	0.1	0.0211579
1.99231	3.76699	-2.48486	4.29802e-12	-9.96009e-13	1.74333e-12	-9.10339e-28	-3.99061e-28	-2.41582e-28	0.506882	0.130233	0	0.1	0.0219012
1.70271	-1.84424	-0.347918	-7.95914e-13	-2.33012e-12	4.30415e-12	6.94425e-29	-7.27969e-28	-3.4487e-28	0.506866	0.130221	0	0.1	0.0225664
0.49874	0.614465	2.25685	5.49857e-13	4.44951e-12	-2.89801e-12	1.15069e-28	5.38081e-29	-4.77371e-28	0.50679	0.130162	0	0.1	0.0209613
-2.42116	-1.9084	-1.8871	-1.58612e-12	1.67678e-12	-6.39208e-12	2.99616e-28	-2.13619e-28	2.54445e-28	0.5066	0.130015	0	0.1	0.0266236
1.88104	-1.77453	1.71838	1.00031e-11	1.56063e-11	1.38564e-11	-6.23462e-27	2.19163e-27	7.73992e-28	0.505811	0.129409	0	0.1	0.0278737
-2.1553	1.49391	-0.986738	3.09691e-12	-7.2794e-12	-1.32911e-12	5.04645e-28	5.5763e-28	-1.8427e-28	0.505626	0.129267	0	0.1	0.0213432
0.0712772	-0.165187	1.43846	1.08857e-12	4.51572e-12	-1.89668e-12	-1.18235e-27	1.96487e-28	-8.72997e-28	0.505592	0.129241	0	0.1	0.0241892
1.55334	0.789071	0.80722	5.4133e-12	3.25189e-12	-3.61929e-12	7.37401e-28	-1.40468e-28	-3.82359e-28	0.505452	0.129134	0	0.1	0.0199696
2.45604	2.32313	0.395151	-3.86915e-12	5.55563e-13	-8.61116e-13	5.84157e-28	1.48909e-28	-3.61106e-28	0.505336	0.129045	0	0.1	0.0196194
-0.474983	0.46263	2.01229	-2.00321e-12	-7.46788e-13	2.13054e-12	-8.51493e-28	-2.60155e-28	2.0312e-28	0.505116	0.128877	0	0.1	0.022122
-1.54975	2.84818	-0.197956	-1.58131e-11	6.3961e-12	-6.42553e-12	1.36887e-27	-8.73649e-28	-1.90894e-27	0.504879	0.128695	0	0.1	0.020801
1.80352	2.2904	-0.375158	-3.89922e-12	-1.76271e-12	-1.64313e-12	6.38506e-28	-2.51075e-28	-2.6869e-28	0.504584	0.12847	0	0.1	0.0220803
1.68342	-4.40389	1.86789	2.54178e-12	-2.91398e-12	-2.02269e-12	1.95477e-28	-6.02437e-29	-3.32035e-28	0.504566	0.128456	0	0.1	0.021785
-1.00702	0.818195	1.23177	1.97171e-13	-2.60514e-12	-1.63549e-12	-5.08674e-29	2.48147e-28	8.41355e-29	0.503757	0.127839	0	0.1	0.0269951
-0.665283	-2.02339	-1.07159	9.1638e-13	2.85682e-12	-1.80959e-12	4.01924e-28	-1.92554e-27	-2.59737e-28	0.503666	0.12777	0	0.1	0.020935
-1.6978	-1.17725	1.27616	-5.39773e-12	3.32062e-12	4.31264e-12	-3.87253e-29	-4.3405e-29	-2.08728e-29	0.503279	0.127476	0	0.1	0.0278441
2.27744	3.15226	-0.154474	5.56131e-11	-5.28536e-11	-1.39319e-11	3.00976e-27	1.69275e-27	2.01169e-26	0.502994	0.127259	0	0.1	0.0203771
1.94396	2.43443	-1.36879	6.79143e-12	-1.22732e-12	-5.474e-12	1.71637e-27	-1.85469e-29	2.55649e-27	0.502964	0.127236	0	0.1	0.0211301
-0.0940428	0.620726	-1.13194	-2.64846e-12	-2.38163e-13	3.8423e-12	-2.52214e-28	-3.13767e-28	-2.1856e-28	0.502714	0.127046	0	0.1	0.0257002
-0.00122482	3.7621	0.531897	-1.38853e-12	1.78878e-12	2.22581e-12	3.52007e-28	-1.0418e-28	1.69334e-27	0.50255	0.126922	0	0.1	0.0267427
0.733034	-3.62224	-0.420643	8.56114e-12	-6.84753e-12	-6.37515e-12	6.66381e-28	1.18028e-27	-1.08518e-26	0.502442	0.12684	0	0.1	0.0206957
-2.33402	0.656444	0.786305	-2.55174e-11	2.32967e-11	-7.78214e-11	2.44294e-26	4.75499e-27	-4.91787e-27	0.50229	0.126726	0	0.1	0.020515
-0.728264	3.61245	1.6803	-5.57479e-12	-1.28246e-13	-5.39771e-13	1.25521e-27	3.05656e-30	-6.01816e-30	0.501803	0.126357	0	0.1	0.027335
0.33778	2.24708	1.20985	4.56364e-13	-1.01979e-13	-1.86209e-12	5.69123e-28	-6.19016e-28	-1.33211e-28	0.501655	0.126246	0	0.1	0.0234432
0.437475	-3.06394	1.61391	4.11345e-13	8.35361e-13	-3.7842e-13	1.04682e-28	-5.5736e-28	7.12541e-28	0.501502	0.12613	0	0.1	0.0257902
-0.428827	-1.05552	-2.19511	3.76508e-12	-5.51254e-13	-1.50698e-13	1.2807e-28	-8.22804e-29	4.06974e-28	0.501498	0.126127	0	0.1	0.0224381
0.130819	-3.33963	0.330322	-3.61901e-12	-7.21537e-12	-1.12073e-11	-1.77844e-27	-2.84188e-27	3.22439e-27	0.500645	0.125485	0	0.1	0.0173698
1.62111	2.12992	2.12527	2.09251e-12	-2.01497e-12	2.70476e-13	6.85842e-28	8.5286e-28	8.76658e-28	0.500505	0.125379	0	0.1	0.0174462
-1.81016	2.63241	-1.86474	1.01065e-11	-2.08321e-11	6.95724e-12	1.5729e-27	-3.35552e-28	-3.10567e-27	0.500425	0.125319	0	0.1	0.0191956
-0.0599525	1.68679	-1.59852	-1.38894e-12	-1.99231e-12	2.69111e-12	3.43022e-28	-1.38223e-28	1.95634e-28	0.500152	0.125114	0	0.1	0.0289696
-0.241816	-1.00243	-0.506238	-3.59974e-12	-2.12646e-12	-2.00343e-12	-2.63874e-28	-2.3618e-28	6.75418e-29	0.50005	0.125037	0	0.1	0.0170514
-0.720632	-3.927	0.55215	7.57527e-13	9.73413e-13	3.13654e-12	-1.65729e-27	4.39791e-28	-6.36805e-28	0.499913	0.124935	0	0.1	0.0202864
-1.7504	-0.379646	-0.195534	3.05372e-13	-1.57029e-13	-4.81052e-12	-8.69314e-28	-3.57603e-28	-6.65133e-30	0.499909	0.124931	0	0.1	0.0206185
-0.847744	4.18326	0.865716	-6.13653e-12	-1.41345e-13	-1.66711e-12	-2.57467e-28	2.25711e-28	-1.71254e-27	0.499869	0.124902	0	0.1	0.0208104
-1.91352	2.73829	1.91083	4.02895e-12	-3.23881e-12	3.25526e-13	-1.76209e-29	1.11314e-28	-1.02066e-28	0.498933	0.124202	0	0.1	0.0237832
1.01577	-1.84516	-1.57702	-5.44137e-12	-9.1289e-13	-1.23897e-12	-6.55894e-28	1.32273e-27	2.14022e-28	0.498754	0.124068	0	0.1	0.0220342
0.566619	-0.650941	-0.0328886	1.25608e-11	-1.04909e-12	-1.13129e-12	-1.2833e-27	-6.4202e-27	-2.99458e-27	0.498719	0.124042	0	0.1	0.0239869
-2.37307	-1.17249	2.01455	-2.85558e-12	3.43019e-12	6.74511e-12	4.83377e-28	-4.82255e-29	-2.60638e-28	0.497341	0.123016	0	0.1	0.0264234
0.000726084	0.981079	0.778551	-1.0957e-12	-7.66184e-13	-1.88359e-12	-6.37212e-28	5.18016e-28	-2.19119e-28	0.49708	0.122823	0	0.1	0.0208778
1.28654	-4.01435	-1.1549	-1.22014e-11	-3.17163e-12	1.4441e-11	1.42396e-27	-1.17305e-26	6.3644e-28	0.49698	0.122749	0	0.1	0.0197177
0.550811	-1.27121	-2.24499	6.11168e-12	1.35273e-11	6.00808e-12	8.64807e-27	1.52223e-27	-1.34393e-26	0.496954	0.122729	0	0.1	0.0252878
-1.23722	-0.195665	1.25484	-9.30596e-12	-1.44923e-11	-3.83424e-11	1.24562e-26	-4.53789e-27	-2.2156e-29	0.496238	0.122199	0	0.1	0.0298312
-1.13804	-2.00103	1.87025	9.67344e-12	3.58027e-12	8.38875e-12	-5.42773e-29	-4.36637e-28	4.38303e-30	0.496087	0.122088	0	0.1	0.0307296
-1.47814	-4.15515	1.15959	1.36557e-12	1.20354e-11	-7.38495e-12	-6.0574e-28	-8.09864e-28	-1.71419e-27	0.49558	0.121714	0	0.1	0.0236715
1.07723	-0.673436	0.835794	-3.77571e-12	6.6991e-13	-6.99922e-13	6.24282e-28	2.06891e-28	2.20247e-29	0.495221	0.12145	0	0.1	0.020265
-0.230964	0.841834	-2.09525	1.31668e-12	-2.22007e-12	1.88207e-12	-1.30625e-29	2.94584e-28	-6.6794e-29	0.494792	0.121135	0	0.1	0.026015
-1.05156	3.2111	0.821948	-4.09593e-12	-1.73211e-12	-3.10877e-12	-2.52168e-27	-3.95514e-27	1.25328e-27	0.494194	0.120696	0	0.1	0.0175929
-1.49928	3.82115	-1.65354	-4.23097e-12	1.32671e-12	1.60234e-12	6.86354e-29	-3.41916e-29	-1.79656e-30	0.494182	0.120687	0	0.1	0.0210717
-1.83351	-3.42399	-2.49149	-3.12907e-12	-2.60846e-12	-1.17702e-12	1.10446e-28	3.76156e-28	5.99235e-29	0.494105	0.120631	0	0.1	0.0193728
-0.269546	-3.85383	-0.421238	-5.4238e-12	1.2299e-12	3.58575e-12	2.73274e-28	8.87885e-29	-3.4266e-28	0.493902	0.120482	0	0.1	0.0158642
1.64219	1.7466	0.457347	1.12829e-12	-6.90084e-12	2.70761e-12	1.67013e-27	3.10446e-28	-8.26045e-28	0.493897	0.120478	0	0.1	0.020579
0.822551	2.5847	-2.49362	1.4996e-12	4.32373e-12	-1.87359e-12	-1.0678e-30	2.9768e-28	1.51848e-28	0.493667	0.12031	0	0.1	0.015638
-0.0797804	-1.9395	-1.87473	-1.33494e-11	5.17702e-12	-1.56894e-11	9.91179e-28	-1.12513e-26	-8.28695e-27	0.49365	0.120297	0	0.1	0.0226729
1.00014	-1.32884	1.87407	2.79321e-12	7.5812e-13	-1.71613e-12	2.19588e-28	3.99151e-28	-3.78958e-28	0.493612	0.12027	0	0.1	0.0181963
-0.678501	-0.515267	2.00735	1.58337e-12	-2.31352e-12	-1.58795e-12	9.36218e-28	-6.89558e-29	-3.58047e-28	0.493572	0.120241	0	0.1	0.0210794
-0.13957	-4.48628	-2.37978	1.92686e-12	-5.41841e-12	-9.12656e-13	2.36663e-29	-6.03721e-28	-8.52096e-28	0.493515	0.120199	0	0.1	0.0171561
-1.41025	-2.07313	-0.410889	5.51374e-12	4.96971e-14	3.7702e-12	2.3059e-27	-7.44138e-28	-2.50575e-29	0.493297	0.12004	0	0.1	0.027694
0.855305	0.189363	0.40805	3.04069e-12	3.69473e-12	-2.50247e-12	1.08118e-27	-4.94267e-28	-3.92512e-28	0.492972	0.119803	0	0.1	0.0213973
-0.802344	3.83465	-2.35261	-3.45445e-12	-1.1408e-12	1.59297e-12	7.13554e-28	-1.03146e-28	7.52929e-28	0.492872	0.11973	0	0.1	0.0204913
1.63733	1.55178	-1.02451	-1.23882e-14	6.42804e-13	-5.70468e-12	9.06381e-28	-7.31011e-29	5.53148e-28	0.492758	0.119647	0	0.1	0.0199213
-1.24499	2.24351	0.836621	8.84276e-13	-2.70556e-12	2.30709e-12	7.32933e-28	1.3289e-27	9.51743e-28	0.4926	0.119532	0	0.1	0.0168795
1.54998	3.51152	1.03274	-2.88958e-12	1.92835e-12	8.99817e-13	-8.99624e-28	-9.03566e-28	-6.52267e-28	0.492534	0.119484	0	0.1	0.0217682
-0.948965	-4.39802	-1.82382	2.25963e-12	2.70825e-12	-9.51841e-13	1.23025e-27	1.26131e-27	-4.01255e-28	0.492295	0.11931	0	0.1	0.0174823
1.2413	2.63479	1.35852	3.74937e-12	-3.46973e-12	-4.61957e-12	-7.12545e-28	1.64045e-28	1.75672e-28	0.492272	0.119293	0	0.1	0.0228098
-1.15118	3.10061	-1.07656	-4.43677e-12	4.05775e-12	7.52047e-12	1.55333e-28	5.8532e-29	4.31584e-28	0.491925	0.119041	0	0.1	0.0218055
-0.771125	-2.64213	0.0771425	6.88049e-12	-8.21315e-12	-5.65621e-12	4.32879e-29	4.45959e-28	4.28033e-28	0.491617	0.118818	0	0.1	0.0286276
-0.91198	0.613234	-0.566735	-4.70969e-12	3.10035e-12	1.26314e-12	2.57629e-28	1.20144e-28	5.91458e-28	0.491485	0.118722	0	0.1	0.0256253
-1.32636	-0.833682	-1.83314	6.14676e-12	1.88891e-12	5.3286e-12	-2.64464e-29	-6.58239e-28	2.59369e-28	0.491288	0.118579	0	0.1	0.0209662
1.71941	3.79065	-1.29956	-1.24113e-11	3.68127e-12	-4.8832e-12	-1.49651e-27	-3.3022e-27	-7.12779e-28	0.491145	0.118475	0	0.1	0.0151807
-1.5135	-1.74147	-1.50807	8.1933e-13	-1.91236e-12	-7.35659e-12	-9.90284e-29	-7.906e-28	1.17668e-28	0.490831	0.118248	0	0.1	0.0241826
-1.86181	1.7163	-0.00308517	-2.07359e-12	-1.66927e-12	2.69535e-12	1.40396e-28	-2.65911e-29	-5.29925e-28	0.490352	0.117903	0	0.1	0.0185912
1.67387	-0.825748	-0.607443	4.84519e-13	1.31507e-12	4.56243e-12	1.99585e-28	-6.05029e-28	-7.44107e-29	0.490022	0.117665	0	0.1	0.0216891
0.866309	-2.99751	-1.58075	2.27133e-12	3.70123e-14	-4.55407e-12	-4.9417e-28	-1.10817e-27	-9.05761e-28	0.490019	0.117663	0	0.1	0.0224982
-0.413951	-4.49808	1.67606	-9.17814e-12	3.19243e-12	7.76849e-12	3.80876e-28	1.07944e-26	-5.38521e-27	0.489751	0.11747	0	0.1	0.0233129
0.810419	-2.28902	0.953652	-1.32831e-12	2.87473e-12	-4.69684e-13	6.12702e-28	6.81005e-29	3.11393e-28	0.489751	0.117469	0	0.1	0.0185209
1.30735	-4.05593	-2.14028	-2.04388e-12	-1.65583e-11	1.76788e-11	-7.91369e-28	1.07985e-27	7.03048e-28	0.489355	0.117185	0	0.1	0.0171772
-1.41254	-1.12789	2.23538	-1.67553e-12	2.44646e-12	4.79001e-12	-6.26017e-29	-3.33353e-28	8.13225e-28	0.48916	0.117045	0	0.1	0.0235671
-0.0639951	2.16174	-2.46604	3.74964e-12	4.67907e-13	3.91076e-12	-8.50924e-28	-1.08124e-27	2.84925e-27	0.488799	0.116786	0	0.1	0.0176967
1.07378	-3.14438	0.557541	3.03318e-12	3.70135e-12	-1.83024e-12	3.99348e-29	-2.25068e-29	-4.86358e-28	0.488716	0.116726	0	0.1	0.0147992
2.30025	-3.04752	1.24946	-1.21171e-13	-1.4141e-12	-1.484e-12	-1.08732e-27	2.80698e-28	1.12438e-27	0.488661	0.116687	0	0.1	0.0261525
-1.00887	-0.212411	-1.08549	4.50234e-13	2.15246e-12	1.9275e-12	3.51028e-28	1.56288e-28	-6.27125e-29	0.488379	0.116485	0	0.1	0.0209185
0.0223496	-2.73808	-1.05456	1.39293e-11	-1.07613e-12	-7.88765e-13	1.59719e-28	-6.68569e-29	-1.18706e-27	0.488246	0.11639	0	0.1	0.0145382
-1.32319	3.82598	-0.353045	4.66321e-13	-1.67588e-12	-2.08275e-12	4.40866e-28	-5.44803e-28	1.33183e-28	0.487898	0.116141	0	0.1	0.0217965
-2.29235	1.74	2.14196	-1.76628e-12	-4.5204e-12	8.70879e-13	2.52664e-28	-1.15195e-28	-1.59035e-29	0.487754	0.116039	0	0.1	0.0369468
1.77933	-1.5144	-2.32745	-1.04081e-12	7.65361e-12	-3.61995e-12	3.08429e-28	-3.526e-28	-1.94661e-29	0.487422	0.115802	0	0.1	0.0215229
-2.37453	-3.79161	-0.222694	2.57096e-11	3.94009e-12	-1.50806e-11	9.8358e-28	-2.36479e-26	-4.32752e-28	0.487408	0.115792	0	0.1	0.0172106
0.967905	4.01556	2.17093	-2.30976e-12	-2.94036e-12	-1.48942e-12	-5.40668e-28	-4.96739e-29	2.49348e-28	0.486733	0.115312	0	0.1	0.0179266
1.91694	-1.51095	-1.25993	3.18952e-12	2.98434e-12	4.06286e-12	-6.94058e-28	-3.19499e-28	-5.94275e-28	0.48673	0.115309	0	0.1	0.0180565
0.0628506	2.26141	-0.776911	-3.86235e-13	-1.46127e-12	5.28333e-13	-1.41495e-28	-3.08051e-28	7.67688e-29	0.486549	0.115181	0	0.1	0.0219864
-0.259549	-0.166708	-1.70762	-2.83039e-13	1.00819e-12	2.62088e-13	1.89809e-28	2.25705e-27	7.05405e-29	0.486527	0.115165	0	0.1	0.0247776
2.2999	4.50957	-1.61926	7.89215e-16	-4.31588e-12	-1.70313e-12	-2.70644e-29	-4.57342e-28	-1.46574e-28	0.486408	0.115081	0	0.1	0.0190063
2.40733	4.12853	-0.249625	-2.02787e-12	1.85986e-12	7.17834e-13	1.54773e-28	-1.96564e-28	-5.01614e-28	0.486326	0.115022	0	0.1	0.0157558
-0.114134	-2.31156	1.93694	2.28859e-11	-2.11801e-11	-1.0696e-11	-4.84163e-27	-1.50495e-26	-5.49145e-27	0.485665	0.114554	0	0.1	0.0178416
0.598556	0.277769	-1.81507	2.55646e-12	-8.80441e-13	-4.50258e-12	-1.18553e-28	2.08633e-28	4.6554e-29	0.485233	0.114249	0	0.1	0.0186162
0.485862	-4.29131	-1.65257	6.74885e-13	4.49243e-12	-3.21011e-12	-4.29382e-28	5.84841e-29	4.24702e-28	0.485122	0.11417	0	0.1	0.0166384
-2.18508	-0.699159	-1.3881	5.40697e-13	1.1266e-12	-3.71364e-12	1.09831e-28	-8.92152e-28	-1.64363e-28	0.485118	0.114168	0	0.1	0.0266486
-0.800455	1.4914	-0.978868	-4.71243e-12	1.36926e-12	8.40975e-13	3.21159e-28	-7.90662e-29	5.68651e-29	0.484966	0.11406	0	0.1	0.0299095
0.141821	-4.05193	1.01108	3.96329e-12	1.87788e-13	-2.38196e-13	-5.2062e-28	1.06023e-27	1.83089e-28	0.484714	0.113882	0	0.1	0.024062
-0.0623147	0.311482	0.0638782	-1.91602e-12	5.08548e-13	-3.80447e-12	6.50709e-28	-4.48946e-29	-6.28037e-29	0.484214	0.11353	0	0.1	0.0192866
0.148673	3.21117	1.90501	-4.61956e-14	3.07916e-12	-2.67629e-12	-4.49117e-29	-4.05591e-28	7.0399e-29	0.484031	0.113401	0	0.1	0.0236254
0.368783	-3.98752	1.95056	6.97126e-11	-1.69704e-11	-3.2766e-11	2.3277e-27	8.5302e-27	-8.32859e-28	0.483887	0.1133	0	0.1	0.0195818
-0.516153	2.67932	1.44405	-8.04825e-13	2.04495e-13	-2.02584e-12	-8.83047e-28	-1.25938e-27	-7.78875e-28	0.483483	0.113017	0	0.1	0.0185303
-2.4642	3.68249	0.644897	-8.95125e-12	-1.33516e-11	1.40206e-11	1.01336e-26	-5.74462e-27	5.40961e-27	0.48346	0.113001	0	0.1	0.0184523
-0.547543	4.33177	-0.0588542	1.18076e-13	4.65259e-13	6.433e-14	6.83469e-28	3.14602e-27	6.1468e-28	0.483335	0.112913	0	0.1	0.0194462
1.31667	-4.06796	0.268365	4.78328e-12	-1.58742e-13	-3.44231e-13	-9.09843e-29	-1.28596e-28	2.70498e-29	0.483107	0.112753	0	0.1	0.0198936
-2.36991	-2.18038	-0.268423	2.56666e-12	-6.38553e-13	2.88856e-13	-2.98651e-28	5.92932e-28	-8.02705e-28	0.48233	0.11221	0	0.1	0.0168432
2.23004	0.439959	1.87805	-1.46786e-11	-9.30087e-12	-1.51965e-11	6.21186e-28	-1.96074e-26	1.64213e-26	0.482189	0.112112	0	0.1	0.0253718
0.343543	2.59798	-1.64082	-1.71245e-12	8.13673e-13	4.12505e-13	7.85398e-29	-3.91288e-30	5.44643e-29	0.482074	0.112032	0	0.1	0.0184793
-0.964431	-1.00302	0.2402	6.02056e-16	-2.45595e-12	-1.22535e-12	1.34036e-28	-1.5992e-28	-4.46418e-28	0.481799	0.11184	0	0.1	0.0229473
1.43793	2.77698	0.400948	2.45925e-12	6.31765e-13	5.06261e-13	-1.00477e-27	-2.45794e-28	-3.84932e-28	0.48163	0.111723	0	0.1	0.0213092
1.36813	0.950504	1.89013	8.95967e-12	-1.33805e-11	1.6936e-12	-3.8978e-30	-1.08593e-29	1.14609e-28	0.481265	0.111469	0	0.1	0.0185969
2.31815	3.74772	1.58242	-9.10574e-13	2.24513e-12	-9.39339e-13	4.1925e-28	7.2232e-28	2.81715e-28	0.481099	0.111353	0	0.1	0.0232413
1.18098	-2.46036	1.83463	2.09699e-13	3.29409e-12	7.27031e-14	-2.50772e-28	-8.8216e-28	6.45751e-28	0.480964	0.11126	0	0.1	0.0194867
1.26141	-2.6867	-0.750718	1.32553e-13	-2.93252e-12	-2.31046e-12	1.54724e-28	-1.31944e-28	-4.16873e-28	0.480226	0.110748	0	0.1	0.0197957
0.718332	0.564839	1.29542	2.99023e-12	3.46722e-12	-3.50717e-12	2.0887e-28	5.09047e-28	8.68723e-28	0.480221	0.110745	0	0.1	0.0149685
-0.201995	-0.508958	0.556038	2.21189e-12	2.56372e-11	1.32439e-11	1.19056e-28	2.78039e-28	-9.84219e-28	0.479907	0.110528	0	0.1	0.0231486
-2.27922	-2.2899	1.68321	2.0823e-12	-1.01747e-12	-1.34164e-12	7.18459e-29	-2.00225e-28	-5.43907e-28	0.479792	0.110448	0	0.1	0.0273478
-1.88294	-4.30391	-2.07736	2.74548e-11	-3.66332e-11	-3.74532e-11	-6.12494e-27	4.39598e-27	-8.01651e-27	0.479539	0.110274	0	0.1	0.021309
1.27517	0.903029	-2.15502	-8.25294e-12	1.83986e-11	9.08181e-12	9.21441e-27	4.12081e-27	1.52759e-27	0.479243	0.11007	0	0.1	0.0179813
0.492918	2.91417	0.507776	9.03584e-13	2.10942e-12	-1.06348e-12	-6.1815e-29	-4.5018e-28	-8.16932e-28	0.478999	0.109902	0	0.1	0.0230658
0.356831	3.53611	-1.43365	-2.33104e-11	-2.42142e-11	-1.58722e-11	3.06721e-27	2.11727e-27	-7.04549e-27	0.478694	0.109692	0	0.1	0.017016
2.17088	-0.637017	1.33799	2.08988e-12	1.68291e-12	2.08017e-12	7.07567e-28	4.16923e-29	1.47482e-28	0.478583	0.109615	0	0.1	0.020662
-0.643034	2.91833	2.36724	2.26162e-12	-5.33411e-13	-4.91226e-14	2.1214e-28	-1.00698e-27	3.77489e-28	0.478314	0.109431	0	0.1	0.0187638
-1.87726	-2.8466	-0.767394	1.4799e-12	6.23132e-12	-3.98516e-12	-5.13107e-28	1.77507e-29	3.45646e-28	0.477951	0.109182	0	0.1	0.0215856
-0.86598	2.40954	-1.73879	-4.22022e-11	-1.65084e-11	-3.52223e-11	3.83598e-27	-1.6313e-27	-5.26224e-27	0.477727	0.109028	0	0.1	0.0257515
-0.732956	-1.02581	1.1828	-5.39153e-12	1.18446e-12	-3.59848e-12	7.07435e-28	-1.20979e-29	3.15644e-28	0.477721	0.109024	0	0.1	0.0260878
1.19078	-0.480561	-1.86742	-5.49589e-12	5.68816e-12	-4.11606e-12	-3.46396e-27	2.35595e-28	3.51833e-27	0.477683	0.108998	0	0.1	0.0218377
-0.405541	-3.50186	-1.46262	-3.3871e-11	-4.23624e-12	4.48248e-12	1.15406e-29	-1.54124e-29	-5.90222e-28	0.477452	0.10884	0	0.1	0.0205341
0.144659	-0.993015	-1.40408	4.34636e-12	-1.00848e-12	2.66613e-13	-1.73902e-28	1.30579e-28	3.9395e-28	0.477429	0.108825	0	0.1	0.0190177
1.85157	-0.123498	0.597989	-1.67767e-12	-1.32882e-12	1.5996e-12	5.35137e-28	2.35202e-28	3.21858e-27	0.477005	0.108535	0	0.1	0.0211129
-0.341001	2.43522	0.528703	-4.65243e-14	-5.93955e-13	-1.18761e-13	-3.33408e-29	6.04366e-29	-2.18444e-29	0.476943	0.108493	0	0.1	0.0177019
1.3443	0.0640162	-0.420367	-5.28162e-12	3.3348e-12	-1.0048e-11	7.12665e-29	-2.78906e-28	-6.27457e-28	0.476921	0.108477	0	0.1	0.0252582
0.83864	1.44829	0.947633	-4.0279e-13	9.32638e-13	-1.24148e-11	-3.9041e-28	-1.41288e-28	3.3839e-28	0.476739	0.108353	0	0.1	0.0238363
1.47901	0.00926272	1.46566	2.39213e-12	2.33351e-12	2.95732e-12	-2.39504e-28	1.41857e-28	4.59398e-28	0.476537	0.108216	0	0.1	0.0191973
1.9691	-2.46809	-1.35598	-1.91717e-12	9.41789e-13	-3.47759e-12	-1.59497e-27	1.3621e-27	2.19512e-27	0.476304	0.108057	0	0.1	0.0214038
-2.08133	-4.42008	-0.891866	-2.48682e-12	1.48691e-12	2.20361e-14	1.00961e-28	-1.54117e-28	2.655e-28	0.476141	0.107946	0	0.1	0.0167838
2.35696	2.51333	-2.36007	3.17529e-12	4.20452e-13	-9.66021e-13	-2.90163e-30	-1.11351e-29	8.50364e-29	0.475741	0.107674	0	0.1	0.0206338
-1.95799	2.88984	0.949	-3.41245e-12	-5.50096e-12	-3.77463e-13	-1.51328e-28	3.03843e-28	-4.39541e-28	0.475658	0.107618	0	0.1	0.0195042
-1.46156	2.18743	-1.00275	-4.87576e-12	2.79509e-12	1.76378e-13	1.71656e-28	1.41227e-29	-1.41983e-28	0.475209	0.107314	0	0.1	0.0216764
-2.28336	-3.04111	2.0158	-8.40963e-11	-1.23739e-11	1.24687e-11	4.77874e-27	-7.29108e-26	-3.0001e-26	0.274983	0.0207931	0	0.1	0.0120255
0.346136	-2.22272	0.349699	-2.41533e-12	1.42149e-12	5.83192e-14	1.95368e-28	3.80937e-28	-1.64158e-28	0.27481	0.0207537	0	0.1	0.0094751
1.43737	4.44451	-1.62671	-7.47689e-12	-6.04168e-12	-7.86851e-12	3.99734e-27	-6.45119e-27	-1.94198e-27	0.274774	0.0207457	0	0.1	0.00994379
1.22847	3.0218	-0.283611	5.48992e-12	-7.31745e-12	-4.48481e-12	-4.45251e-27	-3.52527e-28	9.15788e-28	0.274686	0.0207258	0	0.1	0.0160505
-1.31051	-3.09595	-1.1949	9.37445e-12	2.77287e-12	8.15202e-12	-2.57552e-28	-3.22734e-27	-3.75198e-27	0.274441	0.0206704	0	0.1	0.0132244
-2.38858	-0.0327394	1.42682	-6.56719e-11	-1.24182e-10	-1.8715e-11	1.25109e-26	-6.62116e-27	1.68432e-26	0.274388	0.0206583	0	0.1	0.00675194
0.568399	-1.98868	2.05777	1.61253e-12	-4.26849e-12	5.28072e-12	3.37879e-28	-1.0691e-27	4.18252e-28	0.274318	0.0206425	0	0.1	0.00925933
1.61855	2.38064	-2.07426	5.4423e-13	-4.57765e-12	-7.91306e-13	9.84114e-28	-9.28612e-29	-2.82609e-28	0.274256	0.0206286	0	0.1	0.00911804
0.132857	1.73264	0.666176	-4.35035e-13	-6.44567e-13	-1.6818e-12	4.19733e-28	1.23467e-28	-1.23755e-28	0.274189	0.0206135	0	0.1	0.0187209
0.18396	0.231872	0.776826	1.53934e-12	-1.22761e-13	-4.40677e-12	-2.86445e-27	-7.68705e-28	-1.91441e-27	0.274166	0.0206082	0	0.1	0.0139934
1.94348	-3.77922	0.788086	2.56505e-11	-4.77044e-11	5.85492e-11	9.18538e-26	-2.39174e-26	-7.68147e-26	0.274031	0.0205778	0	0.1	0.0138895
1.16903	-1.36268	-0.989057	-3.29324e-13	-3.50621e-13	8.37232e-13	-5.02924e-28	4.03455e-28	-3.14725e-29	0.273922	0.0205532	0	0.1	0.0104998
0.875533	3.22152	1.68998	2.14377e-12	-5.98722e-12	3.09527e-12	-2.63816e-27	-3.82348e-27	3.82137e-27	0.273902	0.0205487	0	0.1	0.0108312
-1.52898	1.06423	-0.603416	-2.33319e-11	-7.93208e-11	7.66705e-13	-1.14533e-26	-8.61242e-28	1.76881e-25	0.273648	0.0204916	0	0.1	0.0112722
1.70088	3.66611	-0.072611	-1.61085e-10	1.02043e-10	-2.37806e-10	-1.00645e-25	-2.90343e-26	1.76234e-25	0.273643	0.0204905	0	0.1	0.0128174
-1.11394	-3.26101	0.534284	-3.17403e-13	5.53498e-13	1.90675e-15	9.22788e-30	5.77404e-30	7.76681e-29	0.27359	0.0204785	0	0.1	0.00996173
0.0556604	-2.75066	-0.167081	-1.63556e-10	-1.33182e-10	1.37227e-10	-3.88694e-26	-6.99324e-26	-1.09349e-25	0.273547	0.020469	0	0.1	0.0114574
0.655452	3.56596	0.168215	-6.8222e-11	-4.37247e-11	3.14835e-11	2.74341e-26	8.85933e-27	8.02855e-26	0.273295	0.0204123	0	0.1	0.0105683
0.384422	3.69588	-2.46151	-1.8933e-12	1.99355e-12	3.81335e-12	-7.59384e-28	5.09763e-28	-1.24789e-27	0.273241	0.0204004	0	0.1	0.0093796
0.444021	-2.44352	2.43403	-1.81576e-12	1.53098e-12	-1.08935e-12	2.0814e-27	9.25727e-28	-2.09015e-27	0.273196	0.0203902	0	0.1	0.0113177
0.199048	-1.3639	0.0164622	-3.00084e-12	-7.57403e-12	-4.72187e-12	8.51567e-28	2.65276e-27	-2.67514e-27	0.273079	0.0203641	0	0.1	0.00899469
-0.564505	-0.0416359	-0.379426	-4.02539e-12	2.10857e-12	-2.73151e-12	1.50913e-27	1.60479e-27	-3.43112e-28	0.273018	0.0203505	0	0.1	0.00831503
0.10015	3.1833	-2.05116	3.21179e-13	2.11259e-13	-2.31958e-12	4.63255e-28	5.95295e-29	-3.46892e-28	0.272897	0.0203234	0	0.1	0.01081
1.25987	0.714721	-0.801475	5.78311e-11	1.10857e-10	5.36861e-11	-1.46344e-25	-5.05849e-26	1.69338e-25	0.272697	0.0202787	0	0.1	0.0128227
-1.02433	1.30605	0.627279	3.50452e-12	-5.61287e-13	-2.03894e-12	-3.14971e-29	-4.61458e-28	3.59773e-29	0.272615	0.0202605	0	0.1	0.0101973
1.08032	3.26412	2.19483	1.49872e-12	-1.08281e-13	2.95582e-12	5.4486e-28	-1.02653e-28	-3.77938e-29	0.272555	0.0202472	0	0.1	0.011596
-1.51254	-3.63901	-1.82825	-5.57774e-13	-3.93248e-12	-8.65427e-14	1.84606e-28	2.95716e-28	-7.84796e-28	0.271744	0.0200669	0	0.1	0.00900076
0.617922	1.17239	1.72729	1.21299e-11	4.21453e-12	-6.68849e-13	-4.73186e-27	3.09732e-28	3.13235e-27	0.271606	0.0200363	0	0.1	0.00949637
-0.643594	-1.65066	-0.392086	-2.10647e-12	-2.33773e-12	2.81581e-12	3.4199e-28	-2.43297e-28	1.01772e-27	0.271091	0.0199226	0	0.1	0.012656
1.6029	0.268935	-2.38594	-7.48196e-11	-2.07023e-10	3.7592e-11	3.72635e-26	-1.69879e-26	2.55966e-25	0.270962	0.0198941	0	0.1	0.0102203
0.861119	-4.4827	1.66352	5.11573e-12	4.73421e-12	3.28622e-12	4.17326e-27	-1.43263e-27	9.86369e-28	0.270951	0.0198918	0	0.1	0.0086495
2.29437	3.07392	1.24926	3.63193e-13	-9.9941e-13	4.56827e-12	-4.33452e-29	-1.90978e-27	-1.08883e-27	0.270899	0.0198803	0	0.1	0.00844176
1.845	3.04345	-2.24034	3.30756e-12	-2.77162e-13	3.44122e-12	-2.89924e-27	-3.15875e-28	1.76785e-27	0.27089	0.0198782	0	0.1	0.00572151
-1.12739	-0.310976	-2.36356	3.27443e-13	-7.45589e-13	-6.02313e-13	-5.90326e-28	-1.49037e-28	-1.01921e-28	0.270139	0.0197134	0	0.1	0.0108545
0.445166	2.18689	1.97184	-2.09919e-13	-1.46984e-12	-1.47372e-13	-1.88838e-27	-9.57622e-27	1.36127e-27	0.270026	0.0196887	0	0.1	0.00705602
-0.673319	-0.794955	-1.44443	7.21532e-12	4.35903e-13	4.3166e-12	-5.12806e-29	5.94474e-28	-1.97167e-29	0.269606	0.0195969	0	0.1	0.0107383
-2.31343	-3.73485	-1.07384	-3.59869e-12	5.98245e-13	-6.69785e-12	1.32292e-27	-1.03811e-28	-1.54511e-27	0.269573	0.0195898	0	0.1	0.010782
0.397287	1.13967	-0.630658	-3.19926e-11	5.4768e-12	4.20108e-11	3.75172e-25	-1.07294e-25	-2.4859e-25	0.26954	0.0195826	0	0.1	0.00741936
-1.33839	2.80361	1.40066	-6.51073e-13	5.2482e-13	4.27895e-13	1.61343e-27	-4.39403e-28	4.53381e-28	0.269436	0.01956	0	0.1	0.0135357
2.02872	3.09365	-0.974031	-3.28863e-12	-1.97411e-12	1.96119e-12	1.08713e-28	-8.81977e-29	1.82378e-28	0.269359	0.0195432	0	0.1	0.0121915
-1.71055	-4.07749	0.00162766	3.70526e-13	-5.48736e-12	-1.53565e-12	-1.3959e-28	-7.48727e-28	-1.56372e-27	0.269354	0.0195421	0	0.1	0.0120977
0.792278	-2.86192	2.33635	-5.04284e-11	1.13042e-10	-6.154e-11	1.16811e-25	8.38481e-26	5.81722e-26	0.269297	0.0195296	0	0.1	0.010375
2.39518	-2.67719	-0.781086	8.8606e-13	4.36347e-12	-4.14776e-12	5.64593e-27	2.43249e-27	-1.26108e-27	0.269185	0.0195053	0	0.1	0.00739468
-1.57236	-3.66397	1.73965	-1.26341e-12	3.63201e-12	2.19081e-12	-1.61847e-28	3.88034e-28	2.9495e-28	0.26915	0.0194976	0	0.1	0.0108856
0.548292	3.28877	1.18018	8.20317e-15	5.19123e-16	1.36657e-14	-3.45336e-38	1.10206e-37	3.94168e-39	0.269063	0.0194788	0	0.1	0.0197519
-1.95712	3.9085	-0.758638	5.60385e-11	6.40634e-11	1.95056e-12	-7.67239e-27	1.22797e-28	6.14716e-27	0.268983	0.0194614	0	0.1	0.00956562
-0.226838	-3.22503	2.00728	-2.39048e-12	-1.90205e-11	5.97661e-12	-6.55703e-28	-1.52913e-27	6.00509e-28	0.268693	0.0193986	0	0.1	0.0113393
1.60165	-1.1891	0.0543408	-2.60018e-11	-2.08777e-12	7.57893e-13	-1.25247e-26	7.03367e-28	1.23628e-28	0.268242	0.019301	0	0.1	0.00879822
-1.41552	-3.73169	0.28872	-9.99618e-13	-5.62597e-12	6.65933e-13	2.56376e-27	5.11015e-28	1.4447e-27	0.268158	0.019283	0	0.1	0.0104229
0.899648	3.76452	-0.673598	2.94126e-12	7.45442e-13	-3.00859e-12	1.95679e-28	1.4975e-27	-4.64835e-28	0.267955	0.0192392	0	0.1	0.0102944
1.31476	-0.710655	1.55997	5.40703e-13	1.85363e-12	-2.42116e-12	-1.40626e-27	1.91314e-27	-1.411e-27	0.267723	0.0191892	0	0.1	0.00791601
0.602723	-1.08061	1.27317	-2.92924e-12	3.53719e-12	1.36317e-12	-9.71648e-28	3.88805e-28	-2.9586e-30	0.267685	0.019181	0	0.1	0.00763213
-0.528839	-1.60782	0.157466	1.29015e-12	-2.23736e-12	5.5306e-14	2.11384e-29	4.63667e-28	2.64959e-28	0.26763	0.0191692	0	0.1	0.0157244
-1.65654	-0.900309	0.507991	6.06757e-12	1.97183e-12	1.39626e-11	3.32177e-27	1.58661e-27	-2.97967e-27	0.267337	0.0191064	0	0.1	0.0113995
0.788359	-0.0476793	1.75621	-6.56127e-13	1.43903e-11	7.06389e-11	4.59589e-26	-3.17976e-28	5.06398e-28	0.267309	0.0191003	0	0.1	0.00986046
-0.608763	2.59944	-0.834699	-1.119e-13	-1.08222e-13	-7.83538e-15	-7.67504e-29	2.01236e-29	-2.78335e-28	0.26724	0.0190856	0	0.1	0.0155212
-1.79434	-2.3925	0.163056	2.29925e-12	-4.64504e-13	3.56017e-12	-6.27925e-28	-1.85593e-27	-1.32069e-27	0.267193	0.0190754	0	0.1	0.00879484
-1.33748	4.44936	0.33877	-2.42498e-12	1.57694e-12	-2.97035e-12	2.05397e-28	-1.40462e-27	-4.66316e-29	0.267078	0.0190509	0	0.1	0.0179599
-2.33266	3.77838	-2.10646	3.36351e-12	4.74215e-13	3.65856e-12	-1.44308e-28	-1.1996e-27	8.7163e-29	0.26703	0.0190406	0	0.1	0.0126262
-1.96083	-0.167838	0.544741	4.82373e-12	7.73124e-12	5.94069e-12	4.83972e-27	2.32527e-28	4.75312e-28	0.266964	0.0190265	0	0.1	0.0114189
0.153868	4.18814	-0.571832	-3.66287e-11	-5.25595e-11	-1.02565e-10	-2.47467e-25	-8.7281e-26	1.53558e-27	0.266851	0.0190022	0	0.1	0.0088742
-0.727026	0.783749	0.514555	1.70899e-12	1.95626e-12	-1.7241e-12	-1.37883e-28	-3.8618e-29	-1.25859e-28	0.266755	0.0189818	0	0.1	0.0145739
-1.40694	-3.39616	1.30599	-2.72762e-14	-9.43391e-14	4.6987e-14	-9.17637e-29	2.41807e-28	9.97751e-29	0.266597	0.0189481	0	0.1	0.0118557
1.79769	0.199352	-1.55803	1.62004e-12	-2.77396e-14	-4.82058e-13	2.34232e-29	1.11488e-28	3.66651e-28	0.266271	0.0188786	0	0.1	0.00885869
0.756667	2.31908	-1.06352	3.94394e-11	8.11117e-11	7.83441e-12	1.78286e-26	-5.89532e-27	-1.9425e-26	0.266247	0.0188736	0	0.1	0.00963442
-2.01202	-0.86696	-2.38598	-2.12917e-12	-5.3988e-12	1.10764e-11	-1.61204e-27	3.719e-27	-1.81062e-27	0.266206	0.0188649	0	0.1	0.00762488
0.174893	1.34891	1.43572	3.21731e-13	2.5653e-13	-5.59989e-14	1.15441e-28	3.22811e-29	6.41306e-28	0.266175	0.0188583	0	0.1	0.00915155
-0.755479	0.12891	-2.35139	4.34184e-12	-6.12923e-12	2.34021e-12	-7.39421e-28	3.30332e-27	-9.23153e-28	0.26616	0.0188551	0	0.1	0.0144236
-0.497782	-2.80515	1.5201	-2.95171e-12	8.76648e-12	2.22746e-12	1.23064e-26	8.10595e-27	-9.90574e-27	0.265648	0.0187465	0	0.1	0.010032
-0.03192	4.17074	-1.45209	3.85233e-13	1.87939e-12	-5.24993e-13	-2.59769e-27	-1.02649e-27	-3.01159e-28	0.265532	0.0187219	0	0.1	0.00599334
1.57077	4.39659	1.07842	-2.18035e-12	5.37932e-12	5.44817e-12	1.7639e-28	-2.83784e-28	5.36198e-27	0.265244	0.0186611	0	0.1	0.0132198
0.163069	-0.199763	-1.02095	3.05045e-12	-9.35852e-13	-1.05676e-12	-1.23035e-28	-2.25291e-28	-2.61417e-28	0.265225	0.018657	0	0.1	0.0122084
0.449798	-0.457849	-1.81901	4.04656e-12	-1.92302e-12	-2.59803e-12	-1.79917e-27	-1.72189e-27	5.25721e-28	0.265201	0.018652	0	0.1	0.00981853
-0.112717	-2.89425	2.41035	-1.13784e-11	-3.13653e-12	-4.15953e-12	7.04614e-28	2.79163e-28	8.42762e-29	0.265035	0.018617	0	0.1	0.00992829
-1.07228	-3.57723	-1.14487	-4.78308e-12	-5.11984e-12	2.94437e-12	-2.69449e-27	2.78356e-27	-1.13614e-27	0.264844	0.0185768	0	0.1	0.0109739
-2.23571	0.772196	2.28051	1.09132e-10	7.63967e-11	8.51047e-11	1.22241e-26	-2.28199e-25	1.75374e-25	0.264656	0.0185373	0	0.1	0.0153189
-1.94226	0.0667678	1.1411	-5.04574e-13	5.54712e-12	-7.24322e-12	2.04675e-28	-1.13679e-28	1.46715e-28	0.264587	0.0185227	0	0.1	0.00711523
-0.484588	-3.86945	-2.1022	6.88213e-12	-3.28235e-13	2.72525e-13	-7.44479e-28	1.58164e-28	-8.71777e-28	0.264317	0.0184661	0	0.1	0.00961472
2.18385	1.23903	0.611776	6.4132e-12	-3.78945e-12	-5.4482e-12	-7.7068e-28	4.43857e-28	1.47522e-27	0.264307	0.0184639	0	0.1	0.0100775
2.02885	4.13819	1.01657	-1.0265e-11	-6.65049e-12	-5.30699e-12	-3.66021e-27	1.23887e-27	5.47519e-27	0.2643	0.0184626	0	0.1	0.0100435
-1.37732	3.03001	2.36905	2.40832e-12	3.43462e-12	-1.566e-12	4.26777e-27	4.89179e-28	-1.4955e-27	0.26429	0.0184605	0	0.1	0.0125428
1.00411	-4.28641	2.20942	-7.46835e-14	-2.87322e-12	-3.16997e-12	3.16685e-27	6.39148e-28	3.56831e-27	0.264247	0.0184515	0	0.1	0.00669857
1.33896	4.18909	-2.19831	-2.59923e-12	1.27647e-12	5.31185e-13	2.70645e-28	-3.80867e-28	-8.07761e-30	0.263866	0.0183717	0	0.1	0.0109165
0.984776	0.664228	-0.166437	1.63583e-13	1.22914e-12	-5.00735e-12	-2.53697e-27	-1.06932e-27	4.10899e-27	0.263471	0.0182894	0	0.1	0.00895368
2.47513	-1.23308	-2.24245	3.9675e-11	-1.40294e-12	-6.19429e-11	-2.52808e-27	-1.64256e-25	2.78764e-26	0.263412	0.0182771	0	0.1	0.0069836
-1.49256	0.380598	0.830415	-3.9697e-12	-2.55283e-13	7.92562e-13	-4.0723e-28	-1.09296e-27	-4.22576e-28	0.263263	0.0182461	0	0.1	0.00735814
2.12296	4.30298	-0.920786	-3.50623e-12	3.61848e-12	7.11853e-13	-1.30652e-27	1.69524e-27	7.93641e-28	0.263009	0.0181932	0	0.1	0.00737267
1.07085	0.224974	-2.39293	-9.8124e-13	-1.3667e-12	-7.4033e-12	-1.95719e-28	5.20111e-28	-7.17172e-29	0.262944	0.0181798	0	0.1	0.00963969
-2.43465	-1.39631	0.925346	2.73349e-12	-1.0722e-13	3.99951e-12	-3.5764e-28	-3.29315e-29	4.4117e-29	0.262929	0.0181768	0	0.1	0.0102876
2.04931	-0.0372808	-1.14838	-1.25751e-12	-6.7775e-12	-1.64521e-13	-9.34258e-30	-1.30625e-30	1.84258e-28	0.262806	0.0181512	0	0.1	0.0176367
0.691534	-3.79778	0.572844	4.05598e-12	-1.63918e-13	-7.1759e-13	-2.15826e-27	-4.07273e-27	-2.85488e-27	0.262794	0.0181487	0	0.1	0.00919688
-2.32057	-1.60776	1.39286	-4.69876e-12	2.20721e-12	6.91354e-12	-1.2173e-27	4.15244e-29	-2.20866e-28	0.262705	0.0181303	0	0.1	0.0110367
-1.83008	1.89444	-1.57084	-9.27062e-12	-1.5301e-12	4.59607e-12	2.79975e-28	8.84432e-28	-6.94364e-28	0.262544	0.0180969	0	0.1	0.0173947
0.765237	-1.58005	1.20074	-1.10742e-12	3.41321e-12	-2.93395e-13	1.69104e-27	2.70573e-27	-2.21498e-27	0.262357	0.0180583	0	0.1	0.00704524
1.89009	2.95344	1.57548	-1.83231e-12	3.32538e-12	3.94496e-12	-5.67317e-28	-9.03019e-28	1.18016e-27	0.262296	0.0180457	0	0.1	0.0111059
1.92697	2.81412	0.960397	-4.42691e-12	2.1451e-12	7.12863e-12	6.14995e-29	-2.04717e-27	8.7463e-28	0.26228	0.0180425	0	0.1	0.00653278
1.76614	-3.70104	1.55862	4.95811e-12	-2.23213e-11	-2.176e-11	2.87994e-27	3.56438e-27	-3.0373e-27	0.262244	0.018035	0	0.1	0.0143571
-1.96187	0.634414	-2.2336	-7.00128e-12	-1.54508e-11	-3.80848e-12	-1.55945e-27	-1.19952e-27	1.68589e-27	0.261857	0.0179553	0	0.1	0.00894205
-0.0195637	-4.46295	-1.13011	8.1493e-12	-1.38512e-12	2.17576e-12	1.10679e-27	5.26821e-27	1.90957e-27	0.261759	0.0179351	0	0.1	0.00503158
2.462	-3.65353	0.83694	-3.06935e-12	3.47258e-12	-1.17343e-11	-3.80316e-27	-3.18918e-27	-1.68598e-27	0.261723	0.0179277	0	0.1	0.00704813
2.01951	-3.82768	0.215817	-1.48419e-10	-4.48762e-12	1.14717e-10	1.40299e-26	-2.80694e-25	-8.81524e-28	0.261445	0.0178707	0	0.1	0.00610322
-0.314094	-0.0550918	-0.851263	2.53626e-12	-3.65119e-12	8.86943e-13	5.33894e-28	2.42857e-27	8.97448e-28	0.261318	0.0178447	0	0.1	0.00937386
-1.19012	-1.60579	-2.22994	-4.05787e-12	-8.48366e-13	3.96119e-12	-2.41665e-28	-8.32365e-28	-5.55392e-28	0.261301	0.0178412	0	0.1	0.0161869
-0.995742	-2.24163	-1.72613	4.71736e-12	-3.43988e-13	-2.91657e-12	-2.30251e-28	-3.93307e-27	3.39155e-27	0.261288	0.0178386	0	0.1	0.00888568
1.24619	-1.89388	2.3094	-2.45425e-12	1.6171e-12	3.58683e-12	4.13059e-27	-1.64664e-27	-7.92099e-28	0.26087	0.017753	0	0.1	0.0108715
-0.26964	-2.4247	-0.440003	5.29753e-12	1.01684e-11	1.76742e-13	-3.39872e-28	1.75313e-27	4.32595e-28	0.260821	0.017743	0	0.1	0.0137977
0.980524	-3.2959	-2.42453	5.4762e-11	-1.17648e-10	6.95315e-11	1.31925e-25	9.59203e-26	6.65379e-26	0.260755	0.0177296	0	0.1	0.00873253
1.28403	3.54466	-0.384668	-1.11586e-12	-5.53046e-12	-1.58303e-12	9.6885e-28	-3.14573e-28	1.82901e-27	0.260623	0.0177027	0	0.1	0.0104647
1.82984	2.8603	2.08582	1.33029e-12	-5.36399e-13	3.80792e-12	-8.82149e-28	-9.71521e-28	2.14765e-28	0.259915	0.0175588	0	0.1	0.0112101
0.640606	-4.43352	-2.41131	7.17685e-13	2.75477e-12	-8.31049e-13	-2.224e-28	2.98992e-29	-1.80219e-28	0.259858	0.0175473	0	0.1	0.0108957
-1.661	0.663603	0.329442	-2.6683e-11	4.03813e-11	1.1421e-10	-1.92283e-25	2.72619e-25	-4.18132e-26	0.259736	0.0175226	0	0.1	0.00639583
1.0733	0.292198	-1.06617	-1.44071e-10	-3.77443e-11	-2.2895e-12	-1.31699e-25	-7.0592e-26	2.59942e-25	0.259657	0.0175066	0	0.1	0.010754
-0.807362	2.09584	-2.40355	2.73347e-12	-6.52554e-12	3.00551e-12	3.20307e-28	3.17885e-28	-9.74742e-29	0.259599	0.0174947	0	0.1	0.0106285
-0.280277	-3.28177	1.48491	1.15656e-11	-3.15728e-11	3.09783e-12	9.85344e-27	-6.95197e-27	-1.74345e-26	0.259442	0.0174631	0	0.1	0.0106846
0.500263	-2.07157	-0.138913	-8.75159e-11	8.23844e-12	2.51696e-11	-1.95937e-26	-7.01979e-26	-3.86354e-26	0.259367	0.0174479	0	0.1	0.00903912
-1.13556	0.0829109	1.94964	1.64397e-10	-1.54036e-10	2.08032e-10	1.68722e-25	-2.6029e-26	-8.47499e-26	0.259203	0.0174149	0	0.1	0.00803449
2.06093	-0.0725862	-1.97739	-1.73416e-11	-3.07089e-12	-6.29668e-13	4.32483e-28	4.84937e-29	5.0205e-28	0.259199	0.0174141	0	0.1	0.0140239
1.37167	1.66409	-0.310852	-3.6751e-12	-2.47914e-12	-5.76794e-12	-2.63747e-27	-3.73317e-27	3.72599e-27	0.258884	0.0173506	0	0.1	0.00850948
0.398479	-2.46663	-0.458876	2.41905e-10	-1.79934e-10	2.66794e-11	4.0508e-26	-9.42572e-26	-1.88498e-25	0.258748	0.0173234	0	0.1	0.00855726
1.59706	-0.986187	2.17791	-1.07969e-12	9.29867e-12	-2.85223e-12	6.45123e-29	6.25505e-28	-4.8162e-27	0.258703	0.0173143	0	0.1	0.0174549
-2.06704	3.32436	-2.04161	-3.95224e-11	1.35239e-10	-2.43227e-11	1.81199e-26	-7.20829e-27	-3.36229e-26	0.25857	0.0172876	0	0.1	0.00714492
-1.4779	0.831967	-0.125266	4.03629e-11	4.25659e-11	-9.15179e-11	-1.73982e-25	2.66051e-25	2.77529e-26	0.258561	0.0172857	0	0.1	0.00828571
1.24236	-3.2445	1.60985	-1.62453e-10	-1.56024e-11	-1.31985e-10	4.43299e-27	8.60829e-26	-1.79426e-26	0.258271	0.0172278	0	0.1	0.00877039
2.26242	4.47094	1.40367	2.93365e-12	-9.12911e-13	-2.36032e-12	3.15635e-29	-9.07151e-28	3.59463e-28	0.258195	0.0172125	0	0.1	0.0120201
-0.471806	2.10359	1.90995	-5.5789e-12	2.11515e-12	4.21286e-12	2.72468e-26	4.68772e-27	-5.25252e-28	0.25797	0.0171674	0	0.1	0.00709067
1.07225	4.28516	0.224222	7.85617e-12	9.03674e-11	5.17919e-11	1.30827e-25	-6.20888e-27	-6.97841e-27	0.25774	0.0171216	0	0.1	0.00652744
-0.281618	-3.81801	2.2638	-1.65522e-10	-2.40439e-11	5.28412e-11	-3.02793e-26	-2.31769e-27	-1.86407e-26	0.257651	0.0171038	0	0.1	0.00899988
-1.73213	0.586156	1.24476	-1.13862e-11	5.4713e-11	-6.08885e-11	6.89768e-26	6.31842e-26	4.28772e-26	0.257562	0.0170861	0	0.1	0.010438
-1.95485	-2.77641	-1.49511	4.10651e-12	4.28114e-12	-4.6001e-12	-9.71636e-28	-1.11267e-27	5.63519e-28	0.257219	0.017018	0	0.1	0.0145866
1.35704	4.06482	1.50075	-8.09411e-12	-3.90141e-12	7.21563e-12	-8.60892e-28	-1.43855e-27	-3.21801e-27	0.25711	0.0169964	0	0.1	0.0111718
-0.244582	-1.1696	0.232192	-1.10934e-11	-1.76249e-10	-8.75755e-11	8.05684e-27	1.06905e-26	-2.52405e-26	0.257072	0.0169889	0	0.1	0.00741259
2.14359	1.63151	-0.199899	-4.37197e-13	8.47143e-13	5.60108e-12	1.6511e-27	2.69319e-28	-9.7482e-28	0.256952	0.0169651	0	0.1	0.00848937
1.03305	-1.13407	-0.379377	-1.63885e-12	3.33127e-13	-2.03407e-12	8.80763e-27	-7.67052e-27	9.85556e-27	0.256761	0.0169272	0	0.1	0.00743034
0.245716	1.55293	-0.919101	-6.83711e-11	1.69388e-10	-1.19974e-10	3.06438e-25	-2.4343e-26	-2.04827e-25	0.256727	0.0169206	0	0.1	0.00881005
1.65573	-2.23002	1.14998	-5.12829e-11	-1.03698e-10	-1.29399e-10	-1.06351e-25	3.47249e-26	1.47942e-26	0.256633	0.016902	0	0.1	0.0180646
0.899596	1.00755	-0.547582	1.96681e-10	-4.7003e-11	2.04237e-11	2.25872e-28	1.85139e-26	-2.4491e-26	0.256455	0.0168668	0	0.1	0.00866023
-1.2366	2.32048	1.58171	-5.92083e-12	1.23829e-13	2.39395e-12	1.70426e-31	6.77923e-28	5.7474e-28	0.256447	0.0168652	0	0.1	0.00981766
2.08504	3.16923	-1.49846	-2.88672e-11	-3.2344e-11	-2.35583e-11	-1.36254e-25	1.31254e-25	8.98384e-27	0.256305	0.0168373	0	0.1	0.00625405
1.34857	-3.30288	-2.06149	5.20793e-12	-7.44629e-13	-2.73923e-12	-1.77056e-28	1.91731e-27	9.51491e-28	0.256222	0.0168209	0	0.1	0.0135759
-1.8044	-3.71958	-1.38786	1.10905e-10	5.57615e-11	8.82323e-11	-7.02131e-26	-1.31339e-25	-5.34643e-26	0.256074	0.0167918	0	0.1	0.00783512
0.622254	2.65152	1.78705	-1.00283e-12	1.99159e-13	-1.608e-12	-6.88871e-29	-5.45213e-28	-6.08325e-29	0.256001	0.0167774	0	0.1	0.00830245
-1.02563	-3.73546	1.58857	4.48221e-12	2.61913e-12	-3.40089e-12	-2.36708e-27	3.93729e-28	6.11698e-28	0.255956	0.0167685	0	0.1	0.00571921
2.33023	-0.612196	-0.302844	1.07872e-12	5.70069e-12	-2.45815e-12	-3.92931e-28	2.94108e-27	-9.59297e-28	0.255888	0.0167552	0	0.1	0.0127365
0.775399	1.70245	-0.717416	1.32326e-12	1.59331e-13	1.72458e-12	3.16901e-28	1.17774e-27	3.2648e-28	0.255513	0.0166816	0	0.1	0.00868428
1.38113	-0.191187	2.48643	1.82283e-11	2.66115e-11	-6.89631e-11	2.19731e-26	-1.50587e-27	5.60832e-27	0.255447	0.0166686	0	0.1	0.0199065
-2.24207	-3.86861	-1.60655	-1.30489e-10	7.616e-11	-1.87289e-11	-2.74317e-26	1.71574e-25	-1.84071e-25	0.255386	0.0166569	0	0.1	0.0091784
-1.42613	1.58306	-0.593513	8.32984e-12	9.57426e-11	-2.68745e-12	-1.30983e-26	-2.34223e-27	2.35917e-25	0.255375	0.0166546	0	0.1	0.00940047
0.892625	-2.6543	0.027906	-5.33322e-12	3.08139e-12	4.00636e-13	2.65548e-28	-1.37881e-27	-3.30877e-27	0.255265	0.0166331	0	0.1	0.00880973
2.3198	-1.56986	0.00503384	1.73379e-12	-7.39875e-13	-3.05218e-13	-2.81244e-27	-9.95915e-28	-9.67732e-28	0.255095	0.0166	0	0.1	0.00918881
-0.633325	-3.89295	1.30134	1.0917e-11	3.67151e-12	2.39626e-12	1.80353e-27	2.05109e-27	2.42047e-28	0.255029	0.0165869	0	0.1	0.00936359
-0.286417	2.7665	-2.01002	2.66064e-12	1.00945e-12	8.23844e-14	-3.4432e-29	1.54525e-28	-2.97496e-28	0.254988	0.016579	0	0.1	0.00860791
0.062282	1.55469	1.95258	5.61156e-14	-3.35645e-13	1.19855e-13	8.20045e-29	2.35304e-30	-2.59879e-29	0.254817	0.0165457	0	0.1	0.0108313
-2.3997	3.26448	-1.65532	5.77357e-11	-5.12873e-11	-2.72187e-11	1.12284e-25	1.28031e-25	-1.56874e-25	0.254714	0.0165256	0	0.1	0.00479592
-1.01122	-3.72212	-2.13575	-1.08979e-11	-1.16461e-12	-7.15191e-12	1.51484e-27	-2.39794e-27	-1.13282e-27	0.254677	0.0165185	0	0.1	0.00936264
-2.14626	-0.58493	1.60008	3.21758e-12	-3.9596e-12	4.64763e-15	-1.32721e-27	-6.59539e-28	3.12468e-28	0.254607	0.0165049	0	0.1	0.00886164
2.07893	0.520836	0.328277	1.48514e-12	-2.40882e-12	-4.98997e-12	3.14334e-28	-1.41829e-27	1.20411e-27	0.254518	0.0164876	0	0.1	0.0121946
-0.960349	-0.504685	-0.394078	2.8574e-12	-1.08428e-12	-5.43527e-12	1.65782e-26	5.79949e-27	-8.73184e-27	0.254475	0.0164791	0	0.1	0.00844657
-0.578512	-3.3629	0.0714565	5.02853e-12	-8.71277e-12	-7.86816e-12	-4.17976e-27	4.8641e-27	-6.43259e-28	0.254459	0.0164761	0	0.1	0.00805851
-2.11499	0.508856	-1.70828	-1.36418e-12	-3.82354e-12	-6.98963e-12	-4.98927e-28	-4.64238e-28	-1.27397e-28	0.254379	0.0164605	0	0.1	0.0103136
-2.30586	3.75876	-1.57882	6.91503e-12	7.12861e-12	-7.29256e-12	-2.01995e-27	4.36969e-27	-8.91264e-28	0.254181	0.0164222	0	0.1	0.00685219
-0.00973048	0.589846	1.41989	5.19622e-11	-1.0357e-10	-2.3169e-11	-8.92266e-27	1.43109e-26	-8.42966e-26	0.253994	0.0163859	0	0.1	0.0114311
0.781194	-0.569232	1.51614	-3.81968e-11	6.27401e-12	-9.22379e-11	-1.93832e-26	5.02232e-26	1.09247e-26	0.253973	0.0163818	0	0.1	0.00646636
-2.05078	3.35515	0.129466	-2.77106e-12	-4.00834e-13	-8.0462e-12	2.33331e-27	2.39095e-27	-2.01621e-27	0.253904	0.0163685	0	0.1	0.00897983
0.549944	1.02108	-2.10187	1.52509e-14	1.32132e-14	3.38927e-14	-9.66298e-30	-1.53597e-30	2.59362e-30	0.253737	0.0163362	0	0.1	0.011062
-1.86146	-4.03862	0.503133	8.01359e-14	-1.85435e-14	-1.94697e-13	2.93018e-30	3.21717e-29	-9.21743e-31	0.253624	0.0163144	0	0.1	0.0111248
1.4807	1.61346	1.5942	-9.82754e-12	-7.19756e-12	7.37375e-12	-6.72664e-28	-6.02377e-27	-1.15323e-26	0.253364	0.0162643	0	0.1	0.0060801
0.541724	0.778992	0.075005	-1.55187e-12	2.4145e-12	-1.12353e-12	-5.70102e-29	-4.0475e-28	-5.94943e-28	0.253199	0.0162325	0	0.1	0.00916613
-1.81855	-0.554818	0.862011	1.19345e-11	1.15283e-11	7.57397e-12	6.68006e-27	3.53573e-27	-9.11508e-28	0.253173	0.0162275	0	0.1	0.00819011
-2.12869	-1.94782	-1.14251	9.97024e-13	3.85972e-12	3.00304e-14	-3.94649e-28	-1.62623e-28	-7.30523e-28	0.253138	0.0162208	0	0.1	0.016707
-0.60346	-3.78451	1.86868	3.71869e-12	1.8267e-12	-2.27708e-12	6.7422e-28	1.52739e-27	1.76785e-28	0.25306	0.0162057	0	0.1	0.00849544
2.03414	-4.29742	-0.120913	-1.48813e-12	2.50206e-12	5.26066e-13	1.83454e-28	8.46141e-29	1.37169e-28	0.252994	0.0161931	0	0.1	0.0102108
1.02461	3.41712	0.512387	1.87773e-12	1.74681e-12	-4.79363e-12	1.21514e-27	1.16571e-27	-1.48375e-27	0.252875	0.0161702	0	0.1	0.0130342
0.565379	0.468488	-0.395837	1.82908e-12	-6.33638e-12	-1.53443e-12	-1.66391e-27	-2.1018e-27	5.57092e-27	0.252828	0.0161614	0	0.1	0.0127846
1.44034	3.93847	0.294822	-2.90868e-10	-1.91852e-12	1.91071e-10	7.99287e-26	-4.80186e-26	-8.71354e-26	0.252733	0.0161431	0	0.1	0.0111694
-0.560487	-3.15923	0.569485	1.85122e-12	-3.80617e-12	2.35525e-12	7.45587e-28	6.61047e-27	6.5614e-28	0.252648	0.0161269	0	0.1	0.00706949
1.08452	-2.90715	1.25981	2.20341e-13	3.18429e-12	-1.16166e-12	-4.3987e-28	4.3179e-27	-1.89326e-27	0.252486	0.0160957	0	0.1	0.00696123
2.44345	-2.66327	2.26241	-4.62738e-13	-1.35918e-12	-8.01227e-13	-2.47398e-28	-3.05989e-28	2.38789e-28	0.252467	0.0160921	0	0.1	0.0113383
0.807245	4.01815	-1.11858	1.61495e-10	-2.2586e-12	8.35843e-11	3.2825e-26	1.99866e-26	-1.00571e-25	0.252405	0.0160802	0	0.1	0.00825879
-0.712345	-1.73113	-2.37213	-4.6844e-12	4.62472e-12	-7.11349e-12	3.42141e-27	-1.57021e-27	5.468e-28	0.252271	0.0160547	0	0.1	0.00762447
1.73243	-3.45832	0.42832	-3.23911e-11	6.1469e-11	-5.50921e-11	1.28229e-25	-3.16898e-26	-1.03983e-25	0.252227	0.0160462	0	0.1	0.00879561
0.401254	4.24631	1.65192	-2.10293e-12	1.02094e-11	1.61262e-12	-1.73095e-28	-1.37547e-27	-2.4625e-28	0.25213	0.0160277	0	0.1	0.0111476
1.78816	4.49327	-2.39864	-1.56806e-12	-7.43305e-13	-6.68325e-13	-3.94611e-27	2.05776e-27	-7.61083e-27	0.252103	0.0160226	0	0.1	0.00899676
-0.735934	3.786	-1.61083	-1.36611e-13	-2.34232e-15	-3.33276e-13	-1.03224e-29	3.66763e-29	2.94135e-30	0.252085	0.0160192	0	0.1	0.0104629
0.533946	1.2658	-0.143214	-2.19546e-12	5.11311e-13	1.43086e-11	4.9035e-28	-1.04209e-27	1.72148e-27	0.252071	0.0160166	0	0.1	0.0130867
2.12688	-1.1113	-0.0940722	2.45892e-12	2.35774e-12	4.55844e-12	-4.14199e-28	-1.25007e-27	3.18974e-28	0.251448	0.0158981	0	0.1	0.00736337
1.00644	3.69621	1.50647	-9.42109e-12	-3.94768e-12	-1.86867e-12	3.77009e-27	-7.66716e-27	8.08128e-28	0.251402	0.0158893	0	0.1	0.00790601
1.47738	-3.50535	-0.372093	1.32064e-12	-8.42201e-12	-1.94118e-12	9.218e-28	8.25172e-28	4.59367e-29	0.251261	0.0158626	0	0.1	0.0127086
1.74532	2.33726	0.900102	5.73219e-12	-1.81516e-12	-3.62018e-12	6.17117e-27	4.08511e-27	-3.54351e-27	0.251168	0.0158451	0	0.1	0.00711118
0.987314	-0.588284	1.97688	4.29006e-11	-3.94134e-12	9.58186e-11	-1.95856e-26	5.23036e-26	1.09195e-26	0.251129	0.0158376	0	0.1	0.0167444
-0.410489	-4.13228	-1.09791	2.75683e-12	-5.91234e-12	3.26668e-12	-1.19107e-27	7.31489e-29	-3.92982e-29	0.250874	0.0157895	0	0.1	0.00776011
-2.31721	3.53414	-0.740193	-8.04592e-11	-7.22959e-11	1.28901e-11	-8.53171e-27	7.68197e-27	1.37595e-26	0.250776	0.015771	0	0.1	0.00666872
-1.21745	3.09545	-1.81602	-1.66522e-12	6.49724e-12	6.99469e-12	-3.16574e-27	2.46355e-27	-3.68884e-28	0.250488	0.0157167	0	0.1	0.00698415
-1.58036	-4.37246	-1.41643	-9.18201e-13	-1.45624e-11	-2.08864e-12	1.83211e-27	2.70294e-29	-1.11149e-27	0.250471	0.0157136	0	0.1	0.00794944
-1.93075	-3.20845	-0.136428	-6.02475e-11	-3.55051e-11	-2.70856e-11	-4.99934e-26	-1.01121e-25	3.02973e-25	0.250458	0.015711	0	0.1	0.00843816
-1.34426	-3.93034	-1.40376	2.49503e-10	-1.20157e-10	-1.35679e-11	-4.66548e-27	-7.49729e-27	1.22674e-25	0.250287	0.0156788	0	0.1	0.0066744
-0.57527	-0.463455	-0.0700412	3.69442e-13	3.19582e-12	-1.04974e-12	2.62029e-28	2.68612e-27	-8.7536e-28	0.250205	0.0156635	0	0.1	0.00576035
0.282607	-1.85986	1.51233	-6.57136e-12	-2.99578e-12	-8.426e-12	-2.81864e-27	1.68567e-27	-5.03103e-27	0.250134	0.0156501	0	0.1	0.00998156
0.280624	3.9208	-0.147942	3.51845e-11	-9.58233e-11	1.51797e-10	-2.39259e-25	-1.07705e-25	4.49069e-27	0.250082	0.0156404	0	0.1	0.00874654
1.23223	-3.12075	-0.163894	3.87083e-12	-5.93823e-12	-3.13404e-12	-1.29365e-26	-4.55945e-27	-2.26491e-26	0.250067	0.0156376	0	0.1	0.00762684
-2.46381	-3.08121	-0.404924	2.37502e-12	4.34984e-12	-8.87174e-13	8.12773e-27	1.65467e-27	-6.90094e-28	0.250041	0.0156327	0	0.1	0.0073094
1.5683	-3.00076	1.16112	9.99511e-13	1.29492e-11	-1.06176e-11	-1.44956e-27	1.80623e-27	-1.40514e-27	0.249964	0.0156183	0	0.1	0.0107817
-1.66642	0.927125	-1.08984	9.72934e-12	-1.4224e-12	-2.89824e-12	-6.63987e-28	7.90696e-28	1.41295e-27	0.249932	0.0156122	0	0.1	0.0115135
1.94987	-0.562708	0.0269863	6.32988e-12	-5.79727e-12	5.87686e-12	1.05581e-27	2.67768e-27	-5.05937e-28	0.249886	0.0156037	0	0.1	0.0100018
-1.77621	-3.21416	-1.67996	2.92051e-12	-6.11583e-12	1.28023e-11	-9.82807e-28	-5.86033e-28	-2.00211e-28	0.24978	0.0155838	0	0.1	0.00831081
-1.5129	4.41569	1.73168	-5.89089e-12	6.43029e-12	-2.40419e-12	6.51442e-27	-2.73764e-27	-5.01558e-27	0.249775	0.0155829	0	0.1	0.00745307
2.44626	1.43093	0.153563	2.13023e-12	-1.40303e-12	2.54238e-12	-1.88222e-28	-1.02332e-27	-4.14282e-28	0.24966	0.0155613	0	0.1	0.0123582
-1.47073	0.0233982	2.39196	-4.53698e-13	1.71521e-12	-1.82764e-12	-1.32934e-27	3.06181e-29	-6.83875e-28	0.249327	0.0154992	0	0.1	0.00668452
1.78874	4.42589	0.212844	-1.78892e-12	-6.06059e-12	4.43197e-13	3.80069e-29	-1.71608e-27	2.02759e-27	0.249293	0.0154927	0	0.1	0.00878039
1.37551	0.220541	-1.92052	-2.51751e-12	1.25363e-13	9.31208e-12	9.77298e-29	-5.03998e-28	-2.37197e-28	0.249284	0.0154911	0	0.1	0.00674239
1.97359	-4.26596	-1.00829	8.67598e-12	6.66205e-12	-3.21666e-12	4.23884e-28	3.33436e-27	-3.10112e-28	0.249204	0.0154762	0	0.1	0.0117926
-0.394821	-1.85703	1.43235	-6.67434e-11	1.08088e-10	-1.1998e-10	-4.67753e-26	-5.64315e-26	-2.89345e-26	0.249177	0.0154712	0	0.1	0.0150474
0.472116	-1.04504	-0.731297	-1.92629e-12	-5.86376e-13	-5.50949e-12	1.32439e-27	1.46228e-27	4.52082e-28	0.249145	0.0154652	0	0.1	0.00894984
1.83456	-0.680935	-1.33938	4.07523e-12	2.95588e-12	5.73021e-13	2.57606e-29	-7.61197e-29	-2.17439e-29	0.249053	0.0154482	0	0.1	0.0134356
-1.49131	0.324778	-0.206293	-3.2665e-12	3.35918e-12	4.25995e-12	8.77275e-29	1.4647e-27	1.43296e-27	0.248992	0.0154368	0	0.1	0.00863605
2.28153	-3.82658	-1.44636	-3.58637e-10	2.60666e-11	1.21657e-10	2.05209e-28	2.27492e-25	-5.45085e-26	0.248987	0.0154359	0	0.1	0.00747878
0.162396	-2.83262	-1.80005	1.74169e-12	2.8436e-12	2.09306e-12	-3.149e-28	-8.45269e-28	1.21568e-27	0.248955	0.0154298	0	0.1	0.00920714
-1.2031	4.09303	2.00817	-1.85243e-12	2.61211e-12	2.04612e-12	-3.89138e-28	-8.67826e-28	4.66232e-28	0.248895	0.0154187	0	0.1	0.00959332
-1.80092	2.45297	0.392777	-1.50116e-12	-7.24601e-12	1.29147e-12	-5.07326e-27	1.01881e-26	-2.85016e-28	0.248817	0.0154043	0	0.1	0.0113885
-1.02326	-2.46286	2.44325	3.00952e-12	-8.09687e-13	6.50644e-12	3.26845e-28	3.75113e-28	5.26147e-29	0.248702	0.0153828	0	0.1	0.00648259
-0.336293	3.0337	-0.777378	9.67294e-13	-3.54472e-13	-2.25016e-12	-1.45743e-28	-2.6865e-28	-2.85334e-28	0.248571	0.0153587	0	0.1	0.00815344
-1.60772	-1.10677	-0.0899942	5.55441e-13	-2.66943e-13	-5.10109e-12	3.17532e-27	3.69954e-27	3.19268e-29	0.248548	0.0153544	0	0.1	0.00807794
0.345641	1.66051	-0.435434	1.24476e-11	-1.51382e-11	3.39562e-12	1.68296e-26	-9.01554e-28	7.25528e-27	0.248548	0.0153543	0	0.1	0.00655593
1.43432	-0.972041	-1.39148	4.94125e-11	-8.90719e-11	9.08769e-11	-6.68492e-26	8.84717e-27	4.25043e-26	0.24853	0.0153511	0	0.1	0.00724269
-2.3494	3.32667	2.0774	-9.08619e-11	-6.27246e-11	-4.99581e-11	2.47237e-26	4.89471e-27	-5.31174e-26	0.248434	0.0153333	0	0.1	0.00823649
-1.92501	-2.60036	1.12781	-5.37319e-12	-1.33548e-11	4.31942e-13	9.83088e-28	-7.42534e-28	2.27927e-28	0.248359	0.0153193	0	0.1	0.00759751
0.672284	-0.536852	-1.20211	-1.01324e-12	1.33367e-12	1.33966e-11	-1.61657e-27	5.07689e-28	-1.938e-27	0.248141	0.0152789	0	0.1	0.0101729
-0.69204	0.988069	-1.50327	-3.35697e-14	1.83047e-13	2.03693e-13	1.74908e-28	1.8881e-28	-1.43098e-28	0.248002	0.0152534	0	0.1	0.0213039
0.49908	1.67473	1.66714	-7.24568e-12	1.01639e-12	5.55773e-12	-8.11428e-27	4.27557e-27	5.80577e-27	0.247923	0.0152388	0	0.1	0.00665905
-1.02092	-1.69787	1.19573	2.80822e-14	2.44255e-14	4.85636e-14	-5.39772e-29	-1.25289e-28	1.22695e-28	0.24791	0.0152364	0	0.1	0.0163837
-2.38439	1.32121	-2.26031	4.57308e-12	-7.70796e-12	-3.00987e-13	3.11528e-28	-1.56866e-27	2.10446e-27	0.247861	0.0152273	0	0.1	0.0116818
-0.323334	2.49039	-0.195727	1.08453e-12	-2.35894e-12	1.77447e-12	1.2914e-27	7.20205e-28	2.8532e-27	0.247815	0.0152188	0	0.1	0.00721457
-0.336983	-0.515955	-1.06633	-9.89166e-12	-1.65846e-12	-2.15788e-12	-3.62392e-27	1.76622e-28	5.06787e-28	0.24777	0.0152105	0	0.1	0.00729098
0.676299	1.86904	-1.57196	-5.21484e-11	-1.4862e-11	-8.09443e-11	1.20821e-26	-5.63169e-26	-1.05942e-26	0.247718	0.015201	0	0.1	0.00766846
0.67538	4.06742	-1.81321	-2.33197e-13	1.27197e-12	-9.60783e-14	-4.92308e-29	4.31268e-28	2.21716e-28	0.247653	0.015189	0	0.1	0.00854044
1.63459	-0.770678	0.354498	-6.37553e-12	1.28667e-12	-3.96677e-12	-1.30151e-26	2.33915e-27	4.37873e-27	0.247552	0.0151705	0	0.1	0.0114288
1.04086	-1.99658	-0.819837	-1.19093e-10	1.48175e-11	6.59463e-11	-1.43259e-26	1.10291e-25	-4.56614e-26	0.247417	0.0151457	0	0.1	0.00593909
0.356	-0.713968	1.0085	-4.54934e-12	7.68956e-13	-1.23978e-12	-9.31074e-28	2.68344e-28	8.17859e-28	0.247413	0.0151449	0	0.1	0.00997332
1.67304	1.93991	1.2277	3.01844e-12	-1.92223e-12	-2.71554e-12	2.72304e-28	-3.0523e-28	-1.5906e-27	0.247374	0.0151378	0	0.1	0.00677014
-0.220665	1.03298	1.52236	-5.77185e-11	1.20193e-10	2.79707e-11	-8.80157e-27	1.60115e-26	-9.00379e-26	0.247362	0.0151356	0	0.1	0.0108231
0.636153	-4.5093	-0.60318	2.0492e-12	-5.6485e-12	-1.60537e-12	5.65351e-28	-4.2878e-27	7.14572e-28	0.247199	0.0151056	0	0.1	0.00834424
-2.15189	0.429111	1.47662	1.59133e-10	4.45735e-11	1.98045e-10	2.73984e-25	-2.02879e-25	-6.86291e-26	0.246967	0.0150632	0	0.1	0.00999358
0.702659	4.11909	-0.356079	-4.18478e-12	-5.45005e-12	4.74053e-13	-1.88855e-27	1.77325e-27	-3.51452e-27	0.246927	0.0150559	0	0.1	0.00681418
-0.684363	-3.62321	2.49688	-3.20508e-10	1.55713e-10	1.89372e-10	-6.42362e-26	-1.56567e-25	7.04746e-27	0.246807	0.0150339	0	0.1	0.00984888
2.24205	-0.545204	2.1241	-7.03785e-12	2.46512e-12	-1.68709e-12	2.71237e-28	4.94878e-28	-2.71867e-27	0.246693	0.015013	0	0.1	0.0148038
-0.517947	-3.23667	-0.746669	-6.26629e-13	1.55744e-12	-8.01169e-13	1.07015e-27	-1.86674e-28	-1.12668e-27	0.246676	0.01501	0	0.1	0.0122468
0.301205	4.18839	-1.06366	5.17429e-12	2.12944e-13	-4.32798e-12	2.91745e-29	-1.3929e-27	3.75349e-30	0.246457	0.01497	0	0.1	0.00798019
-0.55421	-2.63184	2.42641	-8.82358e-11	-6.44794e-11	1.01808e-10	-2.39986e-26	-1.43119e-25	-1.20412e-25	0.246336	0.014948	0	0.1	0.00611503
-0.77843	1.74956	0.516885	8.85871e-13	1.56158e-12	-3.81574e-13	3.35213e-28	-3.07155e-28	-5.3085e-28	0.24629	0.0149396	0	0.1	0.0113756
2.35577	2.98132	0.743946	-4.667e-12	-1.63147e-12	3.11646e-12	1.78324e-26	1.77827e-26	2.96549e-27	0.246281	0.0149381	0	0.1	0.00679845
2.27094	3.61207	-1.80253	-3.49945e-11	4.23995e-11	-1.06247e-11	1.304e-25	6.83242e-26	-1.34732e-25	0.246247	0.0149319	0	0.1	0.00602854
0.985538	-2.12695	-0.269625	1.08912e-10	-1.1994e-11	-2.99408e-11	-2.372e-26	-8.76834e-26	-4.93734e-26	0.246246	0.0149317	0	0.1	0.00774002
1.10961	1.95883	-1.3525	7.12558e-11	1.45817e-11	3.53519e-11	1.34312e-26	-3.28152e-26	-1.0214e-26	0.246225	0.0149279	0	0.1	0.010853
-1.77505	-2.97002	1.92639	1.159e-10	1.47676e-11	-2.1719e-11	8.06254e-27	-1.115e-25	-4.50327e-26	0.246004	0.0148876	0	0.1	0.00879063
2.3974	-1.99624	-0.993542	1.75982e-12	-2.6743e-12	1.73508e-12	2.07177e-28	-4.80258e-28	-6.89809e-28	0.245876	0.0148645	0	0.1	0.0102365
2.16444	1.11083	1.10515	-5.84439e-11	-8.09968e-11	-9.05584e-11	-7.69495e-26	1.94459e-25	-1.49331e-25	0.245817	0.0148537	0	0.1	0.00708446
-1.25127	1.60597	1.38458	-2.6994e-13	-3.75867e-14	6.38539e-14	-3.81916e-30	-3.79138e-30	-3.39996e-29	0.245568	0.0148087	0	0.1	0.0201471
-0.0815513	-2.01699	0.13661	-3.13619e-12	-1.23369e-12	1.03699e-12	-6.39877e-28	6.31148e-28	4.1407e-28	0.245289	0.0147582	0	0.1	0.0139184
-0.233627	-4.45356	-1.64733	2.88076e-13	2.11166e-12	-3.3911e-13	-3.55504e-28	9.51447e-29	-1.27082e-28	0.245158	0.0147346	0	0.1	0.00771949
1.69493	-0.995963	-1.81693	-3.14344e-11	-7.62341e-11	1.3925e-11	-1.33771e-26	4.17485e-27	4.10909e-27	0.245057	0.0147163	0	0.1	0.00712388
-1.60677	-2.55881	1.71693	-6.32401e-11	1.87356e-11	9.88068e-11	2.27693e-26	1.45503e-25	-1.12507e-26	0.245035	0.0147124	0	0.1	0.00865135
0.529987	3.76678	1.62685	-8.29531e-12	8.58563e-12	-3.05212e-12	1.03148e-27	6.81139e-28	1.11916e-27	0.244981	0.0147027	0	0.1	0.0112425
0.5629	2.02189	-2.02634	-2.08714e-12	-1.3627e-12	2.87596e-12	7.82048e-27	8.80338e-28	8.10283e-28	0.244911	0.0146901	0	0.1	0.00764802
1.21815	-1.77831	1.32934	9.22574e-13	-1.78901e-12	-2.13483e-12	3.12855e-28	3.67198e-28	-1.80752e-28	0.244869	0.0146825	0	0.1	0.00844602
-2.38458	-0.0883036	0.821164	-1.66663e-12	-3.73108e-12	1.13663e-12	-2.21537e-28	-5.0496e-28	-1.08549e-31	0.244864	0.0146816	0	0.1	0.00860099
1.84333	-3.96263	-1.64218	1.38895e-10	1.28968e-11	-1.21519e-10	3.2042e-27	-1.94976e-25	-1.70182e-26	0.244722	0.0146562	0	0.1	0.0096324
1.46975	4.34407	0.581288	2.32768e-11	3.11749e-10	2.24241e-10	2.71028e-25	-3.16627e-26	1.49223e-26	0.244704	0.0146528	0	0.1	0.00788787
0.583861	-3.77753	-1.14145	1.81008e-10	-8.45887e-11	2.48852e-11	-2.15293e-26	-1.70353e-26	7.63854e-26	0.24466	0.0146449	0	0.1	0.00533135
-0.345621	-4.51304	-0.745915	-4.45987e-13	3.56884e-12	-3.75762e-12	1.11339e-26	7.53578e-27	-2.00701e-27	0.244608	0.0146356	0	0.1	0.00520567
-0.0291626	-0.890661	1.2739	-5.76495e-12	2.6844e-12	9.6101e-13	2.68675e-26	1.85624e-27	-2.762e-27	0.244579	0.0146305	0	0.1	0.00667036
1.48155	1.45241	2.40219	1.55067e-10	-3.35025e-11	-2.80429e-13	2.67123e-28	-5.9843e-27	1.28103e-25	0.244563	0.0146276	0	0.1	0.00792762
2.47295	0.130949	-1.49402	-2.43083e-12	-8.53726e-13	-2.4685e-12	-1.74391e-27	-3.45843e-28	-2.34011e-28	0.244538	0.0146231	0	0.1	0.0122538
2.24357	3.10263	2.24197	-6.24496e-13	2.58715e-12	4.4229e-12	-2.79039e-28	-4.86747e-28	-6.24994e-29	0.244316	0.0145832	0	0.1	0.0078754
-1.81633	1.12816	0.448191	-4.30906e-12	1.20866e-12	-6.34862e-12	-3.96498e-27	-1.51447e-27	-6.23423e-27	0.244283	0.0145774	0	0.1	0.00686418
1.16813	2.59081	-1.84175	-3.40818e-12	-2.47678e-12	1.32745e-12	1.55878e-29	-4.68722e-28	-4.66104e-28	0.244002	0.0145271	0	0.1	0.0118451
0.315534	-3.51928	-1.4576	1.10384e-10	8.08884e-11	-1.27789e-10	-7.59137e-26	-5.33341e-26	1.3699e-26	0.243851	0.0145002	0	0.1	0.00710555
-1.43479	-2.67366	0.393031	7.03717e-12	2.0911e-14	-2.76264e-12	5.06897e-28	1.50715e-27	1.71504e-27	0.243848	0.0144996	0	0.1	0.00820644
0.537328	-2.95123	-0.158144	-1.29605e-12	1.6891e-12	-4.75817e-12	-1.71422e-27	1.4572e-27	-1.72991e-28	0.243706	0.0144744	0	0.1	0.0059964
-1.90453	-2.45679	0.657688	2.05806e-12	1.14491e-12	4.40216e-12	2.10008e-27	-1.9475e-27	-2.13806e-28	0.243422	0.0144237	0	0.1	0.00624296
1.47909	-2.04981	-1.03417	1.26369e-10	-1.2097e-11	-6.20863e-11	1.0026e-26	1.24047e-25	-2.97547e-26	0.243314	0.0144046	0	0.1	0.00634523
-0.984212	1.35006	0.114779	5.17089e-12	-1.16902e-12	-2.22953e-12	-3.97073e-28	5.29303e-29	-1.20437e-27	0.243223	0.0143885	0	0.1	0.0117588
-2.3456	2.42981	-0.318685	-4.42032e-12	2.84562e-12	-1.28369e-12	5.01196e-28	2.0543e-27	6.43889e-28	0.243011	0.0143509	0	0.1	0.00992548
1.58773	-1.13242	1.46876	2.22313e-12	2.40614e-12	-3.03817e-13	-6.64772e-28	-1.28494e-27	2.80061e-27	0.242882	0.0143279	0	0.1	0.00810221
0.474802	-3.31207	-1.04717	-3.49522e-11	1.32414e-10	1.89372e-11	7.24186e-26	9.93102e-27	1.7296e-26	0.242612	0.0142803	0	0.1	0.0065163
-0.890467	0.630745	-2.34835	3.99345e-12	-2.98897e-12	-4.48081e-12	-1.65784e-28	2.20557e-27	9.99363e-28	0.242476	0.0142562	0	0.1	0.0121588
-1.9316	1.13753	-2.22145	1.25639e-12	-1.57775e-11	3.94598e-12	-1.3078e-28	-1.80312e-29	2.67257e-27	0.242265	0.0142191	0	0.1	0.0130032
0.746482	-0.160624	-0.751013	-7.44584e-12	-5.19238e-12	-2.05434e-12	-3.42385e-27	-3.59288e-27	1.40743e-27	0.242052	0.0141816	0	0.1	0.00943499
-0.324828	3.123	0.738054	-1.61522e-12	-8.28482e-13	1.91929e-12	3.46608e-29	-1.57893e-28	-4.0976e-28	0.24203	0.0141777	0	0.1	0.00912073
1.23722	1.61613	-1.70274	5.306e-15	-2.38993e-15	1.59771e-14	5.74814e-30	-7.0382e-30	-2.60425e-30	0.241911	0.0141568	0	0.1	0.0109012
-0.701107	-2.77572	-0.96342	-1.41548e-10	-7.4602e-12	1.89811e-11	-2.0747e-27	5.54238e-27	-1.53453e-26	0.2419	0.0141549	0	0.1	0.0152649
-0.742321	3.15519	-1.69881	7.23349e-13	-4.30353e-14	1.12433e-12	-1.21566e-28	2.73213e-29	-1.32012e-28	0.241847	0.0141456	0	0.1	0.0125158
2.30016	4.35737	2.17253	-1.60246e-12	1.76926e-11	2.71418e-11	-7.50764e-27	4.71214e-27	-8.45972e-27	0.241827	0.0141421	0	0.1	0.0141211
-1.58888	-3.80185	-0.930736	-1.44813e-12	1.65321e-12	-3.041e-13	6.29089e-28	2.54693e-29	-3.31852e-28	0.241789	0.0141354	0	0.1	0.00900098
-0.169486	-1.67351	-0.197605	1.47585e-13	-2.06156e-12	-1.32699e-12	-4.33078e-28	4.99966e-28	4.38931e-29	0.24175	0.0141286	0	0.1	0.00745201
-1.60562	-0.0898251	1.9335	-3.45097e-12	6.729e-13	-8.38575e-13	1.6561e-27	8.88415e-28	-8.51537e-28	0.241745	0.0141278	0	0.1	0.00622141
2.23849	1.95473	-0.880392	-1.90349e-13	1.55676e-13	2.45465e-13	1.67169e-28	-3.99993e-29	1.88984e-28	0.241636	0.0141087	0	0.1	0.0100933
-0.410021	3.24932	-2.03726	1.31605e-13	-2.7644e-13	1.84541e-13	5.50199e-29	8.45762e-29	-6.90982e-28	0.241631	0.0141078	0	0.1	0.00782345
0.489902	0.190309	-0.962998	1.15472e-12	4.42756e-12	2.50347e-12	-3.49831e-27	-1.17386e-27	1.71025e-27	0.241573	0.0140975	0	0.1	0.00975732
-2.47111	1.25653	-1.71941	4.14539e-12	-2.91109e-12	2.28794e-12	-6.05812e-28	-7.65855e-29	1.58912e-27	0.241415	0.01407	0	0.1	0.013761
-2.49553	-0.152871	-0.113373	8.20317e-15	5.19123e-16	1.36657e-14	0	0	0	0.241399	0.0140672	0	0.1	0.020964
0.416623	-2.25577	-1.4345	1.09351e-10	-7.75729e-11	9.65375e-11	6.61805e-27	-1.87523e-25	-1.36933e-25	0.241363	0.0140609	0	0.1	0.00609542
-1.12214	-1.70367	0.155349	6.71541e-12	-5.38694e-12	9.43856e-12	-1.75431e-27	-6.85539e-28	2.51355e-28	0.241326	0.0140545	0	0.1	0.0145489
-0.29587	4.05897	-1.87014	-2.40369e-12	-1.34135e-12	2.1433e-12	-6.01044e-29	3.01162e-28	-4.39437e-28	0.241273	0.0140452	0	0.1	0.00661383
0.518809	4.15319	-2.26822	-3.55587e-13	3.21754e-12	1.36401e-13	-7.94606e-28	1.81996e-28	1.31164e-28	0.241068	0.0140094	0	0.1	0.00656447
0.208693	-1.8054	2.37802	-8.06436e-11	-1.26326e-10	-8.53181e-11	1.66653e-25	4.84584e-26	-2.19698e-25	0.240966	0.0139916	0	0.1	0.00799257
-1.7992	4.46121	2.26673	5.69543e-12	-2.99056e-12	-2.21679e-12	-5.785e-28	-2.80473e-27	-4.54832e-28	0.24084	0.0139696	0	0.1	0.00881925
-1.01674	2.68844	0.298394	1.2451e-10	-3.83303e-11	1.14578e-10	3.27073e-26	-1.95481e-26	-4.42127e-26	0.240765	0.0139566	0	0.1	0.00730208
1.53451	1.46326	1.12653	-4.32338e-12	-4.32006e-13	5.10544e-12	-6.24553e-27	-2.12491e-27	4.11127e-28	0.240672	0.0139404	0	0.1	0.00587666
-1.84438	-0.321826	-1.906	4.88938e-12	3.80523e-14	-1.9398e-12	-2.02851e-27	-3.51369e-27	-3.72576e-27	0.240565	0.0139219	0	0.1	0.0106138
1.20821	4.3021	-1.18781	-5.45191e-13	3.9186e-12	-9.97884e-13	-1.8689e-28	-2.18368e-27	-4.89355e-29	0.240418	0.0138964	0	0.1	0.00552022
1.31348	-2.40032	-0.0354808	9.9366e-12	1.1344e-11	-1.0096e-10	1.95407e-26	-7.55306e-26	-9.30898e-27	0.240356	0.0138857	0	0.1	0.00725249
-0.315766	2.58731	-1.31336	1.77463e-10	-1.5057e-10	1.77867e-10	4.07996e-25	-6.38579e-26	-5.24187e-25	0.240135	0.0138473	0	0.1	0.0103683
-2.40845	4.38228	1.7894	-7.50302e-12	-1.63421e-12	2.08476e-11	2.27373e-27	1.73889e-27	1.20365e-26	0.240113	0.0138436	0	0.1	0.00907647
-0.966512	-2.12113	-2.2119	-1.36827e-11	1.18552e-11	-1.8871e-12	2.87562e-27	-9.87595e-28	1.7719e-27	0.239897	0.0138063	0	0.1	0.0088532
1.55857	3.17957	2.35819	1.54167e-12	-6.53791e-14	3.49038e-12	5.18285e-28	8.98779e-28	-4.76198e-28	0.239791	0.0137879	0	0.1	0.00934264
-2.49707	1.96933	-0.259104	-1.48708e-13	-4.67605e-13	-7.1248e-13	3.41429e-28	-7.76051e-28	-9.07099e-28	0.239773	0.0137847	0	0.1	0.00838868
2.21314	1.36408	-0.612471	-7.50003e-13	8.72284e-12	8.46988e-14	3.07618e-27	-3.63592e-28	-2.21532e-28	0.239506	0.0137389	0	0.1	0.00786451
1.36892	0.0179741	-1.36035	1.12242e-10	-1.05943e-10	-1.12545e-10	5.75235e-26	-4.10028e-27	6.5278e-26	0.239478	0.013734	0	0.1	0.0136478
1.99245	3.22028	0.527641	-1.82057e-11	8.99671e-12	4.5645e-11	3.26783e-26	9.34256e-26	1.63069e-26	0.239384	0.0137179	0	0.1	0.008015
-1.65928	3.25826	0.413641	-8.67924e-12	6.27099e-12	3.58146e-12	1.73529e-27	1.38428e-27	-4.72784e-27	0.239357	0.0137132	0	0.1	0.00822682
-0.357637	-3.52999	1.0593	1.16687e-11	9.00454e-12	-9.81505e-12	-6.66199e-27	2.77652e-27	4.82614e-27	0.239202	0.0136866	0	0.1	0.00896058
-0.388945	-2.79198	-2.14129	-1.47967e-12	-1.02179e-11	1.73572e-12	-6.44183e-28	8.74188e-28	-1.53667e-27	0.239196	0.0136856	0	0.1	0.00881417
0.512938	-2.76908	-2.17632	-7.24183e-12	2.58439e-12	1.72499e-12	1.32263e-28	-4.28156e-27	-2.40066e-27	0.239094	0.013668	0	0.1	0.00779972
0.247354	4.08078	2.22935	-3.05829e-12	-5.90685e-12	-5.6912e-12	9.30108e-28	2.25761e-27	-6.09824e-28	0.239092	0.0136677	0	0.1	0.0112802
-0.906298	2.34249	1.95044	-3.40115e-12	1.01147e-11	-3.64829e-13	9.78242e-28	4.27382e-27	4.78196e-28	0.23907	0.013664	0	0.1	0.00772725
-0.268382	-1.80391	2.43046	-3.66129e-11	1.09656e-10	1.04511e-10	4.2105e-28	-5.28266e-26	5.29354e-26	0.238954	0.0136441	0	0.1	0.00611961
-1.71038	-3.95658	-0.491917	-2.1283e-12	-2.01352e-12	-6.89081e-13	-1.11998e-28	8.23058e-29	4.1354e-28	0.238781	0.0136145	0	0.1	0.00777753
-1.67459	0.267682	1.62051	4.10244e-12	-6.58705e-11	7.86219e-11	9.4076e-26	8.68047e-26	5.64049e-26	0.238342	0.0135395	0	0.1	0.00584101
-1.08325	4.25103	1.56272	-5.95181e-13	3.11684e-12	2.4222e-12	2.49532e-28	3.02362e-28	-5.61385e-28	0.238076	0.0134942	0	0.1	0.00688094
-0.905998	-4.08637	-0.144435	-6.10922e-12	1.47699e-12	3.34616e-12	-2.10877e-26	5.14709e-27	5.81506e-27	0.23804	0.0134881	0	0.1	0.00873765
-0.910183	-1.33796	-1.4129	7.61885e-11	-4.87581e-11	-1.61885e-10	2.57946e-25	1.60794e-25	6.88414e-26	0.238038	0.0134877	0	0.1	0.0119484
0.576447	-2.39292	-1.86515	9.93877e-13	-7.11976e-13	-3.20678e-12	4.74367e-28	-4.23171e-28	5.74064e-28	0.238027	0.0134859	0	0.1	0.0101135
0.975404	-1.59047	-0.561897	-2.88977e-12	-8.85417e-12	1.91227e-11	-2.64227e-27	9.31908e-28	2.43226e-28	0.238018	0.0134843	0	0.1	0.00641033
0.793048	-0.148466	1.26129	3.13078e-12	-1.65151e-11	-9.33751e-11	7.49413e-26	-7.55557e-28	2.22989e-28	0.237793	0.0134461	0	0.1	0.00720407
-0.062532	2.9687	-1.17613	1.78945e-10	2.71345e-10	9.82796e-11	3.68544e-25	-7.25453e-26	-4.75604e-25	0.237793	0.0134461	0	0.1	0.0111061
-1.73544	3.35813	-0.723782	2.37528e-11	-3.19314e-11	8.00633e-11	-1.57827e-25	-1.29706e-25	4.92493e-27	0.237532	0.0134018	0	0.1	0.00524503
-1.56248	4.15947	0.685122	-4.38104e-12	-2.29416e-12	-7.15984e-12	2.03586e-27	-5.44659e-28	8.55365e-28	0.237433	0.0133851	0	0.1	0.00684917
2.23398	-1.16168	-1.80953	-5.4002e-11	2.60942e-11	9.80171e-11	-4.14e-27	-2.5135e-25	4.02943e-26	0.237255	0.0133551	0	0.1	0.0105139
-1.95977	-1.24684	-1.80158	1.94733e-11	2.71785e-11	8.90125e-11	1.89588e-25	1.75993e-26	-4.62306e-26	0.237142	0.013336	0	0.1	0.0101674
1.06423	1.97406	-2.06594	6.08691e-11	7.18452e-11	1.045e-10	-2.90206e-26	-4.44568e-26	5.00035e-26	0.236928	0.0132999	0	0.1	0.0118392
1.79547	-0.595871	1.94568	-7.2393e-12	1.20208e-11	-4.31792e-12	-2.01792e-27	-1.425e-27	-3.25364e-27	0.236852	0.0132872	0	0.1	0.0132956
-2.11936	2.99159	-2.42967	5.19305e-12	-9.91707e-13	5.32094e-13	1.08559e-27	-1.20514e-27	1.19868e-26	0.236803	0.0132788	0	0.1	0.00714395
0.131488	-3.94898	-1.11807	7.97839e-15	7.096e-16	1.37963e-14	-3.15622e-32	1.48394e-31	6.81791e-32	0.236802	0.0132787	0	0.1	0.00675505
-1.33142	3.80701	0.456452	-1.2576e-10	2.21441e-13	5.02748e-11	4.50547e-27	6.64905e-26	9.64458e-28	0.236724	0.0132655	0	0.1	0.00760337
-1.6951	2.2335	1.42249	-3.54593e-12	-2.89513e-12	-3.48247e-12	-2.75408e-27	-2.48921e-28	-3.82188e-28	0.236581	0.0132416	0	0.1	0.0136248
2.0681	0.361784	-0.48457	8.91123e-11	-1.5594e-10	-6.78344e-11	-3.44432e-26	-3.43929e-26	3.57076e-26	0.236557	0.0132376	0	0.1	0.0129549
1.00741	-0.536338	-0.61019	-1.64387e-12	-3.00757e-12	-6.24796e-12	8.56593e-28	-3.42829e-27	-3.69045e-27	0.236548	0.013236	0	0.1	0.00841409
0.190879	4.00554	-1.94732	-1.58382e-13	4.71453e-13	-4.98821e-13	-1.28456e-27	-3.34979e-28	1.23087e-28	0.236448	0.0132192	0	0.1	0.00638279
0.449249	-2.96869	0.881943	6.20074e-11	7.2959e-11	1.02053e-10	-3.95861e-26	-5.51589e-26	7.26404e-26	0.236428	0.013216	0	0.1	0.0091308
-1.74256	1.40372	-1.59668	2.08526e-12	1.77168e-13	-3.18247e-12	2.53035e-28	1.20441e-27	-2.19908e-28	0.236339	0.0132009	0	0.1	0.0109524
-2.05484	0.346657	1.94284	1.08485e-10	-9.46775e-11	5.48438e-10	-1.87647e-25	-3.25299e-25	-1.60374e-26	0.236332	0.0131998	0	0.1	0.00615293
-0.189451	3.26467	1.17421	3.03567e-13	3.12381e-13	9.79825e-13	-2.06257e-30	1.51464e-28	-4.56929e-29	0.236114	0.0131634	0	0.1	0.0153641
1.03628	3.85264	-0.011324	1.11854e-10	-4.33848e-11	-9.52913e-11	2.40305e-25	4.08443e-27	1.20163e-25	0.236071	0.0131561	0	0.1	0.00766131
-1.99765	4.03703	0.227485	1.28612e-10	1.01664e-10	-1.08931e-10	1.64254e-25	-1.09501e-25	1.03217e-25	0.235985	0.0131418	0	0.1	0.00904638
2.32185	-2.26171	-2.48754	-4.08952e-12	-1.18551e-13	-4.40698e-12	1.70459e-27	-4.93838e-28	-1.04021e-28	0.235952	0.0131362	0	0.1	0.0187936
-1.93576	3.25742	-1.4959	1.58012e-12	-3.01836e-12	3.43006e-12	8.97388e-28	4.08111e-28	2.58808e-27	0.235904	0.0131283	0	0.1	0.00645392
0.00696189	1.44005	-2.46978	1.48224e-12	-2.49225e-12	5.6151e-13	1.54052e-29	-4.5868e-28	-4.67235e-29	0.235895	0.0131268	0	0.1	0.0106097
-1.22987	-1.95479	0.843059	1.66902e-14	-1.3007e-14	-2.87608e-14	-4.69392e-29	-1.65687e-28	1.26956e-28	0.235839	0.0131174	0	0.1	0.0179941
-1.63258	0.893863	-1.57321	1.04825e-13	2.1609e-12	-3.7015e-12	-3.20923e-28	-5.99272e-28	5.45215e-28	0.235733	0.0130998	0	0.1	0.00928859
-1.66361	-2.13797	0.922163	7.42794e-11	-4.38939e-11	-1.72977e-11	-3.75706e-26	-1.87113e-25	2.4303e-25	0.235687	0.013092	0	0.1	0.00895012
0.882694	2.69565	-0.469505	3.02676e-10	2.05288e-11	-2.25007e-10	5.16855e-25	-3.78183e-26	-2.61991e-26	0.235674	0.0130899	0	0.1	0.0110233
2.25533	1.76487	-1.34591	3.75262e-12	-3.43495e-12	-1.44558e-12	6.58717e-27	1.50924e-27	-3.402e-27	0.235637	0.0130837	0	0.1	0.0113836
2.48328	3.9758	-1.16909	-1.0819e-10	-5.12243e-12	1.78216e-11	4.56107e-27	-4.54567e-26	2.28792e-26	0.235489	0.013059	0	0.1	0.00740352
1.87002	1.44456	2.02536	-9.34415e-11	-7.41351e-11	1.09859e-10	7.10499e-26	1.81965e-25	1.76657e-25	0.235458	0.0130539	0	0.1	0.0133821
-0.103965	-0.375149	-0.147738	-1.22622e-10	5.21798e-11	-3.10181e-11	-4.60147e-26	-1.1164e-25	-6.70056e-26	0.235403	0.0130448	0	0.1	0.00557235
2.48655	2.79218	-1.71896	3.42897e-12	6.76037e-12	-3.2581e-12	-5.78652e-28	-3.8041e-27	4.5231e-27	0.235218	0.013014	0	0.1	0.00719378
-2.0676	0.880732	-1.39328	7.66173e-13	-7.0878e-12	-2.733e-12	2.19913e-27	-3.50202e-28	3.83429e-28	0.235211	0.0130128	0	0.1	0.00738209
-0.752344	-1.42641	2.24949	6.34485e-13	5.28433e-12	-7.33949e-12	5.15914e-28	-1.11157e-28	-5.31299e-28	0.235173	0.0130065	0	0.1	0.00957831
1.57569	2.8419	-1.86224	-2.51756e-12	-3.84577e-12	-2.13448e-12	-3.90799e-27	2.62103e-27	2.15476e-27	0.235071	0.0129896	0	0.1	0.00684282
-2.11414	-3.90601	0.900209	-4.76661e-12	1.6786e-12	-2.54204e-12	-3.69069e-27	7.67974e-28	-1.16272e-26	0.235068	0.0129891	0	0.1	0.00619574
0.796762	4.50151	-1.05627	-4.21597e-12	2.12156e-10	2.37734e-11	-1.45233e-26	8.4035e-27	-6.19249e-27	0.235066	0.0129887	0	0.1	0.00555447
-1.98405	2.27848	-2.48688	2.3966e-12	-6.16284e-12	1.3381e-12	8.86553e-28	-2.51852e-28	-1.32353e-27	0.235014	0.0129802	0	0.1	0.00744639
1.06082	3.98816	-1.53368	2.28433e-12	8.67201e-14	-3.39429e-12	3.07998e-29	1.09827e-27	6.68963e-28	0.234906	0.0129623	0	0.1	0.00754948
1.23273	-1.18077	-1.99329	-3.78269e-12	-4.51351e-12	4.17924e-12	2.34869e-27	5.72076e-28	1.63389e-27	0.234887	0.0129591	0	0.1	0.00936405
0.587339	-2.89404	-0.630746	3.82476e-13	-9.36346e-12	-6.27833e-12	-8.42972e-28	-2.90091e-27	-6.65436e-28	0.234874	0.012957	0	0.1	0.0074103
1.56138	0.2973	2.11083	-6.08742e-12	-1.03869e-12	-1.72864e-10	5.29853e-27	-7.76612e-27	-1.41208e-27	0.234781	0.0129416	0	0.1	0.00868703
-0.611987	-2.73517	-1.42999	-6.92359e-11	-2.18968e-11	5.7178e-11	1.21513e-25	3.58503e-27	1.53824e-25	0.23474	0.0129349	0	0.1	0.00773119
0.504472	-2.70627	0.322379	-1.30395e-12	1.01407e-12	4.24452e-12	5.84888e-29	-3.29806e-28	4.00868e-27	0.234707	0.0129295	0	0.1	0.00728449
-1.55637	-2.9394	0.0141911	6.59735e-11	6.10728e-11	2.07774e-11	-6.60539e-26	-1.30779e-25	3.97081e-25	0.234553	0.012904	0	0.1	0.00933399
2.36551	0.102713	-0.75636	1.02997e-12	-3.68297e-12	2.2134e-12	4.34775e-28	6.65798e-29	-2.09109e-28	0.234546	0.0129028	0	0.1	0.0140793
-0.0946312	3.8524	2.47736	-3.17507e-12	-5.17366e-12	-5.06366e-12	3.09139e-28	6.93351e-29	1.04431e-27	0.234417	0.0128816	0	0.1	0.0116151
1.99809	1.57366	1.1596	-1.03159e-12	4.7983e-13	-5.81834e-13	-1.1282e-27	9.72037e-28	-1.4176e-28	0.234416	0.0128814	0	0.1	0.00508732
1.89765	-0.563195	-1.85199	4.26909e-11	7.74046e-11	-6.10695e-12	-1.22435e-26	6.70293e-27	1.10428e-26	0.234121	0.0128328	0	0.1	0.00978734
1.56206	-2.65166	0.760453	2.78478e-12	2.80463e-12	1.15416e-12	4.05372e-28	-3.07134e-28	5.7245e-29	0.234027	0.0128173	0	0.1	0.0122605
-2.18318	-0.404485	1.14771	2.50144e-12	3.08846e-13	1.75977e-12	-1.46029e-28	5.54026e-27	-3.07288e-27	0.233823	0.0127839	0	0.1	0.00627102
2.39163	3.47259	-1.26576	1.30647e-11	7.70214e-11	9.46425e-11	-1.99065e-25	2.89814e-25	-3.98336e-26	0.233771	0.0127752	0	0.1	0.00562417
0.0468023	2.19376	-0.015891	3.15529e-13	-1.91283e-13	-4.18064e-13	1.38289e-28	1.0446e-27	-3.89483e-28	0.233759	0.0127733	0	0.1	0.0125681
-2.01998	4.23083	0.773096	-6.46669e-13	2.70955e-12	8.59773e-12	2.96506e-28	3.09052e-28	-9.00682e-27	0.233739	0.01277	0	0.1	0.0122023
-1.95444	4.26782	1.8621	-3.63074e-12	-4.92369e-13	-2.90419e-13	1.41841e-27	-3.70936e-27	4.16986e-27	0.233693	0.0127626	0	0.1	0.00935465
2.2056	3.54005	-0.824024	9.61489e-11	-5.62478e-11	1.10552e-10	-1.81258e-26	-7.48162e-26	-2.44044e-26	0.233641	0.012754	0	0.1	0.00580759
-0.910512	3.79392	0.246911	1.3981e-10	-6.17571e-12	-7.16933e-11	2.6887e-27	7.68236e-26	-7.12019e-28	0.233637	0.0127534	0	0.1	0.00735726
-2.05079	3.36191	-0.373783	-2.48988e-12	3.8185e-12	7.92753e-12	3.25745e-27	2.17e-27	1.63066e-27	0.233588	0.0127454	0	0.1	0.00517075
-2.25331	-2.69767	0.21309	-1.17515e-11	-1.42779e-12	4.94637e-12	-1.91297e-27	1.9431e-27	1.16855e-27	0.233503	0.0127314	0	0.1	0.00832774
0.937856	2.2242	1.87429	1.71916e-12	8.35116e-13	-9.86056e-13	1.98135e-27	-2.33344e-27	-7.08291e-30	0.233321	0.0127016	0	0.1	0.00586856
-1.37175	-0.407439	2.19822	1.31325e-12	2.40954e-12	-2.9462e-12	-1.4042e-28	4.03435e-27	-2.84902e-27	0.23328	0.0126951	0	0.1	0.00597047
-1.01198	1.91164	1.7658	-2.16979e-12	1.21748e-13	1.71588e-12	-2.14e-29	-1.04383e-27	-6.36753e-29	0.233259	0.0126916	0	0.1	0.0121427
2.13743	-0.890272	-2.36495	5.46321e-13	6.96392e-12	-1.0461e-12	-5.21585e-28	3.52053e-28	1.98236e-27	0.233106	0.0126666	0	0.1	0.0140299
-0.129912	3.62129	-1.94597	2.51394e-13	-1.03951e-13	-4.71673e-13	-1.53514e-28	-3.07151e-28	-1.19175e-27	0.232841	0.0126235	0	0.1	0.00781487
-2.14062	-4.2611	2.25963	-4.3142e-12	-1.10281e-11	-2.1989e-12	-6.23805e-27	3.64916e-27	-5.79054e-27	0.232681	0.0125974	0	0.1	0.0103966
1.61176	-3.42957	0.944189	3.27823e-12	7.29445e-12	8.26821e-13	-1.9488e-27	3.54898e-27	-4.2374e-27	0.232555	0.0125769	0	0.1	0.00779376
0.0130286	2.77011	0.00271787	1.61846e-12	-4.19745e-13	-5.16238e-13	1.18729e-27	2.47255e-27	4.8315e-27	0.232387	0.0125497	0	0.1	0.00775479
-1.63106	-0.527813	-0.902564	-8.05687e-13	1.41918e-12	-5.80611e-12	-4.97802e-28	-5.57911e-29	-3.62771e-28	0.232202	0.0125198	0	0.1	0.00939036
-1.93597	2.25257	-0.481778	-2.82343e-12	7.28819e-13	4.98866e-12	3.20794e-27	2.25718e-27	6.83798e-28	0.232182	0.0125166	0	0.1	0.00904385
1.83444	3.67597	-0.577368	-8.98559e-12	-9.05478e-12	9.85177e-12	-1.51147e-28	8.71441e-28	-2.29607e-27	0.232173	0.0125152	0	0.1	0.00844376
-2.32207	-2.38805	-1.07738	2.56863e-14	3.17375e-12	-6.97758e-12	-1.15203e-27	6.57014e-29	1.66666e-28	0.232073	0.0124989	0	0.1	0.00934417
1.25085	-3.61486	2.29168	-2.10037e-11	1.46223e-10	-1.85838e-10	-2.45821e-26	5.53329e-27	-9.40626e-27	0.232036	0.012493	0	0.1	0.00721739
0.750806	-1.94799	1.58717	-7.01383e-12	-2.68784e-13	1.78185e-12	-4.64318e-27	-3.32458e-28	-3.76174e-27	0.231892	0.0124697	0	0.1	0.00575675
2.3502	3.04682	1.74819	5.15263e-13	-2.68521e-13	4.59162e-12	3.35407e-29	2.37952e-29	5.07955e-30	0.231874	0.0124668	0	0.1	0.00807481
-2.38554	3.37636	-2.41022	2.91111e-12	-2.49571e-12	1.48985e-11	-1.94664e-27	-8.9967e-27	1.54575e-26	0.231344	0.0123816	0	0.1	0.00573485
-0.750419	-3.38584	1.38951	-2.40048e-12	1.08609e-11	-3.08522e-12	-2.08565e-27	-2.48802e-27	4.42981e-27	0.231199	0.0123583	0	0.1	0.00602099
0.934105	-0.947928	-0.82007	-1.23456e-12	-2.84866e-12	-5.38378e-12	2.03415e-27	-5.95269e-28	1.14798e-29	0.231144	0.0123494	0	0.1	0.00586327
-1.72977	0.180748	0.274211	-1.48098e-11	-1.0398e-10	-1.79387e-11	-3.25603e-26	1.65811e-26	-1.04038e-25	0.231109	0.0123439	0	0.1	0.00878491
-1.61203	-0.526438	-2.42177	1.57876e-10	-8.75555e-11	2.85053e-11	-2.59049e-26	-4.17128e-27	9.22362e-26	0.231077	0.0123387	0	0.1	0.00530409
1.96024	-2.46907	-0.644871	-3.68575e-12	-1.64362e-12	-8.80096e-13	-1.88566e-27	4.79363e-28	-1.82238e-27	0.23103	0.0123312	0	0.1	0.0068467
-0.413018	-1.33622	-1.13376	-2.2734e-12	3.75501e-12	-6.52647e-12	-8.95287e-28	2.06375e-28	-5.14337e-28	0.230978	0.0123228	0	0.1	0.0106879
2.24108	0.224015	1.19844	-7.42388e-12	-2.28e-12	3.71244e-13	1.27543e-28	1.97014e-28	1.28187e-27	0.230773	0.0122902	0	0.1	0.00998601
-0.516805	-2.17815	-2.43082	1.17722e-13	1.29838e-12	4.34098e-13	1.6377e-28	-6.41808e-30	6.94564e-30	0.23074	0.0122848	0	0.1	0.00533555
0.374774	-0.810283	1.62442	2.46386e-12	5.30119e-12	3.57902e-12	9.03394e-28	-5.35989e-28	1.31943e-27	0.230721	0.0122818	0	0.1	0.00826981
-0.259528	-2.62219	-1.71213	7.12793e-11	2.03518e-11	-5.85839e-11	1.31304e-25	3.36846e-27	1.68064e-25	0.230658	0.0122717	0	0.1	0.0061146
-1.60726	0.860611	0.810519	-7.71439e-13	4.31058e-13	-5.19828e-13	7.64568e-29	1.602e-27	-1.96593e-28	0.23065	0.0122704	0	0.1	0.00644061
1.74444	4.16616	-1.91616	-3.65443e-12	-4.77497e-12	1.94445e-12	-7.23966e-27	-8.59844e-27	2.35258e-27	0.230594	0.0122616	0	0.1	0.00657415
-2.10642	-4.42951	-0.0299077	1.12518e-13	-6.30498e-13	7.47099e-13	9.97025e-29	1.65062e-28	1.14514e-27	0.23028	0.0122115	0	0.1	0.00853334
-1.89272	-0.626962	2.04593	1.65669e-12	4.54085e-13	-9.20216e-12	8.09314e-28	1.85339e-27	-9.10542e-28	0.230137	0.0121888	0	0.1	0.00789329
-2.06547	-3.33562	-1.2438	-1.09881e-10	1.7385e-10	6.84998e-11	-1.78681e-25	-3.48874e-26	-2.20755e-25	0.230074	0.0121787	0	0.1	0.00826778
1.49798	-3.53834	-1.66281	2.42622e-12	9.4299e-13	1.00533e-13	-1.37523e-27	-1.02214e-28	-2.31429e-28	0.230022	0.0121704	0	0.1	0.0138907
-1.27026	1.18459	-1.54026	9.17142e-13	7.36689e-13	8.54366e-14	-2.79119e-29	-2.06577e-29	3.61106e-28	0.229978	0.0121635	0	0.1	0.0209227
0.48753	-4.18764	-0.922806	-4.02843e-11	-1.91226e-10	9.52753e-11	-2.4785e-26	3.60285e-26	4.75206e-26	0.229971	0.0121624	0	0.1	0.00548656
2.2663	-4.33558	-0.635481	-3.32471e-13	5.4987e-12	3.42153e-12	2.47646e-27	7.21708e-27	-5.00198e-28	0.229821	0.0121387	0	0.1	0.00853985
-1.90093	3.53496	-1.12347	-4.01161e-11	3.86605e-11	-8.32282e-11	-1.79933e-25	-1.51661e-25	9.49162e-27	0.229809	0.0121367	0	0.1	0.0065944
1.20774	1.91401	1.33041	1.94249e-12	-3.42485e-12	-6.57735e-12	-3.67e-27	-4.1372e-27	-4.73681e-27	0.229766	0.0121298	0	0.1	0.00834157
-1.87313	4.24984	-0.167945	4.1632e-13	6.68276e-14	-1.11827e-12	-6.66181e-28	-2.83353e-28	5.61339e-29	0.229731	0.0121244	0	0.1	0.00970695
0.785361	-0.0725317	-1.21989	-5.97839e-13	1.84034e-12	2.45557e-13	-6.68258e-28	6.53278e-30	-1.17803e-27	0.229708	0.0121207	0	0.1	0.0072208
0.687018	0.874449	0.564627	-4.62382e-12	4.48893e-12	-1.62104e-11	8.71767e-28	-7.0155e-28	9.13043e-28	0.229632	0.0121088	0	0.1	0.0111913
1.9174	-3.56704	-0.188396	1.50694e-12	-4.57791e-13	4.29875e-13	1.39079e-27	-1.58073e-27	-2.6639e-28	0.229528	0.0120922	0	0.1	0.00835501
0.936131	1.4449	-0.339143	-1.76296e-12	-2.611e-12	2.54788e-12	-1.22153e-27	1.69542e-27	3.30601e-27	0.229389	0.0120703	0	0.1	0.00869931
2.46296	-3.26069	2.46115	-3.0199e-12	5.09663e-12	5.68303e-12	-5.17729e-28	7.33987e-27	1.11892e-28	0.229385	0.0120697	0	0.1	0.00767152
2.27018	1.76574	0.83655	1.08444e-12	-1.23393e-12	-4.90683e-13	-5.39064e-28	7.73519e-28	-5.47071e-28	0.229369	0.0120672	0	0.1	0.00679438
1.17353	-1.30759	1.17262	8.65e-13	2.60621e-13	-2.42372e-12	8.87657e-27	6.03655e-27	-1.19374e-26	0.229259	0.0120497	0	0.1	0.00640024
1.1496	2.07069	-0.892095	2.38515e-12	-1.22663e-12	1.97478e-12	1.74848e-28	4.01071e-29	7.89436e-29	0.229194	0.0120396	0	0.1	0.0109643
-1.38419	-2.53951	-1.33447	8.20317e-15	5.19123e-16	1.36657e-14	-2.57601e-38	3.18753e-38	-1.88804e-38	0.229172	0.0120361	0	0.1	0.0143021
2.24802	3.11482	-1.95299	5.00185e-12	1.06363e-11	-8.7461e-13	-2.82757e-27	-7.47697e-28	2.52557e-29	0.229117	0.0120275	0	0.1	0.00597571
-1.13108	-0.0520479	-0.396954	-2.5894e-11	-2.83789e-11	-1.49463e-10	1.37036e-25	-1.47322e-25	2.90403e-26	0.229068	0.0120196	0	0.1	0.00539021
0.130853	4.33105	1.263	1.10753e-10	-4.51888e-11	-8.61703e-11	8.8967e-28	2.47217e-25	-1.30609e-25	0.229065	0.0120193	0	0.1	0.0140091
-0.507229	4.42321	-1.30149	1.41442e-12	3.98041e-12	1.51523e-12	3.18322e-28	4.51385e-28	-9.48791e-29	0.229019	0.012012	0	0.1	0.00553959
0.117434	-3.22837	-0.390979	-1.19426e-10	7.65304e-11	4.94841e-12	-5.60915e-28	1.50787e-26	-2.1586e-25	0.228976	0.0120053	0	0.1	0.00784963
2.4157	-3.47178	0.383019	-6.90801e-12	1.57063e-11	-7.57407e-12	-8.53435e-27	-4.48104e-27	4.29638e-28	0.228953	0.0120016	0	0.1	0.00952407
0.756194	-2.32849	-1.09899	-4.03561e-12	-5.34602e-12	-4.37578e-12	-4.72987e-28	1.24843e-27	-4.11787e-27	0.228804	0.0119781	0	0.1	0.00750301
-1.42144	1.60354	0.554347	1.5703e-12	-2.15909e-12	1.03162e-13	-7.72499e-28	-1.73615e-27	-2.4758e-29	0.228768	0.0119725	0	0.1	0.00783131
1.08156	-3.2399	2.08336	-1.68813e-12	1.70986e-12	-1.00207e-12	1.495e-28	-2.73296e-28	-2.67695e-28	0.228747	0.0119692	0	0.1	0.00762494
-0.823248	-3.31865	0.940164	-1.34067e-11	4.25888e-12	-3.66436e-12	-1.92491e-26	-2.34066e-28	-3.39953e-27	0.228687	0.0119598	0	0.1	0.00667358
2.26136	-0.937804	-1.00588	-1.51673e-12	7.74908e-12	-1.16349e-12	7.57509e-27	-1.2842e-26	6.79175e-27	0.228552	0.0119387	0	0.1	0.00993967
-1.11712	2.39352	2.36471	3.47316e-12	-3.77995e-12	5.21019e-12	2.055e-27	4.09378e-27	9.92805e-28	0.228486	0.0119283	0	0.1	0.00912107
1.53189	2.71112	-2.44313	2.84137e-12	-5.79551e-13	1.85726e-12	-4.65958e-27	3.89821e-28	5.49711e-27	0.228441	0.0119212	0	0.1	0.0062603
0.634114	3.27663	2.42233	-1.22773e-12	3.74025e-12	-1.56863e-12	-1.01175e-27	-2.36901e-27	-2.91094e-27	0.228345	0.0119063	0	0.1	0.00664965
-1.55624	2.45254	2.47607	1.99017e-12	-4.44649e-12	1.02028e-12	-1.05439e-27	-2.77889e-27	-7.98236e-29	0.228247	0.011891	0	0.1	0.0073302
1.26377	-2.46579	0.425783	-7.95971e-12	-1.19108e-11	1.19152e-10	2.27287e-26	-9.69286e-26	-1.13024e-26	0.228176	0.0118798	0	0.1	0.0119637
2.13864	-2.73229	-2.33621	2.25596e-12	-7.67981e-13	-3.85194e-13	-5.04491e-29	-3.87478e-28	4.84553e-28	0.228087	0.011866	0	0.1	0.0114706
1.06427	1.7983	1.74978	-1.41175e-11	-1.36505e-12	-1.02348e-11	-6.04683e-27	1.17046e-26	-3.23757e-27	0.228051	0.0118603	0	0.1	0.00724395
-1.41868	1.18861	0.200466	4.41704e-12	5.14673e-12	8.09019e-12	-1.48712e-27	-4.57439e-27	-7.50813e-27	0.227993	0.0118513	0	0.1	0.00613538
1.86288	3.38084	-1.87315	2.31341e-12	1.03257e-12	2.97672e-12	-3.80921e-27	1.58723e-27	-2.07098e-27	0.227935	0.0118422	0	0.1	0.00447306
1.07087	-3.87077	1.95472	5.76886e-15	-4.05502e-13	7.41057e-13	3.07304e-27	2.17361e-29	2.17536e-27	0.227766	0.0118159	0	0.1	0.00780224
0.151494	-4.38017	-0.67893	-1.21024e-12	2.27031e-10	-4.6339e-11	-1.05726e-25	1.06819e-27	-2.88719e-27	0.227682	0.0118028	0	0.1	0.0056929
-1.75471	3.67716	0.597294	6.37633e-12	1.44109e-11	-4.61975e-12	-1.325e-27	-1.76796e-27	1.59326e-28	0.227633	0.0117953	0	0.1	0.00641556
0.574503	-1.30659	-0.34602	2.48773e-12	2.97518e-12	-3.78566e-12	2.2647e-27	-3.76087e-28	-8.49372e-28	0.227494	0.0117735	0	0.1	0.00484928
-1.28293	3.31032	-2.23802	-4.49152e-12	-4.48824e-13	3.2081e-12	8.87771e-27	-6.80974e-28	-1.12949e-27	0.22746	0.0117684	0	0.1	0.0072008
-1.54077	-2.40613	-1.77964	-8.78892e-12	-6.70567e-12	3.94363e-12	-2.45726e-28	-2.08577e-27	-3.89531e-28	0.227458	0.011768	0	0.1	0.0088384
1.5241	0.353629	0.196061	4.96932e-12	-4.2895e-12	-8.85176e-12	3.38848e-27	1.23108e-27	-1.48091e-27	0.227364	0.0117535	0	0.1	0.00678703
1.87052	1.33552	1.53412	-2.23268e-12	9.41117e-14	-9.69144e-13	-1.02805e-27	1.51877e-28	-8.61995e-28	0.227272	0.0117392	0	0.1	0.00522304
1.71401	-1.96281	-1.77474	5.0536e-12	6.9502e-12	-3.26705e-12	2.11441e-26	-8.71034e-28	-5.56469e-27	0.227267	0.0117384	0	0.1	0.00658283
-2.04657	-1.90906	1.04569	-1.00582e-10	6.62194e-11	3.75544e-11	-4.031e-26	-2.08193e-25	2.82608e-25	0.227257	0.0117368	0	0.1	0.00840327
0.830326	-3.73699	2.43035	-3.50275e-12	6.16077e-12	3.36427e-12	-6.01969e-27	-1.55618e-26	1.07416e-26	0.227235	0.0117334	0	0.1	0.00666863
0.169693	0.732285	-0.460616	-9.83922e-11	-1.86591e-10	7.76785e-11	2.45729e-25	-1.99873e-25	-1.40829e-25	0.227121	0.0117158	0	0.1	0.00687743
-2.04175	-0.146793	1.77078	-3.10829e-12	-1.28215e-12	-2.60548e-12	-9.35012e-28	1.87725e-27	2.33418e-28	0.227041	0.0117034	0	0.1	0.00672552
-0.608689	-2.42088	-1.9639	1.27916e-13	-3.4642e-12	-8.31954e-12	1.97311e-28	-2.19788e-27	7.66866e-28	0.227022	0.0117005	0	0.1	0.00524594
-2.05521	-1.37722	-2.23663	-2.12513e-11	-2.80021e-11	-1.04837e-10	2.25986e-25	2.03424e-26	-5.59105e-26	0.22694	0.0116877	0	0.1	0.0133232
-1.20506	2.83361	-2.21499	1.03927e-12	1.20848e-11	3.27511e-12	1.70658e-26	6.93288e-28	-1.28e-26	0.226875	0.0116778	0	0.1	0.00555726
0.556723	1.87126	-1.11289	-8.35204e-11	-1.50653e-10	4.81551e-11	3.03146e-26	-4.50392e-26	-3.82434e-26	0.226667	0.0116456	0	0.1	0.00492497
-1.95443	-2.99366	1.39256	-8.15714e-13	-9.86191e-12	6.45245e-12	-1.65282e-27	7.26598e-31	-2.01718e-28	0.226615	0.0116377	0	0.1	0.0114301
-1.23779	0.834576	0.538904	-5.65223e-13	3.46333e-14	-1.61419e-12	-1.70102e-29	-4.76572e-28	-3.41417e-30	0.226596	0.0116348	0	0.1	0.0062276
2.14242	1.65087	1.71454	-9.05541e-13	1.95204e-10	2.27938e-11	1.90004e-25	6.48442e-26	3.88138e-25	0.226464	0.0116144	0	0.1	0.00617699
0.182346	-0.132328	-0.434636	6.43235e-13	-1.16007e-12	-1.30645e-12	1.83989e-27	2.15062e-28	6.51675e-28	0.226461	0.0116139	0	0.1	0.0115833
-2.38373	-3.13143	0.0624539	-3.48855e-12	-1.49167e-11	-4.33464e-13	1.02146e-27	-4.02152e-26	-7.52897e-27	0.226445	0.0116114	0	0.1	0.00497598
1.90951	0.893502	1.43797	6.19134e-12	1.08719e-12	-3.64256e-12	1.29257e-27	-1.97797e-27	-2.12636e-27	0.2264	0.0116046	0	0.1	0.00792604
2.37054	1.41239	1.40442	1.75938e-10	2.44761e-12	-2.91397e-11	1.3822e-27	1.36418e-25	-2.15613e-26	0.226393	0.0116035	0	0.1	0.013206
0.0411961	-3.4401	-0.922391	-1.01191e-12	-2.14043e-12	2.49251e-12	2.43931e-27	-7.71828e-27	5.7065e-27	0.226276	0.0115855	0	0.1	0.00607602
1.10241	0.301303	1.98235	-5.74845e-13	-8.72285e-12	7.37711e-12	1.30542e-27	1.36266e-27	5.40294e-27	0.226241	0.0115802	0	0.1	0.0071275
-0.157039	-2.45826	-2.36788	-1.4865e-11	-3.86759e-12	-2.8183e-12	7.06751e-27	4.88021e-28	-3.20919e-28	0.226081	0.0115556	0	0.1	0.00598943
0.932873	-1.12804	-1.64729	-6.88884e-12	4.67479e-13	8.69953e-13	-1.53342e-27	-3.97264e-27	8.89978e-28	0.225946	0.0115349	0	0.1	0.0070326
2.34321	-0.448572	-1.85757	9.57644e-13	1.03268e-11	-7.09795e-14	-1.95919e-27	-2.40519e-27	-5.4379e-28	0.225943	0.0115345	0	0.1	0.00943792
0.173138	2.8923	-2.454	-4.71903e-13	5.32785e-14	4.2699e-13	-4.48489e-29	1.59684e-28	-6.58748e-29	0.225919	0.0115307	0	0.1	0.00866494
-1.99911	3.75169	-0.135742	7.35677e-13	6.79655e-12	3.02527e-12	2.25984e-27	-3.95903e-28	1.01819e-26	0.225909	0.0115292	0	0.1	0.0056829
2.45118	-1.5172	0.464764	3.17619e-12	3.928e-12	-9.89277e-13	2.16602e-26	-1.84259e-27	-1.44133e-26	0.225904	0.0115285	0	0.1	0.00476263
0.000975085	2.00942	1.80972	8.10017e-13	-1.17031e-14	2.14356e-13	-7.45484e-29	-2.52021e-28	-2.57455e-28	0.22567	0.0114927	0	0.1	0.00707752
-2.36076	-0.709714	-2.07686	-1.29655e-11	-4.97938e-12	-1.0397e-12	-1.04911e-26	-9.65328e-27	-3.99821e-27	0.225613	0.011484	0	0.1	0.00713659
-0.951508	4.14431	-1.31585	-4.18856e-12	2.0287e-12	2.37956e-12	1.13039e-27	3.31459e-27	9.93096e-28	0.225601	0.0114821	0	0.1	0.00745394
0.888174	-3.70603	-1.67876	1.36356e-11	-1.92817e-12	-3.69826e-12	8.51688e-28	6.36016e-29	-2.60708e-27	0.225545	0.0114736	0	0.1	0.00737499
-2.06082	3.98773	-1.23548	1.20452e-10	5.59745e-12	-1.33406e-11	-5.0348e-27	-4.73903e-26	2.29313e-26	0.225381	0.0114486	0	0.1	0.00483974
0.984482	-0.886523	-1.26951	2.92868e-12	7.03611e-12	-3.86152e-12	-1.88074e-28	-1.11698e-27	-5.41143e-27	0.225173	0.0114169	0	0.1	0.00781782
-1.98983	4.3302	-1.51949	-9.20212e-12	-1.52345e-12	-2.10152e-12	-5.50728e-27	1.26751e-27	-8.11675e-28	0.225111	0.0114075	0	0.1	0.00654329
0.869099	-2.18486	2.40609	2.76658e-12	-4.16025e-12	7.91545e-12	-3.31091e-28	-1.9622e-29	-1.46371e-27	0.225109	0.0114072	0	0.1	0.009646
1.44854	0.544727	-1.574	1.44335e-13	-1.08008e-12	2.94102e-12	6.02695e-28	3.83482e-28	1.25635e-28	0.225014	0.0113927	0	0.1	0.0133357
