-1.51449	1.28083	2.20181	-0.0027476	-0.000728157	0.00229351	-2.37266e-20	-6.29704e-19	-1.19204e-18	0.546786	1.33077	0.546785	0.1	0.0297036
-0.106059	-1.18044	-1.52886	0.00298901	-0.00416277	0.00426793	-1.51656e-19	-1.29417e-19	-1.47114e-18	0.54571	1.32294	0.545709	0.1	0.0294153
1.82145	-1.79527	-2.06652	-0.000279679	-0.000194595	0.000781634	-5.39211e-19	6.61646e-19	-2.42588e-19	0.543169	1.30454	0.543168	0.1	0.0267134
0.830912	0.528668	-2.01516	-0.000734062	-0.00215332	0.00355446	-1.05808e-18	-4.34618e-19	1.70286e-18	0.542917	1.30272	0.542916	0.1	0.0275592
2.34739	-3.68377	2.43738	-0.002115	-0.00241395	0.00475803	-2.46052e-19	-1.16606e-19	-4.81921e-19	0.542655	1.30084	0.542654	0.1	0.0276336
-1.57223	-0.301084	0.123011	0.00132166	-0.000441647	-0.000122224	6.87401e-19	-6.33022e-19	-9.54736e-19	0.541826	1.29489	0.541825	0.1	0.0217628
-0.851801	0.289737	-1.86554	0.000796312	-0.00461831	0.00576298	9.47094e-19	-2.17958e-19	-3.39886e-19	0.541758	1.2944	0.541757	0.1	0.0253439
-0.328755	0.164671	1.83443	0.0025877	-0.00206579	0.00249928	7.80907e-20	5.17561e-19	-7.11518e-19	0.541565	1.29302	0.541564	0.1	0.0228768
1.53736	-1.34803	1.15753	-0.00272609	0.00166413	2.81459e-05	3.70415e-19	-2.92182e-18	4.53298e-19	0.540543	1.28571	0.540542	0.1	0.0255086
-0.262482	3.41844	-0.699714	0.00359892	-0.00290229	-0.00356321	-1.90549e-19	-3.35855e-21	2.5604e-19	0.540485	1.28529	0.540484	0.1	0.0300986
0.0720192	-0.241587	-2.04296	0.000551091	-0.00482144	8.72159e-05	-1.98503e-19	-1.2178e-18	-9.07022e-19	0.540345	1.2843	0.540344	0.1	0.0253155
-0.820907	-0.57722	2.45325	0.000559579	-0.00282647	-0.00161443	1.07382e-18	3.97021e-19	-6.78977e-19	0.540134	1.28279	0.540133	0.1	0.0233272
-0.810921	-4.10578	-0.759873	0.00135434	-0.00347656	-0.0069126	2.52922e-18	1.12619e-18	-1.18682e-18	0.539963	1.28158	0.539962	0.1	0.0236022
1.70283	-0.473727	2.16341	-0.00214727	0.00107761	-0.000654307	-2.41846e-19	4.07425e-19	1.37164e-19	0.539891	1.28107	0.53989	0.1	0.0210875
0.877622	-2.40929	-1.33829	0.00533533	0.000529432	-0.00282712	-1.18923e-20	-7.55496e-21	3.27697e-19	0.539635	1.27924	0.539634	0.1	0.0273191
1.31256	2.27877	-2.26691	-0.00137101	0.00461131	-0.00141662	1.06584e-18	-3.79859e-19	2.80684e-19	0.539537	1.27854	0.539536	0.1	0.0281917
1.69747	3.75708	1.71614	0.00192625	-0.000248542	-0.00313506	-4.43058e-19	3.7236e-19	-2.34577e-19	0.53876	1.27303	0.538759	0.1	0.0232697
-0.772762	1.86017	-2.26008	-0.00630931	0.00095196	0.00693656	7.58864e-20	-3.35442e-19	-3.17816e-20	0.538328	1.26997	0.538327	0.1	0.0248011
1.46345	0.858473	0.475981	-0.000667583	0.000860787	0.00500091	-1.14657e-18	-9.10407e-19	1.23816e-18	0.53824	1.26935	0.538239	0.1	0.024225
2.40667	-0.107737	0.423328	-0.00247351	-0.00403058	-0.00295476	4.25238e-19	1.73954e-19	1.37432e-19	0.538142	1.26865	0.538141	0.1	0.0206798
1.04991	-2.2284	1.66774	-0.00123795	0.00259922	-0.00492939	-2.60535e-19	3.33525e-19	1.07648e-18	0.537445	1.26373	0.537444	0.1	0.0289768
-0.138721	-2.40844	-0.0100498	-0.00323211	-0.000429134	-0.00575308	4.55376e-20	1.08388e-19	-2.36004e-18	0.537267	1.26247	0.537266	0.1	0.0246843
-1.72679	1.44845	1.15431	0.000159934	-0.000120032	0.000866423	-9.24392e-20	1.9262e-19	-1.59038e-19	0.536897	1.25987	0.536896	0.1	0.020447
-1.64624	-1.40899	-0.149036	0.00284344	-0.000820981	-0.00198609	-1.33513e-19	7.22807e-19	-9.07245e-19	0.534382	1.24224	0.534381	0.1	0.0236259
-1.85343	-0.504385	2.16874	-0.00157135	-0.00159881	0.00383583	4.55928e-19	1.35347e-19	6.62802e-19	0.534273	1.24149	0.534272	0.1	0.0185879
1.32065	0.253782	-0.395538	-0.00568715	0.0035085	0.00244071	-6.73216e-19	3.3043e-19	-1.69029e-20	0.534189	1.2409	0.534188	0.1	0.0213851
-0.567263	-0.336781	-1.04071	-0.00496662	-0.00850449	0.00627803	1.57768e-19	-2.02706e-19	-3.2863e-19	0.534179	1.24083	0.534178	0.1	0.0289954
-2.29318	2.30284	0.846778	-0.000557431	0.00119144	0.00160667	8.916e-19	-6.08001e-19	5.1293e-19	0.533842	1.23849	0.533841	0.1	0.0246559
-1.51975	-2.22986	-1.33207	-0.00307624	-0.00548467	-0.00069535	-3.29959e-19	-4.40956e-19	-1.15997e-18	0.53308	1.23319	0.533079	0.1	0.0311942
-2.33193	3.27194	-1.78161	0.000274872	0.00152504	-0.000134109	8.96065e-20	9.40751e-20	-1.19199e-18	0.532643	1.23016	0.532642	0.1	0.0197837
-1.11488	-3.21427	-1.35347	0.000603169	-0.00446921	0.00150354	-2.34684e-20	-3.39593e-20	-3.81758e-20	0.532562	1.2296	0.532561	0.1	0.021234
2.12825	1.04342	-2.39822	-0.00353372	-0.00378299	-0.000491188	-6.54998e-20	3.28091e-19	-4.95379e-19	0.532086	1.2263	0.532085	0.1	0.0289592
2.34419	3.93988	-0.533983	0.000858148	0.000532123	0.00192315	-6.968e-19	-5.65769e-20	1.05467e-18	0.531409	1.22163	0.531408	0.1	0.024471
1.53015	2.70365	1.77575	-0.00127637	-0.00178896	-0.00584213	3.05593e-19	-4.26377e-19	4.0868e-19	0.531382	1.22144	0.531381	0.1	0.0252823
-2.43176	-1.64216	-0.829862	-0.000465293	-0.00462338	0.00231817	-7.54358e-19	4.31916e-19	-5.73209e-19	0.531264	1.22063	0.531263	0.1	0.0236448
0.779589	-3.51704	-2.05512	0.00121604	0.0023682	-0.0012423	-4.12569e-18	1.42979e-18	-2.86522e-19	0.530347	1.21432	0.530346	0.1	0.0213943
0.700592	3.61567	2.06758	0.00252695	-0.000121606	-0.0011448	5.20226e-19	5.67807e-19	3.29624e-19	0.52922	1.20659	0.529219	0.1	0.0252633
0.815279	-3.79847	0.296175	-0.000207019	0.0078724	-0.00610138	9.35332e-20	-1.25145e-18	1.36631e-19	0.528747	1.20336	0.528746	0.1	0.0194597
-2.45799	4.1999	1.24185	0.00268784	0.00383844	-0.0016103	3.1096e-19	1.58265e-18	1.04789e-18	0.528615	1.20246	0.528614	0.1	0.0197388
2.3704	2.62017	2.41477	-0.00408343	-0.00173322	-0.00264816	-1.08884e-19	-5.84908e-19	-3.49975e-19	0.528357	1.2007	0.528356	0.1	0.0231857
0.90067	-1.47409	-0.661466	0.00143099	-0.000528599	-0.00240442	4.73822e-19	1.07373e-18	-7.73178e-19	0.528277	1.20016	0.528276	0.1	0.0268629
1.19428	2.82137	-0.393215	-0.00470446	0.00248497	0.00315317	1.14644e-18	8.47257e-20	1.42334e-19	0.52788	1.19745	0.527879	0.1	0.02576
1.68228	-2.17975	-0.620612	-0.00181236	-0.00705913	-0.00235656	5.8511e-20	-9.01255e-20	-6.76396e-19	0.526731	1.18965	0.526731	0.1	0.0271861
0.561758	0.734618	1.97217	0.00411463	-0.00464849	0.00155624	6.51245e-20	-7.05352e-20	2.03304e-19	0.526366	1.18718	0.526365	0.1	0.0214014
-1.15565	-0.596452	1.05811	-0.00547067	0.00198751	0.0063047	2.31292e-18	8.7287e-19	9.79961e-19	0.525768	1.18313	0.525767	0.1	0.0179857
0.32766	-3.10981	-0.657305	0.00644233	0.000531661	-0.000468074	4.55892e-19	-1.15875e-18	1.79198e-21	0.525245	1.17961	0.525244	0.1	0.0201121
-1.8679	3.59816	0.606928	0.00147897	-0.00172361	-2.56284e-05	-1.34336e-19	7.01802e-19	5.03872e-19	0.524384	1.17382	0.524383	0.1	0.0223682
-2.17781	-3.58207	-0.394444	0.00346689	0.00315923	-0.00533274	6.52764e-20	-5.71819e-19	-6.00339e-20	0.524167	1.17237	0.524167	0.1	0.0254245
-0.824517	3.33625	0.199116	0.00115786	0.00261011	-0.00376637	-5.2522e-19	-1.32243e-18	2.95496e-19	0.523135	1.16545	0.523134	0.1	0.0252518
2.17122	-1.41302	2.00508	-0.00328328	0.000401482	0.00131218	-1.10594e-19	-1.30928e-18	-1.12615e-18	0.522542	1.16149	0.522541	0.1	0.0264715
-0.339412	3.53424	2.19947	0.00102948	0.000254583	0.00181893	-1.00347e-18	1.53594e-18	-9.41074e-19	0.52206	1.15828	0.522059	0.1	0.0264041
0.888412	-3.12137	1.12358	-0.00109736	-0.000753657	-0.00892111	-6.54953e-19	-3.37859e-19	-7.07863e-19	0.519704	1.14267	0.519703	0.1	0.0205244
1.63309	-0.729774	-0.601373	-0.00151366	0.00411359	0.00267343	2.89953e-19	3.49948e-19	-2.00691e-18	0.519691	1.14259	0.519691	0.1	0.0199007
1.77211	-3.63429	-0.514714	-0.00787718	-0.00286505	-0.00109234	-2.14837e-19	2.43957e-20	1.99876e-18	0.519377	1.14051	0.519376	0.1	0.0190748
2.08219	-2.42145	1.76555	-0.00213079	9.31378e-05	0.000978388	-4.40865e-19	1.2471e-19	1.41268e-19	0.519032	1.13824	0.519031	0.1	0.0311253
2.49554	0.909481	0.689738	0.00213362	-0.00283938	-0.00122292	1.14592e-19	6.81484e-19	-5.22909e-20	0.517929	1.131	0.517928	0.1	0.0180819
-1.66108	2.84026	-0.15288	-0.000601512	-0.00183022	0.000530366	8.2863e-19	1.48751e-18	2.08634e-18	0.513627	1.10305	0.513626	0.1	0.0288924
-1.53583	3.01386	-1.15557	0.000958118	-0.0024062	-0.000375818	-4.39092e-19	-3.63798e-19	-2.11966e-19	0.513619	1.103	0.513618	0.1	0.0267685
-1.16463	-1.15085	-1.60027	-0.000479219	-0.000157487	-0.00437911	-3.75081e-20	1.61931e-20	-1.22498e-19	0.513614	1.10297	0.513613	0.1	0.0219704
-2.00441	2.9194	1.63913	-0.00138091	0.00423169	0.000677998	5.70497e-18	-9.9459e-20	-1.20012e-18	0.513187	1.10022	0.513186	0.1	0.028693
0.511853	1.76042	1.82533	-0.0135049	-0.00392236	0.00222131	3.22993e-19	-1.27692e-19	4.58445e-19	0.512934	1.09859	0.512933	0.1	0.0273144
-1.33495	0.293012	-0.713862	0.00159346	0.00359298	0.00108609	4.56825e-19	7.19636e-19	-1.53122e-18	0.512813	1.09782	0.512812	0.1	0.0202222
1.35196	1.39057	-1.71141	-0.00371515	0.00330233	-0.000523925	-9.92047e-19	5.37923e-19	4.11861e-19	0.510533	1.08324	0.510532	0.1	0.0280711
-0.0889052	0.781557	-0.613065	-0.00551817	0.00169395	0.00268857	-1.14526e-19	2.35331e-19	-3.16857e-19	0.510458	1.08276	0.510457	0.1	0.024709
2.19798	-3.73982	0.411734	0.00202471	0.0010229	-0.00415272	-1.81208e-18	9.01357e-19	2.05896e-18	0.50922	1.0749	0.509219	0.1	0.0229806
-0.140195	1.58454	0.114524	0.00447219	0.0019003	0.00289809	-1.12696e-18	-6.98357e-19	6.64208e-19	0.509217	1.07488	0.509216	0.1	0.0209201
-1.98711	2.29155	-1.73748	0.000455561	0.000164868	0.000120333	5.6235e-19	-3.82696e-19	6.01217e-19	0.508885	1.07278	0.508884	0.1	0.020719
-1.2289	1.87943	-0.0364407	0.0054266	0.0059501	0.00129919	2.10026e-18	-2.58469e-18	-4.11742e-19	0.508812	1.07232	0.508811	0.1	0.0192188
-1.63661	3.83734	-0.369267	0.00251333	-0.00275396	0.000279605	3.73502e-19	-8.84981e-19	-1.20083e-18	0.50827	1.0689	0.508269	0.1	0.0289934
-0.0607248	-3.94733	2.3929	0.00449527	0.00142813	-0.00046383	8.47606e-19	7.04508e-19	-2.44644e-19	0.507864	1.06634	0.507863	0.1	0.0223871
2.35152	2.95126	-0.845319	0.00496903	-0.000591002	-7.54755e-05	3.97946e-19	2.74397e-19	-8.4497e-19	0.507266	1.06258	0.507265	0.1	0.028249
0.696444	0.239212	1.07601	0.00588134	0.00790126	-0.00587958	-1.77962e-19	1.03089e-19	6.32983e-19	0.506956	1.06063	0.506955	0.1	0.0227086
-2.152	-1.58379	-2.04694	0.000419575	-0.00143159	0.000404118	-2.05778e-18	3.42943e-20	-7.98721e-19	0.506135	1.05548	0.506134	0.1	0.020126
-2.06652	-3.31151	-1.75575	-0.00197479	0.000704914	0.00959836	-9.75608e-19	-2.96201e-20	-4.1428e-19	0.505869	1.05382	0.505868	0.1	0.0260243
0.403913	1.76344	-1.33456	-0.00176078	0.00215537	0.00483618	-2.32937e-20	2.31599e-19	-1.26651e-18	0.505497	1.0515	0.505496	0.1	0.0227652
2.15508	1.9604	-0.858265	0.000831685	6.22491e-05	0.000615624	6.20645e-19	-5.04581e-19	-7.64801e-20	0.505257	1.05	0.505256	0.1	0.0217482
-0.379602	1.17667	-1.57835	0.00204085	-0.00276036	0.000351351	-4.91288e-19	-4.96048e-20	-1.11501e-18	0.505038	1.04864	0.505037	0.1	0.0234091
0.839645	-2.05801	-2.32674	-0.000902682	0.00405167	-0.00461575	3.66482e-18	4.05075e-19	-1.91783e-18	0.505037	1.04863	0.505036	0.1	0.0264711
-0.600023	1.49875	1.72917	0.00146774	-0.00330948	0.00334094	5.11029e-19	-3.18086e-19	3.43083e-19	0.504959	1.04815	0.504958	0.1	0.0264977
0.125239	-2.71826	-2.05881	-0.000332731	0.00220375	-0.00128415	-2.28914e-19	-1.18197e-19	2.32454e-18	0.504616	1.04601	0.504615	0.1	0.024898
-0.736049	1.95928	0.842886	0.00273844	0.000976538	0.00348438	-2.8934e-19	-1.02263e-18	2.22816e-20	0.504195	1.0434	0.504195	0.1	0.0208382
0.392032	0.232337	0.0903341	-0.00619554	0.00211661	0.0053265	-2.47722e-19	1.70877e-19	4.89449e-19	0.503877	1.04142	0.503876	0.1	0.0182436
-0.591614	-2.07844	-1.76167	-0.00392948	-0.00101561	-0.00150704	1.09925e-18	-2.18837e-18	1.32769e-18	0.503136	1.03684	0.503136	0.1	0.0289158
-0.218616	-3.62358	-1.66565	0.00175571	-0.00733126	0.00373939	6.15397e-19	2.05711e-19	-3.95383e-19	0.501673	1.02782	0.501672	0.1	0.0227201
1.86961	-4.1646	-1.38053	0.00915866	0.00523553	-0.00182891	4.07763e-19	5.63787e-19	-4.25648e-19	0.501342	1.02578	0.501341	0.1	0.0176092
0.178779	3.37951	-1.93345	-0.0019907	0.000124404	0.00464783	1.87987e-19	1.12232e-18	3.34988e-19	0.501074	1.02414	0.501073	0.1	0.0216774
-0.793466	2.45879	-0.745091	0.00575546	0.00206246	0.00050724	5.94337e-19	4.51047e-19	1.4051e-19	0.50087	1.02289	0.500869	0.1	0.0271975
-0.976386	1.23784	-0.772049	-0.00267058	0.00671885	-0.00294039	7.10514e-19	-4.20429e-19	-6.1186e-19	0.500835	1.02267	0.500834	0.1	0.0243862
2.27714	-0.628063	1.31168	-0.000149261	-0.00277438	0.000509014	-1.4031e-20	1.65978e-18	-1.5579e-19	0.500792	1.02241	0.500791	0.1	0.0221174
1.75503	-0.850442	-1.63157	0.00428131	0.00260135	-0.00369878	-5.41492e-19	-8.17301e-20	4.0359e-19	0.500673	1.02168	0.500672	0.1	0.0267433
-1.3414	2.76745	0.888235	0.00140705	-0.00124219	0.00249104	4.25802e-19	2.79739e-19	2.01955e-19	0.500075	1.01803	0.500075	0.1	0.0238446
1.99649	-1.17079	0.241791	0.00364168	0.00236954	0.00174205	3.93794e-19	-1.14086e-18	1.65817e-18	0.499891	1.0169	0.49989	0.1	0.0257788
0.415192	3.6997	1.08419	-0.00288517	0.00353971	0.00121116	3.51516e-19	-4.22782e-19	1.2086e-18	0.499494	1.01448	0.499493	0.1	0.0204567
0.216599	-4.10133	-0.902058	0.00461607	-0.00271291	0.00581728	7.96037e-19	-1.0604e-19	-3.69619e-19	0.499262	1.01306	0.499261	0.1	0.0178861
0.211964	-1.85024	1.19472	-0.0022759	0.00183348	-0.00320535	-1.96332e-18	-1.24772e-18	2.70864e-18	0.498907	1.01091	0.498907	0.1	0.0152436
-0.96262	3.73055	-1.5792	0.00429848	-0.00812582	-0.00565039	1.63281e-18	-1.15512e-19	-2.10252e-19	0.498327	1.00738	0.498326	0.1	0.0236826
-2.37471	-0.718017	-0.385466	0.00177576	-0.000284633	-0.00425664	-3.80097e-20	2.22518e-19	-7.91499e-20	0.49791	1.00486	0.497909	0.1	0.0229315
-1.90243	-2.51037	-2.3329	0.00473787	-0.00224266	0.00452025	-5.40649e-19	1.57786e-18	-2.87994e-19	0.497088	0.999893	0.497087	0.1	0.0236081
1.47666	-2.00961	0.364871	0.00159378	0.00143649	-0.00221753	5.95064e-19	6.65633e-19	4.9291e-19	0.496035	0.993547	0.496034	0.1	0.0268351
-2.23109	0.445751	2.06701	-0.00189677	-0.00095357	-0.00210224	6.68744e-19	6.70957e-19	5.25011e-19	0.494994	0.987306	0.494993	0.1	0.0188591
0.545489	-1.68988	0.27318	-0.00055372	0.000150681	-0.000918565	2.61267e-19	2.01556e-19	-9.78368e-19	0.494802	0.986161	0.494801	0.1	0.0239696
2.16773	1.01152	-0.262145	-0.00395796	0.00298691	0.000600506	-6.58632e-19	9.23025e-19	9.75519e-19	0.494772	0.985981	0.494771	0.1	0.0204271
-1.96411	4.19145	-2.04619	0.00447595	0.00237527	0.00379184	2.5175e-19	1.09476e-19	-1.08701e-18	0.494506	0.984392	0.494505	0.1	0.017844
-2.05521	-0.010147	-1.94992	0.000145814	0.00232492	0.000224969	-3.8086e-19	-1.04237e-19	-9.29241e-19	0.494074	0.981814	0.494073	0.1	0.0195437
0.8127	0.875989	-1.04046	-0.00390134	0.00393734	0.0022946	1.07119e-20	3.66041e-21	-4.12881e-20	0.492876	0.974687	0.492875	0.1	0.0244609
-0.251463	4.16451	0.0875213	0.00173556	0.00311021	-0.00395877	3.202e-19	1.13579e-19	3.22555e-18	0.492484	0.972366	0.492483	0.1	0.0198377
1.49745	3.06824	0.801551	0.00304743	-0.00403059	0.0044534	6.39191e-19	1.441e-18	5.99023e-19	0.492389	0.971804	0.492388	0.1	0.0228736
1.7045	2.11912	0.955265	-0.000312001	-0.00707228	-0.0028825	-1.67082e-19	-9.13311e-21	-3.38164e-19	0.491954	0.969231	0.491953	0.1	0.0272704
-0.228612	2.96638	1.36866	-0.000894078	-0.00438672	0.00252895	4.43181e-19	1.50545e-19	-4.07568e-19	0.491697	0.967708	0.491696	0.1	0.0212124
-0.716046	-3.22769	-0.231888	0.000150438	-0.00597647	-0.00218457	1.56144e-18	9.49587e-19	5.9643e-19	0.491482	0.96644	0.491481	0.1	0.0197556
2.13932	3.71676	0.440609	-0.000945715	-0.000238374	0.00101552	-6.0737e-19	1.0149e-18	-8.56445e-19	0.490533	0.960857	0.490533	0.1	0.0194684
1.759	0.0803383	-1.97315	0.00052978	-0.00141512	0.000982175	-2.0425e-18	8.16675e-19	-1.13151e-19	0.489908	0.957188	0.489907	0.1	0.027659
1.16969	3.86677	-2.06269	-0.00154387	0.00190735	0.00450233	8.26324e-19	-8.59799e-20	-1.80026e-19	0.489753	0.95628	0.489753	0.1	0.0174971
2.15341	2.78792	0.129104	-0.00152124	-0.00102624	-0.00256631	1.63256e-19	-9.62282e-20	7.94964e-19	0.489494	0.95476	0.489493	0.1	0.0281491
1.45105	0.866366	1.50207	0.00787434	0.00454924	0.00728422	1.02842e-19	3.86753e-19	2.50989e-19	0.489301	0.95363	0.4893	0.1	0.0329503
1.25501	2.2641	-1.2385	-0.00220345	0.00519558	0.000386694	-6.25858e-19	-8.26417e-19	2.11574e-18	0.488405	0.948403	0.488404	0.1	0.0219563
-0.0545162	-2.80371	1.2725	-0.000610831	0.00413091	-0.00536269	-1.11562e-18	-2.25716e-19	-3.16042e-19	0.487929	0.945634	0.487928	0.1	0.0217377
-0.54754	-4.14439	1.54814	3.84121e-05	0.00296173	-0.000155385	-5.20406e-19	1.02389e-19	-2.11697e-18	0.487726	0.944455	0.487726	0.1	0.0229625
-1.86478	2.08249	-0.773303	0.00220043	-0.00357737	0.0006312	8.86443e-19	4.83364e-19	-1.13814e-18	0.487561	0.943496	0.48756	0.1	0.0218445
-1.45719	-4.02536	1.8727	-0.00281178	-0.00234573	-0.00572775	-2.02408e-18	-4.17493e-19	4.42932e-19	0.486934	0.939861	0.486933	0.1	0.0228171
-0.896278	-1.97073	-0.550958	0.002283	-0.00453008	-0.00187961	-7.17274e-19	-7.37184e-20	-9.55908e-19	0.486577	0.937795	0.486576	0.1	0.0196613
-1.07669	-3.71818	0.848742	0.00327639	-0.00201199	-0.00275969	-3.55819e-19	-3.13298e-19	-7.2924e-19	0.486287	0.93612	0.486286	0.1	0.0198053
0.349929	1.40492	-2.25662	-0.00373785	-0.00175457	0.00561342	9.41984e-19	1.52987e-19	-2.09489e-20	0.48622	0.935732	0.486219	0.1	0.0271672
-0.651496	-1.92049	0.728269	-0.00303914	-0.00134439	-0.00292482	-4.92834e-20	-1.09836e-18	-6.19122e-19	0.486122	0.935165	0.486121	0.1	0.0192551
-2.20263	-0.831882	-1.40548	-0.000964875	-0.00275705	0.00307854	-4.60367e-18	2.97933e-18	-4.84221e-19	0.48592	0.934001	0.485919	0.1	0.0206835
1.06014	3.68957	0.108544	-0.00105473	0.00464148	0.00283612	1.2104e-18	-1.09534e-18	1.88647e-18	0.485523	0.931713	0.485522	0.1	0.0164004
0.572992	-3.92973	1.62902	0.0042253	0.00182217	-0.00111669	1.08715e-19	7.13559e-19	1.5987e-18	0.485234	0.930051	0.485233	0.1	0.0187395
0.861251	-2.79745	0.151578	-0.00838752	0.0113191	0.00542414	1.39805e-22	-7.78258e-19	-5.37446e-19	0.485061	0.929056	0.48506	0.1	0.0215501
-1.52157	-2.63595	1.14191	-0.000277446	0.00458112	0.0030077	3.63287e-19	3.72681e-19	3.72971e-20	0.484371	0.925099	0.484371	0.1	0.0328229
-1.53211	-2.7483	-0.458694	0.000950744	0.00184312	0.00543401	3.59529e-19	1.0079e-18	-1.21077e-18	0.483733	0.921447	0.483732	0.1	0.0243268
0.159064	-0.71351	0.209918	-0.00231223	-0.000811617	0.00250189	4.4848e-19	9.03365e-19	-4.16016e-19	0.479777	0.899021	0.479776	0.1	0.0178763
-0.650626	0.716777	1.03853	0.00219144	-0.000137725	0.0013885	2.82463e-21	-1.53409e-19	-9.32657e-20	0.479476	0.897335	0.479476	0.1	0.0188634
-0.397187	-1.12997	1.44439	-0.00532358	-0.00157492	0.0026093	9.89221e-19	-1.92248e-18	6.23021e-19	0.47909	0.895168	0.479089	0.1	0.0189969
-1.68697	2.28057	2.32434	-0.00221358	0.000647995	-0.00165605	4.78666e-18	1.31478e-18	9.67948e-19	0.478728	0.89314	0.478727	0.1	0.0251955
0.10228	-2.27835	2.06503	-0.00274149	0.00191522	-0.001896	-1.49596e-19	7.74535e-19	-2.65406e-19	0.478033	0.889257	0.478033	0.1	0.0196453
1.73588	-2.90261	0.647522	0.00526915	0.00134933	0.0014365	2.70882e-18	-1.4137e-18	9.98126e-19	0.477989	0.88901	0.477988	0.1	0.0201684
1.51251	-2.75824	-2.1919	-0.00289879	0.000324793	-0.00357289	3.30171e-18	-1.35328e-18	-1.87928e-18	0.477972	0.888913	0.477971	0.1	0.0212273
-2.0348	-3.17769	1.74899	0.00261704	0.00188146	0.000317454	-1.78709e-18	-2.66049e-19	-7.35897e-19	0.477581	0.886735	0.47758	0.1	0.0301126
0.879587	2.26706	0.383484	0.00441772	0.00105287	0.00621752	5.90816e-19	5.32586e-19	2.89057e-19	0.477318	0.885271	0.477317	0.1	0.0300973
-0.264013	-0.174547	0.876783	-0.00814809	0.00580191	-0.00383565	-1.15163e-19	3.72672e-19	-1.3298e-19	0.476923	0.883077	0.476923	0.1	0.0195231
1.13315	-1.31137	2.0908	0.0014803	-0.00249497	0.00247613	-7.01227e-20	-4.44059e-19	-2.50763e-19	0.476638	0.881493	0.476637	0.1	0.0203014
-1.02546	2.85535	1.95164	0.00870277	-0.00978837	-0.000509748	3.51125e-18	-4.10469e-20	2.17889e-18	0.475539	0.875412	0.475539	0.1	0.0264207
1.34187	-0.433209	0.764724	-0.000286856	0.00113488	-0.00534419	-8.21147e-19	7.62464e-20	4.5845e-19	0.475125	0.873127	0.475125	0.1	0.0180373
-2.12885	-0.984656	0.627089	0.0045846	-0.000842707	0.00196909	3.09084e-19	3.47253e-18	2.92608e-19	0.474868	0.871709	0.474867	0.1	0.0207344
1.48778	-3.26701	-1.39014	-0.00114124	0.00401123	-0.00109998	-2.34152e-18	2.44245e-18	6.72144e-19	0.47484	0.871554	0.474839	0.1	0.0181273
2.02238	0.766937	-1.35177	-0.00293378	0.00227981	0.00165029	-2.37148e-19	-1.84391e-18	1.35637e-18	0.474783	0.871239	0.474782	0.1	0.0225633
0.196109	2.4291	-0.257777	0.00802165	0.00127615	0.000305658	-1.25449e-18	8.81599e-19	-3.77994e-19	0.474721	0.8709	0.47472	0.1	0.0233386
0.882229	-0.449416	-1.4711	0.00420622	0.0050171	-0.00195061	5.65112e-19	-1.23897e-19	-5.75512e-19	0.474215	0.868116	0.474214	0.1	0.0156348
-2.47733	3.60023	2.27959	0.00288355	-0.000750016	-0.00269899	1.0622e-19	-5.84719e-19	-3.70114e-20	0.473607	0.864781	0.473606	0.1	0.0211093
-1.49132	0.354912	1.29805	0.000457761	-0.000643318	0.00238185	-3.73333e-19	1.92981e-19	-5.68676e-19	0.472329	0.857801	0.472328	0.1	0.0197513
0.0853583	3.03253	0.461339	-0.000807967	0.000982846	0.000928417	-8.00737e-19	-5.10034e-19	5.67955e-19	0.471559	0.853612	0.471558	0.1	0.0219023
0.695923	2.74818	1.22473	-0.00262972	-0.00707549	-0.0071623	5.74502e-19	-2.15391e-19	2.00806e-19	0.470779	0.849385	0.470778	0.1	0.0249252
-1.25787	0.30034	2.21018	2.98983e-05	-0.00103241	0.00518417	1.30588e-18	-1.84793e-19	7.17972e-19	0.470635	0.848605	0.470634	0.1	0.020027
-0.0360155	-2.11077	-0.965691	-0.0017205	-0.000331145	-0.00345143	6.1077e-19	-2.65542e-19	1.92703e-19	0.470025	0.845308	0.470024	0.1	0.0265961
0.298125	-1.26133	-2.46715	-0.0011395	0.00529535	-0.00124566	-6.26445e-19	-2.1342e-19	1.84835e-18	0.470019	0.845275	0.470018	0.1	0.023702
1.71546	3.3357	-1.47905	0.000919524	0.00466795	0.00499408	-2.4603e-19	6.09737e-19	-7.04859e-19	0.46995	0.844905	0.469949	0.1	0.0172741
-1.98004	-3.408	0.823233	0.00197898	0.00343833	-0.0010982	-8.27934e-20	2.02668e-19	5.70246e-20	0.469289	0.841344	0.469288	0.1	0.0217796
-0.147369	-1.41543	-0.346804	-0.000489145	0.00199989	-0.00339755	1.49703e-18	-2.46259e-19	-7.35065e-20	0.468704	0.838205	0.468704	0.1	0.0216391
2.19886	-0.137065	-1.15163	0.00188273	0.00180545	0.00173247	-3.91874e-18	-2.69398e-18	1.22653e-18	0.468401	0.836575	0.4684	0.1	0.018965
-1.35002	-1.54859	1.25764	-0.00833319	-0.000603935	-0.00724791	-1.13351e-19	-3.19358e-18	-4.84264e-19	0.467759	0.833143	0.467758	0.1	0.0207848
-1.21214	-3.70102	-2.25786	0.00426616	0.00180221	-0.00185849	-5.93997e-20	2.14103e-19	1.0022e-19	0.467615	0.832371	0.467614	0.1	0.0286076
0.610009	-0.994819	0.991613	-0.00315006	0.00690486	0.00703444	-1.92537e-19	-1.22552e-19	-5.21399e-20	0.467465	0.831572	0.467464	0.1	0.0192603
2.41562	1.21875	1.62041	-0.0029886	-0.000961758	-0.00246994	3.54678e-19	2.03456e-19	8.03267e-19	0.466854	0.828316	0.466853	0.1	0.0198464
-1.48147	-0.668634	-0.809953	0.00467716	0.00349194	-0.00321973	-3.44894e-19	3.93517e-18	-6.78498e-19	0.465803	0.822734	0.465802	0.1	0.0201001
-1.19343	3.62037	1.43348	0.0052049	-0.00486684	0.0048498	2.08488e-18	2.23035e-18	-2.84291e-18	0.465504	0.821153	0.465504	0.1	0.0213639
-2.30153	1.76073	0.00893854	0.00841301	-0.00600936	0.00530835	-1.48152e-18	-2.965e-19	1.01582e-18	0.46532	0.820178	0.465319	0.1	0.0181
0.314402	-0.675517	-0.719526	0.00039624	-0.000325597	0.00172807	-1.65086e-18	-8.4931e-19	9.62823e-19	0.465015	0.818565	0.465014	0.1	0.0177637
-2.27228	-1.68273	1.23766	-0.00536599	-0.00133063	-0.00146358	4.31665e-19	2.62166e-19	-1.88693e-19	0.464285	0.814718	0.464284	0.1	0.0220519
0.142684	2.42283	-2.06007	0.0046997	-0.000780445	0.000519123	-4.02312e-20	1.56313e-19	3.98009e-19	0.463606	0.811148	0.463605	0.1	0.0232525
-0.965938	-2.50722	2.45959	0.00331475	-0.002951	-0.00525371	-1.08595e-18	-4.71166e-19	8.34566e-19	0.4632	0.809021	0.4632	0.1	0.0200469
-1.84893	-1.49064	2.03911	-0.00245122	-0.00304218	-0.00191137	1.08035e-18	1.89848e-18	-4.49476e-19	0.462802	0.806933	0.462801	0.1	0.0133432
0.943732	1.54542	0.98082	-0.00487738	-0.00162267	0.00475213	-8.39086e-19	-1.59171e-18	2.33092e-19	0.462114	0.80334	0.462113	0.1	0.0229532
-2.27361	0.231018	-0.459262	0.00324406	0.000810491	-0.000417988	7.03012e-20	1.14721e-22	5.32753e-20	0.460906	0.797056	0.460905	0.1	0.0157096
-0.886939	0.972526	0.16661	0.00223186	0.00316305	0.00102616	-1.24523e-18	5.52086e-19	-4.33362e-19	0.459841	0.791545	0.45984	0.1	0.0208459
-1.71658	-3.98591	-1.16224	-0.00238456	-0.00906296	-0.00184243	1.4825e-19	5.61724e-19	-8.55363e-20	0.459571	0.790152	0.45957	0.1	0.017955
0.68464	1.12771	-0.0986922	0.00351458	-0.00182685	-0.000603677	1.83417e-18	1.27759e-18	2.70123e-18	0.458995	0.787182	0.458994	0.1	0.0209121
1.41284	-3.11037	1.94872	-0.00792196	-0.000624671	-0.00367179	2.92617e-18	7.31278e-19	1.68444e-18	0.458772	0.786039	0.458771	0.1	0.0207735
-0.755122	-2.85391	0.638996	-0.00466842	-0.0011081	-0.0026239	1.14684e-18	-8.69544e-19	2.53463e-20	0.458671	0.785517	0.45867	0.1	0.0268834
-2.45853	-2.60272	-0.396494	-0.000808649	-0.00350449	-0.000331394	-2.0591e-19	-1.37788e-20	-2.01321e-18	0.458616	0.785239	0.458616	0.1	0.0184538
-1.24	3.76421	-2.49277	-0.00234543	-0.00175044	-0.00463418	-1.61295e-18	9.15925e-19	-7.50891e-19	0.458595	0.785131	0.458595	0.1	0.0261975
2.07121	2.49272	-1.65549	0.00019535	0.000123452	-0.000421958	-3.98038e-19	3.86109e-19	6.56254e-19	0.45858	0.785049	0.458579	0.1	0.0168897
-2.10701	0.895297	-1.65779	-0.00145577	-0.000631613	-0.000134854	-9.56903e-20	-5.28215e-19	2.6084e-19	0.457717	0.780629	0.457717	0.1	0.0156914
-2.28013	-2.59354	0.500665	0.00662265	0.00743922	0.000109916	-2.12553e-19	1.30654e-19	2.34497e-19	0.457343	0.778718	0.457343	0.1	0.0235399
1.82888	-3.57917	1.28641	0.00444996	0.00642828	-0.00452848	2.65704e-18	7.4206e-19	1.04324e-18	0.455501	0.769343	0.4555	0.1	0.0266294
0.712535	-0.490025	2.23833	-0.00220548	0.0038541	-0.00848317	-8.08503e-19	-2.11141e-18	1.17256e-18	0.455193	0.767786	0.455192	0.1	0.0152932
0.431026	2.70497	-1.11197	-0.00581001	0.00372464	-0.0041161	7.59996e-19	9.98629e-19	-1.0419e-19	0.455091	0.76727	0.45509	0.1	0.0170203
-0.695622	-1.06846	0.334607	-0.00471027	0.00157937	0.00357565	2.4212e-18	-2.243e-18	2.90171e-19	0.454959	0.766601	0.454958	0.1	0.0176248
1.89588	1.83546	2.0627	-0.00454987	-0.0031389	-0.000619263	-5.64821e-19	6.90433e-20	-9.26352e-19	0.454877	0.766189	0.454877	0.1	0.026727
2.2943	-2.59802	-1.71275	-0.00649693	-0.00417239	0.00584231	1.19952e-18	-5.69207e-19	1.85886e-20	0.454578	0.764678	0.454577	0.1	0.0162335
1.42196	1.58376	-0.374527	-0.00133968	0.00769281	0.00270267	1.29258e-18	2.54107e-18	2.63184e-18	0.452862	0.756049	0.452861	0.1	0.0258459
-1.90396	1.16597	-0.565059	5.77897e-05	-0.00589906	-0.00142182	-8.25394e-20	-3.58504e-20	-3.03892e-21	0.452789	0.755682	0.452788	0.1	0.0170927
-0.944919	-1.60938	2.08025	-0.00040465	0.00168599	-0.00978946	2.94354e-19	1.58473e-18	4.96877e-19	0.451542	0.749456	0.451541	0.1	0.0131243
-1.40223	2.9578	-2.10801	0.00598443	-0.0025496	-0.000476309	3.85993e-19	-6.87242e-19	7.41675e-19	0.451444	0.748969	0.451443	0.1	0.0195469
0.48261	-3.1244	2.09689	0.00668386	0.00475181	-0.00365696	-7.76749e-19	-2.4672e-19	-7.4289e-20	0.450905	0.746289	0.450904	0.1	0.021414
1.315	-3.95986	2.25309	-0.00225272	-0.00196354	-0.00305033	1.08157e-19	-4.21933e-19	1.25511e-18	0.450492	0.744242	0.450491	0.1	0.0193065
0.027407	-3.84254	0.872772	0.00170937	0.000194277	-0.00224525	-6.71061e-19	1.11303e-18	2.99525e-19	0.450301	0.743293	0.4503	0.1	0.0202474
-1.10112	-3.16096	1.83791	0.0003938	-0.00188037	-0.00777376	-2.23333e-18	-7.86723e-19	1.59289e-18	0.450214	0.742865	0.450213	0.1	0.022039
0.586745	2.65172	2.17503	-0.00346355	-0.000586511	-0.00292436	1.33775e-18	-4.36109e-19	-1.34968e-18	0.450072	0.742161	0.450071	0.1	0.0233531
-0.238061	2.3197	2.05033	-0.00413271	-0.000930249	0.00851198	3.00196e-19	1.9066e-19	-1.19385e-18	0.449211	0.737911	0.44921	0.1	0.0190684
1.00864	-1.43438	-1.63029	-0.000125928	0.0060229	-0.00414474	1.21157e-18	-1.7499e-18	9.28879e-19	0.447979	0.731854	0.447978	0.1	0.0196464
0.716732	3.74964	-0.583898	0.00546933	-0.0124367	0.00759626	1.12994e-18	-1.10768e-18	-2.66282e-19	0.273393	0.166347	0.273392	0.1	0.0097734
1.0793	4.18171	0.886429	-0.000262404	0.00236541	-0.00834729	5.98318e-18	-1.97283e-18	1.38828e-20	0.272855	0.165367	0.272855	0.1	0.00970486
-1.82727	-1.4866	-1.34297	0.00179226	-0.00241037	0.00152788	4.64873e-19	-5.29889e-19	-1.09194e-17	0.27275	0.165177	0.27275	0.1	0.00793747
0.591136	-0.00033349	-0.622244	-0.00822561	0.00549847	0.00306895	3.69271e-18	-2.56845e-18	-8.5883e-18	0.272439	0.164611	0.272438	0.1	0.00710006
1.4067	-0.132625	1.44787	-0.00220133	0.00432958	-0.00443558	2.17459e-19	-7.00448e-19	-1.09779e-18	0.271779	0.163419	0.271779	0.1	0.00953345
0.0499784	0.0140672	-0.661509	-0.00887948	0.000363016	0.00361444	-6.97468e-19	8.70517e-19	3.3474e-18	0.271692	0.163262	0.271692	0.1	0.00771513
-1.90634	-1.05211	1.33522	-0.0114866	0.00153066	0.00805393	-7.01819e-19	-2.6171e-19	1.12714e-18	0.271585	0.163068	0.271584	0.1	0.0119306
0.841651	2.10074	-0.622281	-0.000159476	0.00641627	0.00370771	5.60763e-20	-2.1119e-19	-3.45558e-19	0.271458	0.16284	0.271458	0.1	0.014008
1.48766	-1.87633	-1.33004	-0.000320136	0.00789283	0.00229397	5.63435e-18	-2.19633e-18	7.60287e-18	0.271339	0.162626	0.271339	0.1	0.0106603
1.23489	-3.91039	-1.02218	-0.000267035	-0.0116117	-0.00534999	3.21919e-18	-5.88089e-18	-1.79309e-18	0.271328	0.162605	0.271327	0.1	0.00712764
1.87688	-2.88306	-0.299005	-0.00300839	-0.00379988	0.00404082	2.2409e-18	9.04144e-18	2.73119e-18	0.271278	0.162517	0.271278	0.1	0.00963984
-0.25121	0.42528	-2.39971	-0.00127892	-0.000277633	0.00228182	-1.92558e-19	5.32548e-20	1.21533e-19	0.271267	0.162496	0.271266	0.1	0.0125205
-1.15727	1.00246	1.51325	-0.00378473	-0.000425304	-0.00290365	-1.07114e-18	-2.10476e-19	3.83534e-19	0.270913	0.161861	0.270913	0.1	0.00884997
-0.0535009	-3.59557	-0.158186	0.00263959	0.00820525	0.00761908	4.99755e-20	-6.63884e-18	-1.40117e-17	0.270879	0.1618	0.270878	0.1	0.0111009
-2.08838	-2.78432	-1.00168	0.0023725	-0.00152266	-0.000376811	3.17753e-19	3.94788e-19	-8.09496e-19	0.270782	0.161627	0.270782	0.1	0.0103837
1.33478	-1.15677	-2.20692	0.00978201	0.00616447	-0.00170202	9.8366e-19	-1.48022e-18	5.73631e-19	0.270726	0.161526	0.270725	0.1	0.0120275
-0.688612	2.37243	1.49487	0.0091589	-0.0161322	0.00453347	-1.12109e-18	-9.74423e-19	2.80413e-18	0.270272	0.160714	0.270271	0.1	0.0137328
-1.47785	2.07287	1.63563	0.000409285	-0.000409093	-0.00136355	1.55891e-20	-2.49115e-21	1.81377e-20	0.270242	0.160662	0.270242	0.1	0.0242697
-0.738544	0.995393	-2.47348	-0.00149939	-0.00113738	-0.00489274	5.13486e-20	-1.0561e-19	1.56822e-19	0.270173	0.160538	0.270172	0.1	0.0142857
-2.4131	2.39576	-0.355376	-9.24389e-05	-0.0052494	0.000766221	4.97605e-19	-2.33091e-19	1.48458e-18	0.270136	0.160473	0.270136	0.1	0.00850979
1.80955	0.202462	1.58499	0.00101497	-0.00116341	0.00176737	-1.6838e-19	-1.59139e-19	5.0344e-19	0.270067	0.160349	0.270066	0.1	0.00854747
-0.480413	2.67882	-0.0769058	0.00617651	0.00170994	0.00195775	8.86242e-19	3.71445e-18	-3.13687e-18	0.269982	0.160197	0.269981	0.1	0.0123129
-0.268855	-1.68136	2.31547	-0.00125269	0.00448821	-0.00264807	6.09105e-18	2.1985e-17	1.61336e-17	0.269946	0.160133	0.269945	0.1	0.0127553
-0.37241	-1.83081	1.70248	-0.00589914	-0.00744792	-0.0108661	1.04405e-17	3.99882e-19	-6.82009e-19	0.269921	0.160089	0.26992	0.1	0.00708125
-1.80014	-4.11275	0.20068	0.0058571	0.00600767	-0.00337191	3.02512e-18	7.26769e-19	1.52164e-18	0.269817	0.159905	0.269817	0.1	0.00769915
-0.441971	-3.39389	2.00337	-0.000844379	-0.00301562	-0.000320815	3.22184e-18	4.90968e-18	-1.94629e-18	0.269768	0.159818	0.269768	0.1	0.011352
1.09986	-3.01019	-0.810913	0.0049903	0.0100745	-0.00205317	1.29258e-20	-5.17888e-18	2.26292e-18	0.269705	0.159705	0.269704	0.1	0.00812014
0.674171	-4.17121	-2.49745	-0.000914926	-0.00491396	0.00514178	-1.63601e-17	8.7549e-18	6.92158e-18	0.26938	0.159129	0.269379	0.1	0.0083722
2.31252	3.97531	-1.92741	0.000700965	0.00212575	-0.00649746	4.16321e-19	3.21673e-19	2.64994e-19	0.269164	0.158746	0.269163	0.1	0.0109065
-2.20334	1.42385	-1.16872	0.00821956	0.00269981	-0.0023309	-3.53307e-19	3.05373e-18	1.18315e-18	0.269122	0.158672	0.269122	0.1	0.00844637
0.984412	-2.55379	-0.550441	-0.00852621	0.00293539	0.000996906	3.32434e-18	-3.17746e-18	1.86294e-18	0.26912	0.158669	0.26912	0.1	0.0101576
0.801097	-3.86545	-1.33815	-0.00127477	-0.00184229	-0.00260917	-1.97146e-17	-1.66625e-17	2.31323e-19	0.269071	0.158581	0.26907	0.1	0.00781056
-0.682264	-3.22411	1.25919	0.0044799	-0.00154095	-0.00409252	-9.57947e-18	-5.90797e-18	5.95004e-19	0.268722	0.157966	0.268722	0.1	0.0119262
2.4997	-2.03792	0.087107	0.00504786	0.00226936	-0.00799347	-2.7671e-19	-2.61146e-18	1.46324e-19	0.268633	0.157809	0.268633	0.1	0.0165318
-1.50238	2.04967	0.669846	-0.00451536	0.000826804	-0.000906082	3.01822e-18	6.40672e-19	3.97369e-18	0.268449	0.157484	0.268448	0.1	0.00857243
-0.667291	-0.469248	-0.0697128	-0.00859701	5.62202e-05	-0.000777795	1.39027e-18	-1.18836e-18	4.18614e-19	0.268141	0.156943	0.26814	0.1	0.0123557
0.101457	0.597957	-1.4059	0.00265307	-0.00320204	0.000943258	8.00652e-21	6.6261e-20	5.21034e-20	0.267191	0.155281	0.26719	0.1	0.0207886
1.92875	4.01668	2.48274	0.000135221	-0.000765796	-0.000921434	-1.01503e-19	-1.46002e-21	-1.03966e-20	0.267136	0.155186	0.267136	0.1	0.010858
-1.15984	-2.20989	1.74996	-0.00168318	-0.00471826	-0.00264535	3.88233e-19	1.61313e-19	-3.01282e-19	0.267094	0.155112	0.267094	0.1	0.0118001
-1.76912	3.71656	-1.42239	0.00285418	-0.000949082	-0.00238054	-7.713e-19	1.67802e-19	-2.76784e-19	0.267089	0.155104	0.267089	0.1	0.00937014
-1.25923	1.06389	-1.60818	0.00194977	0.00784752	0.00244447	-2.97232e-18	-2.86809e-18	1.27359e-19	0.266921	0.154811	0.266921	0.1	0.00778549
1.43389	0.577611	2.39853	1.50342e-07	-4.68539e-08	1.44389e-07	0	0	0	0.26654	0.154148	0.266539	0.1	0.0157146
2.04749	0.253057	2.21605	0.000674615	-0.000829924	0.0132318	2.40794e-19	3.15659e-19	2.09388e-18	0.266538	0.154145	0.266537	0.1	0.0110755
-0.560185	-4.19283	-2.05176	-0.00218721	-0.000595223	-0.00236649	-4.30784e-19	2.92667e-19	3.92161e-20	0.266399	0.153904	0.266398	0.1	0.0138856
1.11864	1.57152	0.275759	-0.0011295	1.1949e-05	0.00410351	2.67118e-18	4.31248e-18	-6.91083e-19	0.266369	0.153852	0.266368	0.1	0.00858379
0.218528	-1.0103	1.84616	-0.00233714	0.00443278	-0.00200362	-8.14804e-19	-1.03588e-17	1.47597e-18	0.266322	0.15377	0.266321	0.1	0.0122452
1.86474	0.0345873	1.00335	-0.0010613	-0.000157945	0.00122764	-5.04396e-20	-2.51632e-19	7.57891e-19	0.266281	0.1537	0.266281	0.1	0.0103805
-2.31168	4.17456	0.145481	0.00193751	-0.00565961	-0.00462872	-2.59609e-18	1.23171e-18	1.72305e-19	0.266101	0.153388	0.2661	0.1	0.00907665
-0.406161	-2.81923	2.11255	0.000805538	-0.00346878	-0.00667276	-9.65296e-19	-4.80159e-19	2.91845e-19	0.266043	0.153288	0.266042	0.1	0.0115534
0.760179	-3.75139	-0.494269	0.0135081	0.00149593	-0.00834611	1.65966e-18	2.46331e-18	-2.09069e-18	0.265705	0.152704	0.265704	0.1	0.00772871
-1.07512	-0.831318	-0.226972	0.0120288	0.00960333	-0.004727	-1.07165e-17	-1.5959e-17	-8.91264e-19	0.265691	0.15268	0.26569	0.1	0.00900074
-1.33821	-2.9853	-2.12865	-0.00370831	0.00111485	-0.000267561	-3.43949e-21	-1.94232e-20	1.21956e-19	0.265632	0.152579	0.265631	0.1	0.0139238
-1.11593	-3.77708	0.100377	0.0032951	-0.00970375	-0.00258937	2.93619e-19	1.11296e-18	1.51321e-18	0.265614	0.152548	0.265614	0.1	0.0100395
-1.4417	-3.42713	-0.156395	0.0015551	-0.00199231	0.00167529	1.38242e-18	-1.89309e-18	-2.19034e-19	0.265174	0.15179	0.265173	0.1	0.0107326
1.63515	0.0886471	0.320523	-0.00352643	-0.000765938	0.00101317	1.76708e-19	1.77783e-19	-9.6356e-20	0.264739	0.151044	0.264738	0.1	0.00892863
-0.288097	-0.164629	-0.286327	-0.00376565	-0.000791623	0.00707052	4.58602e-19	4.73328e-19	1.15632e-18	0.264622	0.150844	0.264621	0.1	0.01063
-2.14915	0.785434	-0.00827258	-0.00892186	0.00220073	0.00173141	-3.04953e-19	1.06548e-19	-6.27471e-19	0.26461	0.150824	0.264609	0.1	0.00650865
-1.52898	-2.61934	2.01352	-0.00193977	-0.00573422	0.000576539	-1.41073e-18	-9.55654e-19	-1.25648e-17	0.264374	0.15042	0.264373	0.1	0.00919394
-0.331963	1.82521	-1.11815	-0.00423664	0.00419989	-0.00446482	-1.28975e-18	-1.16928e-19	1.00221e-19	0.26432	0.150328	0.264319	0.1	0.0103195
-1.98276	0.594323	-1.01468	0.00118288	0.00498749	0.000966772	-6.24658e-18	-1.50308e-17	-1.46651e-17	0.264308	0.150308	0.264307	0.1	0.00654601
1.69648	4.03561	-0.0829917	-0.00114279	0.00575343	0.00454416	-5.82496e-19	-2.33656e-18	7.29137e-20	0.264217	0.150153	0.264216	0.1	0.0104049
-0.697918	-1.60039	-1.17159	-0.00314475	0.000682513	-0.00062861	1.87397e-18	-3.34624e-18	-4.87114e-18	0.264178	0.150087	0.264178	0.1	0.0141437
1.907	-1.55118	-1.26185	-0.00157377	0.00967138	0.00336981	-8.86451e-19	-8.18825e-20	1.64668e-18	0.264155	0.150048	0.264155	0.1	0.012557
0.420181	3.97231	0.372765	0.000737573	0.00941635	0.00341235	7.20332e-18	-3.5479e-18	7.8155e-18	0.264139	0.15002	0.264138	0.1	0.0102227
-2.09662	-4.22639	2.20899	-0.00117796	0.00473986	0.004339	-1.90956e-18	-9.19996e-19	-4.95362e-18	0.263949	0.149696	0.263948	0.1	0.00946306
-0.882893	3.82978	0.808531	0.00160162	-0.00360898	0.00208414	-4.39062e-18	2.69246e-18	-2.99978e-18	0.26394	0.149682	0.26394	0.1	0.00950731
2.26067	3.1044	1.38895	-0.00169255	-0.00245833	-0.00115125	3.06497e-19	-2.01683e-19	-6.01512e-20	0.263655	0.149196	0.263654	0.1	0.0148584
-1.91743	3.64618	1.3909	0.00231103	0.00212255	0.00386374	-7.07458e-18	1.3789e-18	1.53796e-17	0.263517	0.148963	0.263516	0.1	0.0064369
0.723417	3.29484	-1.40416	0.00735666	-0.00216639	-0.00373093	-4.21707e-19	-9.49659e-19	-2.03398e-19	0.263479	0.148899	0.263478	0.1	0.00735988
1.61076	-3.48193	-2.30887	-0.00502821	-2.82697e-06	-0.00162385	1.15896e-17	-4.54296e-18	-1.32432e-17	0.263366	0.148707	0.263365	0.1	0.00883944
2.03593	0.414393	-0.70462	-0.00428073	0.000950665	0.00194559	-2.92058e-17	-8.38114e-18	8.75618e-18	0.263215	0.148451	0.263214	0.1	0.00767051
-1.88801	0.740445	-2.32586	-0.000258472	-0.00550609	0.000522634	-1.11413e-18	7.10622e-19	1.64692e-18	0.263191	0.148411	0.263191	0.1	0.0115739
0.969796	-0.773882	-2.13849	0.00154473	-0.0033115	-0.00515478	-1.5507e-18	2.64606e-19	-1.05538e-18	0.263183	0.148397	0.263183	0.1	0.00889417
-0.183278	-3.18756	2.41952	0.00437384	0.00191472	-0.00434034	5.75209e-18	3.54487e-19	-6.90166e-19	0.262894	0.147909	0.262893	0.1	0.0088439
2.07164	-2.93241	2.35572	0.00430121	-0.000634821	0.00264639	-1.33028e-18	2.59827e-19	4.45912e-18	0.262884	0.147892	0.262883	0.1	0.0124088
-2.21045	-0.123037	1.56697	0.00289591	-0.00322699	-0.000982094	2.89592e-19	2.84305e-19	-1.4924e-19	0.262664	0.147521	0.262663	0.1	0.00709802
-0.12989	1.1047	2.21947	0.000134385	0.000147997	-0.000571505	4.00126e-20	1.95206e-20	1.26709e-20	0.262622	0.147451	0.262622	0.1	0.0142365
-1.45723	-1.66301	-2.36246	-0.00070573	-0.00343001	-0.000310015	-1.39059e-18	2.33733e-18	-3.7026e-18	0.262192	0.146727	0.262192	0.1	0.011277
-2.22705	0.306466	1.2662	-0.00103703	-0.00017049	0.00268616	4.86604e-19	2.97181e-19	4.30164e-19	0.262085	0.146549	0.262085	0.1	0.00684561
1.90095	3.6854	-2.09721	-0.00059344	-0.00128423	-0.00136951	2.85842e-19	-2.43448e-19	-1.16282e-20	0.262084	0.146546	0.262083	0.1	0.00931569
1.06489	-0.654369	1.52311	-0.0014964	0.0061133	-0.00153594	-3.83967e-20	-3.27987e-19	-1.80459e-18	0.261944	0.146311	0.261943	0.1	0.0114377
1.08136	0.159105	0.413799	0.00146656	0.000259522	-0.00960029	-2.56779e-18	-2.09504e-18	2.15606e-19	0.261935	0.146297	0.261935	0.1	0.00833915
-2.18676	-0.727234	-2.14426	-0.00568794	0.00237244	0.00346716	-1.88594e-17	-1.46111e-18	-3.02836e-18	0.261756	0.145996	0.261755	0.1	0.0101434
0.440452	-2.6094	0.738338	-0.0110631	0.00592306	0.00720988	-7.20339e-19	-3.5377e-19	-2.37461e-19	0.261568	0.145682	0.261567	0.1	0.00939347
-0.513242	3.65513	1.17961	0.00497031	-0.000428577	0.00139464	-4.72759e-19	2.86934e-18	2.3473e-19	0.261522	0.145605	0.261521	0.1	0.00925689
1.85048	2.9935	-2.12287	0.00170174	0.00457672	0.00155356	-1.04067e-18	-7.76824e-19	3.46682e-19	0.261271	0.145186	0.26127	0.1	0.00931212
-1.71789	-0.953875	-2.10484	-0.00507757	0.00260168	0.000684841	-3.3095e-19	-1.48752e-18	1.57464e-19	0.26103	0.144785	0.26103	0.1	0.00856359
-1.4916	0.0610706	-1.43854	-0.00416646	-0.00143849	0.00201745	-7.91521e-20	4.6134e-19	-1.24348e-19	0.261028	0.144781	0.261027	0.1	0.0111288
1.08278	1.57656	-1.00141	-0.0004371	0.00380967	0.0011829	-2.70095e-18	8.7508e-19	-2.92657e-18	0.260983	0.144707	0.260982	0.1	0.00867598
-2.28358	-2.07462	-1.47451	-0.00344401	-0.00225287	-0.00120704	1.48427e-17	6.5016e-18	-7.02613e-18	0.260979	0.144701	0.260979	0.1	0.00809463
-2.47126	1.74725	-1.49137	2.52592e-05	-0.0015048	-0.000707261	-9.52023e-19	7.19066e-19	-3.50289e-18	0.260824	0.144443	0.260824	0.1	0.00826461
-1.29095	4.21153	0.274697	0.00302035	-0.00519282	0.00546881	8.8954e-20	1.24355e-19	1.1921e-18	0.260799	0.144401	0.260798	0.1	0.0103025
0.698115	1.58936	-0.649633	0.00190415	0.00509354	0.0045314	-7.98246e-19	2.20019e-18	-9.74361e-19	0.260766	0.144347	0.260766	0.1	0.00836428
-1.03006	-0.921538	1.76246	-0.00815319	-0.0119891	0.00287793	2.44765e-18	-1.09759e-17	-6.47359e-19	0.260645	0.144145	0.260644	0.1	0.00720655
-0.965217	-1.58682	-2.20863	0.00259083	-0.00312772	-0.0078375	-1.01857e-18	2.04014e-18	-1.06293e-17	0.259957	0.143007	0.259957	0.1	0.00957115
-0.832228	0.785717	1.87163	-0.00224134	-0.00631853	-0.00459368	-8.35991e-18	4.99889e-18	2.17156e-18	0.259852	0.142834	0.259852	0.1	0.0103407
2.30402	-1.37092	-1.55182	-0.00226156	-0.00154409	-0.00125262	6.4484e-21	5.15375e-19	-2.28646e-18	0.259846	0.142823	0.259845	0.1	0.00847538
1.23181	2.8433	-1.70919	0.00238454	0.00501979	-0.000384903	2.27196e-18	-2.49873e-18	-1.64382e-17	0.259688	0.142564	0.259688	0.1	0.00731494
2.28034	0.541133	1.39761	-0.00152712	-0.00278816	-0.00024525	-6.84601e-20	-1.20955e-20	3.70016e-19	0.25953	0.142304	0.25953	0.1	0.006839
-2.36415	-1.65463	0.426255	-4.91682e-05	-0.00014745	0.000141343	-1.21117e-20	1.22785e-20	-3.86653e-20	0.259516	0.14228	0.259515	0.1	0.0132605
-0.909754	-3.93639	-1.60571	0.00790164	-0.000645241	0.000615529	-8.34602e-22	-1.8625e-19	1.03296e-18	0.259301	0.141927	0.2593	0.1	0.00883247
-1.30435	2.21095	-1.24922	0.00369433	0.000965735	0.00251311	-7.98065e-19	-1.1606e-20	-7.45808e-20	0.259246	0.141836	0.259245	0.1	0.0101244
0.96578	-0.0549426	1.73247	-0.00104592	0.00853285	-0.00439958	-1.77714e-19	4.30787e-19	8.09079e-19	0.258964	0.141375	0.258964	0.1	0.0090941
-0.0768928	2.109	1.19542	0.0031174	0.00211057	0.00434831	2.52594e-18	3.0173e-18	-2.06452e-18	0.258954	0.141358	0.258953	0.1	0.0127803
0.0913943	3.96491	1.71427	0.00106986	0.00500437	0.00401421	-3.07595e-17	4.14667e-18	-1.06498e-17	0.258377	0.140415	0.258376	0.1	0.00915282
-0.161471	0.897697	1.55991	0.00412281	-0.00107994	0.000464647	4.62289e-20	-3.07102e-19	3.4028e-19	0.258158	0.140059	0.258158	0.1	0.0135048
2.18735	-3.29319	-1.60044	0.00505171	-0.00355802	0.00191932	1.76225e-18	6.90494e-19	4.11669e-19	0.258052	0.139886	0.258051	0.1	0.00761815
1.47439	-0.184338	-1.13207	0.000539214	0.00636238	0.00308457	-9.48431e-19	1.33583e-18	-2.35933e-19	0.257959	0.139735	0.257958	0.1	0.0139669
-2.43545	0.798819	-0.863379	-0.000123168	0.00256919	0.00205353	1.33687e-17	-1.07862e-17	1.14742e-18	0.256965	0.138125	0.256964	0.1	0.00672823
-0.257114	3.80483	0.754683	-0.00012123	-0.00661468	-0.00864489	-8.65452e-19	3.77315e-19	5.68808e-19	0.256814	0.137882	0.256813	0.1	0.011011
1.76596	-0.461979	0.114791	-0.00980211	-0.0005123	0.00708806	1.60975e-18	-6.04778e-19	-2.26242e-18	0.25681	0.137875	0.256809	0.1	0.00897019
2.47959	-3.88975	-1.02409	0.00886866	-0.000910545	0.00408324	-1.44472e-18	-1.6012e-18	-2.86694e-19	0.256807	0.137871	0.256807	0.1	0.00909849
-1.34714	-1.15785	-2.40246	0.00198684	-0.00224127	0.0114984	1.04777e-18	-3.92821e-18	5.98937e-19	0.256615	0.137562	0.256614	0.1	0.00796855
0.719971	2.89072	-1.73294	0.0010354	-0.000721744	-0.00274242	2.81545e-18	-1.5818e-17	3.24571e-18	0.256594	0.137528	0.256593	0.1	0.00788544
0.940762	4.19904	-0.751226	0.00486719	-0.0145112	-0.0019985	-1.22125e-18	-3.14182e-18	-3.24732e-18	0.256467	0.137324	0.256466	0.1	0.00721111
-1.54436	1.33451	-1.26311	-0.0067267	0.00228287	-0.000128762	-5.38153e-19	-2.57215e-20	-1.33851e-19	0.256406	0.137227	0.256406	0.1	0.00788138
-1.04451	-0.15209	1.68791	0.00339504	-0.00190977	0.00147831	-2.0378e-17	1.11432e-17	-2.33418e-18	0.255993	0.136564	0.255992	0.1	0.00874806
-1.83593	-3.24533	-1.0333	0.00432898	-0.00211317	0.00864923	-6.25643e-20	2.97636e-19	3.18885e-19	0.255802	0.136259	0.255801	0.1	0.00970927
-0.23249	1.3201	1.01359	-0.00406094	0.00527371	0.00132781	-7.47165e-19	1.63104e-19	1.56575e-19	0.255317	0.135485	0.255316	0.1	0.0094456
1.8201	-4.09987	-2.1324	-0.00634837	-0.00316357	-0.00109734	1.58746e-18	-1.34788e-18	6.09843e-19	0.255266	0.135405	0.255266	0.1	0.00744922
0.192259	1.65542	-0.572491	-0.000789958	0.000334539	-0.000700602	4.50644e-20	1.93467e-19	9.67683e-20	0.255229	0.135345	0.255229	0.1	0.0104333
2.04117	0.675813	1.91201	0.0106191	-0.0101898	-0.000423692	-5.65485e-18	2.1292e-18	-3.98671e-19	0.254722	0.13454	0.254722	0.1	0.00773211
0.00293834	1.74068	0.847563	0.00498342	0.00180614	0.00413002	-1.22987e-18	-1.32998e-18	-1.05192e-18	0.25461	0.134363	0.25461	0.1	0.00853182
0.964456	-0.369775	-0.751106	-5.33909e-05	0.00602425	-0.000151598	-5.66957e-20	-2.59159e-19	-2.26408e-18	0.254608	0.13436	0.254608	0.1	0.00772418
-2.41834	-2.38478	-1.08601	-0.00252176	-0.0035536	-0.00262281	9.78089e-19	-3.94829e-19	-4.73221e-19	0.254443	0.134098	0.254442	0.1	0.00778287
0.882597	0.134007	-1.03857	-0.00784374	0.00323056	0.00191586	-1.01926e-17	-2.67966e-17	2.04432e-18	0.254406	0.13404	0.254406	0.1	0.00979782
1.69128	3.59615	-0.804321	-0.00183732	0.000664866	0.00750126	-1.57178e-18	8.37543e-19	2.71184e-19	0.254135	0.133612	0.254135	0.1	0.0100146
2.4767	-2.93388	-2.32375	0.00591688	0.000461163	0.00539305	-6.89649e-20	5.46777e-19	-1.0603e-19	0.253932	0.133292	0.253932	0.1	0.0100602
1.5397	-2.76593	1.3384	-0.002137	0.00165454	-0.00175054	-2.27343e-18	-2.75201e-18	1.0866e-17	0.253652	0.132852	0.253652	0.1	0.0110143
-0.549627	4.22249	0.768465	0.00296775	-0.00397637	-0.00117332	-1.71767e-18	1.76094e-18	9.12458e-18	0.253633	0.132822	0.253633	0.1	0.00748083
-0.780378	3.26299	0.968856	0.00318123	-0.000614081	-0.00275543	6.39667e-19	1.7296e-17	-1.0662e-17	0.253585	0.132746	0.253584	0.1	0.00762556
-0.246751	0.970025	-2.29597	-0.00216585	-0.00456971	-0.00149888	-4.01434e-19	5.12259e-19	5.61436e-19	0.253478	0.132579	0.253478	0.1	0.00829778
-0.643469	-0.61598	-1.77371	0.00207175	-0.000701993	-0.000337951	2.94815e-19	-4.9297e-20	-4.59055e-19	0.253124	0.132024	0.253123	0.1	0.00941239
1.16498	-3.84075	1.17568	0.00842284	0.000947646	-0.00669	4.35211e-18	-1.47206e-18	-1.29108e-18	0.253067	0.131935	0.253067	0.1	0.00740307
-1.04395	1.14049	-2.0747	0.00442821	-0.00481249	0.000706531	-1.58856e-19	6.44915e-19	-6.91112e-19	0.252935	0.131728	0.252934	0.1	0.00782689
0.741886	-0.418854	-0.203344	0.00129919	0.00140783	0.00193094	-6.65483e-20	9.31234e-20	-7.06475e-20	0.252748	0.131437	0.252748	0.1	0.00945505
0.857853	2.99005	0.289386	-0.00531711	0.00145117	0.00382309	-7.9689e-18	8.78729e-18	8.35606e-19	0.252673	0.131319	0.252672	0.1	0.00763321
-0.27845	1.51372	-0.709517	3.39098e-05	0.00317951	-0.00561076	-3.04953e-18	-5.36426e-19	5.06815e-18	0.252629	0.13125	0.252628	0.1	0.00716504
-2.35001	-1.02986	2.47574	-0.00572431	0.0011556	0.00439187	-1.13016e-17	-5.4556e-18	3.02823e-18	0.252567	0.131155	0.252567	0.1	0.00959926
0.150792	-2.71927	-1.30421	0.00466537	-0.000333997	-0.00106572	-1.2183e-17	4.36259e-18	-6.0217e-18	0.252519	0.131079	0.252518	0.1	0.00888467
0.22709	1.44278	1.19045	0.00195535	-0.00995403	-0.0028357	6.82319e-19	1.96744e-18	-1.33871e-18	0.252519	0.131079	0.252518	0.1	0.0104658
1.90935	-1.43949	-0.457099	-0.00114117	-0.000383623	-0.000178764	9.07678e-20	-2.13108e-19	2.41771e-19	0.25248	0.131018	0.252479	0.1	0.0113352
-0.613407	-2.25211	1.89251	0.000590025	-0.010022	-0.00962578	-3.58726e-18	-3.26277e-19	-2.76765e-18	0.252308	0.130751	0.252308	0.1	0.0100978
0.113116	-3.43304	0.309143	0.0110835	0.00903938	0.00375061	3.66452e-19	1.82913e-19	2.07607e-19	0.252098	0.130425	0.252097	0.1	0.0115074
0.443191	-0.0127967	1.79222	0.0025686	-0.000519647	-0.017706	-4.03146e-19	2.01277e-19	-8.42632e-19	0.251939	0.130178	0.251938	0.1	0.00780183
0.549806	3.1311	-0.0834636	-0.000444474	0.0155733	0.00307191	7.69416e-19	2.71269e-18	1.05057e-18	0.251568	0.129604	0.251568	0.1	0.00722937
-1.27074	-0.398101	-1.49558	9.84594e-05	-5.66162e-05	6.71405e-06	1.03894e-20	4.21445e-21	1.19142e-20	0.251412	0.129363	0.251411	0.1	0.00994988
-0.986343	-2.21294	0.139996	-0.00438628	-0.00528484	-0.00137976	1.84554e-18	-1.34197e-18	1.68516e-19	0.251204	0.129042	0.251204	0.1	0.0166691
0.18089	-0.222963	-1.25811	-0.00517411	-0.00330506	-9.58384e-05	-1.76023e-19	3.13345e-19	-1.53376e-19	0.251043	0.128794	0.251042	0.1	0.00943875
2.36119	1.99881	-2.07974	-0.000271746	0.000551764	0.000864059	1.46298e-19	5.88687e-20	-1.62498e-19	0.250837	0.128477	0.250836	0.1	0.00811262
-1.29911	-1.89095	0.366246	0.000251063	-0.000392666	0.000632151	1.83521e-19	1.37772e-19	-3.93325e-20	0.250777	0.128386	0.250777	0.1	0.0189166
2.27257	-2.61875	1.04781	0.00801666	-0.00113318	0.00286541	4.07563e-18	-1.69293e-17	1.2193e-17	0.250671	0.128222	0.25067	0.1	0.0105584
1.49874	-3.77966	-1.90707	-9.4791e-05	-0.00469649	-0.00349698	5.87343e-18	1.13852e-17	3.70649e-19	0.250537	0.128018	0.250537	0.1	0.00545217
2.30545	0.0536016	1.63503	0.000597376	-0.00601338	-0.00140684	1.91743e-18	-6.10955e-19	-1.24957e-18	0.250435	0.127861	0.250434	0.1	0.00545298
-0.603099	2.78301	0.754794	0.000641755	-1.02391e-05	-0.000209135	7.92173e-20	-1.55528e-19	-3.87464e-21	0.250417	0.127834	0.250417	0.1	0.00979826
1.61574	1.62878	0.405503	0.00144474	-0.000515367	-0.00969205	7.44897e-19	-5.06494e-19	-1.91059e-19	0.250396	0.127801	0.250395	0.1	0.0120805
-1.68353	-4.11145	0.716536	0.00168423	-0.0010442	0.00555037	-7.22264e-19	-3.55117e-18	1.41155e-18	0.250337	0.12771	0.250336	0.1	0.00542712
1.03208	4.00849	1.37714	0.0035322	0.00216763	-0.00710106	-2.35547e-17	-9.37083e-18	9.36578e-18	0.250177	0.127466	0.250177	0.1	0.00784018
-0.622069	-1.21846	-2.13226	0.00269242	-0.00321596	0.000403973	6.70886e-18	4.70964e-18	-6.8865e-18	0.250066	0.127296	0.250065	0.1	0.00916832
-2.06959	0.778902	1.38508	0.00165663	-0.00065462	0.00282406	4.65002e-19	-2.36729e-19	1.09797e-19	0.250038	0.127253	0.250037	0.1	0.00823404
-0.256279	2.83733	-2.48103	0.00146717	0.000982632	0.00451164	-5.36356e-19	-1.07655e-18	2.88981e-19	0.249946	0.127113	0.249945	0.1	0.0113917
-1.56876	0.833185	-1.20151	-0.000758402	0.00187307	-0.00524227	-1.40276e-18	2.66583e-18	2.45432e-18	0.249883	0.127018	0.249883	0.1	0.00712453
0.52353	1.04419	1.26168	1.66953e-05	-0.0118522	-0.00217023	-2.19542e-19	-4.73562e-19	5.18406e-20	0.249747	0.12681	0.249746	0.1	0.0117404
-0.582904	2.96157	-1.25973	-0.0121123	0.00235701	-0.00470386	8.19701e-19	1.73361e-19	2.16675e-18	0.249631	0.126633	0.24963	0.1	0.0117884
-2.30345	-2.85924	1.15446	0.0135108	0.00990795	0.00179324	-5.06745e-18	2.77332e-18	7.55258e-18	0.249461	0.126374	0.24946	0.1	0.0119099
2.10484	1.72868	0.467715	0.00403756	-0.00235527	-0.00316885	-3.95845e-20	6.09909e-20	-3.65456e-19	0.249454	0.126364	0.249453	0.1	0.0130147
-0.598823	1.79864	-0.449098	0.00499442	0.0016379	0.000968371	8.52223e-18	-1.14445e-17	-3.64664e-18	0.249315	0.126152	0.249314	0.1	0.00669082
-0.350912	2.72279	-1.6379	-0.00947779	-0.00487059	-0.0105391	-1.05367e-18	-1.06154e-18	1.98235e-18	0.249163	0.125923	0.249163	0.1	0.00815506
-2.04248	3.85724	-1.00851	0.000283701	-0.0111774	0.000514127	1.8686e-18	2.79297e-18	-3.51948e-19	0.248955	0.125607	0.248955	0.1	0.00731289
-2.21263	1.8516	1.69625	0.000320399	-0.000381165	-0.00158122	1.89475e-19	4.01924e-20	1.38549e-20	0.248842	0.125437	0.248842	0.1	0.0155602
0.811591	-2.80836	-2.37403	-0.00551006	0.00472945	0.0031774	-1.17932e-18	-1.85674e-18	-1.275e-18	0.248835	0.125425	0.248834	0.1	0.0101613
-1.81561	-2.19721	1.99351	-0.000739413	-0.0041087	0.00397715	1.38309e-17	-5.66473e-18	1.58974e-18	0.248759	0.125311	0.248759	0.1	0.00508296
-1.51304	1.55401	-2.01595	-9.15237e-05	6.76729e-06	-9.12958e-05	-2.78942e-21	-7.67858e-20	-1.82052e-21	0.248692	0.125209	0.248691	0.1	0.012165
2.12254	-0.161764	-0.433787	0.00192165	0.00225302	0.000840385	6.09389e-20	-1.61724e-19	3.71024e-19	0.248544	0.124987	0.248544	0.1	0.00765533
0.569412	-0.955582	-1.87834	-0.00251967	0.00795504	-0.0012177	-1.00928e-17	1.07678e-17	-9.90875e-18	0.248364	0.124714	0.248363	0.1	0.00732053
0.798219	-2.2753	0.880694	0.000134868	-0.00147935	8.49745e-05	-6.64519e-20	1.22775e-19	-2.20001e-19	0.248017	0.124193	0.248017	0.1	0.0128654
-1.33751	-1.25846	0.556385	-0.000372106	2.70273e-05	0.00172879	1.25745e-19	-2.37151e-19	2.46161e-20	0.248012	0.124185	0.248011	0.1	0.0131396
-1.279	-3.48239	-0.639431	-0.00083107	-0.00561325	0.00120823	3.97837e-19	7.1319e-19	1.0878e-18	0.247878	0.123984	0.247878	0.1	0.00964537
-1.53301	1.03649	-2.04274	0.000985416	0.000518995	0.00304736	4.0691e-18	-3.76694e-18	-2.03901e-18	0.247863	0.123961	0.247862	0.1	0.00657858
-0.826098	2.32931	-1.63172	0.00632423	-0.00241207	0.0106956	2.08562e-19	-4.65133e-19	2.44357e-19	0.247853	0.123947	0.247853	0.1	0.0101453
-1.57898	-3.65272	0.282566	0.0117739	0.0025057	0.00771853	5.06095e-18	-4.72529e-18	7.66088e-19	0.247707	0.123727	0.247706	0.1	0.0100469
-0.273181	3.95	-1.7593	0.00257405	0.00551718	0.000258223	-1.05922e-18	3.53062e-19	4.8279e-19	0.247497	0.123413	0.247496	0.1	0.00913381
-0.696768	-0.514089	1.67983	0.000399206	-0.00819563	0.00866505	1.39342e-18	3.17491e-18	4.00179e-18	0.247415	0.123291	0.247415	0.1	0.00726446
2.07426	0.267299	-0.181687	-0.00183613	0.00141262	-0.00130169	3.97919e-19	9.89394e-20	-2.80039e-20	0.247401	0.12327	0.247401	0.1	0.00812334
0.469488	3.15561	-0.574768	0.00478888	-0.00144243	0.000430638	2.96877e-18	6.17561e-19	-7.4763e-19	0.247386	0.123248	0.247386	0.1	0.00825174
1.15875	3.68648	1.02124	-0.00390007	-0.000448252	-0.00937651	1.59488e-17	2.81175e-18	2.16683e-17	0.247253	0.123049	0.247253	0.1	0.0101002
-2.01088	3.90426	1.82125	0.00449427	0.00757942	0.00222229	-7.96372e-19	-6.54268e-19	-6.38005e-19	0.247182	0.122942	0.247181	0.1	0.0112259
1.39974	-3.5385	0.733	0.00422269	-0.00100179	-0.0052334	-8.57922e-19	-1.5175e-17	1.19388e-17	0.247037	0.122727	0.247037	0.1	0.00813264
1.91832	0.543974	1.03333	0.00176056	6.23406e-05	0.00289878	3.64487e-19	-3.39462e-19	-3.31289e-19	0.246982	0.122645	0.246982	0.1	0.00844441
0.273943	3.86719	-0.33842	0.00435637	-0.0073675	0.00478478	-7.16293e-18	-3.0959e-18	2.50194e-18	0.246759	0.122313	0.246759	0.1	0.00610178
0.47272	0.141659	-1.4286	-0.0050288	-0.00219654	0.00207729	-1.12687e-18	-2.11584e-18	-2.79161e-18	0.246445	0.121846	0.246444	0.1	0.00689129
0.637651	0.773299	0.548305	0.000273757	0.00897679	-0.00557511	8.13415e-19	-3.97658e-19	9.08028e-20	0.246438	0.121836	0.246437	0.1	0.0101029
-2.19293	-2.51388	1.9846	-0.00366697	-0.000894875	0.00704955	-1.87254e-17	2.02123e-17	-5.1893e-18	0.246265	0.12158	0.246265	0.1	0.00831398
0.522205	3.45401	-0.963956	0.0107535	-0.00546114	-0.00149099	1.08457e-18	-4.92476e-19	-6.11958e-19	0.246242	0.121546	0.246242	0.1	0.00848945
0.598552	4.21974	-1.76128	-0.00397697	0.00246612	0.0021059	-3.13105e-19	-9.40107e-19	3.53689e-19	0.246195	0.121475	0.246194	0.1	0.010749
-2.38739	3.92261	-1.35783	-0.00129037	0.00148453	0.00194967	-4.33169e-19	1.56473e-19	-3.26778e-20	0.245977	0.121154	0.245977	0.1	0.0105006
0.506867	-2.36482	-0.575456	-0.00906584	0.00367185	0.011433	9.06763e-19	3.06856e-18	-4.5029e-18	0.245892	0.121028	0.245891	0.1	0.00937697
0.348948	-3.0906	0.582049	-0.0158508	0.0262308	0.00645561	4.87543e-18	4.7405e-18	-7.55332e-18	0.245848	0.120963	0.245848	0.1	0.00855493
-0.145084	1.02363	0.619416	0.00697516	0.00283731	0.00615532	2.83904e-18	-1.3772e-18	-1.37285e-18	0.245776	0.120856	0.245775	0.1	0.00788892
1.24736	-1.00744	0.231692	0.00011679	-0.000154926	0.000223711	-3.26459e-20	4.93718e-20	1.24223e-20	0.245741	0.120805	0.24574	0.1	0.0160711
0.667072	-0.299687	0.551145	-0.00196441	0.000284587	-0.000743349	-1.9637e-19	-4.86848e-20	3.51546e-20	0.245267	0.120107	0.245266	0.1	0.0106247
-1.69841	4.06064	1.19768	0.00520408	-0.0016972	0.00289018	-1.869e-18	1.32414e-18	4.47929e-18	0.245057	0.119799	0.245056	0.1	0.00537941
2.36761	1.24958	-0.947052	0.00591984	0.00304604	-0.0069753	-4.27477e-18	2.33657e-19	2.35149e-17	0.244954	0.119648	0.244954	0.1	0.00819044
2.18683	-3.50064	-1.14245	0.00275522	-0.000876936	0.00498721	-2.74366e-19	2.25326e-19	-1.06095e-18	0.244949	0.119641	0.244949	0.1	0.0114038
-1.90983	1.56238	-1.56676	0.00715557	-0.00139667	-0.00488468	1.38753e-20	1.02654e-18	7.94813e-18	0.244877	0.119535	0.244876	0.1	0.00712303
-1.4588	-2.02959	2.28874	0.00390271	-0.00105314	-0.00303885	-1.52516e-17	7.26122e-18	-3.43221e-19	0.244747	0.119345	0.244746	0.1	0.00608278
0.359057	0.295342	-0.976805	-0.00281026	0.00449723	2.87353e-05	-2.69092e-18	-2.48068e-18	-2.56585e-18	0.24468	0.119247	0.244679	0.1	0.00648457
-0.851907	-2.68224	-0.707098	-0.00141729	-0.00602012	-0.00237544	-2.83869e-18	1.42787e-17	-5.10226e-18	0.24465	0.119204	0.24465	0.1	0.0128044
-0.69575	3.34082	-2.15122	-0.00117795	-0.0168862	-0.0037053	2.07518e-19	-7.73082e-20	1.2829e-18	0.244203	0.11855	0.244202	0.1	0.012122
1.30694	3.80813	-0.568805	-0.00343948	0.00187673	0.0021503	-1.86935e-19	-5.61046e-19	-9.97459e-20	0.244194	0.118538	0.244194	0.1	0.0114777
-2.17049	-3.8772	1.84954	-0.00240842	0.00282871	0.00195157	4.11294e-18	3.55291e-17	-6.22989e-18	0.243965	0.118204	0.243964	0.1	0.00895037
-2.26035	-2.04026	1.84896	-0.000541009	0.000649908	0.00255038	1.04552e-18	-4.37287e-19	-1.20039e-19	0.243898	0.118107	0.243897	0.1	0.00485745
1.2618	3.37499	-0.926677	-0.0010896	-0.000328784	-0.00175377	1.24198e-18	-4.90667e-19	-2.15087e-20	0.243863	0.118057	0.243863	0.1	0.00829896
-1.85174	3.42836	-2.4138	0.000271641	-0.00586012	0.00438091	4.79451e-20	-7.68223e-19	-1.08609e-18	0.243781	0.117937	0.24378	0.1	0.0145652
0.350271	-1.93916	-0.392599	-0.00805328	0.00931156	-0.00244882	2.44873e-17	2.19018e-18	4.55269e-17	0.243722	0.117852	0.243721	0.1	0.00660287
1.13011	3.68869	-1.27551	-0.00640362	-0.00318417	-0.00320445	5.80777e-20	4.15206e-19	-5.53639e-19	0.243467	0.117483	0.243467	0.1	0.00944099
-0.267169	-3.49062	1.39106	0.00570391	0.00179604	-0.000859287	-4.60182e-18	1.73854e-17	-5.49239e-18	0.243451	0.11746	0.243451	0.1	0.00767773
-0.943943	0.231616	0.30066	0.00154353	0.00246226	0.00139708	-1.91236e-19	1.65319e-19	4.8403e-19	0.243289	0.117224	0.243288	0.1	0.0107241
0.323447	-0.391427	1.23023	-0.0038877	0.0125381	-0.0051618	4.99673e-18	3.77553e-18	7.52337e-18	0.243144	0.117015	0.243143	0.1	0.00878924
1.54535	-3.98023	0.125316	-0.00214718	0.00370424	0.00545632	-1.28107e-18	4.12457e-19	4.34584e-19	0.24311	0.116966	0.24311	0.1	0.00887483
-0.259631	0.660274	0.110887	-0.00227499	-0.00297024	0.00276802	7.65935e-20	1.03844e-18	-2.80448e-19	0.243061	0.116896	0.24306	0.1	0.0118895
-2.48189	3.5014	1.56999	-0.00522296	0.00124808	-0.00265431	-5.29908e-19	-4.33134e-19	-1.88354e-18	0.24296	0.11675	0.24296	0.1	0.00653249
-1.58199	0.553792	-1.96986	0.00240276	0.000959127	0.0026106	-7.13603e-18	1.9737e-18	-5.9538e-18	0.242916	0.116686	0.242915	0.1	0.00888314
-0.467555	-3.44153	-0.988739	0.00665718	-0.00139716	0.00393989	-9.70715e-19	-3.19236e-19	-4.22868e-18	0.242878	0.116633	0.242878	0.1	0.00649276
-0.821258	-1.21346	-0.453734	-0.00284772	0.000833604	-0.000496912	-9.93786e-20	-2.74441e-19	2.6137e-19	0.242761	0.116464	0.242761	0.1	0.0170556
-0.698582	2.60038	-2.01964	0.00208472	0.000415145	0.0116075	6.91825e-19	-1.02355e-18	5.13175e-20	0.242617	0.116256	0.242617	0.1	0.00817797
-2.01356	0.341874	0.810591	-0.000285162	-0.00642433	0.0021638	-3.97853e-19	2.74322e-18	-1.11048e-18	0.24253	0.116132	0.24253	0.1	0.00615038
-0.0674067	-0.492121	1.49817	-0.00221572	-0.00103198	-0.00643942	8.60069e-18	2.11096e-18	-7.04444e-18	0.242269	0.115756	0.242268	0.1	0.00913017
-1.51724	-0.986572	1.66242	-0.00919044	-0.0115581	0.00783057	-2.74346e-18	-6.37895e-19	2.73482e-18	0.242186	0.115637	0.242185	0.1	0.00588136
-1.75432	-2.06576	1.52564	-0.00520955	0.00234535	0.00460131	1.47266e-18	7.7784e-18	3.82171e-18	0.242168	0.115612	0.242167	0.1	0.00659495
1.15124	-4.04285	-0.352284	0.000298334	-0.0154976	0.00189431	-6.08171e-20	-1.38786e-18	1.11724e-18	0.242124	0.11555	0.242124	0.1	0.0080441
-1.56471	0.887859	-0.0268283	0.0161827	0.00375654	-0.00458088	5.29243e-19	-1.61334e-18	-1.03347e-20	0.241867	0.115181	0.241866	0.1	0.00870207
-1.29531	0.42297	0.0270344	-4.04277e-05	0.00228848	0.00236813	-1.13891e-17	9.3293e-18	3.70851e-17	0.241642	0.114861	0.241642	0.1	0.00779509
0.947999	-1.81324	0.939685	-0.00238337	8.40606e-05	-0.000851063	3.73081e-19	-3.69457e-19	-4.53854e-19	0.241249	0.114301	0.241249	0.1	0.00894335
0.439064	-3.49393	-1.34579	0.00245186	-0.000867993	0.00161454	3.2371e-19	-4.95201e-19	-8.15682e-20	0.241156	0.114169	0.241156	0.1	0.00846956
2.19434	-2.11841	0.486905	0.00530948	-0.00198323	-0.0115969	4.73835e-19	1.58387e-18	4.75078e-19	0.240853	0.113739	0.240853	0.1	0.0118373
-1.82985	-0.101437	0.86177	0.00620869	-0.00531553	-0.00215852	2.66925e-19	-9.98698e-21	-5.30039e-19	0.240353	0.113031	0.240352	0.1	0.00936445
0.267659	3.71965	-1.2816	-0.00186286	-0.00577162	0.00843481	6.09972e-18	-7.20849e-19	-1.20813e-18	0.240279	0.112928	0.240279	0.1	0.00740904
0.00337915	-3.51276	1.78892	0.00376392	0.00345572	0.000462028	-2.01487e-17	2.85427e-18	-2.08506e-17	0.239888	0.112378	0.239888	0.1	0.00768916
-0.797378	-1.94666	1.44734	-0.0116546	-0.00649576	-0.00138927	1.78862e-19	-2.06981e-18	-1.01981e-18	0.239738	0.112167	0.239738	0.1	0.00793762
-0.85158	0.0925459	-0.152311	-0.0035924	-0.00469201	0.00213686	7.893e-19	-1.70701e-18	1.34418e-20	0.239545	0.111896	0.239545	0.1	0.00887325
-1.32536	4.05453	0.889594	0.00330313	-0.00274876	0.00522622	1.59997e-19	-5.42237e-19	3.24369e-18	0.239443	0.111752	0.239442	0.1	0.00636246
-2.23858	0.265944	-1.29649	-0.00249013	0.00844156	-0.00157216	-4.26218e-18	-2.21274e-19	-4.04723e-18	0.239441	0.11175	0.23944	0.1	0.00864478
2.3613	1.33966	-1.72623	-0.00230549	-0.00131894	-0.00110561	-2.37251e-18	5.03742e-19	1.15242e-18	0.23938	0.111665	0.23938	0.1	0.00624401
1.15057	1.16775	2.39831	6.44862e-05	-0.00018463	2.63514e-08	-4.37071e-23	3.67473e-23	-8.69418e-20	0.239364	0.111643	0.239364	0.1	0.0197829
-1.7709	0.453537	-0.0273609	-0.000463704	0.010667	0.000897435	-3.86362e-18	8.6532e-18	-5.5707e-18	0.23932	0.111581	0.23932	0.1	0.00597474
-0.606562	0.245641	-0.533821	0.00095083	-0.00554023	0.00426603	4.40087e-19	-1.13632e-18	1.1812e-18	0.239225	0.111447	0.239224	0.1	0.0108751
-0.280187	-1.56179	-2.19127	0.00490032	-0.00364962	0.00161194	3.95685e-18	-5.19542e-18	3.12469e-18	0.239017	0.111157	0.239016	0.1	0.0104573
-2.14582	-4.05979	0.568941	0.00297223	0.000287497	-0.00580937	1.44566e-18	-1.76012e-17	5.11342e-18	0.239006	0.111143	0.239006	0.1	0.00587361
2.0316	1.47768	-1.40966	-0.00224739	0.00343402	-0.00293179	-1.6454e-18	1.0838e-18	1.05954e-18	0.238995	0.111126	0.238994	0.1	0.0088018
-0.959178	4.04108	-0.0576438	0.000865841	0.00370152	-0.00368315	5.09921e-19	9.96655e-20	-3.46362e-19	0.238986	0.111114	0.238985	0.1	0.00864057
0.323118	3.55516	0.0295912	0.00139262	-0.00866413	0.0101865	2.04562e-18	5.68615e-19	3.78672e-19	0.238869	0.110952	0.238869	0.1	0.00932159
-1.99998	-0.474762	1.10894	-0.0155981	0.00611639	0.00198145	-2.82065e-18	1.47707e-18	7.08669e-19	0.238791	0.110842	0.23879	0.1	0.0084467
0.118046	4.12321	-1.98999	0.00545986	0.00417457	0.00259157	-1.17896e-18	1.51551e-18	-2.97648e-19	0.238659	0.110659	0.238659	0.1	0.00906547
-1.50357	-3.48991	1.38655	-0.00120603	-0.00213326	-0.00469635	-5.55285e-18	-3.53576e-18	3.02059e-18	0.238462	0.110385	0.238461	0.1	0.00700746
-0.186842	-1.37022	0.802603	-0.00805238	0.00024995	-0.0012607	-5.00074e-19	1.1772e-18	1.73103e-18	0.238419	0.110325	0.238418	0.1	0.00682508
-2.32371	-1.93127	2.31427	-0.00038669	0.000630711	0.0027347	-6.63288e-20	1.98815e-20	-1.37722e-20	0.238319	0.110187	0.238319	0.1	0.00811058
-1.3844	-0.180461	-2.18666	5.01469e-05	-7.00356e-05	-0.00335596	1.02611e-18	2.21219e-18	-2.63411e-18	0.238316	0.110182	0.238315	0.1	0.00967248
1.46136	3.92168	0.665591	0.00415315	0.000655123	0.00288108	3.1248e-20	-6.75223e-20	-1.94909e-20	0.238152	0.109955	0.238151	0.1	0.0111792
-2.30835	1.96329	2.1603	-0.00290357	-0.000395983	-0.000880147	4.7493e-19	1.91232e-19	-6.05074e-19	0.237912	0.109623	0.237911	0.1	0.0110346
-1.60388	0.990003	0.439861	0.0146232	-0.00655319	-0.00126968	4.72811e-18	-1.24712e-18	-1.65153e-18	0.23777	0.109426	0.237769	0.1	0.00949279
1.38831	-2.98479	-0.395329	-0.0089209	0.00586323	0.00794947	-1.77863e-18	3.9178e-18	-2.7767e-19	0.237729	0.10937	0.237728	0.1	0.00653409
-2.1376	-2.3464	1.45319	-0.00213926	-0.00150622	-0.000361972	6.69722e-20	-7.74629e-20	1.09142e-19	0.237563	0.109141	0.237562	0.1	0.00929187
0.297072	0.0941502	2.29273	0.00555073	-0.00881385	-0.00175542	1.47648e-18	-9.46266e-20	1.68123e-19	0.237535	0.109103	0.237535	0.1	0.00935073
-2.34505	-4.05852	-1.45442	-0.00406638	0.00263619	0.000168564	-5.19941e-20	2.5715e-19	-9.82026e-20	0.237434	0.108964	0.237434	0.1	0.00896589
1.80503	3.3039	2.43785	0.00246928	3.93454e-05	0.00101551	-6.1592e-21	2.64126e-19	-9.04208e-21	0.23742	0.108944	0.237419	0.1	0.0110089
0.534944	-1.72127	1.94632	0.000712824	7.87697e-05	0.00413456	3.39e-21	6.62782e-20	4.6917e-19	0.237391	0.108905	0.237391	0.1	0.00818106
1.38434	0.207341	1.96392	-0.000873472	0.00223755	-0.000809051	-3.96593e-20	-1.67398e-19	-1.68019e-19	0.237361	0.108862	0.23736	0.1	0.00877623
-1.61714	-0.582321	-1.78916	-0.000946214	0.00247085	0.000309202	-6.16392e-20	-2.91997e-19	-4.38349e-19	0.237124	0.108537	0.237123	0.1	0.00784156
0.604907	-1.05692	-1.22948	0.00349925	0.00519995	-0.000325585	1.71113e-17	-7.21112e-18	5.36857e-18	0.237107	0.108515	0.237107	0.1	0.00715677
0.165126	0.71591	-2.37562	0.000460617	-0.00220063	-0.00130372	-9.52333e-20	9.44237e-19	2.53876e-19	0.237083	0.108481	0.237083	0.1	0.00872314
-0.561063	2.19697	0.0549995	0.00513891	0.00569912	0.0160478	-3.73473e-19	-4.99448e-19	1.82231e-17	0.237026	0.108403	0.237026	0.1	0.0103951
-0.196713	-3.04743	-1.20638	0.00588116	-0.00277933	-0.000558539	9.72063e-19	-1.38354e-17	-1.09971e-17	0.236944	0.10829	0.236943	0.1	0.00702578
-2.4991	1.58379	1.0263	-0.0121035	0.000878463	-0.00513165	-2.16815e-17	1.47264e-18	-5.83582e-18	0.236803	0.108098	0.236803	0.1	0.00670369
-0.119744	2.4717	0.844944	-1.32765e-05	-0.000256399	-0.000191267	1.7471e-20	1.85711e-21	-2.24972e-20	0.236788	0.108077	0.236788	0.1	0.0144386
1.54159	-2.62981	-0.0170782	-0.00373768	-0.00193772	0.00336318	4.90997e-18	-8.1216e-18	-1.24409e-18	0.23677	0.108052	0.23677	0.1	0.00685319
2.39887	-2.84044	-1.07402	-0.00154064	-0.00497488	0.00166621	-5.75679e-20	2.12869e-20	9.69632e-20	0.236617	0.107842	0.236616	0.1	0.0162491
0.418345	1.75802	0.574774	-0.00977675	0.01675	0.0175094	1.58994e-18	1.75199e-17	4.72345e-19	0.236192	0.107262	0.236191	0.1	0.0135897
2.42716	-0.236156	2.00628	0.00253308	-0.000351004	0.00296813	1.20018e-18	-1.82278e-19	-2.39607e-19	0.236165	0.107225	0.236164	0.1	0.00499709
1.98381	1.75703	-1.87916	1.77258e-07	-2.69661e-08	1.36513e-07	-2.38074e-24	-3.6875e-24	-2.98065e-23	0.235779	0.106701	0.235779	0.1	0.0119511
-1.03871	1.28299	0.838452	0.00209086	-0.00100693	-1.00942e-05	4.09676e-19	1.3333e-19	5.17428e-19	0.235612	0.106474	0.235612	0.1	0.00988328
0.784024	-3.17549	-1.2622	0.00528952	-0.000480742	-0.00408216	1.59798e-19	-6.43777e-19	-3.12198e-19	0.235445	0.106249	0.235445	0.1	0.0083857
1.42569	3.21493	-2.25286	0.00056191	0.00341065	0.00054753	4.62686e-19	2.14391e-18	-1.85491e-18	0.23539	0.106173	0.235389	0.1	0.00686544
1.69496	3.39434	-0.322482	0.00125607	0.00207572	-0.00561625	1.59938e-19	-9.25364e-20	-2.60436e-19	0.235318	0.106076	0.235317	0.1	0.0108441
2.05053	1.4803	0.932205	-0.00923689	-0.012792	-0.0034374	3.98712e-20	-2.58179e-19	2.69003e-18	0.235202	0.105919	0.235201	0.1	0.0127835
1.54922	-0.617945	1.41806	-0.00147907	0.00381962	-0.0026415	-4.70336e-18	-6.45026e-18	-1.76779e-18	0.235137	0.105832	0.235137	0.1	0.00569252
-0.113943	-3.19918	0.670707	-0.0116684	-0.00124103	-0.00332693	3.96211e-19	9.55268e-19	-9.33826e-19	0.235012	0.105664	0.235012	0.1	0.0103204
-1.59137	-1.35326	-0.914059	0.00786328	0.00164981	-0.00230325	1.49049e-20	5.38766e-19	7.48637e-20	0.235009	0.105659	0.235009	0.1	0.0129468
1.37002	3.29872	2.25449	0.00525862	0.00184443	-0.00448636	-4.08043e-19	-7.59493e-19	-1.98836e-19	0.234975	0.105613	0.234975	0.1	0.00709343
-0.109377	1.80115	-1.86761	-0.00391623	0.00226324	0.00290385	1.66004e-18	-3.67975e-18	3.07138e-18	0.234801	0.105378	0.2348	0.1	0.0053112
-1.61377	3.57419	-1.87739	0.0017159	-0.00212973	-0.00509288	-7.87334e-19	-1.18393e-18	9.04453e-20	0.23477	0.105336	0.234769	0.1	0.00586466
1.13933	2.97835	-1.23775	-4.1278e-05	-2.46054e-05	1.86592e-05	6.52211e-21	2.4275e-21	1.02926e-20	0.234758	0.10532	0.234757	0.1	0.00796177
0.686942	-0.932937	1.68642	0.00132142	0.00436196	0.00743058	-2.25082e-18	1.26916e-19	2.18219e-18	0.234644	0.105168	0.234644	0.1	0.00497037
1.50511	-1.50863	-0.194577	-0.000351712	-0.000337361	0.000488466	2.42579e-20	-7.76842e-20	-9.23914e-21	0.23444	0.104894	0.23444	0.1	0.00917986
-0.67116	2.58869	-2.49503	9.9958e-06	0.00238833	0.0114552	5.35587e-19	-2.95394e-18	2.40249e-18	0.234409	0.104851	0.234408	0.1	0.0085805
-0.20145	1.98981	-0.646405	0.0041834	0.00233326	0.000169962	-5.54834e-18	1.54319e-18	2.46576e-18	0.234352	0.104776	0.234352	0.1	0.00528838
0.0288414	0.458157	0.737485	0.00115076	0.00308432	-0.00139641	6.88252e-19	-4.78968e-20	3.22283e-19	0.2342	0.104572	0.2342	0.1	0.0102204
2.30917	3.17203	0.890718	0.00111026	-0.0068078	-0.00517454	6.27288e-19	-8.4757e-19	-8.95971e-19	0.233981	0.104278	0.23398	0.1	0.0100081
2.37811	-2.25945	-2.34714	0.00134652	-0.00112757	-0.00067627	1.6521e-19	9.3967e-20	1.33659e-19	0.233958	0.104247	0.233957	0.1	0.0127165
2.24078	2.41307	1.69292	-0.000893806	-0.0014098	-0.0048981	7.76117e-19	-3.18278e-19	-1.06553e-19	0.23388	0.104143	0.233879	0.1	0.0145769
0.59758	4.21913	-0.290457	0.0118355	-0.0116393	0.00154904	3.25652e-18	-1.17425e-18	-2.3526e-18	0.233865	0.104123	0.233865	0.1	0.00764841
1.19005	-4.01566	-1.61839	0.00520679	-0.000229824	0.00542138	-1.43422e-18	1.54653e-18	-1.32647e-19	0.233809	0.104049	0.233809	0.1	0.00508258
-2.35301	1.60921	-2.04177	2.9327e-05	-3.98011e-05	4.13839e-06	2.4172e-20	3.79239e-21	-1.27668e-19	0.233807	0.104046	0.233807	0.1	0.0132572
1.07696	2.16286	1.31679	0.00204883	-0.00414283	0.000958606	7.95375e-20	-9.87646e-20	-2.49946e-19	0.233733	0.103947	0.233732	0.1	0.0124861
0.190265	2.36096	1.5219	-0.00367268	0.00518174	0.00854509	1.27708e-17	-2.15407e-17	1.42707e-18	0.233473	0.1036	0.233472	0.1	0.00740715
0.669982	3.76826	-1.54979	-0.00215115	-0.000309584	0.00266191	3.44961e-19	-4.69078e-19	1.70737e-19	0.233427	0.10354	0.233427	0.1	0.00664644
0.12788	0.902573	0.245232	-0.00355763	0.0067367	-0.00429524	1.3782e-18	8.48857e-19	-1.12108e-18	0.233414	0.103523	0.233414	0.1	0.0063728
2.08794	-3.1537	-2.06023	-0.00782934	-0.00435823	0.00439297	-2.51292e-18	-1.804e-18	1.86548e-18	0.233134	0.10315	0.233133	0.1	0.00597501
-1.10542	0.723071	-1.27726	-0.000259496	0.0032722	-0.000532696	-1.64922e-17	-4.00612e-18	6.24138e-18	0.233065	0.103058	0.233064	0.1	0.00940046
-1.61071	-2.0451	-0.575601	0.00186097	-0.00443395	0.00152062	-6.14597e-18	-1.2451e-18	-3.47412e-18	0.232902	0.102842	0.232901	0.1	0.00978305
-0.421194	-2.76652	-1.56253	6.2568e-06	-0.000262023	0.000120248	5.93839e-21	4.49267e-21	-1.34308e-20	0.232804	0.102713	0.232804	0.1	0.0126308
-0.981896	2.48241	0.317102	0.00645981	0.00686752	0.000962418	-3.21122e-19	-1.6834e-19	7.72298e-19	0.232752	0.102644	0.232752	0.1	0.0104448
-0.117353	3.03816	-1.35688	-0.0040478	-0.00830136	-0.000863429	7.50309e-19	-9.67835e-18	-4.68433e-18	0.23266	0.102522	0.23266	0.1	0.00849759
-1.97762	1.18502	0.232252	0.0104125	-0.00673982	0.00385527	3.29523e-20	-1.66981e-19	1.5299e-18	0.232507	0.102321	0.232507	0.1	0.00697714
-1.34207	1.37612	0.494003	-0.000520548	0.0039666	-0.0012126	-2.40332e-18	-8.23657e-18	-1.94559e-18	0.232218	0.101938	0.232217	0.1	0.0057324
-0.531097	-2.98311	-0.886331	0.00615971	-0.000475376	0.000522802	-1.6695e-17	-4.69017e-17	-1.55334e-17	0.232143	0.10184	0.232142	0.1	0.00939835
-0.070427	-0.914668	0.851824	-0.00411942	0.00303375	0.00428949	-2.15789e-18	1.48981e-17	5.0017e-18	0.231956	0.101594	0.231956	0.1	0.00791983
1.03725	3.10042	-2.48534	0.00699766	-0.00473009	-0.00588465	7.97586e-18	-1.11346e-19	1.31323e-18	0.231803	0.101394	0.231803	0.1	0.00723393
-0.921726	0.0494115	0.738652	-0.0107495	0.00419468	0.00315828	1.08397e-19	1.04255e-19	3.27921e-19	0.231758	0.101335	0.231758	0.1	0.0090893
2.33083	0.115679	1.1578	0.000417806	-0.00171786	-0.00146703	-1.80147e-19	4.86697e-19	-4.03551e-19	0.231696	0.101253	0.231696	0.1	0.00574128
-1.98031	-1.93965	0.304246	1.50983e-07	-4.73361e-08	1.44285e-07	-9.63306e-26	-2.72194e-25	4.42515e-25	0.231621	0.101155	0.231621	0.1	0.0192309
-0.823677	0.0583645	1.2433	-0.00494549	0.00388079	0.00462455	-5.62578e-19	-1.2025e-18	-5.59988e-19	0.2316	0.101128	0.2316	0.1	0.005418
-2.05787	3.38956	-0.77996	-0.00297583	0.014834	-0.016589	1.7157e-17	-4.61547e-18	-7.65023e-18	0.231418	0.100889	0.231418	0.1	0.0103544
2.42384	-0.704351	2.02405	-0.00204744	-0.000199573	0.000608385	-1.73166e-19	2.3339e-17	-2.32708e-17	0.231413	0.100883	0.231413	0.1	0.00576224
-2.47953	-0.174601	2.46042	-0.000475334	0.00103508	0.00339611	5.89089e-20	-3.77983e-20	1.5317e-19	0.231401	0.100867	0.2314	0.1	0.00937569
-1.72911	-0.290146	1.44502	-0.0105538	0.00230256	0.00154402	-4.85062e-18	3.95235e-19	3.3184e-18	0.231115	0.100493	0.231115	0.1	0.00754543
1.20711	-0.990453	-1.15919	0.00190074	0.00302044	-0.000664954	-8.6781e-18	1.71816e-17	5.13371e-18	0.231068	0.100432	0.231068	0.1	0.0074281
2.06073	-4.01995	1.78866	4.64536e-05	-4.99816e-06	-3.92406e-06	-1.23137e-19	8.22219e-20	9.28375e-20	0.231057	0.100418	0.231056	0.1	0.0118132
1.98105	-3.6371	-1.88313	-0.00278348	9.29536e-05	0.00481256	-3.40316e-20	4.308e-19	3.10186e-20	0.230915	0.100233	0.230915	0.1	0.00739201
-1.75231	1.59925	0.403133	0.0127032	-0.0179797	-0.00395572	3.13299e-18	4.87323e-18	-3.63606e-18	0.230628	0.0998588	0.230627	0.1	0.00726229
-1.55983	1.81011	-1.36335	0.00335601	0.00208623	-0.00152633	2.08253e-18	-1.0101e-18	1.40673e-18	0.230453	0.0996319	0.230452	0.1	0.0060248
1.24845	-3.69753	1.62933	0.00682856	-0.00517416	-0.00507632	1.43239e-18	1.31206e-18	-2.65442e-18	0.230324	0.0994646	0.230323	0.1	0.00740903
0.841729	-0.233758	-2.13989	0.000743421	-0.00208428	-0.00524354	-6.06702e-18	4.35101e-19	2.24749e-18	0.230304	0.0994395	0.230304	0.1	0.00613898
2.47608	1.75725	-2.47918	-0.000839663	-0.00178083	0.000803405	3.17487e-19	5.96709e-20	1.29023e-19	0.229921	0.0989432	0.22992	0.1	0.0114837
-0.825737	-3.19504	2.45836	0.001274	0.0024989	-0.00662851	1.21065e-18	-4.37995e-19	-2.60523e-18	0.229786	0.098769	0.229785	0.1	0.00800958
-0.788753	3.01756	-1.81783	0.00106895	-0.000664168	0.0130563	1.22567e-19	-1.02004e-18	-6.08005e-19	0.229782	0.0987639	0.229781	0.1	0.00912194
-2.34839	3.3623	1.1385	-0.00163029	-0.00484453	-0.000807139	-1.61577e-18	-1.73154e-19	-3.74769e-19	0.229536	0.0984481	0.229536	0.1	0.00688869
-1.78119	0.765693	0.808963	0.00393585	-0.00090305	-0.00199009	-8.34475e-19	-1.30922e-17	-2.32988e-18	0.229506	0.0984085	0.229505	0.1	0.00839511
1.0442	4.15352	-1.27272	-0.0100204	-0.00344465	-0.0102153	1.78595e-18	-2.03565e-18	-4.91083e-19	0.229497	0.0983978	0.229497	0.1	0.00758595
1.57381	0.867462	-0.81849	-0.00161225	0.000364403	0.00190678	8.82972e-20	-3.43068e-19	2.92846e-20	0.2294	0.0982731	0.2294	0.1	0.015138
-1.76095	2.26228	0.302102	-0.00650932	-0.00558869	-0.00427058	5.37948e-18	-6.03405e-18	-3.54317e-18	0.229386	0.0982548	0.229386	0.1	0.0073893
0.835433	-1.54033	1.40693	-0.00393793	0.00423957	-0.000694064	3.3995e-18	2.11488e-18	-3.66511e-18	0.229335	0.0981897	0.229335	0.1	0.00544083
-2.04844	0.426847	0.348243	0.00124747	-0.00664704	0.0016432	2.24245e-18	2.20554e-18	3.81032e-18	0.229308	0.0981548	0.229308	0.1	0.00764459
1.26847	-0.389388	-2.20789	0.000787646	-0.00213659	-0.000123037	-8.91108e-19	-8.63206e-19	4.65593e-18	0.229298	0.0981413	0.229297	0.1	0.00807617
2.07854	-1.89381	1.11549	-0.00772155	-0.00450213	0.00391106	-9.71452e-19	-1.15453e-18	-1.10234e-18	0.22929	0.0981311	0.229289	0.1	0.0148284
-1.17197	1.54652	-1.68129	0.00160621	0.00797913	-0.000974271	-2.39829e-19	-1.29807e-19	-4.60057e-19	0.229244	0.0980725	0.229244	0.1	0.00929391
1.29486	-0.35356	0.0666319	-0.00833366	-0.00262115	-0.00611324	-1.04047e-18	3.26694e-19	4.78076e-20	0.229223	0.0980458	0.229223	0.1	0.00778135
-1.77445	-3.92742	1.23979	0.00821282	-0.00331522	-0.0127031	-1.00903e-17	-1.46661e-18	3.47854e-18	0.22892	0.0976566	0.228919	0.1	0.00666856
-1.97756	-2.99902	0.037488	0.0028819	-0.00470874	0.00662918	-1.19167e-19	1.90321e-19	9.42294e-19	0.228859	0.0975787	0.228858	0.1	0.0144241
1.64862	-2.5891	-1.49015	-0.0102128	0.0107679	0.00283649	-9.8979e-19	3.95362e-19	-2.3542e-18	0.228672	0.0973397	0.228671	0.1	0.0124995
1.01427	3.16964	-1.9986	-0.000674235	0.00118796	-0.0020362	3.18069e-18	8.56404e-18	3.36107e-18	0.228616	0.097268	0.228615	0.1	0.00658056
-0.869263	-3.12668	-2.06766	-0.00118782	0.00512321	0.00184373	-1.06722e-18	3.08106e-18	4.50112e-18	0.228221	0.096765	0.22822	0.1	0.00852968
-0.630289	-3.71173	0.29231	0.020831	0.0105633	0.0106097	1.67388e-17	6.27306e-18	2.94953e-18	0.22803	0.0965221	0.228029	0.1	0.0105117
-0.420668	2.00905	-1.59605	-0.00245013	0.0028483	0.00526861	1.36327e-19	7.13361e-19	-1.85273e-20	0.227932	0.0963976	0.227931	0.1	0.0083817
1.8817	2.52237	-0.477949	-0.00367708	0.00333158	-0.00477723	-1.89988e-17	-1.75388e-17	-1.39324e-17	0.227904	0.0963621	0.227903	0.1	0.0113451
-1.98865	-0.147451	-1.24322	1.00124e-05	-2.01261e-05	0.000115567	-9.66752e-21	-2.63695e-21	-3.403e-23	0.227875	0.0963252	0.227874	0.1	0.0116544
1.15217	-3.3496	-0.210563	-0.00394072	0.0136188	-0.00548993	2.49346e-19	-6.28738e-19	-1.66172e-18	0.22785	0.0962939	0.227849	0.1	0.00691696
-0.433698	-1.16693	2.14942	0.00575098	-0.00512332	0.00471996	4.05903e-19	-3.61461e-19	7.01227e-19	0.22776	0.0961794	0.227759	0.1	0.010943
1.53807	4.22506	1.13037	-0.0006353	0.001887	-0.00238973	-3.84999e-19	-4.317e-19	-1.12125e-19	0.227751	0.0961691	0.227751	0.1	0.0121067
1.51285	-3.50751	0.272811	0.00241977	-0.000697429	-0.00659404	1.05537e-18	-3.02407e-19	8.55757e-19	0.22775	0.0961678	0.22775	0.1	0.00564424
-0.646058	-1.68815	0.0543533	-0.00256286	0.0045282	-0.00276032	-5.76331e-18	7.7249e-19	4.68464e-18	0.227635	0.0960221	0.227635	0.1	0.00837094
2.31391	1.87625	1.34517	-2.67139e-05	3.73844e-05	4.41096e-05	8.92068e-21	9.87499e-21	-4.36977e-21	0.227597	0.0959732	0.227596	0.1	0.00932435
1.55836	-3.14043	0.00797244	0.00677634	0.00189234	0.00169234	8.1779e-19	-1.02182e-18	-5.74755e-19	0.227546	0.0959088	0.227545	0.1	0.00511262
0.364814	-0.578387	1.65889	0.000345745	0.00013444	-0.0104828	3.49433e-18	-1.5055e-18	-8.79062e-19	0.22748	0.0958252	0.227479	0.1	0.00744579
0.797974	3.20905	0.710935	0.00370644	0.00578531	0.00394283	3.04577e-18	6.52466e-18	4.68166e-18	0.227439	0.0957736	0.227438	0.1	0.00722555
2.00107	1.86016	-0.148663	0.00198939	0.00102396	0.000993766	-7.32787e-21	1.03497e-19	-4.63331e-19	0.227375	0.0956928	0.227374	0.1	0.0145175
-0.129209	2.35311	-1.42913	-0.00933478	-0.000395424	-0.00383199	3.98477e-19	-1.47326e-18	8.86621e-19	0.227289	0.0955848	0.227289	0.1	0.00726373
0.788491	2.83424	-2.20674	-0.00281845	0.00434048	-0.00424402	-1.37977e-18	-7.4197e-18	5.61544e-18	0.227225	0.0955035	0.227224	0.1	0.00653859
-2.22424	2.43922	0.103405	-0.00154279	-0.00290079	8.12845e-05	-2.06807e-17	1.07435e-17	-6.18137e-17	0.226982	0.0951981	0.226982	0.1	0.00573585
-1.3264	-1.05107	2.12645	-0.00180691	-0.00319135	0.00877874	3.04948e-18	-9.73888e-18	-4.92491e-19	0.226948	0.0951547	0.226947	0.1	0.00397107
0.743707	-1.06145	-0.0225379	-0.00021022	0.00124939	-0.000707798	2.14539e-20	1.70419e-19	5.00546e-19	0.226868	0.0950544	0.226868	0.1	0.00942315
1.65143	3.29624	0.126628	-0.000700603	0.00200578	-0.00540263	5.33343e-19	2.41429e-18	-1.10166e-17	0.226712	0.094858	0.226711	0.1	0.00601194
1.08382	-3.50448	-0.770371	0.00111885	0.00688912	-0.0190159	-1.91104e-18	8.89919e-18	1.8006e-18	0.226624	0.0947483	0.226624	0.1	0.00678804
2.39291	-0.617341	2.47407	-0.000102412	0.000302095	0.00138376	7.22888e-20	2.63451e-20	-3.86772e-22	0.226482	0.0945699	0.226481	0.1	0.0119163
2.24645	-1.94946	-1.44374	-0.00361058	0.000588327	0.0040899	-2.56516e-20	2.39177e-19	2.52931e-19	0.226465	0.0945487	0.226465	0.1	0.00846545
-0.175626	3.88729	-1.29996	0.00111679	0.00211478	-0.000261083	-4.04563e-19	-1.93527e-19	2.66719e-19	0.226431	0.0945062	0.226431	0.1	0.00975413
2.18013	-2.90617	0.100851	0.00482981	-0.0135586	-2.04909e-06	-1.72622e-18	5.48308e-18	-7.73511e-19	0.226394	0.0944602	0.226394	0.1	0.0121164
-0.411587	-2.19391	1.36804	-0.00844536	-0.000534636	-0.0192788	-5.69847e-18	-3.56873e-19	1.11675e-18	0.225771	0.0936821	0.22577	0.1	0.00875451
0.340265	3.94523	-2.35734	-0.0020651	-0.0058488	0.000392825	-7.63022e-18	7.28211e-18	1.5306e-17	0.225722	0.0936211	0.225721	0.1	0.00672234
-0.239688	-3.61472	-0.618231	0.00119367	-0.00348261	0.00634447	3.07961e-18	3.22963e-18	-4.24479e-18	0.225484	0.0933254	0.225484	0.1	0.00524617
-2.25128	2.96673	0.481569	0.0033128	-0.00232109	-0.00833594	-4.49927e-18	-4.35974e-18	5.18141e-18	0.225452	0.0932862	0.225452	0.1	0.0119741
0.997611	1.60657	2.39861	-7.72438e-05	0.000221916	4.13284e-07	-8.87432e-23	8.69841e-23	-1.22836e-19	0.225395	0.0932152	0.225395	0.1	0.0119997
1.12977	0.0437677	2.31445	0.000568452	0.00083178	0.000309345	7.04262e-20	-1.80635e-19	1.80565e-19	0.225246	0.0930303	0.225246	0.1	0.0101536
0.25115	0.853875	0.808988	0.00157279	0.00189888	0.000777836	2.03513e-19	-9.91953e-20	-6.04096e-19	0.225171	0.0929378	0.225171	0.1	0.00995944
2.12288	3.51778	1.12841	0.00938266	-0.0062125	0.00244414	2.15134e-18	1.39933e-18	1.57399e-19	0.225152	0.0929135	0.225151	0.1	0.0072369
-1.30512	1.98212	-1.6995	0.00206216	0.00137764	-0.00268104	-4.07218e-20	-3.01595e-19	-1.35517e-19	0.22515	0.0929116	0.22515	0.1	0.00686304
0.49571	-1.36632	1.65266	-0.00412126	-0.000941563	0.00381377	2.3843e-18	-1.24498e-19	1.43472e-18	0.225107	0.0928581	0.225107	0.1	0.00617508
-1.98764	-2.24626	-0.737656	0.00116062	-0.00373738	0.00186661	-1.79754e-17	-6.50506e-18	-2.8096e-17	0.225104	0.0928544	0.225104	0.1	0.00629195
2.37295	-2.17488	0.912569	-0.0068628	0.000722971	-0.00445755	9.13243e-18	-3.09257e-19	-1.40652e-18	0.225036	0.0927701	0.225035	0.1	0.00733732
1.22398	1.92743	2.01823	-0.00471778	0.0006201	-0.000304897	-3.74599e-21	-3.90105e-20	-1.7306e-19	0.224947	0.0926599	0.224946	0.1	0.0146034
-0.515484	-2.96766	-2.30022	0.00170276	-0.00366722	-0.0018482	1.53461e-18	1.87071e-18	-4.13682e-18	0.224712	0.0923705	0.224712	0.1	0.0076377
-0.0450294	2.23306	-1.00204	-0.0077182	0.00355782	-0.00359569	-2.88843e-18	2.12632e-18	-2.22873e-18	0.224611	0.092246	0.224611	0.1	0.00694155
-0.499984	-0.0254685	0.131891	-0.00285138	0.00184958	0.00564288	-2.5959e-19	-7.80553e-19	-9.88644e-20	0.224606	0.0922389	0.224605	0.1	0.0103377
2.3809	0.421982	-2.05058	-0.000739005	0.00479036	0.0155374	3.65698e-18	-4.10496e-18	-2.87636e-17	0.224254	0.0918062	0.224253	0.1	0.011264
-0.0842205	-1.35771	0.352732	-0.00393194	-0.00162863	-0.00224366	-1.56063e-18	-8.06638e-18	-1.84984e-17	0.224034	0.0915363	0.224033	0.1	0.00712303
-1.27089	2.48545	-1.64456	0.00491633	-0.00632034	-0.0029836	-3.81664e-18	-3.28349e-18	-1.85277e-18	0.224021	0.091521	0.224021	0.1	0.00707504
-0.0743229	-2.33252	0.742009	-0.000408633	0.00439227	-0.00599663	-2.42716e-17	-1.75505e-17	1.0539e-17	0.22402	0.0915193	0.22402	0.1	0.00802712
1.06434	-0.760664	-0.123498	0.00108912	0.000481417	-0.000279469	1.94653e-19	1.53927e-19	1.44286e-19	0.223989	0.0914818	0.223989	0.1	0.00761813
-0.839961	-0.36937	0.379959	-0.000956269	0.000524954	0.00223935	-6.16838e-20	-1.52672e-19	-4.26829e-20	0.223781	0.0912266	0.22378	0.1	0.00716021
-1.34176	-4.11989	-1.718	0.00571223	-0.00160264	0.00360645	8.03776e-19	-1.68806e-18	-2.72557e-19	0.223729	0.0911629	0.223728	0.1	0.00724221
