0.803775	2.10434	0.0022113	2.66743e-08	-3.74755e-08	9.97734e-08	1.0983e-23	-3.17003e-23	1.47909e-23	0.524846	0.144576	0	0.1	0.0290738
-2.01543	1.60483	1.01731	3.15713e-08	-9.51607e-08	8.32906e-09	-2.83948e-24	1.49012e-24	-3.90221e-25	0.524322	0.144144	0	0.1	0.0305264
1.71102	0.967904	-0.194937	4.13655e-08	2.5193e-09	-1.23029e-07	3.98241e-23	-1.18389e-23	8.92476e-24	0.524212	0.144053	0	0.1	0.0190697
-2.25366	0.807377	-0.22567	1.91739e-08	-8.43152e-08	5.31689e-08	1.32238e-23	-1.14608e-24	-6.90974e-25	0.523895	0.143791	0	0.1	0.0240487
-1.45764	0.766427	2.15425	-2.73011e-08	-1.62806e-08	-3.33844e-09	-1.43045e-24	2.32454e-24	1.92142e-24	0.523609	0.143556	0	0.1	0.0308855
-1.92911	0.203327	-1.01754	-2.97635e-08	5.04006e-08	-9.00578e-08	-9.70706e-24	5.45414e-24	6.6206e-24	0.523432	0.143411	0	0.1	0.0235295
-1.91175	-3.22372	0.638278	7.17631e-08	4.26685e-10	-2.19133e-08	1.71048e-25	-3.37641e-24	5.63225e-24	0.523282	0.143287	0	0.1	0.0177966
-2.35956	-3.92683	1.61722	-9.64965e-08	-1.38215e-07	-6.77517e-08	-2.81228e-23	2.10787e-25	3.42585e-23	0.523	0.143056	0	0.1	0.0284964
-2.23419	-1.21764	-0.525348	-6.10387e-08	5.06435e-08	-5.95609e-08	-1.69774e-25	2.3481e-24	-6.75462e-25	0.522213	0.142411	0	0.1	0.0270393
1.96021	1.65588	-2.03492	9.87053e-08	-1.13513e-07	-4.76086e-08	2.38613e-23	-1.55522e-23	3.83861e-24	0.521675	0.141971	0	0.1	0.0256562
0.928647	-1.55704	0.265769	-4.84346e-08	1.00306e-07	2.1468e-08	1.55026e-23	-1.3045e-23	-2.71064e-26	0.521666	0.141964	0	0.1	0.022342
0.816145	4.20787	0.958883	-5.15429e-08	1.01402e-07	5.68273e-08	8.55336e-24	-4.43162e-24	1.86929e-24	0.521614	0.141922	0	0.1	0.0205853
1.43952	4.30655	-0.462881	-6.73317e-08	-7.2829e-08	1.77675e-08	6.50456e-25	-4.01519e-24	1.69516e-24	0.520533	0.141041	0	0.1	0.0184146
0.228973	-0.360963	2.43329	2.40113e-08	8.45088e-08	-2.78161e-08	4.66844e-24	-1.72513e-23	-1.58398e-23	0.520389	0.140924	0	0.1	0.0297161
-1.71161	3.78508	1.33617	-1.02355e-08	6.40691e-08	-5.58418e-08	-6.39285e-24	-2.60366e-23	1.12273e-23	0.520324	0.140871	0	0.1	0.024419
0.762165	1.14428	-1.33173	-1.68456e-08	-5.53525e-08	5.18039e-09	3.23253e-24	-6.52425e-24	-1.43013e-23	0.52032	0.140867	0	0.1	0.0211967
-0.257941	1.27055	-0.161876	-1.0302e-08	2.70099e-08	2.7218e-09	-7.14325e-24	1.48661e-24	1.64722e-23	0.520271	0.140828	0	0.1	0.027127
0.0675348	-1.52098	0.851213	-6.25303e-08	2.76925e-08	2.52046e-08	1.588e-23	-6.82292e-24	-7.31177e-24	0.520146	0.140726	0	0.1	0.0239009
-1.16012	-2.6707	1.10598	-6.15519e-08	2.07278e-07	4.15337e-08	-2.54762e-23	4.85526e-24	-6.88302e-24	0.520004	0.140611	0	0.1	0.0198044
1.9301	-2.84311	0.00591097	3.37548e-08	-3.8834e-09	3.6961e-08	-1.98377e-24	4.25226e-24	-5.93908e-24	0.519757	0.140411	0	0.1	0.0202336
0.352191	3.23208	-0.483062	8.37657e-08	-1.0453e-08	1.84283e-08	-1.95587e-23	1.04434e-23	5.54959e-24	0.518893	0.139712	0	0.1	0.0220745
-1.22116	-1.13895	-0.752172	-6.42989e-08	-5.69261e-09	-1.29751e-07	4.21089e-23	-3.1637e-24	-3.36968e-24	0.518846	0.139674	0	0.1	0.0219627
-1.09054	-4.36595	-0.823088	-4.7392e-08	2.24796e-08	2.13951e-08	-1.35836e-23	1.88914e-23	4.97018e-24	0.518509	0.139402	0	0.1	0.0194247
-1.18358	-4.1473	2.2253	5.8343e-08	3.63993e-08	-5.56047e-08	2.78373e-24	9.46984e-24	1.86423e-24	0.518469	0.139369	0	0.1	0.0217808
2.01726	-3.35754	-0.899929	-1.05454e-08	9.66262e-08	-9.75936e-09	1.40911e-24	-5.98051e-24	-7.34683e-24	0.518089	0.139064	0	0.1	0.0230612
-0.442537	3.7975	-0.899079	-1.74893e-08	5.52031e-08	3.54681e-09	8.69213e-24	-1.10409e-23	1.55339e-23	0.517613	0.13868	0	0.1	0.0196841
0.302694	-1.79596	-0.837948	5.05927e-08	-4.77137e-08	1.75553e-08	5.21902e-24	1.07658e-23	-1.44548e-23	0.517573	0.138648	0	0.1	0.0183761
2.24259	0.66262	-2.14776	4.21199e-08	-1.5394e-07	5.97355e-08	-4.73288e-24	-9.17052e-26	-1.64058e-23	0.517023	0.138207	0	0.1	0.0224297
-1.09799	-2.97978	-1.94727	-3.57142e-08	-5.23068e-08	9.23322e-08	7.26508e-24	-2.18826e-24	-1.58635e-24	0.515939	0.137339	0	0.1	0.0172029
2.31973	2.30346	1.40748	5.94477e-08	-5.18858e-08	5.85597e-10	8.84169e-24	-1.18032e-23	-9.00367e-24	0.51593	0.137332	0	0.1	0.0194534
0.389737	-4.41848	0.113604	1.74694e-08	1.69297e-08	-3.67542e-08	4.4055e-24	-2.27688e-24	-1.95709e-23	0.515892	0.137302	0	0.1	0.0215588
-0.161557	-2.53055	0.870832	-2.08165e-08	5.49343e-09	7.41321e-09	7.82086e-24	1.90794e-23	3.88225e-24	0.51515	0.13671	0	0.1	0.0266707
1.13912	3.42658	-2.03676	5.6344e-08	4.62596e-08	5.67367e-08	-1.66191e-23	1.28614e-24	-4.96562e-24	0.515017	0.136605	0	0.1	0.0176577
-2.42762	-0.786665	0.441456	1.34687e-07	1.06655e-07	1.52605e-07	-7.6391e-24	6.66482e-24	4.82534e-23	0.51479	0.136424	0	0.1	0.0168985
-1.00083	-3.10734	2.03458	2.44284e-09	1.13191e-08	6.64991e-08	2.18134e-24	3.23128e-23	1.9336e-23	0.514608	0.136279	0	0.1	0.0180592
-1.37064	0.266059	-1.89053	6.35179e-08	3.74833e-08	-4.21419e-08	-4.42876e-24	7.57472e-24	3.38361e-24	0.514597	0.136271	0	0.1	0.0275856
-0.597663	3.19171	-0.0784214	3.00236e-08	-1.78359e-08	-3.48764e-08	-4.73561e-24	-1.12787e-23	1.02978e-23	0.514103	0.135879	0	0.1	0.0206345
2.37844	-2.21655	0.694414	2.43273e-08	4.97189e-08	1.59296e-08	2.15512e-23	1.61642e-23	1.1808e-23	0.513382	0.135308	0	0.1	0.0252525
-1.76102	3.71467	2.36623	-5.61835e-08	-7.9351e-08	-5.68241e-08	-4.01195e-24	1.52868e-24	-1.0222e-24	0.513251	0.135204	0	0.1	0.0238243
-1.49389	1.75205	-2.25499	-1.35696e-07	-2.13663e-07	1.63113e-07	3.24665e-24	-1.13447e-23	1.10691e-23	0.51286	0.134895	0	0.1	0.0333766
1.80271	-1.37271	0.786158	2.82912e-08	8.95005e-08	-4.15158e-08	-3.40723e-24	-9.53934e-24	-3.38728e-24	0.511987	0.134207	0	0.1	0.0226907
1.14006	2.99503	-1.10437	4.87643e-08	-1.84907e-07	1.83953e-09	-1.78927e-23	4.05838e-23	-4.01964e-23	0.511935	0.134166	0	0.1	0.0249843
0.243856	-3.46938	-2.20818	-1.649e-07	5.27416e-08	2.01525e-08	4.31585e-24	-2.58433e-24	8.31288e-24	0.51175	0.134021	0	0.1	0.0215452
2.4037	-4.38412	0.590291	-1.01031e-07	-6.06285e-08	7.85727e-08	-4.07362e-24	-5.9349e-24	-2.24007e-24	0.511328	0.13369	0	0.1	0.0210269
-0.996166	0.0817671	0.317678	-3.14888e-09	2.81747e-08	7.11615e-08	1.57537e-25	-4.13631e-24	1.0727e-24	0.510397	0.132961	0	0.1	0.0248822
1.81616	-3.16776	2.11489	-2.70772e-08	1.30554e-08	-2.03357e-09	7.35099e-24	-1.18364e-23	1.5004e-23	0.509973	0.13263	0	0.1	0.025942
-0.5132	1.70272	1.25632	9.74567e-09	-6.1575e-08	9.13458e-08	-1.95337e-23	6.65941e-24	-5.12827e-25	0.509383	0.13217	0	0.1	0.0176455
2.47524	-3.18596	-1.80387	6.58088e-08	-1.00034e-07	1.56019e-07	-3.37584e-23	2.61468e-23	-2.71848e-23	0.509347	0.132142	0	0.1	0.0270944
-1.18143	-3.43724	-0.391497	-1.27817e-07	4.60596e-08	4.74275e-08	-1.32983e-24	-7.18529e-25	-1.68926e-24	0.509054	0.131914	0	0.1	0.0195239
1.45226	-2.49311	-2.21362	8.49878e-08	8.40445e-08	2.58733e-09	1.24237e-23	-1.46947e-23	1.50124e-23	0.509023	0.13189	0	0.1	0.0252017
0.741632	1.59306	2.37991	1.61647e-07	4.8116e-08	6.00107e-08	-5.36553e-24	7.06244e-24	1.54614e-23	0.508934	0.131821	0	0.1	0.0164433
-0.673253	1.43407	2.22537	-2.29202e-08	-8.87874e-09	1.24007e-07	-1.78469e-24	-9.11095e-24	-7.65865e-24	0.508766	0.131691	0	0.1	0.0259335
-2.23277	-0.136487	2.48097	1.14856e-08	-1.52031e-07	-3.65498e-08	9.21783e-25	1.59764e-24	4.51071e-24	0.508406	0.131411	0	0.1	0.0207347
-0.09135	-1.31884	1.89027	1.40862e-07	-1.16643e-08	9.54691e-09	3.50942e-24	-6.77032e-25	-6.58852e-24	0.508337	0.131357	0	0.1	0.0202268
-1.77501	-2.42254	-2.47726	4.66559e-08	-1.23777e-08	-1.75798e-08	3.59847e-24	-1.38588e-23	-4.69142e-25	0.508294	0.131324	0	0.1	0.0305611
1.10046	-3.88858	1.21992	1.13214e-07	1.09291e-07	1.05619e-08	4.29546e-24	1.14468e-24	-1.73649e-23	0.50781	0.13095	0	0.1	0.0202275
2.25824	-3.96137	-2.42572	-5.42836e-08	8.51586e-09	8.5457e-09	1.00772e-24	-1.12353e-23	3.94646e-25	0.507753	0.130905	0	0.1	0.0222295
2.18554	0.72083	-1.126	-1.53437e-07	-1.25676e-07	4.97475e-08	-1.30151e-24	-1.44578e-24	8.25341e-24	0.507742	0.130897	0	0.1	0.0222201
-0.933403	2.04547	-0.164856	-5.8008e-08	2.39406e-08	-1.72491e-08	9.51281e-25	-2.45345e-25	9.15647e-24	0.507637	0.130816	0	0.1	0.0225785
-1.83064	-1.64615	0.390684	9.5883e-08	7.50768e-08	4.68888e-08	-2.29085e-24	5.26789e-24	3.18889e-24	0.507412	0.130642	0	0.1	0.0178997
-2.2149	2.8163	-0.960447	-3.26363e-08	1.79452e-07	-4.13207e-09	4.49109e-24	-2.25081e-23	-3.04946e-23	0.507009	0.13033	0	0.1	0.0211579
1.99231	3.76699	-2.48486	9.47045e-08	-2.20468e-08	3.82671e-08	-2.01131e-23	-8.81685e-24	-5.33751e-24	0.506882	0.130233	0	0.1	0.0219012
1.70271	-1.84424	-0.347918	-1.7841e-08	-5.15226e-08	9.48459e-08	1.53426e-24	-1.60837e-23	-7.61956e-24	0.506866	0.130221	0	0.1	0.0225664
0.49874	0.614465	2.25685	1.18924e-08	9.82665e-08	-6.42788e-08	2.54234e-24	1.18884e-24	-1.0547e-23	0.50679	0.130162	0	0.1	0.0209613
-2.42116	-1.9084	-1.8871	-3.52999e-08	3.70059e-08	-1.41477e-07	6.61971e-24	-4.7197e-24	5.6217e-24	0.5066	0.130015	0	0.1	0.0266236
1.88104	-1.77453	1.71838	6.20262e-08	2.38814e-08	-9.45309e-08	1.0523e-23	-4.96721e-24	-1.76247e-24	0.505811	0.129409	0	0.1	0.0278737
-2.1553	1.49391	-0.986738	6.8167e-08	-1.60872e-07	-2.96155e-08	1.11496e-23	1.23203e-23	-4.07126e-24	0.505626	0.129267	0	0.1	0.0213432
0.0712772	-0.165187	1.43846	2.37947e-08	9.97294e-08	-4.21553e-08	-2.61229e-23	4.34118e-24	-1.9288e-23	0.505592	0.129241	0	0.1	0.0241892
1.55334	0.789071	0.80722	1.19345e-07	7.18063e-08	-8.02148e-08	1.62922e-23	-3.1035e-24	-8.44784e-24	0.505452	0.129134	0	0.1	0.0199696
2.45604	2.32313	0.395151	-8.57411e-08	1.22336e-08	-1.92756e-08	1.29064e-23	3.28999e-24	-7.97827e-24	0.505336	0.129045	0	0.1	0.0196194
-0.474983	0.46263	2.01229	-4.45151e-08	-1.65405e-08	4.6822e-08	-1.88129e-23	-5.74787e-24	4.48773e-24	0.505116	0.128877	0	0.1	0.022122
-1.54975	2.84818	-0.197956	-4.60822e-08	5.03032e-08	1.40454e-07	-6.12165e-24	-1.00413e-23	1.8828e-24	0.504879	0.128695	0	0.1	0.020801
1.80352	2.2904	-0.375158	-8.64054e-08	-3.89862e-08	-3.65534e-08	1.41072e-23	-5.54724e-24	-5.93644e-24	0.504584	0.12847	0	0.1	0.0220803
1.68342	-4.40389	1.86789	5.59021e-08	-6.44226e-08	-4.49394e-08	4.31888e-24	-1.33103e-24	-7.33598e-24	0.504566	0.128456	0	0.1	0.021785
-1.00702	0.818195	1.23177	4.10019e-09	-5.7599e-08	-3.63847e-08	-1.12387e-24	5.48255e-24	1.85889e-24	0.503757	0.127839	0	0.1	0.026995
-0.665283	-2.02339	-1.07159	1.99904e-08	6.30776e-08	-4.02311e-08	8.88011e-24	-4.25428e-23	-5.73863e-24	0.503666	0.12777	0	0.1	0.020935
-1.6978	-1.17725	1.27616	-1.19514e-07	7.33248e-08	9.50335e-08	-8.55596e-25	-9.58991e-25	-4.61165e-25	0.503279	0.127476	0	0.1	0.0278441
2.27744	3.15226	-0.154474	-1.65527e-07	4.5335e-08	-9.24783e-09	2.28382e-24	-1.29886e-23	-2.87009e-24	0.502994	0.127259	0	0.1	0.0203771
1.94396	2.43443	-1.36879	1.49794e-07	-2.71574e-08	-1.21193e-07	3.79215e-23	-4.09775e-25	5.64831e-23	0.502964	0.127236	0	0.1	0.0211301
-0.0940428	0.620726	-1.13194	-5.87711e-08	-5.30295e-09	8.46418e-08	-5.57241e-24	-6.93238e-24	-4.82886e-24	0.502714	0.127046	0	0.1	0.0257002
-0.00122478	3.7621	0.531897	-3.09344e-08	3.94804e-08	4.89269e-08	7.77725e-24	-2.30175e-24	3.74128e-23	0.50255	0.126922	0	0.1	0.0267427
0.733034	-3.62224	-0.420642	-6.79599e-08	1.30067e-08	-1.28726e-07	1.52324e-23	1.22059e-23	-3.5953e-23	0.502442	0.12684	0	0.1	0.0206957
-2.33402	0.656444	0.786305	-9.60383e-08	-6.94524e-08	5.41219e-08	-4.23646e-24	-6.48629e-24	-2.27873e-24	0.50229	0.126726	0	0.1	0.020515
-0.728264	3.61245	1.6803	-1.23426e-07	-2.87444e-09	-1.21758e-08	2.77326e-23	6.75318e-26	-1.32965e-25	0.501803	0.126357	0	0.1	0.027335
0.33778	2.24708	1.20985	9.82681e-09	-2.2941e-09	-4.1391e-08	1.25742e-23	-1.36765e-23	-2.94316e-24	0.501655	0.126246	0	0.1	0.0234432
0.437475	-3.06394	1.61391	8.83215e-09	1.84155e-08	-8.61089e-09	2.31284e-24	-1.23143e-23	1.57429e-23	0.501502	0.12613	0	0.1	0.0257902
-0.428827	-1.05552	-2.19511	8.29296e-08	-1.22204e-08	-3.5796e-09	2.82957e-24	-1.8179e-24	8.9917e-24	0.501498	0.126127	0	0.1	0.0224381
0.130819	-3.33963	0.330322	6.61546e-08	1.1048e-08	5.69467e-09	1.0294e-23	6.81167e-24	-5.40502e-25	0.500645	0.125485	0	0.1	0.0173698
1.62111	2.12992	2.12527	4.59758e-08	-4.45596e-08	5.72584e-09	1.5153e-23	1.88431e-23	1.93689e-23	0.500505	0.125379	0	0.1	0.0174462
-1.81016	2.63241	-1.86474	6.88958e-08	-4.50968e-08	4.73329e-08	-6.87766e-24	-4.21837e-24	-4.45412e-24	0.500425	0.125319	0	0.1	0.0191956
-0.0599525	1.68679	-1.59852	-3.09433e-08	-4.4059e-08	5.92073e-08	7.57873e-24	-3.0539e-24	4.32233e-24	0.500152	0.125114	0	0.1	0.0289696
-0.241816	-1.00243	-0.506238	-7.97888e-08	-4.7023e-08	-4.45138e-08	-5.83004e-24	-5.21816e-24	1.49227e-24	0.50005	0.125037	0	0.1	0.0170514
-0.720632	-3.927	0.55215	1.64807e-08	2.14656e-08	6.90486e-08	-3.66162e-23	9.71674e-24	-1.40696e-23	0.499913	0.124935	0	0.1	0.0202864
-1.7504	-0.379646	-0.195533	6.49078e-09	-3.51039e-09	-1.06534e-07	-1.92066e-23	-7.90088e-24	-1.46955e-25	0.499909	0.124931	0	0.1	0.0206185
-0.847744	4.18326	0.865716	-1.35837e-07	-3.16385e-09	-3.70831e-08	-5.68848e-24	4.98686e-24	-3.78369e-23	0.499869	0.124902	0	0.1	0.0208104
-1.91352	2.73829	1.91083	8.87595e-08	-7.15993e-08	6.94212e-09	-3.89315e-25	2.45938e-24	-2.25504e-24	0.498933	0.124202	0	0.1	0.0237832
1.01577	-1.84516	-1.57702	-1.20478e-07	-2.02104e-08	-2.76239e-08	-1.44913e-23	2.92245e-23	4.72861e-24	0.498754	0.124068	0	0.1	0.0220342
0.566619	-0.650942	-0.0328885	-1.30592e-08	9.61821e-08	-7.49678e-08	8.9687e-24	-2.08974e-23	1.08465e-23	0.498719	0.124042	0	0.1	0.0239869
-2.37307	-1.17249	2.01455	-6.33473e-08	7.57456e-08	1.48776e-07	1.06797e-23	-1.06549e-24	-5.75853e-24	0.497341	0.123016	0	0.1	0.0264234
0.000726109	0.981079	0.778551	-2.44645e-08	-1.69691e-08	-4.18661e-08	-1.40786e-23	1.14451e-23	-4.84121e-24	0.49708	0.122823	0	0.1	0.0208778
1.28654	-4.01435	-1.1549	1.06316e-07	-3.51717e-08	-1.03865e-08	2.60127e-23	-4.48996e-24	3.71019e-23	0.49698	0.122749	0	0.1	0.0197177
0.550811	-1.27121	-2.24499	-6.86525e-08	-1.88036e-08	-9.16711e-08	-9.63177e-24	-2.95832e-23	-1.75209e-23	0.496954	0.122729	0	0.1	0.0252878
-1.23722	-0.195665	1.25484	-7.27863e-08	4.44118e-08	6.20857e-08	4.73296e-24	2.06285e-24	-5.00966e-25	0.496238	0.122199	0	0.1	0.0298312
-1.13804	-2.00103	1.87025	2.13469e-07	7.90615e-08	1.85091e-07	-1.1992e-24	-9.64705e-24	9.68388e-26	0.496087	0.122088	0	0.1	0.0307296
-1.47814	-4.15515	1.15959	2.99148e-08	2.65869e-07	-1.63413e-07	-1.33832e-23	-1.78931e-23	-3.78734e-23	0.49558	0.121714	0	0.1	0.0236715
1.07723	-0.673436	0.835794	-8.36766e-08	1.476e-08	-1.57142e-08	1.37929e-23	4.57105e-24	4.86613e-25	0.495221	0.12145	0	0.1	0.020265
-0.230964	0.841834	-2.09525	2.88347e-08	-4.90912e-08	4.13323e-08	-2.88603e-25	6.50855e-24	-1.47575e-24	0.494792	0.121135	0	0.1	0.026015
-1.05156	3.2111	0.821949	-9.07516e-08	-3.83103e-08	-6.89352e-08	-5.57141e-23	-8.73848e-23	2.769e-23	0.494194	0.120696	0	0.1	0.0175929
-1.49928	3.82115	-1.65354	-9.37352e-08	2.92713e-08	3.5152e-08	1.51643e-24	-7.55429e-25	-3.96932e-26	0.494182	0.120687	0	0.1	0.0210717
-1.83351	-3.42399	-2.49149	-6.93899e-08	-5.76723e-08	-2.62551e-08	2.4402e-24	8.31079e-24	1.32395e-24	0.494105	0.120631	0	0.1	0.0193728
-0.269545	-3.85383	-0.421238	-1.2009e-07	2.71324e-08	7.89736e-08	6.03772e-24	1.96169e-24	-7.57074e-24	0.493902	0.120482	0	0.1	0.0158642
1.64219	1.7466	0.457346	2.46724e-08	-1.52508e-07	5.95719e-08	3.68999e-23	6.85901e-24	-1.82506e-23	0.493897	0.120478	0	0.1	0.020579
0.822551	2.5847	-2.49362	3.2876e-08	9.54877e-08	-4.16452e-08	-2.35921e-26	6.57695e-24	3.35492e-24	0.493667	0.12031	0	0.1	0.015638
-0.0797804	-1.9395	-1.87473	8.78911e-10	-7.42965e-08	-8.43191e-08	1.53473e-23	-1.5312e-23	-8.15133e-24	0.49365	0.120297	0	0.1	0.0226729
1.00014	-1.32884	1.87407	6.14571e-08	1.67089e-08	-3.81663e-08	4.85159e-24	8.81885e-24	-8.3727e-24	0.493612	0.12027	0	0.1	0.0181963
-0.678501	-0.515267	2.00735	3.4727e-08	-5.1156e-08	-3.53343e-08	2.06848e-23	-1.52351e-24	-7.91068e-24	0.493572	0.120241	0	0.1	0.0210794
-0.13957	-4.48628	-2.37978	4.23159e-08	-1.19755e-07	-2.04143e-08	5.22885e-25	-1.33386e-23	-1.88262e-23	0.493515	0.120199	0	0.1	0.0171561
-1.41025	-2.07313	-0.410889	1.21565e-07	1.05703e-09	8.30488e-08	5.09466e-23	-1.6441e-23	-5.5362e-25	0.493297	0.12004	0	0.1	0.027694
0.855305	0.189363	0.40805	6.6925e-08	8.15904e-08	-5.55396e-08	2.38877e-23	-1.09204e-23	-8.67216e-24	0.492972	0.119803	0	0.1	0.0213973
-0.802344	3.83465	-2.35261	-7.65788e-08	-2.52458e-08	3.49451e-08	1.57653e-23	-2.27891e-24	1.66352e-23	0.492872	0.11973	0	0.1	0.0204913
1.63733	1.55178	-1.02451	-5.29814e-10	1.41611e-08	-1.26289e-07	2.00256e-23	-1.6151e-24	1.22213e-23	0.492758	0.119647	0	0.1	0.0199213
-1.24499	2.24351	0.836621	1.92811e-08	-5.98177e-08	5.07228e-08	1.61934e-23	2.93608e-23	2.10278e-23	0.4926	0.119532	0	0.1	0.0168795
1.54998	3.51152	1.03274	-6.40984e-08	4.25641e-08	1.96305e-08	-1.98763e-23	-1.99634e-23	-1.44112e-23	0.492534	0.119484	0	0.1	0.0217682
-0.948965	-4.39802	-1.82382	4.96682e-08	5.97951e-08	-2.128e-08	2.71811e-23	2.78675e-23	-8.86534e-24	0.492295	0.11931	0	0.1	0.0174823
1.2413	2.63479	1.35852	8.25824e-08	-7.67013e-08	-1.02315e-07	-1.5743e-23	3.62442e-24	3.8813e-24	0.492272	0.119293	0	0.1	0.0228098
-1.15118	3.10061	-1.07656	-9.82822e-08	8.96109e-08	1.65907e-07	3.43193e-24	1.29321e-24	9.53542e-24	0.491925	0.119041	0	0.1	0.0218055
-0.771125	-2.64213	0.0771426	1.51762e-07	-1.81502e-07	-1.25218e-07	9.56403e-25	9.85301e-24	9.45697e-24	0.491617	0.118818	0	0.1	0.0286276
-0.91198	0.613234	-0.566735	-1.04312e-07	6.84581e-08	2.76577e-08	5.69205e-24	2.65447e-24	1.30677e-23	0.491485	0.118722	0	0.1	0.0256253
-1.32636	-0.833682	-1.83314	1.3555e-07	4.16927e-08	1.1748e-07	-5.84307e-25	-1.45431e-23	5.7305e-24	0.491288	0.118579	0	0.1	0.0209662
1.71941	3.79065	-1.29956	-2.364e-08	-4.79953e-08	1.37194e-07	-6.00412e-24	1.93855e-23	2.50452e-24	0.491145	0.118475	0	0.1	0.0151807
-1.5135	-1.74147	-1.50807	1.78462e-08	-4.22926e-08	-1.62787e-07	-2.18793e-24	-1.74675e-23	2.59975e-24	0.490831	0.118248	0	0.1	0.0241826
-1.86181	1.7163	-0.00308523	-4.60701e-08	-3.69218e-08	5.9301e-08	3.10191e-24	-5.87504e-25	-1.17082e-23	0.490352	0.117903	0	0.1	0.0185912
1.67387	-0.825748	-0.607443	1.04489e-08	2.90143e-08	1.00552e-07	4.40964e-24	-1.33675e-23	-1.64403e-24	0.490022	0.117665	0	0.1	0.0216891
0.866309	-2.99751	-1.58075	4.99267e-08	7.76771e-10	-1.00868e-07	-1.09182e-23	-2.44838e-23	-2.00119e-23	0.490019	0.117663	0	0.1	0.0224982
-0.413951	-4.49808	1.67606	6.64624e-08	-3.9308e-08	-3.2942e-08	1.04349e-23	-1.68883e-23	1.64072e-23	0.489751	0.11747	0	0.1	0.0233129
0.810419	-2.28902	0.953652	-2.96039e-08	6.34733e-08	-1.06273e-08	1.35371e-23	1.50461e-24	6.87992e-24	0.489751	0.117469	0	0.1	0.0185209
1.30735	-4.05593	-2.14028	-9.06049e-08	-1.30846e-08	-6.4007e-08	7.72392e-24	1.30281e-23	4.16133e-24	0.489355	0.117185	0	0.1	0.0171772
-1.41254	-1.12789	2.23538	-3.72754e-08	5.40111e-08	1.0558e-07	-1.38312e-24	-7.36511e-24	1.79674e-23	0.48916	0.117045	0	0.1	0.0235671
-0.0639952	2.16174	-2.46604	8.25886e-08	1.0297e-08	8.61544e-08	-1.88003e-23	-2.3889e-23	6.29513e-23	0.488799	0.116786	0	0.1	0.0176967
1.07378	-3.14438	0.557541	6.6759e-08	8.17366e-08	-4.06874e-08	8.82319e-25	-4.97265e-25	-1.07456e-23	0.488716	0.116726	0	0.1	0.0147992
2.30025	-3.04752	1.24946	-2.93326e-09	-3.12841e-08	-3.30376e-08	-2.40232e-23	6.20175e-24	2.48422e-23	0.488661	0.116687	0	0.1	0.0261525
-1.00887	-0.212411	-1.08549	9.69137e-09	4.75156e-08	4.2336e-08	7.75562e-24	3.45303e-24	-1.38557e-24	0.488379	0.116485	0	0.1	0.0209185
0.0223497	-2.73808	-1.05456	-9.56208e-08	-4.4791e-08	3.31086e-08	6.39213e-24	-7.43021e-24	-5.72074e-24	0.488246	0.11639	0	0.1	0.0145382
-1.32319	3.82598	-0.353045	1.00468e-08	-3.7068e-08	-4.62664e-08	9.74049e-24	-1.20369e-23	2.94254e-24	0.487898	0.116141	0	0.1	0.0217965
-2.29235	1.74	2.14196	-3.92804e-08	-9.99146e-08	1.89912e-08	5.58236e-24	-2.54513e-24	-3.51372e-25	0.487754	0.116039	0	0.1	0.0369468
1.77933	-1.5144	-2.32745	-2.32518e-08	1.69058e-07	-8.02292e-08	6.81443e-24	-7.79036e-24	-4.30085e-25	0.487422	0.115802	0	0.1	0.0215229
-2.37453	-3.79161	-0.222694	4.00575e-08	5.56009e-08	4.84471e-08	-5.0828e-24	2.26974e-25	-3.69165e-24	0.487408	0.115792	0	0.1	0.0172106
0.967905	4.01556	2.17093	-5.12879e-08	-6.50054e-08	-3.31573e-08	-1.19455e-23	-1.0975e-24	5.50909e-24	0.486733	0.115312	0	0.1	0.0179266
1.91694	-1.51095	-1.25993	7.02131e-08	6.58951e-08	8.95148e-08	-1.53345e-23	-7.05902e-24	-1.31299e-23	0.48673	0.115309	0	0.1	0.0180565
0.0628506	2.26141	-0.776911	-8.78959e-09	-3.23262e-08	1.14229e-08	-3.1262e-24	-6.80609e-24	1.69613e-24	0.486549	0.115181	0	0.1	0.0219864
-0.259549	-0.166708	-1.70762	-6.50958e-09	2.2234e-08	5.54052e-09	4.19364e-24	4.98674e-23	1.55852e-24	0.486527	0.115165	0	0.1	0.0247776
2.2999	4.50957	-1.61926	-2.38671e-10	-9.53961e-08	-3.78791e-08	-5.97962e-25	-1.01045e-23	-3.2384e-24	0.486408	0.115081	0	0.1	0.0190063
2.40733	4.12853	-0.249625	-4.506e-08	4.10508e-08	1.56098e-08	3.41955e-24	-4.34288e-24	-1.10827e-23	0.486326	0.115022	0	0.1	0.0157558
-0.114134	-2.31156	1.93694	-6.15551e-08	-1.75101e-08	-3.70669e-08	3.34927e-24	-3.27348e-24	-1.92022e-24	0.485665	0.114554	0	0.1	0.0178416
0.598556	0.277769	-1.81507	5.62264e-08	-1.94934e-08	-9.97302e-08	-2.61931e-24	4.60954e-24	1.02857e-24	0.485233	0.114249	0	0.1	0.0186162
0.485862	-4.29131	-1.65257	1.46548e-08	9.92148e-08	-7.11744e-08	-9.48678e-24	1.29215e-24	9.38338e-24	0.485122	0.11417	0	0.1	0.0166385
-2.18508	-0.699159	-1.3881	1.16901e-08	2.48502e-08	-8.22993e-08	2.4266e-24	-1.97112e-23	-3.63144e-24	0.485118	0.114168	0	0.1	0.0266486
-0.800455	1.4914	-0.978868	-1.04373e-07	3.02116e-08	1.83304e-08	7.09568e-24	-1.74689e-24	1.25638e-24	0.484966	0.11406	0	0.1	0.0299095
0.14182	-4.05193	1.01108	8.73088e-08	4.10802e-09	-5.51277e-09	-1.15026e-23	2.34248e-23	4.04517e-24	0.484714	0.113882	0	0.1	0.024062
-0.0623147	0.311482	0.0638783	-4.25886e-08	1.11949e-08	-8.4306e-08	1.43768e-23	-9.91902e-25	-1.38759e-24	0.484214	0.11353	0	0.1	0.0192866
0.148673	3.21117	1.90501	-1.27675e-09	6.79901e-08	-5.93801e-08	-9.9228e-25	-8.96114e-24	1.5554e-24	0.484031	0.113401	0	0.1	0.0236254
0.368783	-3.98752	1.95056	-1.28523e-08	2.97152e-08	2.36866e-08	8.37419e-24	1.31879e-23	9.01e-24	0.483887	0.1133	0	0.1	0.0195818
-0.516153	2.67932	1.44405	-1.80379e-08	4.47714e-09	-4.5009e-08	-1.95101e-23	-2.78248e-23	-1.72085e-23	0.483483	0.113017	0	0.1	0.0185303
-2.4642	3.68249	0.644897	1.40984e-07	-3.74225e-08	6.2222e-09	9.80644e-24	1.14909e-23	-1.72307e-24	0.48346	0.113001	0	0.1	0.0184523
-0.547543	4.33177	-0.0588542	2.35266e-09	1.02385e-08	1.17124e-09	1.51006e-23	6.95082e-23	1.35808e-23	0.483335	0.112913	0	0.1	0.0194462
1.31667	-4.06796	0.268365	1.05426e-07	-3.54822e-09	-7.85552e-09	-2.01021e-24	-2.8412e-24	5.97639e-25	0.483107	0.112753	0	0.1	0.0198936
-2.36991	-2.18038	-0.268423	5.64518e-08	-1.41492e-08	6.13192e-09	-6.5984e-24	1.31002e-23	-1.7735e-23	0.48233	0.11221	0	0.1	0.0168432
2.23004	0.439959	1.87805	1.00808e-07	5.89954e-08	-1.55584e-08	-3.9081e-24	7.20712e-24	1.19196e-23	0.482189	0.112112	0	0.1	0.0253719
0.343543	2.59798	-1.64082	-3.8091e-08	1.79363e-08	8.86382e-09	1.73526e-24	-8.64513e-26	1.20334e-24	0.482074	0.112032	0	0.1	0.0184793
-0.964431	-1.00302	0.2402	-2.42806e-10	-5.43029e-08	-2.7323e-08	2.96139e-24	-3.53327e-24	-9.86317e-24	0.481799	0.11184	0	0.1	0.0229473
1.43793	2.77698	0.400948	5.40785e-08	1.39172e-08	1.09353e-08	-2.21995e-23	-5.43058e-24	-8.50469e-24	0.48163	0.111723	0	0.1	0.0213092
1.36813	0.950505	1.89013	1.97699e-07	-2.9567e-07	3.71684e-08	-8.6118e-26	-2.39926e-25	2.53218e-24	0.481265	0.111469	0	0.1	0.0185969
2.31815	3.74772	1.58242	-2.03743e-08	4.95629e-08	-2.10038e-08	9.26292e-24	1.59589e-23	6.22421e-24	0.481099	0.111353	0	0.1	0.0232413
1.18098	-2.46036	1.83463	4.37699e-09	7.27387e-08	1.35624e-09	-5.54056e-24	-1.94905e-23	1.42672e-23	0.480964	0.11126	0	0.1	0.0194867
1.26141	-2.6867	-0.750718	2.67251e-09	-6.48321e-08	-5.12973e-08	3.41848e-24	-2.91518e-24	-9.21039e-24	0.480226	0.110748	0	0.1	0.0197957
0.718332	0.564839	1.29542	6.58102e-08	7.65638e-08	-7.77376e-08	4.61478e-24	1.12469e-23	1.91936e-23	0.480221	0.110745	0	0.1	0.0149685
-0.201995	-0.508958	0.556038	9.44672e-09	-4.12045e-08	-5.4801e-09	-1.1888e-24	-7.55359e-24	5.69541e-24	0.479907	0.110528	0	0.1	0.0231486
-2.27922	-2.2899	1.68321	4.57502e-08	-2.25209e-08	-2.98924e-08	1.58736e-24	-4.42378e-24	-1.20171e-23	0.479792	0.110448	0	0.1	0.0273478
-1.88294	-4.30391	-2.07736	9.81783e-09	-8.63869e-08	-4.57204e-08	6.945e-24	-8.35913e-24	1.32621e-23	0.479539	0.110274	0	0.1	0.021309
1.27517	0.903029	-2.15502	4.82015e-08	-4.00899e-08	3.77833e-08	-7.44019e-24	-5.61697e-24	-2.84932e-24	0.479243	0.11007	0	0.1	0.0179813
0.492918	2.91417	0.507776	1.97077e-08	4.65646e-08	-2.37465e-08	-1.36574e-24	-9.94628e-24	-1.80493e-23	0.478999	0.109902	0	0.1	0.0230658
0.356831	3.53611	-1.43365	4.48066e-09	2.12234e-08	1.26481e-08	-1.04861e-23	-5.1598e-24	7.97489e-24	0.478694	0.109692	0	0.1	0.017016
2.17088	-0.637017	1.33799	4.59177e-08	3.71412e-08	4.57092e-08	1.5633e-23	9.2115e-25	3.25847e-24	0.478583	0.109615	0	0.1	0.020662
-0.643034	2.91833	2.36724	4.97121e-08	-1.18262e-08	-1.33538e-09	4.68702e-24	-2.22481e-23	8.34025e-24	0.478314	0.109431	0	0.1	0.0187638
-1.87726	-2.8466	-0.767394	3.24408e-08	1.37634e-07	-8.82982e-08	-1.13366e-23	3.92185e-25	7.6367e-24	0.477951	0.109182	0	0.1	0.0215856
-0.86598	2.40954	-1.73879	9.68022e-08	-3.2156e-08	1.75375e-08	5.95053e-26	-3.44771e-24	-2.36904e-24	0.477727	0.109028	0	0.1	0.0257515
-0.732956	-1.02581	1.1828	-1.19377e-07	2.61285e-08	-7.97549e-08	1.56301e-23	-2.67292e-25	6.97384e-24	0.477721	0.109024	0	0.1	0.0260878
1.19078	-0.480561	-1.86742	9.37566e-08	-5.73649e-08	-5.07646e-08	2.14683e-24	-8.30471e-24	-6.11733e-24	0.477683	0.108998	0	0.1	0.0218377
-0.40554	-3.50186	-1.46262	-7.3194e-08	-1.0995e-07	1.03483e-07	2.04642e-25	1.24352e-24	-8.68709e-25	0.477452	0.10884	0	0.1	0.0205341
0.144659	-0.993015	-1.40408	9.57723e-08	-2.23224e-08	5.64049e-09	-3.84219e-24	2.88501e-24	8.70394e-24	0.477429	0.108825	0	0.1	0.0190177
1.85157	-0.123498	0.597988	-3.73226e-08	-2.93999e-08	3.50914e-08	1.18233e-23	5.19655e-24	7.11113e-23	0.477005	0.108535	0	0.1	0.0211129
-0.341001	2.43522	0.528703	-1.28402e-09	-1.31638e-08	-2.87397e-09	-7.36631e-25	1.33529e-24	-4.82631e-25	0.476943	0.108493	0	0.1	0.0177019
1.3443	0.0640161	-0.420366	-1.16948e-07	7.36382e-08	-2.2225e-07	1.57456e-24	-6.16216e-24	-1.3863e-23	0.476921	0.108477	0	0.1	0.0252582
0.83864	1.44829	0.947633	-9.15534e-09	2.05647e-08	-2.74543e-07	-8.62572e-24	-3.12162e-24	7.4764e-24	0.476739	0.108353	0	0.1	0.0238363
1.47901	0.00926267	1.46566	5.25957e-08	5.15157e-08	6.5089e-08	-5.29161e-24	3.13419e-24	1.01499e-23	0.476537	0.108216	0	0.1	0.0191973
1.9691	-2.46809	-1.35598	-4.2614e-08	2.07669e-08	-7.70839e-08	-3.52394e-23	3.00942e-23	4.84989e-23	0.476304	0.108057	0	0.1	0.0214038
-2.08133	-4.42008	-0.891866	-5.51999e-08	3.28108e-08	2.36802e-10	2.23063e-24	-3.40506e-24	5.86596e-24	0.476141	0.107946	0	0.1	0.0167838
2.35696	2.51333	-2.36007	6.98988e-08	9.24849e-09	-2.15933e-08	-6.41087e-26	-2.46019e-25	1.8788e-24	0.475741	0.107674	0	0.1	0.0206338
-1.95799	2.88984	0.949	-7.56508e-08	-1.21579e-07	-8.58974e-09	-3.34344e-24	6.71311e-24	-9.71122e-24	0.475658	0.107618	0	0.1	0.0195042
-1.46156	2.18743	-1.00275	-1.07981e-07	6.17137e-08	3.64683e-09	3.79257e-24	3.12028e-25	-3.13698e-24	0.475209	0.107314	0	0.1	0.0216764
-2.28336	-3.04111	2.0158	-1.66145e-08	-1.58376e-08	-4.87021e-08	-2.60806e-24	-5.41147e-24	4.88326e-24	0.274983	0.0207931	0	0.1	0.0120255
0.346137	-2.22272	0.349699	-5.36205e-08	3.13654e-08	1.03844e-09	4.31647e-24	8.41643e-24	-3.62691e-24	0.27481	0.0207537	0	0.1	0.0094751
1.43737	4.44451	-1.62671	-1.65451e-07	-1.33526e-07	-1.74097e-07	8.83173e-23	-1.42533e-22	-4.2906e-23	0.274774	0.0207457	0	0.1	0.00994379
1.22847	3.0218	-0.283611	1.21038e-07	-1.61713e-07	-9.93375e-08	-9.83739e-23	-7.78875e-24	2.02334e-23	0.274686	0.0207258	0	0.1	0.0160505
-1.31051	-3.09595	-1.1949	2.06863e-07	6.12228e-08	1.79861e-07	-5.69036e-24	-7.13048e-23	-8.28964e-23	0.274441	0.0206704	0	0.1	0.0132244
-2.38858	-0.0327395	1.42682	3.60638e-10	8.86322e-08	-1.08363e-07	-1.26494e-23	4.4548e-23	-4.72043e-24	0.274388	0.0206583	0	0.1	0.00675194
0.568399	-1.98868	2.05777	3.53712e-08	-9.4349e-08	1.16422e-07	7.46511e-24	-2.36208e-23	9.24087e-24	0.274318	0.0206425	0	0.1	0.00925933
1.61855	2.38064	-2.07426	1.17681e-08	-1.0118e-07	-1.77332e-08	2.1743e-23	-2.05168e-24	-6.24398e-24	0.274256	0.0206286	0	0.1	0.00911804
0.132857	1.73264	0.666176	-9.86778e-09	-1.42821e-08	-3.74077e-08	9.27359e-24	2.72789e-24	-2.73425e-24	0.274189	0.0206135	0	0.1	0.0187209
0.18396	0.231872	0.776826	3.3754e-08	-2.75327e-09	-9.76132e-08	-6.32871e-23	-1.69838e-23	-4.2297e-23	0.274166	0.0206082	0	0.1	0.0139933
1.94348	-3.77922	0.788085	-7.93485e-08	-7.20524e-08	1.92427e-07	-2.88865e-23	-1.5963e-23	-2.60745e-23	0.274031	0.0205778	0	0.1	0.0138895
1.16903	-1.36268	-0.989057	-7.53219e-09	-7.78761e-09	1.82477e-08	-1.11116e-23	8.91393e-24	-6.95354e-25	0.273922	0.0205532	0	0.1	0.0104998
0.875533	3.22152	1.68998	4.71083e-08	-1.32323e-07	6.81368e-08	-5.82876e-23	-8.44761e-23	8.44295e-23	0.273902	0.0205487	0	0.1	0.0108312
-1.52898	1.06423	-0.603416	-1.7322e-07	-2.46578e-08	4.96703e-08	-1.51357e-23	9.12397e-24	-2.03317e-23	0.273648	0.0204916	0	0.1	0.0112722
1.70088	3.66611	-0.0726112	-2.01465e-07	-2.06871e-08	1.71952e-07	-1.75978e-23	1.03474e-22	-5.7462e-23	0.273643	0.0204905	0	0.1	0.0128174
-1.11394	-3.26101	0.534284	-7.26882e-09	1.2188e-08	-2.07935e-10	2.03881e-25	1.27572e-25	1.716e-24	0.27359	0.0204785	0	0.1	0.00996173
0.0556604	-2.75066	-0.167081	-4.24614e-08	1.63099e-08	-8.19948e-09	-6.48883e-24	-4.96083e-23	-3.81486e-23	0.273547	0.020469	0	0.1	0.0114574
0.655452	3.56596	0.168215	-2.03156e-08	1.53458e-07	-5.79486e-09	3.59464e-24	-1.10122e-22	3.72782e-23	0.273295	0.0204123	0	0.1	0.0105683
0.384422	3.69588	-2.46151	-4.20867e-08	4.40045e-08	8.40022e-08	-1.67778e-23	1.12627e-23	-2.7571e-23	0.273241	0.0204004	0	0.1	0.0093796
0.444021	-2.44352	2.43403	-4.03736e-08	3.37844e-08	-2.43181e-08	4.59866e-23	2.0453e-23	-4.61798e-23	0.273196	0.0203902	0	0.1	0.0113177
0.199048	-1.3639	0.0164623	-6.65568e-08	-1.67382e-07	-1.04575e-07	1.88145e-23	5.861e-23	-5.91046e-23	0.273079	0.0203641	0	0.1	0.00899468
-0.564505	-0.0416359	-0.379426	-8.91931e-08	4.65457e-08	-6.06001e-08	3.33428e-23	3.54562e-23	-7.58073e-24	0.273018	0.0203505	0	0.1	0.00831504
0.10015	3.1833	-2.05116	6.84002e-09	4.62658e-09	-5.14989e-08	1.02352e-23	1.31525e-24	-7.66423e-24	0.272897	0.0203234	0	0.1	0.01081
1.25987	0.714721	-0.801474	2.19365e-07	5.3011e-08	-3.15276e-07	2.40935e-23	-7.14399e-23	-1.65851e-22	0.272697	0.0202787	0	0.1	0.0128227
-1.02433	1.30605	0.627279	7.71727e-08	-1.24421e-08	-4.52985e-08	-6.95897e-25	-1.01955e-23	7.94882e-25	0.272615	0.0202605	0	0.1	0.0101973
1.08032	3.26412	2.19483	3.28566e-08	-2.43334e-09	6.50559e-08	1.20382e-23	-2.26802e-24	-8.35016e-25	0.272555	0.0202472	0	0.1	0.011596
-1.51254	-3.63901	-1.82825	-1.25796e-08	-8.69252e-08	-2.16214e-09	4.07868e-24	6.53355e-24	-1.73393e-23	0.271744	0.0200669	0	0.1	0.00900076
0.617921	1.17239	1.72729	2.67743e-07	9.3075e-08	-1.50276e-08	-1.04546e-22	6.84323e-24	6.92061e-23	0.271606	0.0200363	0	0.1	0.00949636
-0.643594	-1.65066	-0.392086	-4.67964e-08	-5.16909e-08	6.19624e-08	7.55593e-24	-5.3754e-24	2.24855e-23	0.271091	0.0199226	0	0.1	0.012656
1.6029	0.268936	-2.38594	-2.31551e-08	-1.39792e-07	2.06572e-07	-7.04356e-23	-5.04679e-23	-7.2629e-23	0.270962	0.0198941	0	0.1	0.0102204
0.861119	-4.4827	1.66352	1.12771e-07	1.04557e-07	7.23556e-08	9.2204e-23	-3.16525e-23	2.17928e-23	0.270951	0.0198918	0	0.1	0.0086495
2.29437	3.07392	1.24926	7.76829e-09	-2.2122e-08	1.00681e-07	-9.5767e-25	-4.21948e-23	-2.40565e-23	0.270899	0.0198803	0	0.1	0.00844176
1.845	3.04345	-2.24034	7.28212e-08	-6.1646e-09	7.57804e-08	-6.40558e-23	-6.97895e-24	3.9059e-23	0.27089	0.0198782	0	0.1	0.00572151
-1.12739	-0.310976	-2.36356	6.97841e-09	-1.6514e-08	-1.35576e-08	-1.30427e-23	-3.29282e-24	-2.25184e-24	0.270139	0.0197134	0	0.1	0.0108545
0.445166	2.18689	1.97184	-4.89407e-09	-3.25157e-08	-3.50611e-09	-4.17218e-23	-2.11577e-22	3.00759e-23	0.270026	0.0196887	0	0.1	0.00705602
-0.673319	-0.794955	-1.44443	1.59159e-07	9.58986e-09	9.51209e-08	-1.13299e-24	1.31343e-23	-4.35621e-25	0.269606	0.0195969	0	0.1	0.0107383
-2.31343	-3.73485	-1.07384	-7.97655e-08	1.31767e-08	-1.48232e-07	2.92287e-23	-2.29361e-24	-3.41376e-23	0.269573	0.0195898	0	0.1	0.010782
0.397287	1.13967	-0.630658	1.98645e-07	6.14948e-08	1.97121e-07	1.03464e-22	-9.84516e-23	1.3314e-23	0.26954	0.0195826	0	0.1	0.00741936
-1.33839	2.80361	1.40066	-1.46409e-08	1.15544e-08	9.20386e-09	3.56472e-23	-9.70818e-24	1.0017e-23	0.269436	0.01956	0	0.1	0.0135357
2.02872	3.09365	-0.974031	-7.29152e-08	-4.3657e-08	4.30806e-08	2.40191e-24	-1.94864e-24	4.02946e-24	0.269359	0.0195432	0	0.1	0.0121915
-1.71055	-4.07749	0.00162769	7.93031e-09	-1.21279e-07	-3.41788e-08	-3.08411e-24	-1.65424e-23	-3.45488e-23	0.269354	0.0195421	0	0.1	0.0120977
0.792278	-2.86192	2.33635	-5.15951e-08	4.73013e-08	-9.85274e-09	-1.04451e-23	8.25782e-24	-7.9036e-25	0.269297	0.0195296	0	0.1	0.010375
2.39518	-2.67719	-0.781086	1.93205e-08	9.63656e-08	-9.18907e-08	1.24741e-22	5.37434e-23	-2.78624e-23	0.269185	0.0195053	0	0.1	0.00739468
-1.57236	-3.66397	1.73965	-2.81699e-08	8.02047e-08	4.81538e-08	-3.57585e-24	8.57323e-24	6.51662e-24	0.26915	0.0194976	0	0.1	0.0108856
0.548292	3.28877	1.18018	-7.48668e-11	-2.95104e-11	5.18686e-11	-7.62985e-34	2.43488e-33	8.70875e-35	0.269063	0.0194788	0	0.1	0.0197519
-1.95712	3.9085	-0.758638	-8.04006e-08	4.48725e-08	1.10372e-07	-2.9811e-23	-1.40775e-22	-4.67267e-23	0.268983	0.0194614	0	0.1	0.00956562
-0.226838	-3.22503	2.00728	-5.30713e-08	-4.2028e-07	1.31797e-07	-1.44871e-23	-3.37846e-23	1.32677e-23	0.268693	0.0193986	0	0.1	0.0113393
1.60166	-1.1891	0.0543408	-5.74739e-07	-4.61681e-08	1.64948e-08	-2.7672e-22	1.55402e-23	2.73145e-24	0.268242	0.019301	0	0.1	0.00879823
-1.41552	-3.73169	0.28872	-2.23417e-08	-1.24341e-07	1.44631e-08	5.66438e-23	1.12904e-23	3.19192e-23	0.268158	0.019283	0	0.1	0.0104229
0.899648	3.76452	-0.673598	6.47281e-08	1.64288e-08	-6.6722e-08	4.32334e-24	3.30858e-23	-1.02701e-23	0.267955	0.0192392	0	0.1	0.0102944
1.31476	-0.710655	1.55997	1.16902e-08	4.09132e-08	-5.37433e-08	-3.10699e-23	4.2269e-23	-3.11746e-23	0.267723	0.0191892	0	0.1	0.00791601
0.602723	-1.08061	1.27317	-6.49747e-08	7.81096e-08	2.98679e-08	-2.14676e-23	8.59026e-24	-6.53672e-26	0.267685	0.019181	0	0.1	0.00763213
-0.528839	-1.60782	0.157466	2.82485e-08	-4.94733e-08	9.71869e-10	4.67031e-25	1.02443e-23	5.85401e-24	0.26763	0.0191692	0	0.1	0.0157244
-1.65654	-0.90031	0.50799	1.33801e-07	4.35247e-08	3.0824e-07	7.33911e-23	3.50547e-23	-6.58328e-23	0.267337	0.0191064	0	0.1	0.0113995
0.788359	-0.0476793	1.75621	-5.99204e-10	1.36579e-08	6.64453e-08	-4.6725e-24	1.14864e-25	-7.55882e-26	0.267309	0.0191003	0	0.1	0.00986046
-0.608763	2.59944	-0.834699	-2.72843e-09	-2.43205e-09	-4.23177e-10	-1.69572e-24	4.44611e-25	-6.14953e-24	0.26724	0.0190856	0	0.1	0.0155212
-1.79434	-2.3925	0.163056	5.05436e-08	-1.03037e-08	7.84083e-08	-1.38734e-23	-4.10048e-23	-2.91794e-23	0.267193	0.0190754	0	0.1	0.00879484
-1.33748	4.44936	0.33877	-5.38337e-08	3.47999e-08	-6.5877e-08	4.53804e-24	-3.10336e-23	-1.03028e-24	0.267078	0.0190509	0	0.1	0.0179599
-2.33266	3.77838	-2.10646	7.40573e-08	1.04363e-08	8.05821e-08	-3.18835e-24	-2.6504e-23	1.92578e-24	0.26703	0.0190406	0	0.1	0.0126262
-1.96083	-0.167838	0.544741	1.06319e-07	1.70773e-07	1.31004e-07	1.06929e-22	5.13747e-24	1.05015e-23	0.266964	0.0190265	0	0.1	0.0114189
0.153868	4.18814	-0.571832	2.28859e-08	9.06766e-08	-1.06784e-07	1.33973e-23	7.77888e-24	-2.71439e-23	0.266851	0.0190022	0	0.1	0.0088742
-0.727026	0.783749	0.514555	3.75023e-08	4.31807e-08	-3.83424e-08	-3.04639e-24	-8.53226e-25	-2.78073e-24	0.266755	0.0189818	0	0.1	0.0145739
-1.40694	-3.39616	1.30599	-8.58749e-10	-2.12531e-09	7.88068e-10	-2.02743e-24	5.34248e-24	2.20443e-24	0.266597	0.0189481	0	0.1	0.0118557
1.79769	0.199352	-1.55803	3.5537e-08	-6.53859e-10	-1.09007e-08	5.17512e-25	2.46322e-24	8.10079e-24	0.266271	0.0188786	0	0.1	0.0088587
0.756667	2.31908	-1.06352	-5.50852e-10	-1.60283e-07	-4.24249e-08	5.15091e-24	1.70167e-24	-2.49529e-23	0.266247	0.0188736	0	0.1	0.00963442
-2.01202	-0.86696	-2.38598	-4.72981e-08	-1.19322e-07	2.44473e-07	-3.56164e-23	8.21677e-23	-4.00039e-23	0.266206	0.0188649	0	0.1	0.00762487
0.174893	1.34891	1.43572	6.85223e-09	5.6268e-09	-1.4873e-09	2.55056e-24	7.1322e-25	1.4169e-23	0.266175	0.0188583	0	0.1	0.00915155
-0.755479	0.12891	-2.35139	9.56726e-08	-1.3546e-07	5.14547e-08	-1.63368e-23	7.29837e-23	-2.03961e-23	0.26616	0.0188551	0	0.1	0.0144236
-0.497782	-2.80515	1.5201	1.23108e-07	-2.19595e-07	1.84553e-08	1.15327e-22	8.45878e-23	1.02837e-22	0.265648	0.0187465	0	0.1	0.010032
-0.03192	4.17074	-1.45209	8.25523e-09	4.14824e-08	-1.18493e-08	-5.73934e-23	-2.26792e-23	-6.65382e-24	0.265532	0.0187219	0	0.1	0.00599334
1.57077	4.39659	1.07842	-4.84287e-08	1.1881e-07	1.20122e-07	3.89716e-24	-6.26993e-24	1.18468e-22	0.265244	0.0186611	0	0.1	0.0132199
0.163069	-0.199763	-1.02095	6.71406e-08	-2.07177e-08	-2.3598e-08	-2.71833e-24	-4.97759e-24	-5.77575e-24	0.265225	0.018657	0	0.1	0.0122084
0.449798	-0.457849	-1.81901	8.91487e-08	-4.25282e-08	-5.76509e-08	-3.97509e-23	-3.80435e-23	1.16153e-23	0.265201	0.018652	0	0.1	0.00981853
-0.112716	-2.89425	2.41035	-2.5165e-07	-6.93396e-08	-9.21508e-08	1.55678e-23	6.16783e-24	1.862e-24	0.265035	0.018617	0	0.1	0.00992829
-1.07228	-3.57723	-1.14487	-1.05934e-07	-1.13159e-07	6.48028e-08	-5.9532e-23	6.14999e-23	-2.51018e-23	0.264844	0.0185768	0	0.1	0.0109739
-2.23571	0.772196	2.28051	-1.91233e-08	1.76689e-07	4.94632e-08	-2.78601e-23	-2.69027e-24	4.84848e-23	0.264656	0.0185373	0	0.1	0.0153189
-1.94226	0.0667677	1.1411	-1.14042e-08	1.22517e-07	-1.60282e-07	4.5221e-24	-2.51162e-24	3.24153e-24	0.264587	0.0185227	0	0.1	0.00711523
-0.484588	-3.86945	-2.1022	1.51798e-07	-7.29301e-09	5.77112e-09	-1.64485e-23	3.49447e-24	-1.92611e-23	0.264317	0.0184661	0	0.1	0.00961472
2.18385	1.23903	0.611776	1.41437e-07	-8.37652e-08	-1.20623e-07	-1.70274e-23	9.80659e-24	3.25935e-23	0.264307	0.0184639	0	0.1	0.0100775
2.02885	4.13819	1.01657	-2.27052e-07	-1.46977e-07	-1.17503e-07	-8.08687e-23	2.73716e-23	1.20969e-22	0.2643	0.0184626	0	0.1	0.0100435
-1.37732	3.03001	2.36905	5.29533e-08	7.58435e-08	-3.48494e-08	9.42921e-23	1.08079e-23	-3.30415e-23	0.26429	0.0184605	0	0.1	0.0125428
1.00411	-4.28641	2.20942	-1.90617e-09	-6.35219e-08	-7.02874e-08	6.99684e-23	1.41213e-23	7.88384e-23	0.264247	0.0184515	0	0.1	0.00669857
1.33896	4.18909	-2.19831	-5.76834e-08	2.81614e-08	1.14859e-08	5.97963e-24	-8.41489e-24	-1.78467e-25	0.263866	0.0183717	0	0.1	0.0109165
0.984776	0.664228	-0.166437	3.3581e-09	2.71156e-08	-1.10882e-07	-5.60519e-23	-2.36255e-23	9.07841e-23	0.263471	0.0182894	0	0.1	0.00895368
2.47513	-1.23308	-2.24245	1.61571e-08	2.23644e-07	1.75348e-07	-3.37713e-23	2.21411e-23	3.4455e-23	0.263412	0.0182771	0	0.1	0.00698361
-1.49256	0.380598	0.830415	-8.79627e-08	-5.6812e-09	1.72608e-08	-8.99735e-24	-2.41479e-23	-9.33641e-24	0.263263	0.0182461	0	0.1	0.00735814
2.12296	4.30298	-0.920786	-7.77228e-08	7.99058e-08	1.54776e-08	-2.88662e-23	3.74547e-23	1.75347e-23	0.263009	0.0181932	0	0.1	0.00737266
1.07085	0.224974	-2.39293	-2.19356e-08	-3.02369e-08	-1.63819e-07	-4.32421e-24	1.14913e-23	-1.58452e-24	0.262944	0.0181798	0	0.1	0.00963969
-2.43465	-1.39631	0.925346	6.01376e-08	-2.4099e-09	8.81151e-08	-7.90171e-24	-7.27589e-25	9.74722e-25	0.262929	0.0181768	0	0.1	0.0102876
2.04931	-0.0372806	-1.14838	-2.80395e-08	-1.49783e-07	-3.885e-09	-2.06415e-25	-2.88602e-26	4.07099e-24	0.262806	0.0181512	0	0.1	0.0176367
0.691534	-3.79778	0.572844	8.93568e-08	-3.6626e-09	-1.61045e-08	-4.76846e-23	-8.9983e-23	-6.30758e-23	0.262794	0.0181487	0	0.1	0.00919687
-2.32057	-1.60776	1.39286	-1.04071e-07	4.87251e-08	1.52498e-07	-2.68949e-23	9.17441e-25	-4.87982e-24	0.262705	0.0181303	0	0.1	0.0110367
-1.83008	1.89444	-1.57084	-2.05081e-07	-3.3847e-08	1.01296e-07	6.18577e-24	1.95406e-23	-1.53413e-23	0.262544	0.0180969	0	0.1	0.0173947
0.765237	-1.58005	1.20074	-2.47234e-08	7.53704e-08	-6.73233e-09	3.73618e-23	5.97805e-23	-4.89377e-23	0.262357	0.0180583	0	0.1	0.00704524
1.89009	2.95344	1.57548	-4.07392e-08	7.343e-08	8.69099e-08	-1.25343e-23	-1.99513e-23	2.60745e-23	0.262296	0.0180457	0	0.1	0.0111059
1.92697	2.81412	0.960397	-9.80642e-08	4.73529e-08	1.5725e-07	1.35877e-24	-4.52302e-23	1.93241e-23	0.26228	0.0180425	0	0.1	0.00653278
1.76614	-3.70104	1.55862	1.53694e-07	-1.97381e-08	1.28657e-08	-2.23521e-24	1.97507e-23	-4.53173e-24	0.262244	0.018035	0	0.1	0.0143571
-1.96187	0.634415	-2.2336	-1.54942e-07	-3.41411e-07	-8.43946e-08	-3.44545e-23	-2.65021e-23	3.7248e-23	0.261857	0.0179553	0	0.1	0.00894206
-0.0195638	-4.46295	-1.13011	1.79795e-07	-3.06438e-08	4.78213e-08	2.44534e-23	1.16396e-22	4.219e-23	0.261759	0.0179351	0	0.1	0.00503158
2.462	-3.65353	0.836941	-6.80704e-08	7.66822e-08	-2.59509e-07	-8.40272e-23	-7.04617e-23	-3.725e-23	0.261723	0.0179277	0	0.1	0.00704813
2.01951	-3.82768	0.215817	7.6065e-08	1.00535e-07	1.06065e-07	-1.4043e-23	9.84689e-23	4.69435e-23	0.261445	0.0178707	0	0.1	0.00610322
-0.314094	-0.0550917	-0.851263	5.57801e-08	-8.07105e-08	1.93461e-08	1.17959e-23	5.36568e-23	1.98282e-23	0.261318	0.0178447	0	0.1	0.00937386
-1.19012	-1.60579	-2.22994	-8.99107e-08	-1.87848e-08	8.72685e-08	-5.33934e-24	-1.83903e-23	-1.22708e-23	0.261301	0.0178412	0	0.1	0.0161869
-0.995742	-2.24163	-1.72613	1.03969e-07	-7.64106e-09	-6.46888e-08	-5.08716e-24	-8.68972e-23	7.4933e-23	0.261288	0.0178386	0	0.1	0.00888568
1.24619	-1.89388	2.3094	-5.44803e-08	3.56873e-08	7.89974e-08	9.12613e-23	-3.63809e-23	-1.75007e-23	0.26087	0.017753	0	0.1	0.0108715
-0.26964	-2.4247	-0.440003	1.16788e-07	2.24621e-07	3.65487e-09	-7.50913e-24	3.87338e-23	9.55775e-24	0.260821	0.017743	0	0.1	0.0137977
0.980524	-3.2959	-2.42453	3.46048e-08	1.09579e-07	4.33622e-08	5.80165e-24	4.62705e-23	1.0372e-23	0.260755	0.0177296	0	0.1	0.00873252
1.28403	3.54466	-0.384668	-2.49098e-08	-1.22231e-07	-3.52256e-08	2.14058e-23	-6.95018e-24	4.04103e-23	0.260623	0.0177027	0	0.1	0.0104647
1.82984	2.8603	2.08582	2.91353e-08	-1.18922e-08	8.38821e-08	-1.94902e-23	-2.14648e-23	4.74502e-24	0.259915	0.0175588	0	0.1	0.0112101
0.640606	-4.43352	-2.41131	1.56004e-08	6.0823e-08	-1.86113e-08	-4.91371e-24	6.60593e-25	-3.98176e-24	0.259858	0.0175473	0	0.1	0.0108957
-1.661	0.663603	0.329442	4.86792e-08	1.72938e-09	1.41655e-07	-2.09561e-23	1.81421e-23	-3.76044e-23	0.259736	0.0175226	0	0.1	0.00639583
1.0733	0.292198	-1.06617	2.03266e-08	1.13505e-07	-2.75273e-07	-8.61779e-24	3.55403e-23	-6.73001e-23	0.259657	0.0175066	0	0.1	0.010754
-0.807362	2.09584	-2.40355	6.01372e-08	-1.44216e-07	6.61538e-08	7.07686e-24	7.02336e-24	-2.1536e-24	0.259599	0.0174947	0	0.1	0.0106285
-0.280277	-3.28177	1.48491	5.42993e-08	-2.57204e-07	1.00707e-07	4.6932e-23	-2.57812e-22	-5.68113e-23	0.259442	0.0174631	0	0.1	0.0106846
0.500263	-2.07157	-0.138913	6.9988e-08	-4.67229e-08	1.61013e-08	-2.06852e-23	-5.15404e-25	1.47172e-23	0.259367	0.0174479	0	0.1	0.00903912
-1.13556	0.082911	1.94964	-4.08918e-08	-5.50139e-08	9.91308e-08	-6.41427e-25	-1.89574e-23	5.7215e-25	0.259203	0.0174149	0	0.1	0.00803449
2.06093	-0.0725861	-1.97739	-3.83402e-07	-6.78892e-08	-1.4162e-08	9.55528e-24	1.07142e-24	1.10923e-23	0.259199	0.0174141	0	0.1	0.0140239
1.37167	1.66409	-0.310852	-8.14538e-08	-5.48152e-08	-1.27687e-07	-5.82723e-23	-8.24808e-23	8.2322e-23	0.258884	0.0173506	0	0.1	0.00850948
0.398479	-2.46663	-0.458876	3.65816e-08	-6.12687e-08	2.72022e-09	7.96374e-24	-5.76671e-23	-4.29656e-23	0.258748	0.0173234	0	0.1	0.00855726
1.59706	-0.986187	2.17791	-2.41107e-08	2.05404e-07	-6.32673e-08	1.42533e-24	1.38199e-23	-1.06409e-22	0.258703	0.0173143	0	0.1	0.0174549
-2.06704	3.32436	-2.04161	2.16004e-07	5.32321e-08	2.12494e-07	-8.59405e-23	-1.60118e-22	2.70323e-23	0.25857	0.0172876	0	0.1	0.00714492
-1.4779	0.831967	-0.125266	8.55474e-09	1.28503e-07	1.70501e-07	4.90947e-25	6.40632e-23	-5.48182e-24	0.258561	0.0172857	0	0.1	0.00828571
1.24236	-3.2445	1.60985	-1.46838e-07	1.15643e-07	1.13735e-07	4.8455e-23	-8.15392e-23	-1.78887e-23	0.258271	0.0172278	0	0.1	0.00877039
2.26242	4.47094	1.40367	6.456e-08	-2.02108e-08	-5.23989e-08	6.97365e-25	-2.00426e-23	7.94198e-24	0.258195	0.0172125	0	0.1	0.0120201
-0.471806	2.10359	1.90995	-1.23516e-07	4.66911e-08	9.28288e-08	6.0199e-22	1.03571e-22	-1.16049e-23	0.25797	0.0171674	0	0.1	0.00709066
1.07225	4.28516	0.224222	9.09778e-09	2.16722e-08	6.8548e-08	8.01422e-23	4.65262e-24	6.41213e-24	0.25774	0.0171216	0	0.1	0.00652744
-0.281618	-3.81801	2.2638	-3.44806e-08	-6.60343e-08	3.59347e-08	2.35684e-23	-3.45453e-24	-1.09847e-23	0.257651	0.0171038	0	0.1	0.00899989
-1.73213	0.586156	1.24476	-4.42827e-08	6.0068e-08	9.77724e-09	-9.09305e-24	1.2436e-23	1.0278e-23	0.257562	0.0170861	0	0.1	0.010438
-1.95485	-2.77641	-1.49511	9.04731e-08	9.45467e-08	-1.01885e-07	-2.14673e-23	-2.45834e-23	1.24504e-23	0.257219	0.017018	0	0.1	0.0145866
1.35704	4.06482	1.50075	-1.79088e-07	-8.62388e-08	1.59172e-07	-1.90206e-23	-3.17833e-23	-7.10987e-23	0.25711	0.0169964	0	0.1	0.0111718
-0.244582	-1.1696	0.232192	3.9205e-09	-2.7091e-08	-3.95547e-08	5.6703e-23	6.67177e-23	-2.04898e-22	0.257072	0.0169889	0	0.1	0.00741259
2.14359	1.63151	-0.199899	-9.91555e-09	1.86758e-08	1.235e-07	3.64793e-23	5.95033e-24	-2.15377e-23	0.256952	0.0169651	0	0.1	0.00848937
1.03305	-1.13407	-0.379377	-3.6465e-08	7.31913e-09	-4.51907e-08	1.94596e-22	-1.69473e-22	2.17749e-22	0.256761	0.0169272	0	0.1	0.00743035
0.245716	1.55293	-0.919101	-8.7517e-08	-1.38304e-07	5.76701e-08	1.61118e-22	1.56077e-22	-1.32476e-22	0.256727	0.0169206	0	0.1	0.00881004
1.65573	-2.23002	1.14998	-1.17154e-08	-2.37375e-08	-2.97229e-08	8.83072e-23	-3.57947e-23	-7.1747e-24	0.256633	0.016902	0	0.1	0.0180646
0.899596	1.00755	-0.547582	2.63472e-07	3.5069e-08	-2.24077e-07	-1.51243e-22	3.05338e-23	-2.40996e-22	0.256455	0.0168668	0	0.1	0.00866022
-1.2366	2.32048	1.58171	-1.31071e-07	2.69489e-09	5.2642e-08	3.7654e-27	1.4978e-23	1.26983e-23	0.256447	0.0168652	0	0.1	0.00981766
2.08504	3.16923	-1.49846	9.86791e-08	1.43182e-08	3.84249e-08	-1.57307e-23	-1.13743e-23	1.35304e-23	0.256305	0.0168373	0	0.1	0.00625405
1.34857	-3.30288	-2.06149	1.14808e-07	-1.64928e-08	-6.07707e-08	-3.91187e-24	4.23611e-23	2.10223e-23	0.256222	0.0168209	0	0.1	0.0135759
-1.8044	-3.71958	-1.38786	-2.16931e-07	-2.99793e-07	-1.15139e-07	-3.84977e-23	2.79413e-23	5.07651e-23	0.256074	0.0167918	0	0.1	0.00783512
0.622254	2.65152	1.78705	-2.24126e-08	4.35925e-09	-3.57772e-08	-1.52199e-24	-1.20459e-23	-1.34403e-24	0.256001	0.0167774	0	0.1	0.00830244
-1.02563	-3.73546	1.58857	9.87739e-08	5.7826e-08	-7.53893e-08	-5.22984e-23	8.69906e-24	1.35149e-23	0.255956	0.0167685	0	0.1	0.00571921
2.33023	-0.612196	-0.302844	2.35772e-08	1.2591e-07	-5.45604e-08	-8.68142e-24	6.49802e-23	-2.11947e-23	0.255888	0.0167552	0	0.1	0.0127365
0.775399	1.70245	-0.717416	2.89799e-08	3.47928e-09	3.78529e-08	7.00162e-24	2.6021e-23	7.21326e-24	0.255513	0.0166816	0	0.1	0.00868428
1.38113	-0.191187	2.48643	-2.15068e-08	-5.66315e-08	-8.47065e-08	7.55764e-23	-6.19751e-23	-4.06041e-24	0.255447	0.0166686	0	0.1	0.0199066
-2.24207	-3.86861	-1.60655	-2.52395e-07	-2.91719e-07	-5.46288e-08	1.38503e-23	3.14084e-23	1.48221e-22	0.255386	0.0166569	0	0.1	0.0091784
-1.42613	1.58306	-0.593513	-2.37091e-07	-7.80616e-09	-1.00151e-07	2.42197e-23	-1.3945e-23	-1.79936e-23	0.255375	0.0166546	0	0.1	0.00940047
0.892625	-2.6543	0.027906	-1.18088e-07	6.80392e-08	8.60159e-09	5.86702e-24	-3.04635e-23	-7.3104e-23	0.255265	0.0166331	0	0.1	0.00880973
2.3198	-1.56986	0.00503385	3.80502e-08	-1.63878e-08	-6.99355e-09	-6.21382e-23	-2.20038e-23	-2.13811e-23	0.255095	0.0166	0	0.1	0.00918881
-0.633325	-3.89295	1.30134	2.40945e-07	8.10774e-08	5.2693e-08	3.98473e-23	4.53167e-23	5.34779e-24	0.255029	0.0165869	0	0.1	0.00936359
-0.286417	2.7665	-2.01002	5.85281e-08	2.22618e-08	1.57014e-09	-7.60741e-25	3.41407e-24	-6.57288e-24	0.254988	0.016579	0	0.1	0.00860791
0.062282	1.55469	1.95258	9.83712e-10	-7.45672e-09	2.39801e-09	1.81181e-24	5.19881e-26	-5.74177e-25	0.254817	0.0165457	0	0.1	0.0108313
-2.3997	3.26448	-1.65532	3.8046e-08	1.41771e-07	7.47696e-08	1.39246e-23	-7.97785e-23	3.81302e-23	0.254714	0.0165256	0	0.1	0.00479592
-1.01122	-3.72212	-2.13575	-2.41035e-07	-2.5772e-08	-1.58264e-07	3.3469e-23	-5.29802e-23	-2.50285e-23	0.254677	0.0165185	0	0.1	0.00936264
-2.14626	-0.58493	1.60008	7.08332e-08	-8.75243e-08	-1.47378e-10	-2.93234e-23	-1.45719e-23	6.90366e-24	0.254607	0.0165049	0	0.1	0.00886165
2.07893	0.520836	0.328277	3.25566e-08	-5.32614e-08	-1.10498e-07	6.94491e-24	-3.13358e-23	2.66037e-23	0.254518	0.0164876	0	0.1	0.0121946
-0.96035	-0.504685	-0.394078	6.28754e-08	-2.3997e-08	-1.20337e-07	3.6628e-22	1.28134e-22	-1.92921e-22	0.254475	0.0164791	0	0.1	0.00844657
-0.578512	-3.3629	0.0714567	1.10844e-07	-1.92541e-07	-1.74089e-07	-9.23476e-23	1.07468e-22	-1.42122e-23	0.254459	0.0164761	0	0.1	0.00805851
-2.11499	0.508856	-1.70828	-3.03962e-08	-8.45184e-08	-1.54679e-07	-1.10233e-23	-1.02569e-23	-2.81471e-24	0.254379	0.0164605	0	0.1	0.0103136
-2.30587	3.75876	-1.57882	1.52525e-07	1.57459e-07	-1.61372e-07	-4.46288e-23	9.6544e-23	-1.96916e-23	0.254181	0.0164222	0	0.1	0.0068522
-0.00973049	0.589846	1.41989	1.19967e-08	9.77798e-08	3.96124e-08	1.75148e-23	5.02477e-24	-6.11629e-24	0.253994	0.0163859	0	0.1	0.0114311
0.781194	-0.569232	1.51614	9.26401e-08	5.19861e-08	5.59051e-08	-1.4618e-23	1.5478e-23	1.34473e-23	0.253973	0.0163818	0	0.1	0.00646636
-2.05078	3.35515	0.129466	-6.148e-08	-8.89701e-09	-1.78023e-07	5.15522e-23	5.28257e-23	-4.45461e-23	0.253904	0.0163685	0	0.1	0.00897983
0.549944	1.02108	-2.10187	8.08451e-11	2.50953e-10	4.98764e-10	-2.13494e-25	-3.39357e-26	5.73034e-26	0.253737	0.0163362	0	0.1	0.011062
-1.86146	-4.03862	0.503133	1.51442e-09	-4.50679e-10	-4.55171e-09	6.47395e-26	7.10802e-25	-2.0365e-26	0.253624	0.0163144	0	0.1	0.0111248
1.4807	1.61346	1.5942	-2.17386e-07	-1.59064e-07	1.62666e-07	-1.48618e-23	-1.33089e-22	-2.54795e-22	0.253364	0.0162643	0	0.1	0.00608009
0.541724	0.778992	0.0750051	-3.45431e-08	5.33051e-08	-2.50733e-08	-1.25958e-24	-8.94256e-24	-1.31447e-23	0.253199	0.0162325	0	0.1	0.00916614
-1.81855	-0.554819	0.862011	2.63425e-07	2.54665e-07	1.67089e-07	1.47589e-22	7.81184e-23	-2.01389e-23	0.253173	0.0162275	0	0.1	0.00819012
-2.12869	-1.94782	-1.14251	2.17722e-08	8.52357e-08	4.1343e-10	-8.71938e-24	-3.59299e-24	-1.61402e-23	0.253138	0.0162208	0	0.1	0.016707
-0.60346	-3.78451	1.86868	8.19046e-08	4.03181e-08	-5.056e-08	1.48962e-23	3.37461e-23	3.9059e-24	0.25306	0.0162057	0	0.1	0.00849544
2.03414	-4.29742	-0.120913	-3.31349e-08	5.52396e-08	1.13729e-08	4.05324e-24	1.86946e-24	3.0306e-24	0.252994	0.0161931	0	0.1	0.0102108
1.02461	3.41712	0.512387	4.12305e-08	3.85531e-08	-1.06161e-07	2.68473e-23	2.57552e-23	-3.27819e-23	0.252875	0.0161702	0	0.1	0.0130342
0.565379	0.468488	-0.395837	4.01556e-08	-1.40037e-07	-3.41519e-08	-3.67625e-23	-4.64372e-23	1.23084e-22	0.252828	0.0161614	0	0.1	0.0127846
1.44034	3.93847	0.294821	-1.11319e-07	-5.58723e-08	2.66645e-07	2.65483e-22	1.48906e-22	-3.79548e-24	0.252733	0.0161431	0	0.1	0.0111694
-0.560487	-3.15923	0.569485	4.06449e-08	-8.41345e-08	5.17868e-08	1.6473e-23	1.46052e-22	1.44968e-23	0.252648	0.0161269	0	0.1	0.00706949
1.08452	-2.90715	1.25981	4.61211e-09	7.03128e-08	-2.59158e-08	-9.7185e-24	9.53997e-23	-4.18297e-23	0.252486	0.0160957	0	0.1	0.00696123
2.44345	-2.66327	2.26241	-1.04799e-08	-3.00706e-08	-1.79524e-08	-5.46602e-24	-6.76052e-24	5.27581e-24	0.252467	0.0160921	0	0.1	0.0113383
0.807245	4.01815	-1.11858	6.21219e-08	2.16165e-08	-6.74532e-08	-3.73737e-23	-5.45277e-24	3.57722e-23	0.252405	0.0160802	0	0.1	0.00825879
-0.712344	-1.73114	-2.37213	-1.03753e-07	1.02138e-07	-1.57416e-07	7.55926e-23	-3.46922e-23	1.2081e-23	0.252271	0.0160547	0	0.1	0.00762447
1.73243	-3.45832	0.42832	1.2225e-07	8.3629e-08	2.11333e-07	1.72102e-23	5.11032e-23	-8.89232e-24	0.252227	0.0160462	0	0.1	0.00879561
0.401254	4.24631	1.65192	-4.67183e-08	2.25526e-07	3.53791e-08	-3.82436e-24	-3.03896e-23	-5.44064e-24	0.25213	0.0160277	0	0.1	0.0111476
1.78816	4.49327	-2.39864	-3.49007e-08	-1.64636e-08	-1.5016e-08	-8.71854e-23	4.54643e-23	-1.68154e-22	0.252103	0.0160226	0	0.1	0.00899676
-0.735934	3.786	-1.61083	-3.27438e-09	-9.27313e-11	-7.61346e-09	-2.28063e-25	8.10327e-25	6.49862e-26	0.252085	0.0160192	0	0.1	0.0104629
0.533946	1.2658	-0.143214	-4.87627e-08	1.12559e-08	3.15884e-07	1.08338e-23	-2.30239e-23	3.80344e-23	0.252071	0.0160166	0	0.1	0.0130867
2.12688	-1.1113	-0.0940723	5.40714e-08	5.20511e-08	1.00464e-07	-9.15133e-24	-2.76191e-23	7.04742e-24	0.251448	0.0158981	0	0.1	0.00736336
1.00644	3.69621	1.50647	-2.08406e-07	-8.7261e-08	-4.15365e-08	8.32963e-23	-1.69398e-22	1.78548e-23	0.251402	0.0158893	0	0.1	0.00790601
1.47738	-3.50535	-0.372093	2.89222e-08	-1.86117e-07	-4.31385e-08	2.03663e-23	1.82313e-23	1.01493e-24	0.251261	0.0158626	0	0.1	0.0127086
1.74532	2.33726	0.900103	1.26391e-07	-4.01451e-08	-8.02344e-08	1.36346e-22	9.02564e-23	-7.82904e-23	0.251168	0.0158451	0	0.1	0.00711118
0.987314	-0.588284	1.97688	3.6643e-08	-2.92117e-09	8.05305e-08	-5.67769e-25	1.85394e-23	7.5886e-25	0.251129	0.0158376	0	0.1	0.0167444
-0.410489	-4.13228	-1.09791	6.06533e-08	-1.30668e-07	7.1924e-08	-2.63155e-23	1.61615e-24	-8.68254e-25	0.250874	0.0157895	0	0.1	0.00776011
-2.31721	3.53414	-0.740193	-1.40477e-07	1.04992e-07	2.00667e-07	-3.40727e-24	-2.79096e-23	-5.3639e-23	0.250776	0.015771	0	0.1	0.00666873
-1.21745	3.09545	-1.81602	-3.70475e-08	1.43509e-07	1.54291e-07	-6.99439e-23	5.44298e-23	-8.15012e-24	0.250488	0.0157167	0	0.1	0.00698414
-1.58036	-4.37246	-1.41643	-2.05429e-08	-3.21783e-07	-4.63964e-08	4.04786e-23	5.97187e-25	-2.45573e-23	0.250471	0.0157136	0	0.1	0.00794944
-1.93075	-3.20845	-0.136428	-4.38082e-08	1.40812e-07	-8.06762e-08	1.30084e-23	-5.52179e-23	3.83135e-23	0.250458	0.015711	0	0.1	0.00843816
-1.34426	-3.93034	-1.40376	-1.13505e-07	-7.79559e-08	-1.05626e-07	-5.45973e-23	1.37687e-22	-8.5475e-23	0.250287	0.0156788	0	0.1	0.0066744
-0.57527	-0.463455	-0.0700412	7.90636e-09	7.05676e-08	-2.34431e-08	5.78927e-24	5.93471e-23	-1.93402e-23	0.250205	0.0156635	0	0.1	0.00576035
0.282607	-1.85986	1.51233	-1.45444e-07	-6.62297e-08	-1.86414e-07	-6.22752e-23	3.72431e-23	-1.11156e-22	0.250134	0.0156501	0	0.1	0.00998156
0.280624	3.9208	-0.147942	-2.43394e-07	3.5178e-08	-5.9167e-08	1.98842e-22	1.12017e-22	3.38677e-23	0.250082	0.0156404	0	0.1	0.00874654
1.23223	-3.12075	-0.163894	8.5266e-08	-1.3124e-07	-6.94935e-08	-2.85819e-22	-1.00737e-22	-5.00409e-22	0.250067	0.0156376	0	0.1	0.00762683
-2.46381	-3.08121	-0.404924	5.22177e-08	9.60644e-08	-1.98513e-08	1.79574e-22	3.65582e-23	-1.52469e-23	0.250041	0.0156327	0	0.1	0.0073094
1.5683	-3.00076	1.16112	2.18271e-08	2.86059e-07	-2.34836e-07	-3.20265e-23	3.99069e-23	-3.10451e-23	0.249964	0.0156183	0	0.1	0.0107817
-1.66642	0.927125	-1.08984	2.14704e-07	-3.14676e-08	-6.42838e-08	-1.46701e-23	1.74696e-23	3.12178e-23	0.249932	0.0156122	0	0.1	0.0115135
1.94987	-0.562708	0.0269862	1.39596e-07	-1.28126e-07	1.29593e-07	2.33271e-23	5.91608e-23	-1.11782e-23	0.249886	0.0156037	0	0.1	0.0100018
-1.77621	-3.21416	-1.67996	6.42698e-08	-1.35164e-07	2.82603e-07	-2.17141e-23	-1.29478e-23	-4.42346e-24	0.24978	0.0155838	0	0.1	0.0083108
-1.5129	4.41569	1.73168	-1.30409e-07	1.4203e-07	-5.33682e-08	1.4393e-22	-6.04855e-23	-1.10814e-22	0.249775	0.0155829	0	0.1	0.00745306
2.44626	1.43093	0.153563	4.68092e-08	-3.10395e-08	5.59214e-08	-4.15858e-24	-2.26093e-23	-9.15315e-24	0.24966	0.0155613	0	0.1	0.0123582
-1.47073	0.0233981	2.39196	-1.02801e-08	3.7855e-08	-4.06299e-08	-2.93704e-23	6.76476e-25	-1.51095e-23	0.249327	0.0154992	0	0.1	0.00668452
1.78874	4.4259	0.212844	-3.97805e-08	-1.33944e-07	9.54193e-09	8.39725e-25	-3.7915e-23	4.47977e-23	0.249293	0.0154927	0	0.1	0.00878039
1.37551	0.220541	-1.92052	-5.58781e-08	2.7288e-09	2.05491e-07	2.15924e-24	-1.11353e-23	-5.24064e-24	0.249284	0.0154911	0	0.1	0.0067424
1.97359	-4.26596	-1.00829	1.91431e-07	1.4715e-07	-7.1319e-08	9.36529e-24	7.36693e-23	-6.85161e-24	0.249204	0.0154762	0	0.1	0.0117926
-0.394821	-1.85703	1.43235	-1.5378e-08	2.45978e-08	-2.73495e-08	9.50076e-25	2.41044e-24	1.49071e-24	0.249177	0.0154712	0	0.1	0.0150474
0.472116	-1.04504	-0.731297	-4.28157e-08	-1.29964e-08	-1.21977e-07	2.9261e-23	3.23077e-23	9.98832e-24	0.249145	0.0154652	0	0.1	0.00894984
1.83456	-0.680935	-1.33938	8.97821e-08	6.52662e-08	1.24103e-08	5.69156e-25	-1.68179e-24	-4.8041e-25	0.249053	0.0154482	0	0.1	0.0134356
-1.49131	0.324778	-0.206294	-7.24262e-08	7.41769e-08	9.38694e-08	1.93825e-24	3.23611e-23	3.16598e-23	0.248992	0.0154368	0	0.1	0.00863604
2.28153	-3.82658	-1.44636	-1.90699e-07	-1.06495e-07	8.73614e-08	-3.87356e-23	5.82422e-24	8.66802e-24	0.248987	0.0154359	0	0.1	0.00747879
0.162396	-2.83262	-1.80005	3.82249e-08	6.27855e-08	4.59941e-08	-6.95739e-24	-1.86754e-23	2.68592e-23	0.248955	0.0154298	0	0.1	0.00920714
-1.2031	4.09303	2.00817	-4.11837e-08	5.76711e-08	4.4957e-08	-8.59762e-24	-1.91738e-23	1.03009e-23	0.248895	0.0154187	0	0.1	0.00959332
-1.80092	2.45297	0.392777	-3.34227e-08	-1.60134e-07	2.82837e-08	-1.12089e-22	2.25097e-22	-6.29714e-24	0.248817	0.0154043	0	0.1	0.0113885
-1.02326	-2.46286	2.44325	6.62363e-08	-1.79302e-08	1.43503e-07	7.22131e-24	8.28775e-24	1.16247e-24	0.248702	0.0153828	0	0.1	0.00648259
-0.336293	3.0337	-0.777378	2.11153e-08	-7.8727e-09	-4.99651e-08	-3.22005e-24	-5.93556e-24	-6.30418e-24	0.248571	0.0153587	0	0.1	0.00815344
-1.60772	-1.10677	-0.0899941	1.20158e-08	-5.93882e-09	-1.12954e-07	7.01556e-23	8.17377e-23	7.05392e-25	0.248548	0.0153544	0	0.1	0.00807793
0.34564	1.66051	-0.435434	2.74762e-07	-3.34505e-07	7.47729e-08	3.71833e-22	-1.99189e-23	1.60298e-22	0.248548	0.0153543	0	0.1	0.00655593
1.43432	-0.972041	-1.39148	9.35624e-08	4.58247e-08	5.74315e-08	9.89504e-24	-4.92118e-23	-6.10779e-23	0.24853	0.0153511	0	0.1	0.00724269
-2.3494	3.32667	2.0774	-2.30115e-08	-7.70397e-08	-1.29715e-07	2.64076e-24	6.40768e-24	6.91837e-23	0.248434	0.0153333	0	0.1	0.00823649
-1.92501	-2.60036	1.12781	-1.18971e-07	-2.95102e-07	9.29328e-09	2.17204e-23	-1.64056e-23	5.03583e-24	0.248359	0.0153193	0	0.1	0.00759751
0.672284	-0.536852	-1.20211	-2.26425e-08	2.94251e-08	2.95735e-07	-3.57166e-23	1.12169e-23	-4.28182e-23	0.248141	0.0152789	0	0.1	0.0101729
-0.69204	0.988069	-1.50327	-9.97797e-10	4.00326e-09	4.25033e-09	3.86442e-24	4.17157e-24	-3.16161e-24	0.248002	0.0152534	0	0.1	0.0213039
0.499081	1.67473	1.66714	-1.60342e-07	2.24152e-08	1.22542e-07	-1.79277e-22	9.44645e-23	1.28273e-22	0.247923	0.0152388	0	0.1	0.00665905
-1.02092	-1.69787	1.19573	3.6434e-10	4.98676e-10	8.22903e-10	-1.19257e-24	-2.76814e-24	2.71083e-24	0.24791	0.0152364	0	0.1	0.0163837
-2.38439	1.32121	-2.26031	1.00782e-07	-1.70341e-07	-6.90008e-09	6.8829e-24	-3.4658e-23	4.64959e-23	0.247861	0.0152273	0	0.1	0.0116818
-0.323334	2.49039	-0.195727	2.37054e-08	-5.21595e-08	3.89551e-08	2.85322e-23	1.59122e-23	6.30387e-23	0.247815	0.0152188	0	0.1	0.00721457
-0.336983	-0.515955	-1.06633	-2.18803e-07	-3.66829e-08	-4.79263e-08	-8.00669e-23	3.90229e-24	1.11969e-23	0.24777	0.0152105	0	0.1	0.00729098
0.676299	1.86904	-1.57196	7.09377e-08	-1.20553e-08	4.07828e-08	2.70058e-23	-2.72783e-24	-3.85734e-24	0.247718	0.015201	0	0.1	0.00766846
0.67538	4.06742	-1.81321	-5.40837e-09	2.8062e-08	-2.37282e-09	-1.08771e-24	9.52844e-24	4.89861e-24	0.247653	0.015189	0	0.1	0.00854044
1.63459	-0.770678	0.354498	-1.41117e-07	2.83868e-08	-8.7892e-08	-2.87556e-22	5.16813e-23	9.67436e-23	0.247552	0.0151705	0	0.1	0.0114288
1.04086	-1.99658	-0.819837	4.75923e-08	1.923e-09	1.46458e-07	-1.43907e-22	2.60057e-22	-1.52139e-22	0.247417	0.0151457	0	0.1	0.00593908
0.356	-0.713968	1.0085	-1.00769e-07	1.69483e-08	-2.76417e-08	-2.05712e-23	5.9288e-24	1.80698e-23	0.247413	0.0151449	0	0.1	0.00997332
1.67304	1.93991	1.2277	6.64334e-08	-4.25108e-08	-6.02472e-08	6.01629e-24	-6.74375e-24	-3.51428e-23	0.247374	0.0151378	0	0.1	0.00677014
-0.220665	1.03298	1.52236	-4.78639e-08	7.64996e-08	2.13683e-08	1.36481e-23	5.11028e-24	1.82899e-23	0.247362	0.0151356	0	0.1	0.0108231
0.636153	-4.5093	-0.603179	4.5019e-08	-1.24839e-07	-3.5719e-08	1.24909e-23	-9.47347e-23	1.57878e-23	0.247199	0.0151056	0	0.1	0.00834424
-2.15189	0.429111	1.47662	-1.30014e-08	7.81747e-08	8.45184e-08	-9.05724e-24	-6.81017e-23	1.61709e-23	0.246967	0.0150632	0	0.1	0.00999358
0.702659	4.11909	-0.356079	-9.27147e-08	-1.20454e-07	1.02237e-08	-4.17256e-23	3.91782e-23	-7.76499e-23	0.246927	0.0150559	0	0.1	0.00681417
-0.684363	-3.62321	2.49688	1.95803e-08	5.51593e-09	7.41458e-08	-2.06851e-23	-5.41597e-23	7.94109e-24	0.246807	0.0150339	0	0.1	0.00984888
2.24205	-0.545204	2.1241	-1.5575e-07	5.44233e-08	-3.75247e-08	5.99271e-24	1.09338e-23	-6.00663e-23	0.246693	0.015013	0	0.1	0.0148038
-0.517947	-3.23667	-0.746669	-1.41008e-08	3.4369e-08	-1.79511e-08	2.36439e-23	-4.12439e-24	-2.48929e-23	0.246676	0.01501	0	0.1	0.0122468
0.301205	4.18839	-1.06366	1.14065e-07	4.66381e-09	-9.58724e-08	6.44583e-25	-3.07747e-23	8.29297e-26	0.246457	0.01497	0	0.1	0.00798019
-0.55421	-2.63184	2.42641	2.11548e-08	9.72885e-09	5.69822e-08	9.38308e-24	-9.73339e-23	-5.21493e-23	0.246336	0.014948	0	0.1	0.00611504
-0.77843	1.74956	0.516885	1.93163e-08	3.44605e-08	-8.68057e-09	7.40621e-24	-6.78628e-24	-1.17286e-23	0.24629	0.0149396	0	0.1	0.0113756
2.35577	2.98132	0.743946	-1.03369e-07	-3.60867e-08	6.8605e-08	3.9399e-22	3.9289e-22	6.55196e-23	0.246281	0.0149381	0	0.1	0.00679845
2.27094	3.61207	-1.80253	-6.20378e-10	1.21149e-07	1.10419e-07	-3.22898e-24	4.8888e-23	-1.75537e-23	0.246247	0.0149319	0	0.1	0.00602855
0.985538	-2.12695	-0.269625	6.46208e-08	2.19849e-09	-3.10777e-08	6.88493e-26	7.33188e-24	6.81004e-24	0.246246	0.0149317	0	0.1	0.00774002
1.10961	1.95883	-1.3525	7.65487e-08	1.1825e-08	2.23924e-08	8.9113e-24	-1.05375e-23	-2.42961e-24	0.246225	0.0149279	0	0.1	0.010853
-1.77505	-2.97002	1.92639	-8.83218e-09	-3.31254e-08	-2.81942e-08	8.79984e-24	-8.55196e-25	1.68482e-23	0.246004	0.0148876	0	0.1	0.00879063
2.3974	-1.99624	-0.993542	3.86253e-08	-5.9127e-08	3.80848e-08	4.57738e-24	-1.06108e-23	-1.52406e-23	0.245876	0.0148645	0	0.1	0.0102365
2.16444	1.11083	1.10515	4.5641e-08	1.66986e-07	-5.93209e-08	-1.75304e-22	-9.52364e-23	6.54972e-23	0.245817	0.0148537	0	0.1	0.00708446
-1.25127	1.60597	1.38458	-6.22017e-09	-8.7142e-10	1.16073e-09	-8.43805e-26	-8.37667e-26	-7.51187e-25	0.245568	0.0148087	0	0.1	0.0201471
-0.0815513	-2.01699	0.13661	-6.95471e-08	-2.72982e-08	2.26613e-08	-1.41374e-23	1.39446e-23	9.14848e-24	0.245289	0.0147582	0	0.1	0.0139184
-0.233627	-4.45356	-1.64733	6.10864e-09	4.66141e-08	-7.74236e-09	-7.85452e-24	2.10213e-24	-2.80776e-24	0.245158	0.0147346	0	0.1	0.00771949
1.69493	-0.995963	-1.81693	6.25319e-08	-6.76322e-08	1.76403e-07	-6.80386e-23	-2.61616e-23	-3.70566e-24	0.245057	0.0147163	0	0.1	0.00712388
-1.60677	-2.55881	1.71693	7.34148e-08	4.54103e-08	1.70851e-07	-6.94864e-24	8.89961e-24	-2.04312e-23	0.245035	0.0147124	0	0.1	0.00865135
0.529987	3.76678	1.62685	-1.83533e-07	1.8965e-07	-6.76836e-08	2.27895e-23	1.50491e-23	2.47268e-23	0.244981	0.0147027	0	0.1	0.0112425
0.5629	2.02189	-2.02634	-4.63695e-08	-3.01485e-08	6.32915e-08	1.72786e-22	1.94502e-23	1.79024e-23	0.244911	0.0146901	0	0.1	0.00764802
1.21815	-1.77831	1.32934	2.01273e-08	-3.95674e-08	-4.7417e-08	6.91222e-24	8.11288e-24	-3.99353e-24	0.244869	0.0146825	0	0.1	0.00844602
-2.38458	-0.0883035	0.821164	-3.70786e-08	-8.24754e-08	2.48627e-08	-4.89464e-24	-1.11566e-23	-2.39828e-27	0.244864	0.0146816	0	0.1	0.00860099
1.84333	-3.96263	-1.64218	6.49374e-08	5.87993e-09	-5.64695e-08	1.30769e-24	-3.21946e-23	-2.11784e-24	0.244722	0.0146562	0	0.1	0.0096324
1.46975	4.34407	0.581288	1.75738e-08	4.24656e-08	1.19507e-07	1.75006e-22	-1.11633e-23	-1.01333e-23	0.244704	0.0146528	0	0.1	0.00788787
0.583861	-3.77753	-1.14145	1.02825e-07	-5.32192e-08	1.18328e-07	-2.31617e-22	-9.9848e-23	1.75824e-22	0.24466	0.0146449	0	0.1	0.00533136
-0.345621	-4.51304	-0.745915	-1.01098e-08	7.88089e-08	-8.3271e-08	2.45993e-22	1.66496e-22	-4.43429e-23	0.244608	0.0146356	0	0.1	0.00520567
-0.0291625	-0.890661	1.2739	-1.27627e-07	5.92681e-08	2.09825e-08	5.93611e-22	4.10117e-23	-6.10237e-23	0.244579	0.0146305	0	0.1	0.00667036
1.48155	1.45241	2.40219	1.37133e-07	-1.1511e-07	-1.05481e-07	8.66448e-23	-1.55057e-22	2.06622e-23	0.244563	0.0146276	0	0.1	0.00792762
2.47295	0.130949	-1.49402	-5.39629e-08	-1.89032e-08	-5.47892e-08	-3.85299e-23	-7.64105e-24	-5.17024e-24	0.244538	0.0146231	0	0.1	0.0122539
2.24357	3.10263	2.24197	-1.40537e-08	5.71196e-08	9.74696e-08	-6.16509e-24	-1.07542e-23	-1.38086e-24	0.244316	0.0145832	0	0.1	0.0078754
-1.81633	1.12816	0.448191	-9.54604e-08	2.66631e-08	-1.40517e-07	-8.76024e-23	-3.34607e-23	-1.37739e-22	0.244283	0.0145774	0	0.1	0.00686418
1.16813	2.59081	-1.84175	-7.55564e-08	-5.4763e-08	2.90785e-08	3.44397e-25	-1.03559e-23	-1.02981e-23	0.244002	0.0145271	0	0.1	0.0118451
0.315535	-3.51928	-1.4576	-7.87394e-08	-4.10286e-07	-2.21635e-08	-3.14253e-22	-7.50862e-23	1.7657e-22	0.243851	0.0145002	0	0.1	0.00710555
-1.43479	-2.67366	0.393031	1.55223e-07	4.21029e-10	-6.12878e-08	1.11994e-23	3.32989e-23	3.7892e-23	0.243848	0.0144996	0	0.1	0.00820644
0.537329	-2.95123	-0.158144	-2.8891e-08	3.72781e-08	-1.05377e-07	-3.78741e-23	3.21954e-23	-3.82207e-24	0.243706	0.0144744	0	0.1	0.0059964
-1.90453	-2.45679	0.657688	4.52146e-08	2.52548e-08	9.70114e-08	4.63992e-23	-4.30281e-23	-4.72384e-24	0.243422	0.0144237	0	0.1	0.00624295
1.47909	-2.04981	-1.03417	-1.21234e-08	7.32579e-08	-6.47331e-10	4.00429e-22	4.00107e-22	2.64952e-22	0.243314	0.0144046	0	0.1	0.00634523
-0.984212	1.35006	0.114779	1.1399e-07	-2.58693e-08	-4.95094e-08	-8.77294e-24	1.16944e-24	-2.66093e-23	0.243223	0.0143885	0	0.1	0.0117588
-2.3456	2.42981	-0.318685	-9.79188e-08	6.28303e-08	-2.8612e-08	1.10734e-23	4.53877e-23	1.42261e-23	0.243011	0.0143509	0	0.1	0.00992548
1.58773	-1.13242	1.46876	4.88618e-08	5.31202e-08	-6.96259e-09	-1.46875e-23	-2.83895e-23	6.18766e-23	0.242882	0.0143279	0	0.1	0.00810221
0.474802	-3.31207	-1.04717	-7.93915e-08	-3.25683e-08	-1.81069e-07	-2.22164e-22	-9.88484e-23	-4.44151e-23	0.242612	0.0142803	0	0.1	0.0065163
-0.890467	0.630745	-2.34835	8.79752e-08	-6.60793e-08	-9.9249e-08	-3.66284e-24	4.87298e-23	2.20799e-23	0.242476	0.0142562	0	0.1	0.0121588
-1.9316	1.13753	-2.22145	2.75027e-08	-3.48628e-07	8.69324e-08	-2.88946e-24	-3.98382e-25	5.90478e-23	0.242265	0.0142191	0	0.1	0.0130032
0.746482	-0.160624	-0.751013	-1.64765e-07	-1.14762e-07	-4.56387e-08	-7.56466e-23	-7.93811e-23	3.10957e-23	0.242052	0.0141816	0	0.1	0.009435
-0.324828	3.123	0.738054	-3.59427e-08	-1.83455e-08	4.21547e-08	7.65795e-25	-3.4885e-24	-9.05325e-24	0.24203	0.0141777	0	0.1	0.00912073
1.23722	1.61613	-1.70274	-1.38877e-10	-9.37832e-11	1.02936e-10	1.26999e-25	-1.55502e-25	-5.75383e-26	0.241911	0.0141568	0	0.1	0.0109012
-0.701107	-2.77572	-0.96342	-9.82145e-08	-7.24821e-09	3.74681e-08	1.19692e-24	1.63754e-24	2.00512e-24	0.2419	0.0141549	0	0.1	0.0152649
-0.742321	3.15519	-1.69881	1.57256e-08	-9.91801e-10	2.4591e-08	-2.68588e-24	6.03638e-25	-2.91668e-24	0.241847	0.0141456	0	0.1	0.0125158
2.30016	4.35737	2.17253	-3.56609e-08	3.90861e-07	5.99421e-07	-1.65874e-22	1.0411e-22	-1.86909e-22	0.241827	0.0141421	0	0.1	0.0141211
-1.58888	-3.80185	-0.930736	-3.22511e-08	3.6485e-08	-6.96886e-09	1.38991e-23	5.62719e-25	-7.33194e-24	0.241789	0.0141354	0	0.1	0.00900097
-0.169486	-1.67351	-0.197605	3.00464e-09	-4.55892e-08	-2.95685e-08	-9.56844e-24	1.10463e-23	9.69775e-25	0.24175	0.0141286	0	0.1	0.00745202
-1.60562	-0.0898251	1.9335	-7.6502e-08	1.48261e-08	-1.87775e-08	3.65898e-23	1.96287e-23	-1.88139e-23	0.241745	0.0141278	0	0.1	0.00622141
2.23849	1.95473	-0.880392	-4.46169e-09	3.39853e-09	5.17324e-09	3.69344e-24	-8.83746e-25	4.17542e-24	0.241636	0.0141087	0	0.1	0.0100933
-0.410021	3.24932	-2.03726	2.65158e-09	-6.14865e-09	3.82719e-09	1.21561e-24	1.86863e-24	-1.52666e-23	0.241631	0.0141078	0	0.1	0.00782345
0.489902	0.190309	-0.962998	2.52564e-08	9.77815e-08	5.50616e-08	-7.72918e-23	-2.59352e-23	3.77863e-23	0.241573	0.0140975	0	0.1	0.00975731
-2.47111	1.25653	-1.71941	9.13322e-08	-6.43585e-08	5.02996e-08	-1.33848e-23	-1.69208e-24	3.51101e-23	0.241415	0.01407	0	0.1	0.013761
-2.49553	-0.152871	-0.113373	-7.48668e-11	-2.95104e-11	5.18686e-11	0	0	0	0.241399	0.0140672	0	0.1	0.020964
0.416623	-2.25576	-1.4345	-5.78508e-08	-1.37971e-07	-6.10197e-08	1.57578e-22	7.14724e-23	8.05606e-23	0.241363	0.0140609	0	0.1	0.00609542
-1.12214	-1.70367	0.155349	1.48114e-07	-1.1906e-07	2.08285e-07	-3.87597e-23	-1.51463e-23	5.55344e-24	0.241326	0.0140545	0	0.1	0.0145489
-0.29587	4.05897	-1.87014	-5.33634e-08	-2.96768e-08	4.71041e-08	-1.32795e-24	6.65387e-24	-9.70894e-24	0.241273	0.0140452	0	0.1	0.00661383
0.518809	4.15319	-2.26822	-8.11244e-09	7.10473e-08	2.76358e-09	-1.7556e-23	4.02103e-24	2.89794e-24	0.241068	0.0140094	0	0.1	0.00656447
0.208693	-1.8054	2.37802	-5.92416e-08	-1.01161e-07	1.30884e-08	3.00949e-23	-8.5865e-23	1.05282e-22	0.240966	0.0139916	0	0.1	0.00799257
-1.7992	4.46121	2.26673	1.25579e-07	-6.61145e-08	-4.92278e-08	-1.27814e-23	-6.19677e-23	-1.00491e-23	0.24084	0.0139696	0	0.1	0.00881925
-1.01674	2.68844	0.298394	4.77964e-08	-3.68808e-08	1.42761e-08	4.98866e-23	-1.03613e-22	-1.0689e-22	0.240765	0.0139566	0	0.1	0.00730208
1.53451	1.46326	1.12653	-9.5777e-08	-9.58572e-09	1.1255e-07	-1.37989e-22	-4.69477e-23	9.08345e-24	0.240672	0.0139404	0	0.1	0.00587666
-1.84438	-0.321826	-1.906	1.0777e-07	7.99748e-10	-4.31081e-08	-4.4818e-23	-7.76315e-23	-8.2317e-23	0.240565	0.0139219	0	0.1	0.0106138
1.20821	4.3021	-1.18781	-1.23016e-08	8.65365e-08	-2.22973e-08	-4.12915e-24	-4.82463e-23	-1.08118e-24	0.240418	0.0138964	0	0.1	0.00552022
1.31348	-2.40032	-0.0354809	-2.62359e-08	-7.27481e-08	4.72387e-08	-3.91221e-23	4.17309e-23	-1.42496e-23	0.240356	0.0138857	0	0.1	0.00725249
-0.315767	2.58731	-1.31336	6.35376e-08	-4.27023e-09	5.39258e-08	-1.74671e-23	-2.74358e-23	3.06784e-23	0.240135	0.0138473	0	0.1	0.0103683
-2.40845	4.38228	1.7894	-1.66028e-07	-3.61472e-08	4.60358e-07	5.02358e-23	3.84191e-23	2.65934e-22	0.240113	0.0138436	0	0.1	0.00907647
-0.966512	-2.12113	-2.2119	-3.02561e-07	2.61889e-07	-4.19436e-08	6.35339e-23	-2.18199e-23	3.91483e-23	0.239897	0.0138063	0	0.1	0.00885319
1.55857	3.17957	2.35819	3.38056e-08	-1.48547e-09	7.68664e-08	1.1451e-23	1.98576e-23	-1.05211e-23	0.239791	0.0137879	0	0.1	0.00934264
-2.49707	1.96933	-0.259103	-3.54167e-09	-1.03723e-08	-1.59916e-08	7.54355e-24	-1.71461e-23	-2.00415e-23	0.239773	0.0137847	0	0.1	0.00838868
2.21314	1.36408	-0.612471	-1.68267e-08	1.92682e-07	1.62127e-09	6.7965e-23	-8.0332e-24	-4.89454e-24	0.239506	0.0137389	0	0.1	0.00786451
1.36892	0.0179742	-1.36035	4.77958e-08	-8.5004e-08	-6.69276e-08	-3.3302e-23	4.87591e-23	-7.27872e-23	0.239478	0.013734	0	0.1	0.0136478
1.99245	3.22028	0.527641	-3.46581e-09	1.03496e-07	5.31637e-08	1.31736e-22	2.80402e-22	2.90146e-22	0.239384	0.0137179	0	0.1	0.00801499
-1.65927	3.25826	0.413641	-1.92015e-07	1.3851e-07	7.88787e-08	3.83394e-23	3.05843e-23	-1.04457e-22	0.239357	0.0137132	0	0.1	0.00822682
-0.357637	-3.52999	1.0593	2.57552e-07	1.98905e-07	-2.17104e-07	-1.4719e-22	6.13445e-23	1.06629e-22	0.239202	0.0136866	0	0.1	0.00896057
-0.388945	-2.79198	-2.14129	-3.2948e-08	-2.25796e-07	3.80989e-08	-1.42326e-23	1.93143e-23	-3.39511e-23	0.239196	0.0136856	0	0.1	0.00881417
0.512938	-2.76908	-2.17632	-1.60257e-07	5.70585e-08	3.78618e-08	2.92222e-24	-9.45969e-23	-5.30402e-23	0.239094	0.013668	0	0.1	0.00779972
0.247355	4.08078	2.22935	-6.7826e-08	-1.30547e-07	-1.25992e-07	2.05498e-23	4.98797e-23	-1.34735e-23	0.239092	0.0136677	0	0.1	0.0112802
-0.906298	2.34249	1.95044	-7.54011e-08	2.23433e-07	-8.31061e-09	2.16133e-23	9.44257e-23	1.05653e-23	0.23907	0.013664	0	0.1	0.00772725
-0.268382	-1.80391	2.43046	-7.16356e-08	-4.67779e-09	-5.10234e-08	1.07161e-22	1.40346e-24	-1.14136e-23	0.238954	0.0136441	0	0.1	0.00611961
-1.71038	-3.95658	-0.491917	-4.72789e-08	-4.45278e-08	-1.54746e-08	-2.47449e-24	1.81847e-24	9.13676e-24	0.238781	0.0136145	0	0.1	0.00777753
-1.67459	0.267682	1.62051	-1.76027e-07	1.918e-08	-2.91691e-09	-5.26242e-23	3.52526e-23	-2.55238e-23	0.238342	0.0135395	0	0.1	0.00584101
-1.08325	4.25103	1.56272	-1.3406e-08	6.88226e-08	5.3266e-08	5.51317e-24	6.68038e-24	-1.24033e-23	0.238076	0.0134942	0	0.1	0.00688094
-0.905998	-4.08637	-0.144435	-1.35233e-07	3.25916e-08	7.368e-08	-4.65913e-22	1.1372e-22	1.28478e-22	0.23804	0.0134881	0	0.1	0.00873765
-0.910183	-1.33796	-1.4129	3.676e-08	-2.37573e-08	-7.90361e-08	-1.27888e-23	8.06372e-24	-9.10986e-24	0.238038	0.0134877	0	0.1	0.0119484
0.576447	-2.39292	-1.86515	2.17026e-08	-1.57714e-08	-7.11007e-08	1.04807e-23	-9.34955e-24	1.26834e-23	0.238027	0.0134859	0	0.1	0.0101135
0.975404	-1.59047	-0.561898	-6.41027e-08	-1.95665e-07	4.22246e-07	-5.83784e-23	2.05896e-23	5.37384e-24	0.238018	0.0134843	0	0.1	0.00641033
0.793048	-0.148466	1.26129	4.88478e-08	6.64477e-08	5.5018e-08	1.91585e-23	-5.72295e-24	-1.27632e-23	0.237793	0.0134461	0	0.1	0.00720407
-0.062532	2.9687	-1.17613	4.41071e-09	4.77068e-08	3.1236e-08	-3.42853e-23	2.08623e-23	4.62149e-23	0.237793	0.0134461	0	0.1	0.0111061
-1.73544	3.35813	-0.723782	-1.83202e-07	5.07631e-08	5.92834e-08	1.15662e-23	1.49834e-22	3.92744e-24	0.237532	0.0134018	0	0.1	0.00524503
-1.56248	4.15947	0.685122	-9.70509e-08	-5.07282e-08	-1.5844e-07	4.49804e-23	-1.20337e-23	1.88984e-23	0.237433	0.0133851	0	0.1	0.00684917
2.23398	-1.16168	-1.80953	-6.04102e-08	2.41032e-07	1.31443e-07	-7.57203e-23	1.15403e-22	-2.64691e-23	0.237255	0.0133551	0	0.1	0.0105139
-1.95977	-1.24684	-1.80158	-1.41859e-08	-6.33544e-09	-5.83842e-08	-3.31951e-23	2.39812e-23	1.45603e-23	0.237142	0.013336	0	0.1	0.0101674
1.06423	1.97406	-2.06594	6.11883e-08	7.15568e-08	1.03952e-07	7.33792e-23	-6.82896e-23	2.19554e-24	0.236928	0.0132999	0	0.1	0.0118392
1.79547	-0.595871	1.94568	-1.60201e-07	2.65547e-07	-9.56502e-08	-4.45839e-23	-3.1484e-23	-7.18859e-23	0.236852	0.0132872	0	0.1	0.0132956
-2.11936	2.99159	-2.42967	1.14479e-07	-2.19518e-08	1.1506e-08	2.39851e-23	-2.66265e-23	2.64836e-22	0.236803	0.0132788	0	0.1	0.00714395
0.131488	-3.94898	-1.11807	-7.98332e-11	-2.5302e-11	5.47533e-11	-6.97335e-28	3.27862e-27	1.50635e-27	0.236802	0.0132787	0	0.1	0.00675505
-1.33142	3.80701	0.456452	5.14881e-08	-8.31963e-08	-2.98501e-07	5.65374e-23	-3.52819e-22	5.42748e-23	0.236724	0.0132655	0	0.1	0.00760337
-1.6951	2.2335	1.42249	-7.85998e-08	-6.4006e-08	-7.71917e-08	-6.08486e-23	-5.49966e-24	-8.44407e-24	0.236581	0.0132416	0	0.1	0.0136248
2.0681	0.361785	-0.48457	9.83462e-09	-1.20486e-07	8.9811e-08	1.252e-22	-2.11836e-24	1.58249e-22	0.236557	0.0132376	0	0.1	0.0129549
1.00741	-0.536338	-0.61019	-3.65757e-08	-6.64902e-08	-1.38292e-07	1.89256e-23	-7.57447e-23	-8.15368e-23	0.236548	0.013236	0	0.1	0.00841409
0.190879	4.00554	-1.94732	-3.7554e-09	1.03753e-08	-1.1271e-08	-2.8381e-23	-7.40104e-24	2.71948e-24	0.236448	0.0132192	0	0.1	0.00638279
0.449249	-2.96869	0.881943	5.17868e-08	7.66398e-08	-2.86002e-08	4.64121e-23	3.23266e-23	1.16642e-22	0.236428	0.013216	0	0.1	0.0091308
-1.74256	1.40372	-1.59668	4.58157e-08	3.87336e-09	-7.05635e-08	5.59056e-24	2.66102e-23	-4.85864e-24	0.236339	0.0132009	0	0.1	0.0109524
-2.05484	0.346657	1.94284	-1.04709e-07	3.33967e-08	1.0023e-07	2.14242e-24	-4.17471e-23	4.342e-23	0.236332	0.0131998	0	0.1	0.00615293
-0.189451	3.26467	1.17421	6.45092e-09	6.86078e-09	2.13982e-08	-4.55705e-26	3.34645e-24	-1.00954e-24	0.236114	0.0131634	0	0.1	0.0153641
1.03628	3.85264	-0.0113243	3.87258e-07	-1.63742e-07	3.48667e-07	2.52295e-22	-7.23161e-23	-1.95652e-23	0.236071	0.0131561	0	0.1	0.00766131
-1.99765	4.03703	0.227485	6.94899e-08	1.39854e-07	7.28449e-08	2.44607e-23	3.72641e-23	1.05641e-22	0.235985	0.0131418	0	0.1	0.00904638
2.32185	-2.26171	-2.48754	-9.06101e-08	-2.66025e-09	-9.7618e-08	3.76612e-23	-1.09109e-23	-2.29824e-24	0.235952	0.0131362	0	0.1	0.0187936
-1.93576	3.25742	-1.4959	3.46551e-08	-6.67288e-08	7.55337e-08	1.98269e-23	9.01681e-24	5.71811e-23	0.235904	0.0131283	0	0.1	0.00645392
0.00696186	1.44005	-2.46978	3.24926e-08	-5.51047e-08	1.21559e-08	3.40363e-25	-1.01341e-23	-1.03231e-24	0.235895	0.0131268	0	0.1	0.0106097
-1.22987	-1.95479	0.843059	1.12646e-10	-3.28357e-10	-8.85505e-10	-1.03707e-24	-3.6607e-24	2.80498e-24	0.235839	0.0131174	0	0.1	0.0179941
-1.63258	0.893863	-1.57321	2.05989e-09	4.7702e-08	-8.20311e-08	-7.09047e-24	-1.32403e-23	1.2046e-23	0.235733	0.0130998	0	0.1	0.00928859
-1.66361	-2.13797	0.922163	-2.07976e-07	1.35279e-07	2.13925e-07	-7.50645e-23	-2.16945e-23	1.24771e-23	0.235687	0.013092	0	0.1	0.00895011
0.882694	2.69565	-0.469505	4.85232e-10	-9.60751e-08	1.82584e-08	-2.76368e-22	9.99675e-23	1.18497e-22	0.235674	0.0130899	0	0.1	0.0110233
2.25533	1.76487	-1.34591	8.26543e-08	-7.59328e-08	-3.21888e-08	1.45537e-22	3.33452e-23	-7.51637e-23	0.235637	0.0130837	0	0.1	0.0113836
2.48328	3.9758	-1.16909	-5.08352e-08	-5.1988e-08	5.27368e-08	2.5055e-25	8.67452e-25	4.14184e-24	0.235489	0.013059	0	0.1	0.00740352
1.87002	1.44456	2.02536	-1.55495e-10	-7.42915e-08	7.11806e-08	3.9178e-23	1.19299e-22	6.55959e-23	0.235458	0.0130539	0	0.1	0.0133821
-0.103965	-0.375149	-0.147738	-1.07213e-08	4.28996e-08	-2.23354e-07	-2.87528e-22	-4.73172e-23	7.69864e-23	0.235403	0.0130448	0	0.1	0.00557235
2.48655	2.79218	-1.71896	7.55037e-08	1.49323e-07	-7.22346e-08	-1.27847e-23	-8.40479e-23	9.99333e-23	0.235218	0.013014	0	0.1	0.00719379
-2.0676	0.880733	-1.39328	1.66717e-08	-1.56639e-07	-6.0633e-08	4.85875e-23	-7.73736e-24	8.47148e-24	0.235211	0.0130128	0	0.1	0.00738209
-0.752344	-1.42641	2.24949	1.37622e-08	1.16711e-07	-1.62409e-07	1.13986e-23	-2.4559e-24	-1.17385e-23	0.235173	0.0130065	0	0.1	0.00957831
1.57569	2.8419	-1.86224	-5.58792e-08	-8.50094e-08	-4.74093e-08	-8.63432e-23	5.79091e-23	4.76073e-23	0.235071	0.0129896	0	0.1	0.00684282
-2.11414	-3.90601	0.900209	-1.0557e-07	3.70461e-08	-5.64139e-08	-8.15421e-23	1.69676e-23	-2.56892e-22	0.235068	0.0129891	0	0.1	0.00619574
0.796762	4.50151	-1.05627	7.75231e-09	2.31558e-08	-7.62516e-08	-6.97491e-23	1.47676e-22	1.9068e-22	0.235066	0.0129887	0	0.1	0.00555447
-1.98405	2.27848	-2.48688	5.26944e-08	-1.36203e-07	2.93139e-08	1.95875e-23	-5.56441e-24	-2.92422e-23	0.235014	0.0129802	0	0.1	0.00744639
1.06082	3.98816	-1.53368	5.02138e-08	1.87502e-09	-7.52435e-08	6.8049e-25	2.42653e-23	1.47801e-23	0.234906	0.0129623	0	0.1	0.00754948
1.23273	-1.18077	-1.99329	-8.3831e-08	-9.97626e-08	9.2086e-08	5.18919e-23	1.26394e-23	3.60992e-23	0.234887	0.0129591	0	0.1	0.00936405
0.587339	-2.89404	-0.630746	8.19433e-09	-2.06917e-07	-1.38964e-07	-1.86246e-23	-6.40927e-23	-1.47022e-23	0.234874	0.012957	0	0.1	0.0074103
1.56138	0.2973	2.11083	1.95273e-07	-2.48457e-07	1.80637e-07	3.41118e-23	-2.23211e-23	-1.76397e-23	0.234781	0.0129416	0	0.1	0.00868702
-0.611987	-2.73517	-1.42999	-1.56944e-08	1.53616e-09	5.08723e-08	-2.2365e-23	1.55633e-23	-2.40182e-23	0.23474	0.0129349	0	0.1	0.00773119
0.504472	-2.70627	0.322379	-2.90656e-08	2.23639e-08	9.35285e-08	1.29225e-24	-7.28673e-24	8.85679e-23	0.234707	0.0129295	0	0.1	0.00728449
-1.55637	-2.9394	0.0141912	-8.30468e-08	2.42287e-07	-1.60924e-07	-1.88335e-23	-5.14436e-23	1.10917e-22	0.234553	0.012904	0	0.1	0.00933399
2.36551	0.102713	-0.75636	2.25001e-08	-8.14125e-08	4.86529e-08	9.60593e-24	1.47102e-24	-4.62006e-24	0.234546	0.0129028	0	0.1	0.0140793
-0.0946311	3.8524	2.47736	-7.04061e-08	-1.14348e-07	-1.12127e-07	6.83012e-24	1.53189e-24	2.30731e-23	0.234417	0.0128816	0	0.1	0.0116151
1.99809	1.57366	1.1596	-2.3048e-08	1.05604e-08	-1.31051e-08	-2.49264e-23	2.14762e-23	-3.13205e-24	0.234416	0.0128814	0	0.1	0.00508732
1.89765	-0.563195	-1.85199	9.69839e-08	-9.58913e-08	1.11686e-08	-4.6009e-24	2.00258e-24	-2.30796e-23	0.234121	0.0128328	0	0.1	0.00978735
1.56206	-2.65166	0.760453	6.12709e-08	6.19245e-08	2.52499e-08	8.9563e-24	-6.78582e-24	1.26477e-24	0.234027	0.0128173	0	0.1	0.0122605
-2.18318	-0.404485	1.14771	5.50106e-08	6.78266e-09	3.86303e-08	-3.22637e-24	1.22406e-22	-6.78922e-23	0.233823	0.0127839	0	0.1	0.00627102
2.39163	3.47259	-1.26576	1.24877e-09	7.16546e-08	9.39878e-08	-2.20136e-23	-3.89683e-23	5.86124e-23	0.233771	0.0127752	0	0.1	0.00562417
0.0468023	2.19376	-0.015891	6.7152e-09	-4.2672e-09	-9.48677e-09	3.05535e-24	2.30795e-23	-8.60525e-24	0.233759	0.0127733	0	0.1	0.0125681
-2.01998	4.23083	0.773096	-1.45436e-08	5.98238e-08	1.89708e-07	6.551e-24	6.8282e-24	-1.98997e-22	0.233739	0.01277	0	0.1	0.0122023
-1.95444	4.26782	1.8621	-8.04736e-08	-1.09194e-08	-6.66659e-09	3.13384e-23	-8.19547e-23	9.2129e-23	0.233693	0.0127626	0	0.1	0.00935465
2.2056	3.54005	-0.824025	-1.33064e-07	-7.93684e-08	2.34637e-07	9.1917e-23	1.81621e-22	-2.30076e-23	0.233641	0.012754	0	0.1	0.00580759
-0.910512	3.79392	0.246911	1.45788e-07	-4.49358e-08	-1.19153e-07	9.57457e-24	-2.12297e-22	1.02791e-23	0.233637	0.0127534	0	0.1	0.00735726
-2.05079	3.36191	-0.373784	-5.52676e-08	8.4325e-08	1.74901e-07	7.19701e-23	4.7944e-23	3.60279e-23	0.233588	0.0127454	0	0.1	0.00517075
-2.25331	-2.69767	0.21309	-2.59893e-07	-3.15865e-08	1.09035e-07	-4.22651e-23	4.2931e-23	2.58179e-23	0.233503	0.0127314	0	0.1	0.00832773
0.937856	2.2242	1.87429	3.77271e-08	1.84101e-08	-2.2036e-08	4.3776e-23	-5.15552e-23	-1.5649e-25	0.233321	0.0127016	0	0.1	0.00586856
-1.37175	-0.407439	2.19822	2.87589e-08	5.31953e-08	-6.53434e-08	-3.10245e-24	8.9135e-23	-6.29462e-23	0.23328	0.0126951	0	0.1	0.00597047
-1.01198	1.91164	1.7658	-4.81954e-08	2.64893e-09	3.76606e-08	-4.72811e-25	-2.30624e-23	-1.40684e-24	0.233259	0.0126916	0	0.1	0.0121427
2.13743	-0.890272	-2.36495	1.18143e-08	1.5382e-07	-2.33627e-08	-1.15239e-23	7.77825e-24	4.37982e-23	0.233106	0.0126666	0	0.1	0.0140299
-0.129912	3.62129	-1.94597	5.29819e-09	-2.33767e-09	-1.06712e-08	-3.39175e-24	-6.7862e-24	-2.63304e-23	0.232841	0.0126235	0	0.1	0.00781487
-2.14062	-4.2611	2.25963	-9.55741e-08	-2.43696e-07	-4.88325e-08	-1.37823e-22	8.06247e-23	-1.27936e-22	0.232681	0.0125974	0	0.1	0.0103966
1.61176	-3.42957	0.944189	7.21732e-08	1.61123e-07	1.80177e-08	-4.30569e-23	7.84111e-23	-9.36212e-23	0.232555	0.0125769	0	0.1	0.00779377
0.0130286	2.77011	0.00271788	3.55021e-08	-9.31483e-09	-1.16558e-08	2.62321e-23	5.46285e-23	1.06747e-22	0.232387	0.0125497	0	0.1	0.00775479
-1.63106	-0.527813	-0.902564	-1.8057e-08	3.13144e-08	-1.2853e-07	-1.09984e-23	-1.23265e-24	-8.01507e-24	0.232202	0.0125198	0	0.1	0.00939036
-1.93596	2.25257	-0.481778	-6.2637e-08	1.60615e-08	1.09969e-07	7.08762e-23	4.98702e-23	1.51079e-23	0.232182	0.0125166	0	0.1	0.00904385
1.83444	3.67597	-0.577368	-1.98784e-07	-2.00097e-07	2.17415e-07	-3.33944e-24	1.92536e-23	-5.07295e-23	0.232173	0.0125152	0	0.1	0.00844376
-2.32207	-2.38805	-1.07738	3.11405e-10	7.008e-08	-1.54413e-07	-2.5453e-23	1.45161e-24	3.68231e-24	0.232073	0.0124989	0	0.1	0.00934417
1.25085	-3.61486	2.29168	-5.76946e-08	5.6261e-08	-1.80348e-08	7.16552e-23	-7.55998e-23	-4.31932e-22	0.232036	0.012493	0	0.1	0.00721739
0.750806	-1.94799	1.58717	-1.5522e-07	-5.97951e-09	3.91181e-08	-1.02587e-22	-7.34533e-24	-8.31119e-23	0.231892	0.0124697	0	0.1	0.00575675
2.3502	3.04682	1.74819	1.11281e-08	-5.9737e-09	1.01197e-07	7.41049e-25	5.25732e-25	1.12228e-25	0.231874	0.0124668	0	0.1	0.00807481
-2.38554	3.37636	-2.41022	6.4062e-08	-5.51813e-08	3.28918e-07	-4.30092e-23	-1.98773e-22	3.41519e-22	0.231344	0.0123816	0	0.1	0.00573484
-0.750419	-3.38584	1.38951	-5.32923e-08	2.3992e-07	-6.84149e-08	-4.60804e-23	-5.49703e-23	9.78723e-23	0.231199	0.0123583	0	0.1	0.00602099
0.934105	-0.947928	-0.82007	-2.75324e-08	-6.29792e-08	-1.19199e-07	4.49425e-23	-1.31519e-23	2.53635e-25	0.231144	0.0123494	0	0.1	0.00586327
-1.72977	0.180748	0.274211	5.18037e-09	3.798e-08	-1.29459e-07	6.94797e-23	-1.55523e-23	4.17239e-23	0.231109	0.0123439	0	0.1	0.00878491
-1.61203	-0.526438	-2.42177	1.77357e-07	1.45192e-07	1.10836e-07	-1.09955e-22	8.67172e-23	-5.69287e-23	0.231077	0.0123387	0	0.1	0.00530409
1.96024	-2.46907	-0.644871	-8.16891e-08	-3.63551e-08	-1.96949e-08	-4.16618e-23	1.0591e-23	-4.02636e-23	0.23103	0.0123312	0	0.1	0.0068467
-0.413018	-1.33622	-1.13376	-5.04846e-08	8.29222e-08	-1.44446e-07	-1.97805e-23	4.55966e-24	-1.13638e-23	0.230978	0.0123228	0	0.1	0.0106879
2.24108	0.224015	1.19844	-1.64279e-07	-5.04153e-08	7.95221e-09	2.81794e-24	4.35283e-24	2.83216e-23	0.230773	0.0122902	0	0.1	0.00998602
-0.516805	-2.17815	-2.43082	2.34485e-09	2.86453e-08	9.3409e-09	3.61834e-24	-1.41801e-25	1.53457e-25	0.23074	0.0122848	0	0.1	0.00533555
0.374774	-0.810283	1.62442	5.41804e-08	1.17084e-07	7.88248e-08	1.99596e-23	-1.18421e-23	2.91515e-23	0.230721	0.0122818	0	0.1	0.0082698
-0.259528	-2.62219	-1.71213	-3.66196e-08	-6.68292e-08	-4.82606e-09	-2.8744e-23	1.39644e-23	2.25903e-23	0.230658	0.0122717	0	0.1	0.0061146
-1.60726	0.860611	0.810519	-1.73003e-08	9.48283e-09	-1.17351e-08	1.68924e-24	3.53946e-23	-4.34353e-24	0.23065	0.0122704	0	0.1	0.00644061
1.74444	4.16616	-1.91616	-8.09971e-08	-1.05539e-07	4.27105e-08	-1.59953e-22	-1.89974e-22	5.19779e-23	0.230594	0.0122616	0	0.1	0.00657415
-2.10642	-4.42951	-0.0299077	2.22987e-09	-1.39712e-08	1.62563e-08	2.20283e-24	3.64689e-24	2.53008e-23	0.23028	0.0122115	0	0.1	0.00853334
-1.89272	-0.626962	2.04593	3.63467e-08	9.99158e-09	-2.03563e-07	1.7881e-23	4.09489e-23	-2.01175e-23	0.230137	0.0121888	0	0.1	0.00789329
-2.06547	-3.33562	-1.2438	2.24289e-07	-5.96958e-08	4.96642e-08	1.05131e-23	-3.36224e-23	2.92151e-22	0.230074	0.0121787	0	0.1	0.00826778
1.49798	-3.53834	-1.66281	5.33487e-08	2.07934e-08	1.97112e-09	-3.03844e-23	-2.25831e-24	-5.1132e-24	0.230022	0.0121704	0	0.1	0.0138907
-1.27026	1.18459	-1.54026	2.00072e-08	1.62354e-08	1.63757e-09	-6.16685e-25	-4.56411e-25	7.97828e-24	0.229978	0.0121635	0	0.1	0.0209228
0.48753	-4.18764	-0.922806	6.77424e-08	-1.4636e-07	-6.9738e-08	-7.7029e-24	6.86672e-23	-4.27777e-24	0.229971	0.0121624	0	0.1	0.00548657
2.2663	-4.33558	-0.635481	-7.60172e-09	1.21447e-07	7.53452e-08	5.47149e-23	1.59454e-22	-1.10514e-23	0.229821	0.0121387	0	0.1	0.00853984
-1.90093	3.53496	-1.12347	-1.16328e-07	3.10274e-08	2.12759e-08	4.43801e-23	6.93186e-23	1.12256e-23	0.229809	0.0121367	0	0.1	0.0065944
1.20774	1.91401	1.33041	4.26612e-08	-7.57096e-08	-1.4557e-07	-8.10851e-23	-9.14074e-23	-1.04655e-22	0.229766	0.0121298	0	0.1	0.00834157
-1.87313	4.24984	-0.167945	8.94208e-09	1.43551e-09	-2.49572e-08	-1.47186e-23	-6.2604e-24	1.24022e-24	0.229731	0.0121244	0	0.1	0.00970696
0.785361	-0.0725317	-1.21989	-1.34648e-08	4.06196e-08	5.17528e-09	-1.47645e-23	1.44335e-25	-2.60274e-23	0.229708	0.0121207	0	0.1	0.0072208
0.687018	0.874449	0.564628	-1.02415e-07	9.91374e-08	-3.58403e-07	1.92608e-23	-1.55e-23	2.01728e-23	0.229632	0.0121088	0	0.1	0.0111913
1.9174	-3.56704	-0.188396	3.30381e-08	-1.01554e-08	9.2476e-09	3.07281e-23	-3.49247e-23	-5.88562e-24	0.229528	0.0120922	0	0.1	0.00835501
0.936131	1.4449	-0.339144	-3.9207e-08	-5.77285e-08	5.60427e-08	-2.69885e-23	3.74585e-23	7.30431e-23	0.229389	0.0120703	0	0.1	0.00869931
2.46296	-3.26069	2.46115	-6.69779e-08	1.12564e-07	1.25311e-07	-1.14387e-23	1.62167e-22	2.47214e-24	0.229385	0.0120697	0	0.1	0.00767151
2.27018	1.76574	0.83655	2.37036e-08	-2.73035e-08	-1.10912e-08	-1.19101e-23	1.70901e-23	-1.2087e-23	0.229369	0.0120672	0	0.1	0.00679437
1.17353	-1.30759	1.17262	1.88552e-08	5.71718e-09	-5.37997e-08	1.96119e-22	1.33372e-22	-2.63744e-22	0.229259	0.0120497	0	0.1	0.00640024
1.1496	2.07069	-0.892095	5.24414e-08	-2.71421e-08	4.33808e-08	3.86309e-24	8.86128e-25	1.74418e-24	0.229194	0.0120396	0	0.1	0.0109643
-1.38419	-2.53951	-1.33447	-7.48668e-11	-2.95104e-11	5.18686e-11	-5.69144e-34	7.04253e-34	-4.17144e-34	0.229172	0.0120361	0	0.1	0.0143021
2.24802	3.11482	-1.95299	1.10255e-07	2.34957e-07	-1.95737e-08	-6.24724e-23	-1.65196e-23	5.58e-25	0.229117	0.0120275	0	0.1	0.00597571
-1.13108	-0.0520479	-0.396954	6.28193e-08	2.94832e-09	6.1946e-08	2.32843e-22	8.8947e-24	5.56119e-22	0.229068	0.0120196	0	0.1	0.00539021
0.130853	4.33105	1.263	4.09028e-08	-1.82603e-08	-8.00656e-08	-1.66272e-23	-5.01697e-23	-1.57982e-23	0.229065	0.0120193	0	0.1	0.0140091
-0.507229	4.42321	-1.30149	3.09942e-08	8.79023e-08	3.32274e-08	7.03302e-24	9.9729e-24	-2.09626e-24	0.229019	0.012012	0	0.1	0.00553959
0.117434	-3.22837	-0.390979	-5.0087e-08	3.45117e-08	-1.56617e-08	2.07371e-24	3.26328e-25	8.48464e-25	0.228976	0.0120053	0	0.1	0.00784963
2.4157	-3.47178	0.383019	-1.52882e-07	3.46975e-07	-1.67592e-07	-1.88558e-22	-9.90043e-23	9.49244e-24	0.228953	0.0120016	0	0.1	0.00952408
0.756194	-2.32849	-1.09899	-8.9419e-08	-1.18156e-07	-9.69286e-08	-1.04502e-23	2.75828e-23	-9.09804e-23	0.228804	0.0119781	0	0.1	0.00750301
-1.42144	1.60354	0.554347	3.44382e-08	-4.77439e-08	2.02921e-09	-1.70676e-23	-3.83586e-23	-5.47003e-25	0.228768	0.0119725	0	0.1	0.00783131
1.08156	-3.2399	2.08336	-3.75538e-08	3.77367e-08	-2.23897e-08	3.30304e-24	-6.0382e-24	-5.91445e-24	0.228747	0.0119692	0	0.1	0.00762494
-0.823247	-3.31865	0.940164	-2.96463e-07	9.40548e-08	-8.12105e-08	-4.25289e-22	-5.17146e-24	-7.51093e-23	0.228687	0.0119598	0	0.1	0.00667358
2.26136	-0.937804	-1.00588	-3.37668e-08	1.71167e-07	-2.59562e-08	1.67364e-22	-2.8373e-22	1.50057e-22	0.228552	0.0119387	0	0.1	0.00993967
-1.11712	2.39352	2.36471	7.648e-08	-8.35552e-08	1.14864e-07	4.54031e-23	9.04479e-23	2.1935e-23	0.228486	0.0119283	0	0.1	0.00912106
1.53189	2.71112	-2.44313	6.25212e-08	-1.28456e-08	4.07843e-08	-1.02949e-22	8.61271e-24	1.21453e-22	0.228441	0.0119212	0	0.1	0.0062603
0.634114	3.27663	2.42233	-2.73816e-08	8.25962e-08	-3.49074e-08	-2.23535e-23	-5.2341e-23	-6.43144e-23	0.228345	0.0119063	0	0.1	0.00664965
-1.55624	2.45254	2.47607	4.37148e-08	-9.82819e-08	2.22921e-08	-2.32958e-23	-6.13967e-23	-1.76362e-24	0.228247	0.011891	0	0.1	0.00733019
1.26377	-2.46579	0.425783	9.82187e-08	9.80952e-08	8.67996e-08	-9.54511e-23	-5.97018e-24	-1.57012e-23	0.228176	0.0118798	0	0.1	0.0119637
2.13864	-2.73229	-2.33621	4.95871e-08	-1.70088e-08	-8.76055e-09	-1.11462e-24	-8.56094e-24	1.07057e-23	0.228087	0.011866	0	0.1	0.0114706
1.06427	1.7983	1.74979	-3.12169e-07	-3.02004e-08	-2.26379e-07	-1.33599e-22	2.58602e-22	-7.15308e-23	0.228051	0.0118603	0	0.1	0.00724394
-1.41868	1.18861	0.200465	9.7334e-08	1.13671e-07	1.78495e-07	-3.28564e-23	-1.01067e-22	-1.65885e-22	0.227993	0.0118513	0	0.1	0.00613539
1.86288	3.38084	-1.87315	5.08564e-08	2.27726e-08	6.55176e-08	-8.41607e-23	3.50682e-23	-4.57563e-23	0.227935	0.0118422	0	0.1	0.00447306
1.07087	-3.87077	1.95472	-1.28651e-10	-9.00014e-09	1.61229e-08	6.78959e-23	4.80237e-25	4.80624e-23	0.227766	0.0118159	0	0.1	0.00780224
0.151494	-4.38017	-0.67893	-2.96796e-09	1.30192e-07	5.97479e-08	-9.89218e-23	2.32129e-23	-1.13826e-22	0.227682	0.0118028	0	0.1	0.0056929
-1.75471	3.67716	0.597294	1.40623e-07	3.18354e-07	-1.02319e-07	-2.92746e-23	-3.90613e-23	3.52014e-24	0.227633	0.0117953	0	0.1	0.00641556
0.574503	-1.30659	-0.34602	5.47079e-08	6.56926e-08	-8.38905e-08	5.00363e-23	-8.30927e-24	-1.8766e-23	0.227494	0.0117735	0	0.1	0.00484928
-1.28293	3.31032	-2.23802	-9.94918e-08	-9.95731e-09	7.06298e-08	1.96144e-22	-1.50454e-23	-2.4955e-23	0.22746	0.0117684	0	0.1	0.0072008
-1.54077	-2.40613	-1.77964	-1.94439e-07	-1.48196e-07	8.68805e-08	-5.42908e-24	-4.60831e-23	-8.6063e-24	0.227458	0.011768	0	0.1	0.00883841
1.5241	0.353629	0.196061	1.09536e-07	-9.48132e-08	-1.95821e-07	7.4865e-23	2.71995e-23	-3.27192e-23	0.227364	0.0117535	0	0.1	0.00678702
1.87052	1.33552	1.53412	-4.95849e-08	2.03832e-09	-2.16623e-08	-2.27138e-23	3.35558e-24	-1.90449e-23	0.227272	0.0117392	0	0.1	0.00522304
1.71401	-1.96281	-1.77474	1.11398e-07	1.53517e-07	-7.24322e-08	4.67158e-22	-1.92446e-23	-1.22946e-22	0.227267	0.0117384	0	0.1	0.00658282
-2.04657	-1.90906	1.04569	-1.66403e-07	2.34018e-07	1.66279e-07	-4.03647e-23	1.61043e-22	-1.43721e-23	0.227257	0.0117368	0	0.1	0.00840327
0.830326	-3.73699	2.43035	-7.76458e-08	1.36075e-07	7.40802e-08	-1.32999e-22	-3.43823e-22	2.37326e-22	0.227235	0.0117334	0	0.1	0.00666863
0.169693	0.732285	-0.460616	1.34442e-07	9.64605e-09	-8.81793e-09	3.16967e-22	-2.0689e-22	3.88783e-22	0.227121	0.0117158	0	0.1	0.00687743
-2.04175	-0.146792	1.77078	-6.89308e-08	-2.83688e-08	-5.78155e-08	-2.06582e-23	4.14759e-23	5.15714e-24	0.227041	0.0117034	0	0.1	0.00672552
-0.608689	-2.42088	-1.9639	2.57006e-09	-7.6579e-08	-1.84062e-07	4.35939e-24	-4.85601e-23	1.69431e-23	0.227022	0.0117005	0	0.1	0.00524594
-2.05521	-1.37722	-2.23663	1.98558e-08	5.01657e-08	-8.4479e-08	-2.79772e-23	1.27714e-23	-1.04853e-23	0.22694	0.0116877	0	0.1	0.0133232
-1.20506	2.83361	-2.21499	2.27056e-08	2.6696e-07	7.21102e-08	3.77052e-22	1.53175e-23	-2.82802e-22	0.226875	0.0116778	0	0.1	0.00555726
0.556723	1.87126	-1.11289	-5.47554e-08	-1.44721e-07	9.42312e-09	-2.75202e-23	-3.87898e-23	-3.91535e-23	0.226667	0.0116456	0	0.1	0.00492497
-1.95443	-2.99366	1.39256	-1.82785e-08	-2.1793e-07	1.4231e-07	-3.65175e-23	1.60535e-26	-4.45676e-24	0.226615	0.0116377	0	0.1	0.0114301
-1.23779	0.834576	0.538904	-1.27442e-08	7.24209e-10	-3.59139e-08	-3.75824e-25	-1.05294e-23	-7.54327e-26	0.226596	0.0116348	0	0.1	0.0062276
2.14242	1.65087	1.71454	-7.41328e-08	-1.01585e-08	4.59828e-08	1.43613e-22	7.93873e-23	1.50987e-22	0.226464	0.0116144	0	0.1	0.00617699
0.182346	-0.132328	-0.434636	1.39555e-08	-2.56715e-08	-2.91148e-08	4.06506e-23	4.75159e-24	1.43981e-23	0.226461	0.0116139	0	0.1	0.0115833
-2.38373	-3.13143	0.0624539	-7.73323e-08	-3.29612e-07	-9.82702e-09	2.25682e-23	-8.88514e-22	-1.66345e-22	0.226445	0.0116114	0	0.1	0.00497599
1.90951	0.893502	1.43797	1.36535e-07	2.39794e-08	-8.07287e-08	2.8558e-23	-4.37013e-23	-4.69797e-23	0.2264	0.0116046	0	0.1	0.00792604
2.37054	1.41239	1.40442	2.87051e-08	4.82618e-08	7.41256e-08	-1.85248e-23	-9.24614e-23	1.74711e-22	0.226393	0.0116035	0	0.1	0.013206
0.0411961	-3.4401	-0.922391	-2.26134e-08	-4.73316e-08	5.48196e-08	5.38941e-23	-1.70528e-22	1.2608e-22	0.226276	0.0115855	0	0.1	0.00607602
1.10241	0.301303	1.98235	-1.29567e-08	-1.92764e-07	1.6274e-07	2.88419e-23	3.01066e-23	1.19373e-22	0.226241	0.0115802	0	0.1	0.0071275
-0.157039	-2.45826	-2.36788	-3.28683e-07	-8.54917e-08	-6.25176e-08	1.5615e-22	1.07823e-23	-7.09039e-24	0.226081	0.0115556	0	0.1	0.00598943
0.932873	-1.12804	-1.64729	-1.52458e-07	1.02875e-08	1.89707e-08	-3.38794e-23	-8.77716e-23	1.96632e-23	0.225946	0.0115349	0	0.1	0.0070326
2.34321	-0.448573	-1.85757	2.09021e-08	2.2812e-07	-1.81829e-09	-4.32864e-23	-5.31404e-23	-1.20145e-23	0.225943	0.0115345	0	0.1	0.00943792
0.173138	2.8923	-2.454	-1.06823e-08	1.13616e-09	9.18386e-09	-9.90893e-25	3.52806e-24	-1.45544e-24	0.225919	0.0115307	0	0.1	0.00866494
-1.99911	3.75169	-0.135742	1.5998e-08	1.50122e-07	6.65904e-08	4.9929e-23	-8.7471e-24	2.24959e-22	0.225909	0.0115292	0	0.1	0.0056829
2.45118	-1.5172	0.464764	6.99187e-08	8.67444e-08	-2.21072e-08	4.7856e-22	-4.07102e-23	-3.18448e-22	0.225904	0.0115285	0	0.1	0.00476263
0.000975068	2.00942	1.80972	1.76404e-08	-2.99549e-10	4.48592e-09	-1.64707e-24	-5.56815e-24	-5.68821e-24	0.22567	0.0114927	0	0.1	0.00707752
-2.36076	-0.709714	-2.07686	-2.86716e-07	-1.10055e-07	-2.32212e-08	-2.31791e-22	-2.1328e-22	-8.83366e-23	0.225613	0.011484	0	0.1	0.00713659
-0.951508	4.14431	-1.31585	-9.27982e-08	4.47811e-08	5.23239e-08	2.49749e-23	7.32326e-23	2.19415e-23	0.225601	0.0114821	0	0.1	0.00745394
0.888174	-3.70603	-1.67876	3.01009e-07	-4.2642e-08	-8.19594e-08	1.88172e-23	1.40521e-24	-5.76009e-23	0.225545	0.0114736	0	0.1	0.00737499
-2.06082	3.98773	-1.23549	-4.47959e-08	5.28222e-08	9.90792e-08	-2.30129e-22	1.67362e-22	-9.55375e-23	0.225381	0.0114486	0	0.1	0.00483974
0.984482	-0.886523	-1.26951	6.44502e-08	1.55415e-07	-8.55666e-08	-4.15532e-24	-2.46786e-23	-1.1956e-22	0.225173	0.0114169	0	0.1	0.00781782
-1.98983	4.3302	-1.51949	-2.03568e-07	-3.37001e-08	-4.6681e-08	-1.21678e-22	2.80044e-23	-1.79332e-23	0.225111	0.0114075	0	0.1	0.00654329
0.869099	-2.18486	2.40609	6.08688e-08	-9.19575e-08	1.74634e-07	-7.31514e-24	-4.33528e-25	-3.23392e-23	0.225109	0.0114072	0	0.1	0.009646
1.44854	0.544727	-1.574	2.93283e-09	-2.39043e-08	6.47289e-08	1.33159e-23	8.47265e-24	2.77579e-24	0.225014	0.0113927	0	0.1	0.0133358
