0.80342	2.10519	4.44837e-06	-0.000217006	-0.000487716	0.002213	1.29746e-19	-4.83204e-19	2.70683e-19	0.524846	0.144576	0	0.1	0.0291793
-2.01616	1.60677	1.01712	0.000398369	-0.00155265	0.000348164	-4.05603e-20	-3.30999e-20	6.17266e-20	0.524322	0.144144	0	0.1	0.0305696
1.71062	0.967896	-0.192283	8.24917e-05	0.000194096	-0.00208423	4.1882e-19	-1.8566e-19	1.02531e-19	0.524212	0.144053	0	0.1	0.0191414
-2.25408	0.809165	-0.226765	0.000356994	-0.00148217	0.000809032	1.95254e-19	-2.09833e-20	-2.92412e-21	0.523895	0.143791	0	0.1	0.0240657
-1.4576	0.766093	2.15434	0.000396732	0.000726699	-0.000116639	1.4141e-20	1.25896e-20	5.71058e-20	0.523609	0.143556	0	0.1	0.0309512
-1.92852	0.202596	-1.01585	-0.000468794	0.00032798	-0.00132341	-1.03265e-19	5.58045e-20	2.96295e-20	0.523432	0.143411	0	0.1	0.0235317
-1.91329	-3.22385	0.638801	0.00136944	0.000637035	-0.000708852	-1.49613e-19	2.21276e-19	1.58586e-19	0.523282	0.143287	0	0.1	0.017783
-2.35844	-3.9247	1.6181	0.00253447	-0.000733844	-0.0005815	-5.71435e-19	-9.51397e-21	2.832e-19	0.523	0.143056	0	0.1	0.0284614
-2.2331	-1.21874	-0.524604	-0.00058057	0.00109477	0.000201495	-3.11134e-20	3.27074e-21	-6.9813e-21	0.522213	0.142411	0	0.1	0.0269723
1.95816	1.65818	-2.03403	0.00150999	-0.00133273	-0.000496197	5.95793e-19	-1.20022e-19	-2.46971e-20	0.521675	0.141971	0	0.1	0.0256313
0.929192	-1.55933	0.265192	-0.000576251	0.0013596	-0.000231357	2.68155e-19	-3.23424e-19	5.2763e-20	0.521666	0.141964	0	0.1	0.0224451
0.817173	4.20578	0.957721	-0.000857909	0.00140567	0.000872847	3.34201e-20	-2.66504e-19	-1.24106e-19	0.521614	0.141922	0	0.1	0.020636
1.44128	4.30824	-0.463137	-0.00159464	-0.00124376	0.00012817	1.12011e-19	3.29092e-20	8.4491e-20	0.520533	0.141041	0	0.1	0.0183885
0.228346	-0.362609	2.43382	0.000884961	0.00065965	-0.000471348	-1.28577e-19	-4.55429e-19	-2.22142e-19	0.520389	0.140924	0	0.1	0.0297736
-1.71128	3.78361	1.33721	-0.000313661	0.00134195	-0.00100881	-2.39028e-19	-5.1731e-19	2.86419e-19	0.520324	0.140871	0	0.1	0.0243975
0.762844	1.14542	-1.33178	-0.000861319	-0.000697509	0.000172802	-4.91115e-21	-1.87189e-19	-1.29351e-20	0.52032	0.140867	0	0.1	0.0211943
-0.257671	1.26964	-0.160952	0.000462071	0.000826496	-0.00131173	-2.06492e-19	-7.91072e-20	-1.85579e-19	0.520271	0.140828	0	0.1	0.0271616
0.068675	-1.52168	0.850791	-0.000392584	0.000582288	0.000834127	4.53092e-20	-7.19326e-20	-1.08182e-19	0.520146	0.140726	0	0.1	0.023931
-1.15879	-2.67495	1.10507	-0.00107837	0.00266125	0.00093331	3.43685e-20	3.63325e-20	1.25725e-19	0.520004	0.140611	0	0.1	0.0195898
1.92932	-2.84315	0.00521261	0.000621597	-6.60093e-05	0.000330484	-1.39653e-19	8.69996e-20	-4.02405e-20	0.519757	0.140411	0	0.1	0.0203307
0.350261	3.23196	-0.483736	0.00133364	0.000328754	0.000572394	-2.77036e-19	-1.55946e-19	8.06761e-20	0.518893	0.139712	0	0.1	0.0219626
-1.2199	-1.13872	-0.749533	-0.000705817	-0.000393904	-0.00187	4.98481e-19	-1.43793e-19	1.51937e-20	0.518846	0.139674	0	0.1	0.0219093
-1.08969	-4.36654	-0.823319	-0.000582089	0.000545259	0.000145507	3.75682e-20	4.33342e-19	2.02847e-19	0.518509	0.139402	0	0.1	0.0195134
-1.18486	-4.14818	2.22633	0.000996838	0.00103475	-0.000493698	8.27354e-20	4.93728e-20	1.2668e-19	0.518469	0.139369	0	0.1	0.021784
2.01742	-3.35958	-0.899801	7.38733e-05	0.00156062	0.000304391	-5.94395e-20	-1.43014e-19	-4.32213e-19	0.518089	0.139064	0	0.1	0.0231438
-0.442304	3.79621	-0.89923	-0.000188882	0.00115523	8.25467e-05	1.36798e-19	-1.13627e-19	3.47384e-19	0.517613	0.13868	0	0.1	0.0196457
0.301628	-1.79509	-0.838124	0.00104733	-0.000948913	-0.000244294	7.40257e-20	1.163e-19	-3.0473e-19	0.517573	0.138648	0	0.1	0.018369
2.24153	0.665721	-2.14884	0.000821925	-0.00217908	0.00100136	-9.08133e-20	8.6084e-21	-2.88621e-19	0.517023	0.138207	0	0.1	0.022495
-1.09737	-2.97877	-1.94904	-0.00050651	-0.000664943	0.00133087	1.11053e-19	-6.51796e-20	-3.53449e-20	0.515939	0.137339	0	0.1	0.0171704
2.31852	2.30456	1.40735	0.000563597	-0.000829699	0.000464164	9.41604e-20	-1.04774e-19	-1.05364e-19	0.51593	0.137332	0	0.1	0.0194234
0.389401	-4.41871	0.114532	0.00033328	0.000205901	-0.000865883	9.8205e-20	9.24908e-20	-3.80769e-19	0.515892	0.137302	0	0.1	0.0214865
-0.161052	-2.53066	0.870686	-0.000663975	0.000221697	0.000423547	5.13887e-19	4.32184e-19	-6.44767e-21	0.51515	0.13671	0	0.1	0.026668
1.13782	3.42549	-2.03804	0.00104026	0.000971968	0.00110375	-6.09682e-19	2.15772e-19	-8.18238e-20	0.515017	0.136605	0	0.1	0.0176103
-2.43019	-0.788456	0.438362	0.00171548	0.000628787	0.00204736	-1.22819e-19	2.43008e-19	6.24814e-19	0.51479	0.136424	0	0.1	0.0168483
-1.00083	-3.10728	2.03319	-0.00021053	-0.000325853	0.000868927	1.64232e-19	5.2711e-19	1.69888e-19	0.514608	0.136279	0	0.1	0.0180189
-1.37188	0.265343	-1.88961	0.000865359	0.000560528	-0.000669791	-6.70303e-20	4.94101e-20	-9.18252e-21	0.514597	0.136271	0	0.1	0.0275603
-0.598243	3.19227	-0.0775854	0.000500742	-0.000709418	-0.000662001	-5.521e-20	-3.66929e-19	-5.1137e-20	0.514103	0.135879	0	0.1	0.020581
2.37789	-2.21729	0.693803	0.000179001	0.000427729	0.0008841	4.2361e-19	2.1727e-19	1.36388e-19	0.513382	0.135308	0	0.1	0.0252931
-1.7599	3.71641	2.36743	-0.000851531	-0.00158619	-0.000891587	-8.87559e-20	8.14168e-20	-2.31498e-20	0.513251	0.135204	0	0.1	0.0238529
-1.49121	1.75638	-2.25837	-0.00161064	-0.00332072	0.00260474	1.01307e-19	-2.15373e-19	1.98388e-19	0.51286	0.134895	0	0.1	0.0333674
1.80153	-1.3747	0.787834	0.00105289	0.00155978	-0.00175151	-1.19904e-19	-3.04508e-19	-4.90332e-20	0.511987	0.134207	0	0.1	0.0226455
1.13879	2.99829	-1.10448	0.000893638	-0.00197508	0.000242972	-6.34272e-19	3.40889e-19	-6.51323e-19	0.511935	0.134166	0	0.1	0.0249828
0.247142	-3.47044	-2.20859	-0.00251044	0.000673502	0.000169154	-9.39453e-20	-8.52276e-20	2.55704e-19	0.51175	0.134021	0	0.1	0.0215884
2.40593	-4.38278	0.588539	-0.00183695	-0.00136382	0.00146358	-1.48214e-19	-5.46229e-20	-1.42515e-19	0.511328	0.13369	0	0.1	0.0210239
-0.996086	0.0811717	0.31616	-0.000136118	0.000464448	0.00113431	-2.98569e-20	9.6113e-23	-6.81819e-21	0.510397	0.132961	0	0.1	0.0247556
1.81682	-3.16809	2.1152	-0.000452943	0.000521543	-0.000544154	2.73541e-19	-6.12331e-20	3.22167e-19	0.509973	0.13263	0	0.1	0.0258846
-0.513561	1.70379	1.25417	0.000176694	-0.000713289	0.0017733	-9.35004e-20	3.39434e-20	-4.06083e-20	0.509383	0.13217	0	0.1	0.0176052
2.47423	-3.1838	-1.80699	3.58454e-05	-0.00162265	0.00201426	-1.01587e-19	3.91027e-19	-5.44774e-19	0.509347	0.132142	0	0.1	0.0270733
-1.17896	-3.43797	-0.392441	-0.00210788	0.000411205	0.000726448	-7.39479e-20	1.06023e-19	-6.01772e-20	0.509054	0.131914	0	0.1	0.0195696
1.45046	-2.49487	-2.21363	0.0015612	0.00157896	9.66838e-05	4.03243e-19	-2.46551e-19	4.00853e-19	0.509023	0.13189	0	0.1	0.0252386
0.73832	1.59185	2.37887	0.00290939	0.000872712	0.00070299	-1.05214e-20	9.62471e-20	1.0973e-19	0.508934	0.131821	0	0.1	0.0163179
-0.672354	1.43404	2.2232	-0.000878853	-9.58792e-05	0.00123601	1.4876e-19	-2.61535e-19	-1.3336e-19	0.508766	0.131691	0	0.1	0.0258894
-2.23299	-0.133351	2.48165	0.000250392	-0.00257184	-0.000677056	9.08078e-20	-1.37132e-20	-2.55018e-20	0.508406	0.131411	0	0.1	0.0207406
-0.0942066	-1.31871	1.88998	0.00222745	7.95655e-05	-0.000210874	1.58387e-19	4.70954e-20	3.7044e-20	0.508337	0.131357	0	0.1	0.0202313
-1.77605	-2.42229	-2.4769	0.000942946	-6.81319e-05	-0.000169125	-2.21999e-20	-2.49419e-19	-3.26427e-20	0.508294	0.131324	0	0.1	0.0305515
1.09818	-3.89044	1.21995	0.00165356	0.00137996	-0.000274245	3.61648e-20	-1.32214e-19	-3.75499e-19	0.50781	0.13095	0	0.1	0.0202248
2.25877	-3.96143	-2.42573	0.000638823	0.000199513	-0.00112228	9.71089e-20	1.04816e-19	9.98566e-20	0.507753	0.130905	0	0.1	0.0223213
2.18878	0.723543	-1.12717	-0.0027433	-0.00223389	0.00138033	-3.73724e-20	1.25848e-21	2.79102e-19	0.507742	0.130897	0	0.1	0.022217
-0.932212	2.04502	-0.164474	-0.000879453	0.000210035	-0.000356182	7.08205e-21	-2.57618e-20	1.94158e-19	0.507637	0.130816	0	0.1	0.0225272
-1.83153	-1.6478	0.389732	0.000139763	0.00111393	0.000609618	6.10893e-20	-3.63306e-20	-4.7528e-20	0.507412	0.130642	0	0.1	0.0178391
-2.21574	2.81375	-0.960746	0.0011873	0.00143743	0.000342985	4.62583e-19	-4.90064e-19	-2.58153e-19	0.507009	0.13033	0	0.1	0.0212263
1.99024	3.76748	-2.48562	0.00167121	-0.000576136	0.000507375	-1.96126e-19	-1.29845e-19	3.58131e-22	0.506882	0.130233	0	0.1	0.0218881
1.70262	-1.84344	-0.349914	0.000367993	-0.000461819	0.00133559	-2.6146e-19	-3.23861e-19	-3.42426e-19	0.506866	0.130221	0	0.1	0.0225043
0.498526	0.612454	2.25812	8.93535e-05	0.00127192	-0.000976377	1.37258e-20	3.73295e-20	-1.96191e-19	0.50679	0.130162	0	0.1	0.0209101
-2.42043	-1.90921	-1.88431	-0.000588666	0.000415634	-0.00140561	-7.99961e-20	-1.18665e-19	4.10332e-20	0.5066	0.130015	0	0.1	0.0264904
1.8799	-1.77512	1.72024	0.000934525	0.000377002	-0.00133342	7.46238e-20	-3.45599e-20	2.53316e-19	0.505811	0.129409	0	0.1	0.0278395
-2.15667	1.49737	-0.986031	0.000974044	-0.00278255	-0.000772201	1.86745e-20	2.07673e-19	-1.63771e-22	0.505626	0.129267	0	0.1	0.0213577
0.070769	-0.167169	1.43935	6.22438e-05	0.00149847	-0.000586496	5.51241e-21	2.26099e-19	-5.09988e-19	0.505592	0.129241	0	0.1	0.0240762
1.5513	0.787699	0.808891	0.0010587	0.000786608	-0.0014034	1.79479e-19	-1.72842e-21	-2.49669e-19	0.505452	0.129134	0	0.1	0.0199614
2.45765	2.32293	0.395616	-0.00105024	0.000216065	-0.000303319	2.10381e-19	8.21998e-20	1.09553e-19	0.505336	0.129045	0	0.1	0.0195776
-0.473965	0.462981	2.0113	-0.00084945	-0.000299574	0.000843588	-2.44121e-19	1.50943e-21	1.32257e-19	0.505116	0.128877	0	0.1	0.0220991
-1.54874	2.84717	-0.200927	-0.000791617	0.000917651	0.00243639	-1.98103e-19	-2.28115e-19	-2.77358e-20	0.504879	0.128695	0	0.1	0.020733
1.80537	2.29121	-0.374671	-0.00139718	-0.000630567	-0.00026287	2.74383e-19	-5.6527e-20	-2.07219e-19	0.504584	0.12847	0	0.1	0.0220831
1.68231	-4.40255	1.86895	0.000760432	-0.00092437	-0.000832507	-1.1885e-20	-4.42511e-20	-1.82794e-19	0.504566	0.128456	0	0.1	0.0217812
-1.0071	0.819369	1.23257	0.000152039	-0.000615493	-0.000745958	-2.12162e-21	1.61671e-19	6.10813e-20	0.503757	0.127839	0	0.1	0.0269588
-0.665521	-2.02482	-1.07097	-5.9683e-06	0.00123905	-0.000343219	8.00946e-20	-5.50827e-19	-1.18454e-19	0.503666	0.12777	0	0.1	0.0208938
-1.69529	-1.17868	1.27436	-0.00182083	0.00113119	0.00123073	6.05688e-20	-7.15529e-20	-2.38093e-20	0.503279	0.127476	0	0.1	0.0279101
2.28042	3.15154	-0.153527	-0.00217797	0.000413779	-0.000844666	1.29625e-19	-4.24957e-19	-1.50629e-19	0.502994	0.127259	0	0.1	0.0204482
1.94082	2.43485	-1.36634	0.00228035	0.000159424	-0.0015704	7.60317e-19	-2.18844e-19	7.13622e-19	0.502964	0.127236	0	0.1	0.0210058
-0.0928168	0.621024	-1.13374	-0.00100017	-0.000541319	0.00162114	-1.13518e-19	-9.09507e-21	-3.25253e-20	0.502714	0.127046	0	0.1	0.0255642
-0.000398367	3.7613	0.530407	-0.00159669	0.000485716	0.00218651	2.22349e-21	1.06851e-19	1.88033e-19	0.50255	0.126922	0	0.1	0.0266736
0.734325	-3.62256	-0.417972	-0.000491028	0.000464007	-0.00177737	5.09526e-19	2.0227e-19	-7.21006e-19	0.502442	0.12684	0	0.1	0.0206227
-2.33198	0.658004	0.78506	-0.00165979	-0.0015032	0.000929193	-4.78267e-20	-7.47621e-20	-2.02461e-20	0.50229	0.126726	0	0.1	0.0205764
-0.725693	3.61258	1.68027	-0.00244114	-4.98777e-05	0.000241734	5.07444e-19	2.50126e-20	3.52331e-20	0.501803	0.126357	0	0.1	0.0273129
0.337607	2.24736	1.21064	3.80183e-05	-0.000335308	-0.00055588	4.76267e-20	-2.97122e-19	-1.69982e-19	0.501655	0.126246	0	0.1	0.0234109
0.437062	-3.06445	1.61436	0.000357534	0.00034272	-0.000664622	-5.28365e-20	-2.03428e-19	2.44695e-19	0.501502	0.12613	0	0.1	0.0257434
-0.430404	-1.05537	-2.19507	0.000987147	-0.000214268	-2.65814e-05	-1.85392e-20	8.1596e-21	9.4796e-20	0.501498	0.126127	0	0.1	0.0224104
0.129406	-3.34001	0.330395	0.000927882	0.000610596	-0.000140445	2.6701e-19	9.31998e-20	-8.0104e-20	0.500645	0.125485	0	0.1	0.0173696
1.62027	2.13061	2.12503	0.000278096	-0.000400761	0.0003181	-1.9105e-19	3.9875e-19	4.32631e-19	0.500505	0.125379	0	0.1	0.0173862
-1.81154	2.63345	-1.86539	0.00112493	-0.000941628	0.000362503	8.11475e-20	-2.06527e-20	2.53193e-20	0.500425	0.125319	0	0.1	0.0191958
-0.0590807	1.68736	-1.59967	-0.000673543	0.000372252	0.000244869	-3.66665e-20	-1.0325e-19	-8.8924e-20	0.500152	0.125114	0	0.1	0.0289808
-0.240569	-1.00131	-0.504739	-0.000713358	-0.000888248	-0.00107159	-9.13109e-20	-1.638e-19	1.81952e-20	0.50005	0.125037	0	0.1	0.0170034
-0.721024	-3.92748	0.550673	0.000287096	0.000678658	0.000886347	-1.65772e-19	-6.49729e-20	-2.39182e-19	0.499913	0.124935	0	0.1	0.0203062
-1.75002	-0.379426	-0.193418	-0.000526658	-0.000197521	-0.00134866	-3.6779e-19	1.6979e-19	1.97776e-20	0.499909	0.124931	0	0.1	0.0204815
-0.845137	4.18336	0.866135	-0.00276312	0.000500246	0.00021381	3.1953e-19	-6.81073e-20	-1.26133e-19	0.499869	0.124902	0	0.1	0.020762
-1.91538	2.73972	1.9108	0.00153748	-0.0010488	-0.000162454	-6.25709e-20	-6.68115e-22	6.82196e-21	0.498933	0.124202	0	0.1	0.0237616
1.0181	-1.84477	-1.5766	-0.00165841	0.000119659	-0.00010435	2.32834e-20	2.89171e-19	-8.35534e-20	0.498754	0.124068	0	0.1	0.0219568
0.567023	-0.652763	-0.031297	-0.000633105	0.00166045	-0.00152033	-4.455e-20	-1.88396e-19	1.12716e-19	0.498719	0.124042	0	0.1	0.0239265
-2.37186	-1.17395	2.01142	-0.000665217	0.000932506	0.00270879	2.12793e-19	-5.52457e-21	-4.78352e-20	0.497341	0.123016	0	0.1	0.0264572
0.0015364	0.981412	0.779434	-0.000931656	-0.000402618	-0.000798178	-1.96819e-19	9.7763e-20	-1.40067e-19	0.49708	0.122823	0	0.1	0.0208749
1.28448	-4.01348	-1.15479	0.00168835	-0.000576904	-0.000123275	2.65019e-19	-3.87413e-19	6.48649e-19	0.49698	0.122749	0	0.1	0.019674
0.552235	-1.27096	-2.24326	-0.00044612	-0.000475227	-0.00166617	-3.82511e-19	-3.61999e-19	-5.31018e-19	0.496954	0.122729	0	0.1	0.0253565
-1.23566	-0.196613	1.25348	-0.00131042	0.000613072	0.00116049	8.39475e-20	3.30287e-20	2.79245e-20	0.496238	0.122199	0	0.1	0.0300085
-1.14253	-2.00275	1.86648	0.00343344	0.00122791	0.00232565	3.03836e-19	-6.62693e-20	2.1854e-20	0.496087	0.122088	0	0.1	0.0308039
-1.47843	-4.15927	1.16197	-0.00220905	0.00121954	0.00102699	-2.93035e-19	-2.31919e-19	9.15058e-21	0.49558	0.121714	0	0.1	0.0237137
1.07916	-0.674419	0.836475	-0.00143776	0.000486347	-0.000657073	2.05074e-20	-1.72731e-20	7.12715e-20	0.495221	0.12145	0	0.1	0.020223
-0.231607	0.842757	-2.09621	0.000587795	-0.000631017	0.000948469	8.43007e-20	1.06069e-19	-5.25972e-20	0.494792	0.121135	0	0.1	0.0260265
-1.0498	3.21177	0.823321	-0.00101722	-0.000190158	-0.00101857	-7.97177e-19	-1.12421e-18	7.55239e-19	0.494194	0.120696	0	0.1	0.0175089
-1.4972	3.8205	-1.65432	-0.00180806	0.000544421	0.000662594	3.93329e-20	-2.79646e-20	-3.24009e-20	0.494182	0.120687	0	0.1	0.0211647
-1.83208	-3.4229	-2.49107	-0.00102745	-0.000419581	-0.0001279	1.8861e-20	1.05513e-19	-2.82685e-19	0.494105	0.120631	0	0.1	0.0192542
-0.267025	-3.85419	-0.422752	-0.00187515	0.000168216	0.00117901	-5.17926e-20	1.00076e-19	-5.9364e-20	0.493902	0.120482	0	0.1	0.0159227
1.6418	1.74956	0.456058	0.000201049	-0.00196878	0.00112291	4.70268e-19	1.46581e-19	2.06759e-19	0.493897	0.120478	0	0.1	0.020687
0.821782	2.58264	-2.49274	0.000816968	0.00176226	-0.000575044	9.00085e-20	1.20442e-19	2.39889e-19	0.493667	0.12031	0	0.1	0.0155389
-0.0795634	-1.93783	-1.87306	-4.08372e-05	-0.00114376	-0.000986501	3.49152e-19	-3.82323e-19	-1.57769e-19	0.49365	0.120297	0	0.1	0.022628
0.999123	-1.32899	1.87487	2.62447e-05	-0.000211319	-0.00134215	8.32064e-20	2.40567e-19	-1.36569e-19	0.493612	0.12027	0	0.1	0.0181899
-0.67925	-0.514116	2.00798	0.00062965	-0.000759805	-0.000442544	3.35604e-19	-2.53756e-20	3.44616e-20	0.493572	0.120241	0	0.1	0.0210044
-0.140412	-4.48371	-2.37932	0.000719554	-0.00196218	-0.000227687	-1.11203e-19	-4.54284e-19	-4.21336e-19	0.493515	0.120199	0	0.1	0.0171275
-1.41249	-2.07333	-0.412972	0.00133009	2.69786e-05	0.00166188	5.32509e-19	1.19907e-19	1.8884e-19	0.493297	0.12004	0	0.1	0.0276033
0.853435	0.18779	0.409752	0.00165381	0.000976824	-0.00134046	3.54839e-19	-1.92267e-20	-2.18021e-19	0.492972	0.119803	0	0.1	0.0213423
-0.800716	3.83536	-2.3534	-0.00105087	-0.000900372	0.000827485	1.47499e-19	9.69536e-22	4.60011e-19	0.492872	0.11973	0	0.1	0.0204386
1.63739	1.55146	-1.02181	-0.000130487	0.000391824	-0.00233786	1.99256e-19	1.7053e-21	3.35861e-19	0.492758	0.119647	0	0.1	0.0199717
-1.24548	2.24479	0.835637	0.000548492	-0.000867639	0.00044109	3.1767e-19	3.46003e-19	2.27412e-19	0.4926	0.119532	0	0.1	0.0168781
1.55165	3.51079	1.03239	-0.00138836	0.000141001	0.000227299	-1.11283e-19	-1.99273e-19	-3.11507e-19	0.492534	0.119484	0	0.1	0.0217972
-0.949874	-4.39908	-1.82346	0.000519321	0.000193215	-0.000134067	2.65201e-19	2.47804e-19	2.47805e-20	0.492295	0.11931	0	0.1	0.0174301
1.23975	2.63631	1.36028	0.000605937	-0.0012878	-0.00120857	-1.81127e-19	1.38647e-19	1.47562e-19	0.492272	0.119293	0	0.1	0.0227972
-1.14909	3.09866	-1.07987	-0.00167745	0.00153586	0.0024719	2.46848e-20	2.88356e-20	1.72865e-19	0.491925	0.119041	0	0.1	0.0217765
-0.774249	-2.63848	0.0797591	0.00236578	-0.00268761	-0.00205548	-7.26372e-22	3.54724e-19	2.59071e-19	0.491617	0.118818	0	0.1	0.0287163
-0.909738	0.61173	-0.567399	-0.00190639	0.00116924	0.000806315	5.391e-19	7.14063e-20	3.44946e-19	0.491485	0.118722	0	0.1	0.0256415
-1.32896	-0.834545	-1.8356	0.00155072	0.00049739	0.00214369	-4.39281e-20	-1.53926e-19	8.11931e-20	0.491288	0.118579	0	0.1	0.0209962
1.71973	3.79158	-1.30211	3.69211e-05	-0.000728215	0.00145699	-1.81002e-19	1.76964e-19	4.30054e-20	0.491145	0.118475	0	0.1	0.0151498
-1.51384	-1.74052	-1.50479	0.000122272	-0.00100937	-0.0022778	6.16955e-20	9.33465e-20	3.1223e-21	0.490831	0.118248	0	0.1	0.0242032
-1.86095	1.71714	-0.00419571	-0.000620874	-0.000750764	0.000877566	5.03147e-20	-3.06122e-20	-2.3825e-19	0.490352	0.117903	0	0.1	0.0186143
1.67355	-0.826381	-0.609534	0.000123682	6.92212e-05	0.00176629	3.8201e-20	-1.93036e-19	-3.35158e-21	0.490022	0.117665	0	0.1	0.0216598
0.86527	-2.99679	-1.57855	0.000705155	-0.000516749	-0.00173393	-5.58819e-20	-6.06685e-19	-3.61654e-19	0.490019	0.117663	0	0.1	0.0224082
-0.415156	-4.49697	1.67676	0.000685718	-0.000692747	-0.000561992	2.16522e-19	-3.58321e-19	3.02781e-19	0.489751	0.11747	0	0.1	0.0232351
0.810973	-2.29036	0.953809	-0.000485932	0.00102028	-7.47058e-05	-1.01588e-19	5.70107e-20	1.39068e-19	0.489751	0.117469	0	0.1	0.0185552
1.30824	-4.05524	-2.1397	0.000703601	-0.000275306	-0.000403152	2.92262e-20	2.96878e-19	1.91542e-19	0.489355	0.117185	0	0.1	0.0172651
-1.41179	-1.12906	2.23308	-0.000154825	0.000607299	0.0015999	7.78004e-20	-9.45615e-20	3.56681e-19	0.48916	0.117045	0	0.1	0.0235557
-0.0654145	2.16219	-2.4667	0.00129785	-0.000393537	-0.000547404	-1.47428e-19	-9.14355e-20	8.58635e-19	0.488799	0.116786	0	0.1	0.0176715
1.07234	-3.14608	0.558262	0.00113343	0.00150556	-0.000659804	-1.27799e-19	-7.31339e-20	-1.56926e-19	0.488716	0.116726	0	0.1	0.0147336
2.30006	-3.04668	1.25007	0.000922084	-0.000960328	-0.00049616	-7.89208e-19	1.01951e-19	2.42905e-19	0.488661	0.116687	0	0.1	0.0261962
-1.00908	-0.213378	-1.0863	0.00021333	0.0006294	0.000346307	1.12812e-19	-1.42475e-19	-6.48693e-20	0.488379	0.116485	0	0.1	0.0209692
0.0243764	-2.73718	-1.05522	-0.00175755	-0.000546642	0.000369864	3.96499e-20	-1.09344e-19	4.66593e-22	0.488246	0.11639	0	0.1	0.0144877
-1.32344	3.8267	-0.351997	0.000332687	-0.000653697	-0.00102807	1.99263e-19	-1.01133e-19	-3.45386e-20	0.487898	0.116141	0	0.1	0.0219039
-2.2916	1.74218	2.14146	-0.000470152	-0.00196677	0.000586801	9.5052e-20	-7.3878e-20	4.68493e-21	0.487754	0.116039	0	0.1	0.0370062
1.77972	-1.51787	-2.32571	1.23351e-05	0.00228758	-0.00141345	3.82012e-20	-1.37289e-19	-1.25107e-20	0.487422	0.115802	0	0.1	0.0214066
-2.37553	-3.79253	-0.223472	0.000930801	0.00048653	0.000583251	-5.42743e-20	-2.61815e-20	-8.21813e-20	0.487408	0.115792	0	0.1	0.0171099
0.968984	4.01683	2.17159	-0.00078046	-0.000780752	-0.000306333	1.57662e-19	-7.34574e-22	4.35352e-20	0.486733	0.115312	0	0.1	0.0178681
1.91543	-1.51164	-1.26194	0.00160214	0.000442759	0.00152613	-3.67466e-19	-6.51585e-20	-8.83408e-20	0.48673	0.115309	0	0.1	0.0179529
0.062878	2.26209	-0.777097	-3.17058e-05	-0.000577059	0.000251615	-5.47949e-20	-9.48492e-20	3.16996e-20	0.486549	0.115181	0	0.1	0.0218791
-0.259546	-0.167202	-1.70761	0.000229415	0.000278548	-0.000338832	1.10252e-19	1.11388e-18	-6.70466e-22	0.486527	0.115165	0	0.1	0.0247805
2.30027	4.51152	-1.61826	-0.000717048	-0.00100607	-0.00152657	3.95838e-20	-3.18392e-19	-1.54156e-19	0.486408	0.115081	0	0.1	0.0190802
2.40838	4.1276	-0.249644	-0.000875004	0.000744739	-0.000285812	1.62419e-19	-1.87081e-19	-1.65583e-19	0.486326	0.115022	0	0.1	0.0156916
-0.112884	-2.31121	1.93759	-0.000972007	-0.000189574	-0.000384675	6.44244e-20	-8.17853e-20	1.39261e-19	0.485665	0.114554	0	0.1	0.0178452
0.597405	0.278428	-1.81315	0.000886929	-0.000539127	-0.00134061	-8.40638e-20	8.19897e-20	-2.34558e-20	0.485233	0.114249	0	0.1	0.0186106
0.485259	-4.29423	-1.65136	0.000757565	0.0026222	-0.000969542	-4.40302e-20	-2.10934e-19	2.00206e-19	0.485122	0.11417	0	0.1	0.0167407
-2.18513	-0.699528	-1.38638	-0.000516257	-0.000135028	-0.00102891	-3.30651e-20	-1.69245e-19	-8.18849e-20	0.485118	0.114168	0	0.1	0.0267222
-0.798113	1.48961	-0.979445	-0.00175124	0.00119154	-7.07895e-05	2.66862e-19	-1.56515e-19	-3.76541e-20	0.484966	0.11406	0	0.1	0.0299104
0.140067	-4.05201	1.01122	0.00120959	0.000135084	-0.000123551	-1.20885e-19	4.40814e-19	-1.44081e-19	0.484714	0.113882	0	0.1	0.0240874
-0.0614392	0.311054	0.0656838	-0.000564752	0.000373373	-0.00167816	3.13724e-19	1.21005e-19	3.04109e-20	0.484214	0.11353	0	0.1	0.019201
0.148835	3.2097	1.90623	-0.000252944	0.00138046	-0.00100111	-4.63152e-20	-1.12483e-19	7.99213e-20	0.484031	0.113401	0	0.1	0.0236271
0.368788	-3.9882	1.94992	0.000270656	0.000354102	0.000495453	-4.8791e-19	7.98247e-19	1.31363e-19	0.483887	0.1133	0	0.1	0.0195926
-0.515912	2.67923	1.445	-0.000274962	0.000115404	-0.000538368	-4.97253e-19	-4.82098e-19	-5.16194e-20	0.483483	0.113017	0	0.1	0.0184884
-2.46697	3.68344	0.644821	0.00256792	-0.00123911	-0.000123272	3.73104e-21	1.44252e-19	-1.34029e-19	0.48346	0.113001	0	0.1	0.0184089
-0.547306	4.33148	-0.0589428	-0.000412406	0.000405934	0.0004665	3.66497e-20	1.33698e-18	3.6441e-19	0.483335	0.112913	0	0.1	0.0193907
1.31453	-4.06784	0.268529	0.00155969	1.96652e-05	-0.000198086	-9.16073e-20	-9.02889e-20	-2.57797e-20	0.483107	0.112753	0	0.1	0.0198008
-2.37115	-2.18024	-0.268913	0.000925991	0.00034428	0.000841612	-6.38212e-20	5.28147e-20	-2.22703e-19	0.48233	0.11221	0	0.1	0.0167458
2.22771	0.438517	1.87832	0.00201888	0.00132534	-0.000290721	1.86022e-20	2.28891e-19	1.2787e-19	0.482189	0.112112	0	0.1	0.0255073
0.344374	2.59759	-1.64102	-0.000739299	0.000312879	0.000141175	-2.54321e-20	-1.18054e-21	5.67938e-21	0.482074	0.112032	0	0.1	0.0184417
-0.96429	-1.00206	0.240688	0.000295884	-0.000724499	-0.000404367	6.40543e-21	-7.76439e-20	-9.01669e-20	0.481799	0.11184	0	0.1	0.0229532
1.43717	2.77646	0.400788	0.000122987	0.000859197	6.99251e-05	-3.82447e-19	4.82105e-20	2.28546e-19	0.48163	0.111723	0	0.1	0.021335
1.36395	0.956483	1.88937	0.00316617	-0.00450295	0.000489265	-1.25695e-19	5.95534e-20	4.81865e-20	0.481265	0.111469	0	0.1	0.0185894
2.31892	3.74644	1.58318	-0.000540194	0.00112793	-0.000651128	7.11718e-20	1.79817e-19	2.39463e-19	0.481099	0.111353	0	0.1	0.0231392
1.18097	-2.46201	1.8345	-0.000386994	0.00142101	0.000280796	1.22075e-20	-2.22687e-19	3.86389e-19	0.480964	0.11126	0	0.1	0.0194612
1.26144	-2.68534	-0.749577	8.20127e-05	-0.000789578	-0.00088309	1.11192e-19	1.99217e-19	3.71237e-20	0.480226	0.110748	0	0.1	0.0197187
0.717021	0.563207	1.29701	0.00087087	0.00120002	-0.00121721	4.6274e-19	4.07406e-19	1.19319e-19	0.480221	0.110745	0	0.1	0.0148073
-0.202015	-0.507809	0.556048	-0.000168765	-0.00113477	0.000145486	3.70591e-20	-6.92344e-20	1.78842e-20	0.479907	0.110528	0	0.1	0.0230813
-2.28023	-2.28942	1.68389	0.00104035	-0.000384215	-0.000700846	6.57312e-20	-2.18589e-20	-2.778e-19	0.479792	0.110448	0	0.1	0.0272519
-1.88316	-4.30212	-2.07621	0.000233502	-0.00154726	-0.00111905	-1.26889e-19	-9.40911e-20	-6.13261e-20	0.479539	0.110274	0	0.1	0.0212892
1.27414	0.903904	-2.15588	0.000868672	-0.000749477	0.000781952	1.81217e-20	-9.25138e-20	-6.30326e-21	0.479243	0.11007	0	0.1	0.017944
0.492532	2.91314	0.507787	-0.00016948	0.000995551	0.000490862	2.5911e-19	-6.36883e-20	-3.87246e-19	0.478999	0.109902	0	0.1	0.0230194
0.356755	3.53563	-1.43393	-7.52601e-06	0.000491828	0.000186371	-2.01331e-19	1.20261e-19	2.57652e-20	0.478694	0.109692	0	0.1	0.0169213
2.16996	-0.63753	1.3372	0.000756505	0.000344538	0.000767973	1.87718e-19	1.04388e-19	2.7837e-20	0.478583	0.109615	0	0.1	0.0207042
-0.643928	2.91877	2.36745	0.000640574	-0.00049285	-0.000126442	3.35166e-19	-2.21324e-19	1.77455e-19	0.478314	0.109431	0	0.1	0.0187518
-1.87777	-2.84936	-0.765351	1.44951e-05	0.00194749	-0.00175721	-1.36496e-20	-1.03485e-19	1.44068e-19	0.477951	0.109182	0	0.1	0.0216045
-0.867672	2.41008	-1.73913	0.00135903	-0.000453921	0.000309832	-2.46759e-20	-2.29359e-20	3.30383e-21	0.477727	0.109028	0	0.1	0.0255982
-0.730513	-1.02635	1.18447	-0.00163006	0.000408545	-0.00130498	2.36778e-19	-8.9529e-21	9.9406e-20	0.477721	0.109024	0	0.1	0.0259907
1.18905	-0.479282	-1.86633	0.00080176	-0.00122234	-0.00102096	-7.13896e-20	-3.6197e-20	-7.89997e-20	0.477683	0.108998	0	0.1	0.0217941
-0.403981	-3.49958	-1.46469	-0.00113799	-0.00184536	0.00170631	-1.90698e-20	-6.52732e-20	-6.01273e-20	0.477452	0.10884	0	0.1	0.0205228
0.142439	-0.992385	-1.40393	0.00217146	-0.000179915	-0.00032633	3.25524e-20	-1.06089e-19	6.63403e-20	0.477429	0.108825	0	0.1	0.0190173
1.85217	-0.123006	0.597321	-0.000387512	-0.000445992	0.000218682	3.61211e-19	2.31736e-19	8.30876e-19	0.477005	0.108535	0	0.1	0.0210727
-0.340972	2.43551	0.528766	-3.43385e-05	-0.00029632	-5.7928e-05	-1.84841e-20	3.07208e-20	-9.92974e-21	0.476943	0.108493	0	0.1	0.0176825
1.34676	0.0625775	-0.415706	-0.00187956	0.000971005	-0.00390078	-1.55583e-20	-1.24613e-19	-1.68297e-19	0.476921	0.108477	0	0.1	0.0252523
0.838714	1.44776	0.953219	0.000119037	0.000602739	-0.0042881	3.75773e-21	2.5283e-20	1.40516e-19	0.476739	0.108353	0	0.1	0.0239145
1.47786	0.00813342	1.4643	0.000904266	0.0010623	0.00102601	-1.76723e-19	9.92293e-20	1.39229e-19	0.476537	0.108216	0	0.1	0.0192689
1.97001	-2.46867	-1.35415	-0.00113691	0.000359227	-0.001841	-6.37378e-19	9.89963e-19	-1.29059e-19	0.476304	0.108057	0	0.1	0.0213939
-2.08027	-4.42088	-0.891411	-0.000954056	0.000565799	-0.000973029	6.11383e-20	-2.86797e-19	2.67176e-19	0.476141	0.107946	0	0.1	0.016792
2.3554	2.51356	-2.35956	0.00109189	-0.000578646	-0.000559951	-4.83935e-20	2.19394e-19	-1.41752e-19	0.475741	0.107674	0	0.1	0.0205887
-1.95662	2.89222	0.949211	-0.000737936	-0.00150546	-0.000387019	-1.13409e-19	6.17418e-20	-1.45314e-19	0.475658	0.107618	0	0.1	0.0194415
-1.45859	2.18588	-1.00297	-0.00239325	0.00117819	0.000130652	7.4036e-20	1.63981e-20	3.72172e-19	0.475209	0.107314	0	0.1	0.0216425
-2.28297	-3.04083	2.01684	-0.000460246	-0.000236315	-0.001046	5.92295e-20	-1.02462e-19	1.63522e-19	0.274983	0.0207931	0	0.1	0.0119974
0.346899	-2.22249	0.350024	-0.000642135	-0.000407134	-0.000510698	2.49228e-19	4.51029e-19	2.18152e-20	0.27481	0.0207537	0	0.1	0.00947209
1.44316	4.44338	-1.62072	-0.00478839	0.00125989	-0.00523759	1.56635e-18	-1.45038e-18	-6.07246e-19	0.274774	0.0207457	0	0.1	0.00995542
1.22591	3.02518	-0.281414	0.00210845	-0.00233759	-0.00204314	-1.15248e-18	3.15506e-19	-9.14872e-20	0.274686	0.0207258	0	0.1	0.0161515
-1.31494	-3.09718	-1.1986	0.0036242	0.000734331	0.00308283	1.81304e-19	-1.00415e-18	-9.53212e-19	0.274441	0.0206704	0	0.1	0.0132374
-2.3888	-0.0345214	1.42942	0.000282339	0.00149736	-0.0026048	-5.42707e-19	1.12454e-18	-7.88333e-21	0.274388	0.0206583	0	0.1	0.00675912
0.567655	-1.98663	2.0552	0.00039206	-0.00166949	0.00240074	5.75005e-20	-1.70791e-19	6.50765e-20	0.274318	0.0206425	0	0.1	0.00918892
1.61831	2.3828	-2.07377	0.000141069	-0.00170584	-0.000790966	9.59134e-20	3.34307e-21	-8.83337e-21	0.274256	0.0206286	0	0.1	0.00908656
0.133087	1.73302	0.666993	-0.000269465	-0.000589937	-0.000804024	1.76688e-19	5.95625e-20	-6.82611e-20	0.274189	0.0206135	0	0.1	0.0188062
0.182706	0.231898	0.779138	0.000852596	-0.000331495	-0.0019444	-4.54177e-19	3.62604e-19	-6.59592e-19	0.274166	0.0206082	0	0.1	0.0139357
1.94521	-3.77762	0.783865	-0.0016931	-0.00170874	0.00404253	-8.43695e-19	-7.94368e-19	-4.41908e-19	0.274031	0.0205778	0	0.1	0.0139487
1.1692	-1.36251	-0.98946	-0.000166363	-0.000171855	0.000403599	-2.45675e-19	1.97085e-19	-1.53741e-20	0.273922	0.0205532	0	0.1	0.0103496
0.874525	3.22427	1.68849	0.000639493	-0.00192847	0.000723465	2.6048e-19	-1.8564e-18	2.41588e-18	0.273902	0.0205487	0	0.1	0.010719
-1.5252	1.0647	-0.604523	-0.00351905	-0.000522637	0.00116343	-1.57577e-19	6.68156e-20	-1.70468e-19	0.273648	0.0204916	0	0.1	0.0113547
1.70451	3.66669	-0.0761785	-0.00279231	-0.00039441	0.0028814	-1.5258e-19	4.94392e-19	5.93131e-19	0.273643	0.0204905	0	0.1	0.0128288
-1.11378	-3.26128	0.534288	-0.000158604	0.000266517	-4.37076e-06	4.33843e-21	2.27581e-21	1.85626e-20	0.27359	0.0204785	0	0.1	0.00994311
0.0565019	-2.7511	-0.166817	-0.000819901	0.000449398	-0.000273618	-9.79545e-20	-1.86278e-19	7.82518e-20	0.273547	0.020469	0	0.1	0.0115152
0.656108	3.56367	0.16735	-0.00132707	0.00196301	0.00131891	-1.61619e-20	-4.72299e-19	1.43293e-18	0.273295	0.0204123	0	0.1	0.0105102
0.38535	3.69492	-2.46333	-0.000826092	0.000839893	0.00169459	-5.24737e-19	-1.87326e-20	-7.21114e-19	0.273241	0.0204004	0	0.1	0.00938692
0.444912	-2.44412	2.43449	-0.000425672	0.000655675	-0.00046672	6.35333e-19	6.06993e-19	2.96023e-19	0.273196	0.0203902	0	0.1	0.0113118
0.200264	-1.36073	0.0189284	-0.000360668	-0.00118457	-0.000998715	-2.01821e-20	3.67567e-19	-7.80715e-20	0.273079	0.0203641	0	0.1	0.00892314
-0.562657	-0.0425981	-0.378227	-0.00166763	0.000600936	-0.00102002	5.39203e-19	1.52484e-19	-1.96203e-19	0.273018	0.0203505	0	0.1	0.0083531
0.0999936	3.1832	-2.05001	0.000192097	0.000124623	-0.00116976	2.389e-19	4.25479e-20	-1.90173e-19	0.272897	0.0203234	0	0.1	0.0108093
1.25672	0.712633	-0.795402	0.00234326	0.00254782	-0.00521754	1.94704e-18	-1.54979e-18	2.57591e-19	0.272697	0.0202787	0	0.1	0.0129686
-1.02604	1.30633	0.628276	0.00158592	-0.000262674	-0.000943429	2.60163e-20	-1.31387e-19	1.68296e-19	0.272615	0.0202605	0	0.1	0.0102022
1.07964	3.26414	2.19333	0.000459995	-0.00012166	0.000925914	3.36002e-19	-7.68183e-20	9.8084e-21	0.272555	0.0202472	0	0.1	0.0116443
-1.51218	-3.63738	-1.82826	-0.000463122	-0.00126468	8.29574e-05	1.54376e-19	6.4669e-20	-7.35605e-20	0.271744	0.0200669	0	0.1	0.00893537
0.612048	1.17044	1.72754	0.00545445	0.0015777	-3.48273e-05	-1.57298e-18	1.09483e-19	1.19333e-18	0.271606	0.0200363	0	0.1	0.00939458
-0.642718	-1.64978	-0.393409	-0.000816532	-0.000720338	0.00127915	1.44996e-19	1.139e-19	8.30597e-20	0.271091	0.0199226	0	0.1	0.012669
1.60334	0.271832	-2.39043	-0.000397818	-0.00254701	0.00370674	-1.5175e-19	6.19446e-20	-1.80787e-19	0.270962	0.0198941	0	0.1	0.010308
0.858745	-4.48479	1.66211	0.00228415	0.00157195	0.000989737	2.21134e-18	-1.57643e-18	-1.62891e-19	0.270951	0.0198918	0	0.1	0.00868032
2.29418	3.07437	1.24715	0.000187104	-0.000341372	0.00167841	-1.86225e-19	-8.19009e-19	-1.42312e-19	0.270899	0.0198803	0	0.1	0.00839095
1.84327	3.04379	-2.24197	0.00132058	-0.000463098	0.00159749	-8.23525e-19	-7.87227e-19	1.44658e-18	0.27089	0.0198782	0	0.1	0.00569292
-1.12755	-0.310608	-2.36326	0.000161541	-0.000381491	-0.000313335	-2.60999e-19	-5.60143e-20	-5.94187e-20	0.270139	0.0197134	0	0.1	0.010897
0.444869	2.18836	1.97246	0.000373447	-0.000279055	-0.000724582	-3.41912e-19	5.82672e-19	-2.86189e-20	0.270026	0.0196887	0	0.1	0.0070409
-0.676458	-0.795144	-1.44631	0.00227094	0.000137351	0.00135918	-2.04776e-20	1.71036e-19	9.0482e-22	0.269606	0.0195969	0	0.1	0.010809
-2.31181	-3.73522	-1.07073	-0.000919179	0.00046924	-0.00256776	-2.81102e-19	-1.76399e-19	-1.9738e-19	0.269573	0.0195898	0	0.1	0.0107963
0.391329	1.13856	-0.63484	0.00441397	0.00164628	0.00322149	-9.33987e-19	-1.1579e-18	1.78812e-19	0.26954	0.0195826	0	0.1	0.00742884
-1.33809	2.80332	1.40051	-0.000171884	0.000408656	-6.20088e-05	2.66493e-19	-1.77283e-20	1.14238e-19	0.269436	0.01956	0	0.1	0.0135518
2.03032	3.09458	-0.974997	-0.00141134	-0.000516179	0.00107723	-1.2517e-20	-4.44785e-21	-1.03014e-19	0.269359	0.0195432	0	0.1	0.0122343
-1.71074	-4.07482	0.00236637	0.000342949	-0.00230959	-0.000532945	-1.33509e-19	-2.89276e-19	-4.09822e-19	0.269354	0.0195421	0	0.1	0.0121568
0.793355	-2.86282	2.33648	-0.00111126	0.000918295	-0.000133944	-1.81234e-19	6.59707e-20	-2.70796e-19	0.269297	0.0195296	0	0.1	0.0103073
2.39493	-2.67954	-0.779265	-0.000273112	0.00243995	-0.00120122	2.79693e-18	4.53412e-19	-1.3393e-18	0.269185	0.0195053	0	0.1	0.00736872
-1.57173	-3.66574	1.73858	-0.000677887	0.00183066	0.00111124	-1.76998e-19	2.18765e-19	2.03079e-19	0.26915	0.0194976	0	0.1	0.0108424
0.548293	3.28877	1.18017	-1.48327e-06	-3.25128e-07	1.29294e-06	-1.68694e-29	5.38347e-29	1.92548e-30	0.269063	0.0194788	0	0.1	0.0197553
-1.95498	3.90748	-0.760987	-0.00188726	0.00063481	0.0021029	-7.63633e-19	-2.47998e-18	-1.45017e-18	0.268983	0.0194614	0	0.1	0.00959171
-0.225681	-3.21609	2.00436	-0.00101366	-0.00748102	0.00244181	1.19549e-18	-6.92644e-19	4.49435e-20	0.268693	0.0193986	0	0.1	0.0113858
1.61248	-1.18828	0.0539568	-0.00630018	-0.00100738	0.000993428	-1.63571e-18	4.07906e-20	3.40954e-19	0.268242	0.019301	0	0.1	0.00884413
-1.41502	-3.729	0.2884	-0.000549347	-0.00213308	0.000308268	7.55454e-19	2.03114e-19	3.63196e-19	0.268158	0.019283	0	0.1	0.0104386
0.898245	3.76419	-0.672126	0.00116926	8.12621e-05	-0.00145147	1.14175e-19	6.68435e-19	1.06266e-19	0.267955	0.0192392	0	0.1	0.0102932
1.31444	-0.711268	1.56124	0.000272816	0.000506466	-0.000768709	8.41057e-20	1.01333e-18	5.43089e-20	0.267723	0.0191892	0	0.1	0.00792456
0.604142	-1.08204	1.27258	-0.00142031	0.00103134	0.000601614	-1.1204e-19	2.23534e-19	-2.94496e-19	0.267685	0.019181	0	0.1	0.00761442
-0.529461	-1.60672	0.157442	0.000616291	-0.00112947	5.45927e-05	-1.49658e-21	1.83287e-19	1.36941e-19	0.26763	0.0191692	0	0.1	0.0157966
-1.65892	-0.900971	0.502102	0.00189451	0.000466824	0.00397241	-8.66074e-20	1.39687e-19	-1.41125e-18	0.267337	0.0191064	0	0.1	0.0113122
0.78837	-0.0479289	1.755	-7.544e-06	0.000161726	0.000784362	4.41945e-20	1.33146e-21	1.13757e-22	0.267309	0.0191003	0	0.1	0.00987766
-0.608699	2.5995	-0.83469	-0.000140948	-6.33095e-05	-1.92308e-05	-2.29488e-20	9.36713e-21	-1.58878e-19	0.26724	0.0190856	0	0.1	0.0154672
-1.79539	-2.39225	0.161377	0.000659183	-0.000215953	0.00138967	-2.58184e-19	-8.12017e-19	-3.67137e-19	0.267193	0.0190754	0	0.1	0.00874681
-1.33629	4.44859	0.340232	-0.0011847	0.000806221	-0.00150726	2.83771e-19	-4.81426e-19	-9.56794e-20	0.267078	0.0190509	0	0.1	0.0180217
-2.3344	3.77818	-2.10792	0.00165806	0.000161371	0.000968578	-2.09148e-21	7.29104e-20	1.65494e-20	0.26703	0.0190406	0	0.1	0.0127929
-1.96251	-0.170786	0.542418	0.000705854	0.00170857	0.00154767	8.29601e-19	-3.75907e-19	-5.29812e-19	0.266964	0.0190265	0	0.1	0.0114189
0.15369	4.18555	-0.569841	0.000365468	0.0016983	-0.000902967	-5.87302e-19	-3.87871e-19	-5.47201e-19	0.266851	0.0190022	0	0.1	0.00888616
-0.727859	0.782789	0.515406	0.000865298	0.000984231	-0.000899088	-8.8991e-20	-1.56329e-20	-1.30135e-19	0.266755	0.0189818	0	0.1	0.0146595
-1.40692	-3.39611	1.30598	-3.48311e-06	-2.1591e-05	-2.26707e-05	-6.94378e-20	1.27338e-19	4.79221e-20	0.266597	0.0189481	0	0.1	0.0119361
1.79689	0.199367	-1.55779	0.000853245	-4.37262e-05	-0.000251021	7.65541e-21	-3.22933e-20	-4.05687e-20	0.266271	0.0188786	0	0.1	0.00899192
0.756721	2.32166	-1.06294	5.81706e-05	-0.00173759	-0.000413656	8.84893e-20	1.88089e-19	-1.22125e-19	0.266247	0.0188736	0	0.1	0.00964908
-2.01111	-0.864461	-2.39106	-4.48695e-05	-0.00213784	0.00431797	-2.44896e-19	1.50598e-18	-8.00915e-19	0.266206	0.0188649	0	0.1	0.00759718
0.174738	1.34878	1.43575	0.000191384	0.00015667	-4.14153e-05	5.19592e-20	1.48364e-20	2.96311e-19	0.266175	0.0188583	0	0.1	0.00905851
-0.757581	0.131897	-2.35253	0.00183585	-0.00273606	0.00113567	-1.22186e-19	5.537e-19	-1.88278e-19	0.26616	0.0188551	0	0.1	0.0144491
-0.500144	-2.80076	1.5197	0.00130431	-0.00302886	0.000393263	3.88339e-18	3.13353e-18	3.42465e-18	0.265648	0.0187465	0	0.1	0.00996123
-0.032225	4.16981	-1.45196	0.00035059	0.00101342	-4.06608e-05	-9.87576e-19	-5.73665e-19	-9.86193e-20	0.265532	0.0187219	0	0.1	0.00596778
1.57195	4.39405	1.0758	-0.00102029	0.00224312	0.00249422	-1.39357e-19	-1.10248e-19	3.39609e-19	0.265244	0.0186611	0	0.1	0.0132913
0.161582	-0.199304	-1.02043	0.00153597	-0.000473452	-0.000539769	-6.47739e-20	-1.01271e-19	-1.45386e-19	0.265225	0.018657	0	0.1	0.012204
0.447669	-0.456789	-1.81781	0.0039673	-0.00146334	-0.00127775	-3.22241e-19	-9.08585e-20	-1.49727e-19	0.265201	0.018652	0	0.1	0.00973309
-0.107334	-2.89282	2.41208	-0.00462278	-0.00115667	-0.00120749	5.83155e-19	-4.7201e-20	7.40094e-19	0.265035	0.018617	0	0.1	0.00993728
-1.07011	-3.57471	-1.14621	-0.00161952	-0.00239756	0.00108109	-8.1098e-19	4.67505e-19	-7.56968e-19	0.264844	0.0185768	0	0.1	0.0109919
-2.2359	0.769179	2.27913	0.000373148	0.00281802	0.00123089	1.31752e-19	2.951e-19	-6.42314e-20	0.264656	0.0185373	0	0.1	0.0154287
-1.94204	0.064072	1.14463	-0.00014162	0.0025018	-0.00330292	3.70193e-20	2.67949e-19	4.72645e-19	0.264587	0.0185227	0	0.1	0.00720609
-0.487621	-3.86905	-2.10236	0.00233958	-0.000820026	0.000365951	-2.91536e-19	5.66818e-19	-2.15258e-19	0.264317	0.0184661	0	0.1	0.00958678
2.18103	1.24065	0.614341	0.00231348	-0.00121577	-0.00246605	-2.60813e-19	3.30771e-19	7.31998e-19	0.264307	0.0184639	0	0.1	0.0101448
2.03381	4.14141	1.01909	-0.00417359	-0.00293046	-0.00199805	-1.58801e-18	8.52897e-20	-7.49083e-20	0.2643	0.0184626	0	0.1	0.0100257
-1.37831	3.0284	2.36966	0.000754279	0.00122699	-0.000423223	-1.79943e-19	-5.37123e-19	2.5311e-19	0.26429	0.0184605	0	0.1	0.0125475
1.00378	-4.28526	2.21063	0.000621487	-0.000691061	-0.000564178	8.30455e-19	-1.18998e-19	1.44196e-18	0.264247	0.0184515	0	0.1	0.00668495
1.34021	4.18847	-2.19858	-0.000986644	0.000608588	0.000454233	1.3526e-19	-2.2719e-19	-9.33055e-21	0.263866	0.0183717	0	0.1	0.0109647
0.985194	0.662336	-0.164351	-0.000877599	0.00166784	-0.00171423	2.31025e-19	5.11814e-20	3.36506e-19	0.263471	0.0182894	0	0.1	0.00900861
2.47475	-1.23781	-2.24628	0.000471316	0.00350802	0.00347061	-1.05122e-18	1.7654e-19	6.45629e-20	0.263412	0.0182771	0	0.1	0.00707751
-1.4907	0.38074	0.830076	-0.00170527	-0.000137833	0.00035648	-7.83368e-20	4.30386e-19	-1.02061e-18	0.263263	0.0182461	0	0.1	0.00741298
2.12429	4.30116	-0.920888	-0.000839816	0.00177952	-0.000401991	-6.31479e-19	4.37499e-19	2.68371e-19	0.263009	0.0181932	0	0.1	0.00730013
1.07149	0.225627	-2.38948	-0.000833994	-0.000612312	-0.0030924	-6.44751e-20	1.3436e-19	-7.49256e-21	0.262944	0.0181798	0	0.1	0.00962736
-2.43589	-1.39617	0.923542	0.000681988	-0.000569383	0.00105246	-2.73402e-19	2.31656e-20	2.17826e-20	0.262929	0.0181768	0	0.1	0.0103398
2.04991	-0.0340501	-1.1483	-0.000534268	-0.00284344	-7.25491e-05	-7.05642e-21	1.3774e-21	3.19628e-20	0.262806	0.0181512	0	0.1	0.0176993
0.689736	-3.79787	0.573218	0.00117194	0.000188781	-0.000517326	-1.25867e-19	-2.61939e-18	-2.31e-18	0.262794	0.0181487	0	0.1	0.00913192
-2.31845	-1.60889	1.38956	-0.00191422	0.00114496	0.00262763	-5.63592e-19	-1.20413e-19	-4.24728e-19	0.262705	0.0181303	0	0.1	0.0110944
-1.82588	1.89516	-1.57288	-0.00334665	-0.000653244	0.00140975	2.54482e-19	3.39801e-19	-1.37223e-19	0.262544	0.0180969	0	0.1	0.0174228
0.765021	-1.58211	1.20221	0.00132976	0.00211161	-0.0027239	-3.06653e-19	6.84005e-19	-1.44194e-18	0.262357	0.0180583	0	0.1	0.00699724
1.891	2.95189	1.57374	-0.00102967	0.00109005	0.000960577	-2.40139e-19	5.51567e-19	5.15743e-20	0.262296	0.0180457	0	0.1	0.010988
1.92909	2.81295	0.957605	-0.0015913	0.00106385	0.00192309	-3.45442e-20	-4.13414e-19	1.21352e-20	0.26228	0.0180425	0	0.1	0.00654393
1.76318	-3.70052	1.55851	0.00233806	-0.000544696	-5.78693e-05	-1.43502e-19	1.01362e-19	-1.65823e-20	0.262244	0.018035	0	0.1	0.0143989
-1.95873	0.641215	-2.23189	-0.0025461	-0.00498847	-0.00139217	-2.62052e-19	-8.92646e-19	-4.15146e-19	0.261857	0.0179553	0	0.1	0.00908947
-0.0236543	-4.46276	-1.13144	0.00389084	-8.33958e-05	0.00160082	4.56204e-19	1.15979e-18	3.2064e-19	0.261759	0.0179351	0	0.1	0.005026
2.46339	-3.65518	0.842833	-0.00105132	0.00142855	-0.00564336	-1.04355e-18	-4.02219e-19	-4.06352e-19	0.261723	0.0179277	0	0.1	0.00695986
2.01774	-3.82981	0.213617	0.00148207	0.00155024	0.00194889	-5.27194e-19	6.72252e-19	9.08331e-19	0.261445	0.0178707	0	0.1	0.00608387
-0.315299	-0.0532194	-0.851684	0.0011398	-0.00203928	0.000329393	5.61698e-19	-2.55016e-21	3.95373e-19	0.261318	0.0178447	0	0.1	0.00937023
-1.18813	-1.60538	-2.23188	-0.00202043	-0.000434205	0.00197924	-1.38177e-19	-3.27508e-19	-2.9259e-19	0.261301	0.0178412	0	0.1	0.0163713
-0.997974	-2.24148	-1.72473	0.00184389	-4.23017e-05	-0.00109566	-7.07939e-19	-1.16783e-18	1.01043e-18	0.261288	0.0178386	0	0.1	0.00884259
1.24746	-1.89475	2.30771	-0.000953897	0.00105462	0.00102697	1.67214e-18	6.71894e-19	-1.7078e-18	0.26087	0.017753	0	0.1	0.0108329
-0.272106	-2.42943	-0.440071	0.00213264	0.00421615	0.000145017	-7.7369e-19	-2.47378e-19	-3.24126e-19	0.260821	0.017743	0	0.1	0.0138844
0.980024	-3.29792	-2.42521	0.000326338	0.00150585	0.0005146	3.0639e-19	9.34336e-19	-2.39003e-19	0.260755	0.0177296	0	0.1	0.00867021
1.2845	3.5472	-0.383923	-0.000150699	-0.00171578	-0.000633746	8.47906e-19	-2.84771e-19	6.04692e-19	0.260623	0.0177027	0	0.1	0.0105104
1.82921	2.86055	2.08411	0.000581356	-0.000226202	0.0010513	-2.62108e-19	-2.11705e-19	-1.18553e-19	0.259915	0.0175588	0	0.1	0.0112124
0.64026	-4.43487	-2.41089	0.000336121	0.00131071	-0.000400791	-6.78707e-20	8.14223e-21	-6.87353e-20	0.259858	0.0175473	0	0.1	0.0109208
-1.66198	0.663703	0.326348	0.000946661	-0.000195199	0.00293355	-4.95119e-19	4.55446e-19	-2.2447e-19	0.259736	0.0175226	0	0.1	0.0064339
1.0725	0.289446	-1.06052	0.000957754	0.00258712	-0.00487834	-2.10144e-19	4.55643e-19	6.32796e-20	0.259657	0.0175066	0	0.1	0.0108221
-0.808687	2.09902	-2.405	0.00117022	-0.00305429	0.00129139	1.88438e-19	1.20561e-19	-2.20919e-19	0.259599	0.0174947	0	0.1	0.0105618
-0.28149	-3.27664	1.48279	0.000812465	-0.00354294	0.00156884	-7.0891e-19	-3.00479e-18	-2.04317e-19	0.259442	0.0174631	0	0.1	0.0107667
0.498879	-2.07063	-0.139026	0.00123966	-0.000881267	-4.99424e-05	-2.74954e-19	8.57356e-20	3.44508e-19	0.259367	0.0174479	0	0.1	0.0090173
-1.13443	0.0837591	1.94758	-0.000944374	-0.000758384	0.00186097	1.74288e-19	-2.2724e-19	-1.42652e-20	0.259203	0.0174149	0	0.1	0.00803909
2.06875	-0.0712171	-1.9771	-0.00678085	-0.000910842	-0.000318004	-2.38921e-20	-1.7611e-19	1.31816e-19	0.259199	0.0174141	0	0.1	0.0140904
1.3737	1.66508	-0.308609	-0.00206898	-0.000554317	-0.00153978	-4.17419e-19	-3.63077e-19	7.41983e-19	0.258884	0.0173506	0	0.1	0.00844624
0.397838	-2.46554	-0.458834	0.000591278	-0.000999621	-0.000123039	2.39762e-19	-1.19819e-19	1.9163e-19	0.258748	0.0173234	0	0.1	0.00853913
1.59777	-0.990122	2.17934	-0.00113833	0.00231086	-0.00129456	4.27754e-20	-3.60879e-19	-7.30825e-19	0.258703	0.0173143	0	0.1	0.0174675
-2.07153	3.32321	-2.04609	0.00363535	0.00112194	0.00370369	-9.67367e-19	-2.37688e-18	-1.08626e-18	0.25857	0.0172876	0	0.1	0.0071776
-1.47808	0.82916	-0.129053	0.000266406	0.00259156	0.00345097	-3.22132e-19	1.37135e-18	-2.28192e-19	0.258561	0.0172857	0	0.1	0.00825368
1.24557	-3.24641	1.60762	-0.00298228	0.00145705	0.00181803	1.42087e-19	-2.2612e-19	-5.58734e-19	0.258271	0.0172278	0	0.1	0.0087336
2.26102	4.47138	1.4048	0.00123402	-0.00038732	-0.00100317	-1.56302e-20	-3.46549e-19	1.18482e-19	0.258195	0.0172125	0	0.1	0.0120375
-0.46893	2.10248	1.90809	-0.0026791	0.000944804	0.0014062	8.8625e-18	1.8595e-18	-1.20443e-18	0.25797	0.0171674	0	0.1	0.00700241
1.07193	4.28478	0.223011	0.000307292	1.12866e-05	0.00101487	1.10115e-18	-5.42196e-20	3.67418e-19	0.25774	0.0171216	0	0.1	0.00650472
-0.280767	-3.81658	2.26356	-0.000635379	-0.00113462	0.000239972	1.81003e-19	-1.05346e-18	-1.46061e-19	0.257651	0.0171038	0	0.1	0.00908714
-1.73123	0.58486	1.24446	-0.000620583	0.00154882	0.000321283	-7.18913e-21	1.13851e-19	3.06417e-19	0.257562	0.0170861	0	0.1	0.0104518
-1.95635	-2.77811	-1.49278	0.000560508	0.000956659	-0.00208521	-8.43246e-19	2.3024e-19	2.86827e-19	0.257219	0.017018	0	0.1	0.0146305
1.36075	4.06662	1.49759	-0.00226628	-0.0013258	0.00196778	3.14959e-19	-1.06712e-18	-2.00112e-18	0.25711	0.0169964	0	0.1	0.0111648
-0.244764	-1.16891	0.233453	-0.000215676	-0.00091535	-0.000407908	2.02172e-19	5.77224e-19	-1.57226e-18	0.257072	0.0169889	0	0.1	0.00739596
2.14382	1.6311	-0.202634	-0.000255759	0.000357097	0.00270656	3.15192e-19	9.86987e-20	-3.3682e-19	0.256952	0.0169651	0	0.1	0.00849976
1.03401	-1.13425	-0.378286	-0.0011428	0.000219048	-0.00102543	3.12257e-18	-1.85622e-18	9.16234e-19	0.256761	0.0169272	0	0.1	0.00748694
0.247489	1.55633	-0.920503	-0.00219381	-0.00225254	0.000680626	-9.59268e-19	2.72904e-18	-2.86618e-19	0.256727	0.0169206	0	0.1	0.00872488
1.65594	-2.22959	1.15052	-0.000223629	-0.000453368	-0.000568369	-7.3863e-20	-2.06412e-19	1.7645e-19	0.256633	0.016902	0	0.1	0.0180993
0.894201	1.00992	-0.550144	0.00359923	-0.00234655	0.0029547	3.75081e-20	-3.04571e-19	2.77922e-19	0.256455	0.0168668	0	0.1	0.00866392
-1.23376	2.32044	1.58071	-0.00244858	7.93782e-06	0.000601161	-3.57977e-21	3.63962e-19	1.94912e-19	0.256447	0.0168652	0	0.1	0.00982801
2.08297	3.16876	-1.49909	0.00203446	0.000730422	-0.000148997	-2.07854e-19	-1.7852e-19	-4.4561e-19	0.256305	0.0168373	0	0.1	0.00622837
1.34615	-3.3026	-2.06027	0.00218898	-0.000112845	-0.000947592	-2.53038e-19	1.49837e-18	-1.01614e-19	0.256222	0.0168209	0	0.1	0.0135314
-1.80103	-3.71273	-1.38528	-0.00217841	-0.00505169	-0.00180846	-7.26173e-19	-7.75283e-19	-3.18464e-19	0.256074	0.0167918	0	0.1	0.00782655
0.622741	2.65143	1.78781	-0.000455359	8.29882e-05	-0.000646503	-8.1999e-21	-1.88684e-19	-2.89749e-20	0.256001	0.0167774	0	0.1	0.00825348
-1.02779	-3.7367	1.58962	0.000637677	0.00077095	-0.00110405	2.58486e-18	-3.67983e-18	-2.41314e-18	0.255956	0.0167685	0	0.1	0.00567792
2.32971	-0.614984	-0.301636	0.000494852	0.00275151	-0.00117351	-2.11936e-19	9.70847e-19	-2.57971e-19	0.255888	0.0167552	0	0.1	0.0127072
0.774759	1.70237	-0.718252	0.00066115	7.8235e-05	0.00086318	1.74829e-19	6.46716e-19	1.96279e-19	0.255513	0.0166816	0	0.1	0.0086683
1.38164	-0.189888	2.48822	-0.000519742	-0.00131723	-0.00171186	2.45763e-19	-1.4313e-19	9.57065e-20	0.255447	0.0166686	0	0.1	0.0201582
-2.23745	-3.86279	-1.60558	-0.00319396	-0.00424771	-0.000687715	-7.64306e-19	-6.31086e-19	-4.29898e-19	0.255386	0.0166569	0	0.1	0.00925094
-1.42161	1.58329	-0.591591	-0.00331216	-0.000321017	-0.00162169	5.31365e-19	2.02005e-19	-2.33316e-19	0.255375	0.0166546	0	0.1	0.00939965
0.894936	-2.65581	0.027614	-0.00169269	0.00172473	1.21813e-05	2.44519e-19	8.78317e-20	-1.22363e-18	0.255265	0.0166331	0	0.1	0.00874928
2.31882	-1.56968	0.00459872	0.0004468	0.000483776	0.000775071	-6.29096e-19	1.40862e-18	7.14293e-19	0.255095	0.0166	0	0.1	0.00916797
-0.637243	-3.89403	1.30016	0.00165874	0.000439693	0.000296702	3.91586e-19	-2.53623e-19	7.5724e-20	0.255029	0.0165869	0	0.1	0.00930572
-0.287491	2.76614	-2.01015	0.00106054	0.000337894	0.000167102	-2.33078e-20	1.67254e-19	1.29441e-22	0.254988	0.016579	0	0.1	0.0086376
0.0622599	1.55486	1.95253	3.05072e-05	-0.00022784	7.30646e-05	2.0195e-20	4.89269e-22	-9.81557e-21	0.254817	0.0165457	0	0.1	0.0107829
-2.40044	3.26158	-1.65692	0.00043546	0.00215521	0.00144935	4.63702e-19	-1.03592e-18	-3.55371e-20	0.254714	0.0165256	0	0.1	0.00480694
-1.00604	-3.7215	-2.13243	-0.00390985	-0.000692654	-0.00218262	1.7219e-18	1.09067e-18	-2.09784e-19	0.254677	0.0165185	0	0.1	0.00935808
-2.14783	-0.583007	1.60013	0.00159561	-0.0018625	-4.42655e-05	2.3739e-20	-3.96445e-19	2.04681e-19	0.254607	0.0165049	0	0.1	0.00898221
2.0785	0.521866	0.330456	1.76578e-05	-0.000861991	-0.00189699	5.51701e-20	-2.79922e-19	1.17254e-19	0.254518	0.0164876	0	0.1	0.0122273
-0.961619	-0.504132	-0.391593	0.00079384	-0.000551983	-0.00172615	4.94311e-18	2.95017e-18	1.03342e-18	0.254475	0.0164791	0	0.1	0.00841956
-0.580864	-3.35893	0.0752621	0.00191542	-0.00303363	-0.0033916	-8.37539e-19	1.50199e-18	-1.29887e-18	0.254459	0.0164761	0	0.1	0.00812609
-2.11444	0.510839	-1.70532	-0.000488405	-0.00160561	-0.00256183	-1.51638e-19	5.85833e-20	2.55079e-20	0.254379	0.0164605	0	0.1	0.0103644
-2.30918	3.75547	-1.57531	0.0028452	0.00260222	-0.00301778	-1.2049e-18	8.91951e-19	2.58219e-19	0.254181	0.0164222	0	0.1	0.00693401
-0.00997084	0.58781	1.41898	0.000267444	0.00189204	0.000960557	-6.85405e-20	1.6432e-20	-7.36845e-20	0.253994	0.0163859	0	0.1	0.0113915
0.779078	-0.570355	1.51498	0.00198049	0.00100836	0.00106899	-4.25235e-20	4.00686e-19	4.62859e-19	0.253973	0.0163818	0	0.1	0.0064564
-2.04958	3.35531	0.13321	-0.00047589	-0.000480017	-0.00347224	-5.88454e-19	-2.12249e-18	-1.59522e-18	0.253904	0.0163685	0	0.1	0.00904246
0.549942	1.02107	-2.10188	1.95948e-06	5.87584e-06	1.11737e-05	-4.7203e-21	-7.5031e-22	1.26696e-21	0.253737	0.0163362	0	0.1	0.0110374
-1.8615	-4.03861	0.503233	3.36554e-05	-9.63707e-06	-0.000100491	1.43137e-21	1.57156e-20	-4.50265e-22	0.253624	0.0163144	0	0.1	0.0111419
1.48536	1.61645	1.59084	-0.00368284	-0.00200256	0.00242188	-1.62338e-18	-2.7315e-18	-1.33412e-18	0.253364	0.0162643	0	0.1	0.00593649
0.542426	0.777937	0.0754868	-0.000563989	0.000706609	-0.000247017	-7.30244e-20	1.66263e-19	1.949e-19	0.253199	0.0162325	0	0.1	0.00932101
-1.82402	-0.559738	0.858734	0.00545232	0.00397703	0.00257365	-3.23152e-20	-1.71862e-18	3.40581e-19	0.253173	0.0162275	0	0.1	0.0082511
-2.12911	-1.94956	-1.14254	0.000370554	0.00157138	5.4188e-05	-1.59937e-19	-7.95187e-20	-3.27013e-19	0.253138	0.0162208	0	0.1	0.0165677
-0.604663	-3.78546	1.86996	0.00102835	0.000861295	-0.00118481	1.39875e-19	-2.21847e-19	3.21477e-20	0.25306	0.0162057	0	0.1	0.00856931
2.03484	-4.2986	-0.121155	-0.000658774	0.00109838	0.000226208	4.82341e-20	4.46077e-20	-1.01266e-19	0.252994	0.0161931	0	0.1	0.010142
1.02431	3.41589	0.514229	-7.90637e-05	0.00123041	-0.00170841	4.44343e-20	8.96092e-20	-8.10017e-20	0.252875	0.0161702	0	0.1	0.0130983
0.56462	0.471487	-0.395065	0.000394129	-0.00276821	-0.000835171	-1.99028e-19	-1.87206e-19	2.17112e-19	0.252828	0.0161614	0	0.1	0.0128243
1.44232	3.9399	0.289362	-0.00165058	-0.00167466	0.00500489	1.51163e-18	5.9009e-19	5.91456e-19	0.252733	0.0161431	0	0.1	0.0113311
-0.561389	-3.15757	0.568553	0.000450823	-0.00122879	0.000822403	-1.18696e-18	1.31768e-18	7.4342e-20	0.252648	0.0161269	0	0.1	0.00704395
1.08409	-2.90864	1.26026	0.000652439	0.00111354	-0.00035593	1.32523e-19	5.22025e-19	-1.21582e-18	0.252486	0.0160957	0	0.1	0.00694586
2.44368	-2.66269	2.26275	-0.000274964	-0.000356215	-0.000206786	-2.93215e-21	-1.03691e-19	2.17805e-19	0.252467	0.0160921	0	0.1	0.0113372
0.805931	4.0176	-1.11708	0.00126037	0.000619792	-0.00135106	-1.33554e-19	2.08742e-19	-2.36062e-19	0.252405	0.0160802	0	0.1	0.00825553
-0.710058	-1.73327	-2.36903	-0.0022417	0.0014238	-0.00157353	4.19679e-19	-4.10289e-19	-1.43641e-19	0.252271	0.0160547	0	0.1	0.00762591
1.72964	-3.46024	0.423758	0.00236735	0.00138406	0.00394554	-2.05726e-18	-2.14836e-19	-9.32597e-19	0.252227	0.0160462	0	0.1	0.00878983
0.402224	4.2416	1.65116	-0.000722131	0.00369152	0.000650107	4.48218e-20	3.54597e-20	-2.4691e-19	0.25213	0.0160277	0	0.1	0.0112595
1.78842	4.49369	-2.39809	0.000970776	-0.000381265	-0.000448509	-1.8741e-18	8.05187e-19	-4.04676e-18	0.252103	0.0160226	0	0.1	0.0090135
-0.73586	3.786	-1.61066	-9.79835e-05	-2.62173e-06	-0.000230615	-3.52595e-21	4.89784e-21	1.15993e-21	0.252085	0.0160192	0	0.1	0.0104221
0.535117	1.26564	-0.14986	-0.00124232	-5.58557e-06	0.00547493	7.87157e-19	-7.74874e-19	3.9539e-19	0.252071	0.0160166	0	0.1	0.0131766
2.12569	-1.11246	-0.0962881	0.00100268	0.00121843	0.00198294	-1.79711e-19	-2.9279e-19	3.1887e-19	0.251448	0.0158981	0	0.1	0.00720229
1.01072	3.698	1.50733	-0.00275629	-0.00117858	-0.000465571	5.6712e-19	-3.68891e-18	4.70771e-19	0.251402	0.0158893	0	0.1	0.00795232
1.4768	-3.5017	-0.371228	0.000141195	-0.00205799	-0.000230539	2.41477e-19	5.95399e-19	-6.65337e-20	0.251261	0.0158626	0	0.1	0.012663
1.74286	2.33781	0.90171	0.00162917	-6.74298e-05	-0.00119381	2.08177e-18	2.98748e-18	-1.57521e-18	0.251168	0.0158451	0	0.1	0.0071228
0.986521	-0.588221	1.97514	0.000789862	-6.23869e-05	0.00173494	2.81121e-20	3.67738e-19	-2.48042e-21	0.251129	0.0158376	0	0.1	0.016798
-0.411832	-4.12956	-1.0994	0.00139557	-0.00254124	0.00126452	-5.01028e-19	2.97144e-19	-2.59965e-19	0.250874	0.0157895	0	0.1	0.00786668
-2.3148	3.53299	-0.74402	-0.00197883	0.00045101	0.00318855	-1.97887e-19	-4.88691e-19	-9.67777e-19	0.250776	0.015771	0	0.1	0.00670366
-1.21682	3.09324	-1.81903	-0.000262111	0.000564458	0.00212336	5.23605e-20	9.06063e-19	-1.03258e-19	0.250488	0.0157167	0	0.1	0.00695185
-1.58006	-4.36565	-1.41539	0.000120724	-0.0054639	-0.000991373	7.74213e-19	5.27898e-19	-5.0793e-19	0.250471	0.0157136	0	0.1	0.00795252
-1.92977	-3.21138	-0.134705	-0.000771776	0.00240016	-0.00140571	5.61941e-19	-5.00729e-19	-1.47719e-18	0.250458	0.015711	0	0.1	0.00842621
-1.3421	-3.92516	-1.40781	-0.00152743	-0.00446826	0.00351393	-1.85738e-19	8.35295e-23	1.46026e-18	0.250287	0.0156788	0	0.1	0.00672278
-0.57539	-0.464835	-0.0696022	8.11939e-05	0.000714074	-0.000447219	2.61472e-20	3.35841e-18	-9.92984e-20	0.250205	0.0156635	0	0.1	0.00568956
0.285821	-1.8584	1.51646	-0.00302255	-0.00136601	-0.00405693	-6.43336e-19	5.69808e-19	-1.94373e-18	0.250134	0.0156501	0	0.1	0.0100084
0.286729	3.92	-0.146842	-0.00538703	0.000264743	0.000224533	-1.85015e-18	-4.90944e-19	-5.11097e-19	0.250082	0.0156404	0	0.1	0.00868176
1.23048	-3.11821	-0.162562	0.00103593	-0.00110654	-0.000921738	-3.31001e-18	-1.00401e-18	-3.71463e-18	0.250067	0.0156376	0	0.1	0.00752697
-2.46491	-3.08326	-0.404482	0.0010662	0.00082951	-0.000292182	2.10027e-18	2.23495e-18	1.00436e-18	0.250041	0.0156327	0	0.1	0.00724221
1.56754	-3.00648	1.16527	0.00119149	0.00473989	-0.00239244	3.11075e-19	3.16383e-19	9.22428e-20	0.249964	0.0156183	0	0.1	0.0107725
-1.6707	0.92805	-1.08853	0.00372907	-0.000787809	-0.00117864	-8.42018e-20	2.27398e-19	-4.04614e-19	0.249932	0.0156122	0	0.1	0.0114722
1.94688	-0.559867	0.0242077	0.00233446	-0.00278535	0.00219836	3.127e-19	6.86826e-19	-1.43321e-19	0.249886	0.0156037	0	0.1	0.0100337
-1.77715	-3.21176	-1.68478	0.0001439	-0.0016215	0.00287024	-3.8737e-19	1.87677e-20	8.77604e-20	0.24978	0.0155838	0	0.1	0.00828931
-1.50999	4.41303	1.73221	-0.00193446	0.000900255	0.00110461	6.64588e-19	-1.39853e-18	-6.50542e-19	0.249775	0.0155829	0	0.1	0.00732798
2.44522	1.43162	0.152322	0.00107011	-0.000709114	0.00127773	-6.68129e-20	-3.39769e-19	-1.48768e-19	0.24966	0.0155613	0	0.1	0.0124332
-1.47054	0.022659	2.39283	-6.23668e-05	0.000461232	-0.000712475	-5.77361e-19	1.03838e-19	-1.39287e-19	0.249327	0.0154992	0	0.1	0.00669743
1.78968	4.42876	0.212623	-0.00102831	-0.00266	0.000398243	-5.04459e-20	-6.4432e-19	8.12557e-19	0.249293	0.0154927	0	0.1	0.00877021
1.37673	0.220617	-1.92498	-0.000942046	-0.000274276	0.0038298	-4.52553e-20	-2.08209e-20	-3.01427e-19	0.249284	0.0154911	0	0.1	0.00681713
1.96956	-4.26929	-1.00666	0.00387894	0.00333598	-0.00165746	5.97369e-19	1.92564e-18	-5.84271e-19	0.249204	0.0154762	0	0.1	0.0118096
-0.394535	-1.85748	1.43286	-0.000298587	0.000477279	-0.000530325	-6.59027e-20	8.35787e-20	9.83353e-20	0.249177	0.0154712	0	0.1	0.0150949
0.473073	-1.04475	-0.728593	-0.000957525	-0.000303878	-0.00269319	4.99784e-19	7.43389e-19	2.01207e-19	0.249145	0.0154652	0	0.1	0.00901407
1.83256	-0.682383	-1.33966	0.00200008	0.00145413	0.000276486	1.13161e-20	-3.57988e-20	2.13925e-21	0.249053	0.0154482	0	0.1	0.0135177
-1.48971	0.323138	-0.208369	-0.00160115	0.00164036	0.00207557	4.28543e-20	7.15495e-19	6.99991e-19	0.248992	0.0154368	0	0.1	0.00860309
2.28498	-3.82439	-1.44812	-0.0023913	-0.00152323	0.00143359	-1.25499e-18	-1.45269e-18	3.76141e-20	0.248987	0.0154359	0	0.1	0.00756271
0.161584	-2.83391	-1.801	0.000813346	0.00101281	0.000766608	-1.20786e-19	-7.19196e-20	1.11878e-19	0.248955	0.0154298	0	0.1	0.0092138
-1.20218	4.09175	2.00717	-0.00096401	0.00132936	0.00103093	-8.79728e-20	-2.90411e-19	1.69449e-19	0.248895	0.0154187	0	0.1	0.00955438
-1.80034	2.45634	0.392103	-0.000349927	-0.00277023	0.000415001	-3.89076e-18	2.41468e-18	-1.44357e-18	0.248817	0.0154043	0	0.1	0.0113969
-1.02469	-2.46233	2.44052	0.00138201	-0.000560374	0.00149843	1.6175e-18	-3.34969e-19	2.09688e-19	0.248702	0.0153828	0	0.1	0.00652189
-0.336764	3.03387	-0.776271	0.000490786	-0.000120569	-0.00107953	-2.04773e-20	-1.88343e-19	-1.52465e-19	0.248571	0.0153587	0	0.1	0.00809966
-1.60783	-1.10662	-0.0882374	0.000516394	-0.000125077	-0.000913322	1.64449e-18	-1.81645e-18	-2.79193e-19	0.248548	0.0153544	0	0.1	0.00799338
0.339916	1.66672	-0.436503	0.00433692	-0.003572	-5.36444e-05	2.61232e-18	5.59548e-19	-2.36554e-18	0.248548	0.0153543	0	0.1	0.00659485
1.43228	-0.9731	-1.3927	0.00188878	0.00108405	0.00127372	9.34173e-20	-5.2085e-19	-9.22542e-19	0.24853	0.0153511	0	0.1	0.00720618
-2.34896	3.32833	2.08023	-0.000355077	-0.00166611	-0.00264674	-6.24729e-20	1.12773e-18	1.7699e-19	0.248434	0.0153333	0	0.1	0.00814895
-1.92247	-2.59388	1.12766	-0.00235226	-0.0059157	-0.000239654	1.18765e-18	7.50535e-19	-4.31173e-20	0.248359	0.0153193	0	0.1	0.00761123
0.672804	-0.537517	-1.20864	-0.000669689	0.000872678	0.00624129	-7.20347e-19	2.88457e-19	2.41152e-19	0.248141	0.0152789	0	0.1	0.0102227
-0.692018	0.98798	-1.50336	-2.1889e-05	8.88385e-05	9.41198e-05	8.54412e-20	9.22322e-20	-6.99023e-20	0.248002	0.0152534	0	0.1	0.0212812
0.502616	1.67425	1.66448	-0.00334656	0.000309499	0.00226952	-3.45175e-18	1.75036e-18	2.3857e-18	0.247923	0.0152388	0	0.1	0.00669999
-1.02093	-1.69788	1.19571	3.34674e-05	4.23847e-05	6.09359e-05	-6.43688e-20	-5.8067e-20	7.90206e-20	0.24791	0.0152364	0	0.1	0.0163214
-2.38643	1.32462	-2.26044	0.00159334	-0.00246244	0.000743463	1.19659e-19	-8.62692e-19	2.73031e-19	0.247861	0.0152273	0	0.1	0.0117554
-0.323867	2.49158	-0.196634	0.000537181	-0.0012945	0.00116835	8.10099e-19	1.99849e-19	1.51678e-18	0.247815	0.0152188	0	0.1	0.00721632
-0.332492	-0.514996	-1.06517	-0.00328616	-0.00126042	-0.00132656	-2.35509e-18	-7.74516e-20	1.80179e-19	0.24777	0.0152105	0	0.1	0.00732147
0.674734	1.86928	-1.57281	0.00150475	-7.73041e-05	0.000447138	4.53344e-19	-6.16334e-20	2.70537e-20	0.247718	0.015201	0	0.1	0.00762946
0.675501	4.06679	-1.81315	-0.000120514	0.000675984	-9.2776e-05	1.29766e-20	-4.21081e-21	1.08906e-19	0.247653	0.015189	0	0.1	0.00851199
1.63749	-0.771534	0.356468	-0.00220608	0.000845592	-0.00189419	-4.87903e-18	-1.22703e-18	1.83492e-18	0.247552	0.0151705	0	0.1	0.0114164
1.03914	-1.99648	-0.821672	0.00176219	0.000175407	0.000542703	-2.34648e-18	4.65505e-18	-8.84569e-19	0.247417	0.0151457	0	0.1	0.00588877
0.357972	-0.714315	1.00897	-0.00157552	0.00061554	-0.00026104	-3.53109e-19	-3.59209e-20	2.05625e-19	0.247413	0.0151449	0	0.1	0.00999895
1.67171	1.94075	1.22889	0.000568117	-9.9036e-05	-0.000253817	2.02348e-20	9.53706e-20	-1.04767e-19	0.247374	0.0151378	0	0.1	0.00674767
-0.219655	1.0314	1.52191	-0.00107643	0.00158998	0.000468683	8.63282e-20	1.15477e-20	4.12821e-19	0.247362	0.0151356	0	0.1	0.0108289
0.635183	-4.50663	-0.602339	0.000934345	-0.00232178	-0.000718192	6.9449e-19	-1.19971e-18	3.01331e-19	0.247199	0.0151056	0	0.1	0.00833356
-2.15162	0.42747	1.47464	0.000142508	0.00125888	0.00159667	-1.26168e-20	-5.75152e-19	1.36152e-19	0.246967	0.0150632	0	0.1	0.0100337
0.704598	4.12167	-0.356254	-0.00156175	-0.00240616	0.000121544	-1.972e-19	7.35917e-19	-1.15427e-18	0.246927	0.0150559	0	0.1	0.00668821
-0.684875	-3.62327	2.4953	0.000235228	-0.000147766	0.00135292	3.74321e-19	3.76285e-19	7.20491e-19	0.246807	0.0150339	0	0.1	0.00989797
2.24519	-0.546264	2.12487	-0.00265367	0.000629072	-0.000755429	2.32192e-19	1.65046e-19	-1.153e-18	0.246693	0.015013	0	0.1	0.0148391
-0.517761	-3.23712	-0.746437	-0.000177373	0.000426996	-0.000221144	3.45704e-19	-3.63366e-20	-3.07018e-19	0.246676	0.01501	0	0.1	0.0122871
0.299053	4.1883	-1.06209	0.00154776	7.28791e-05	-0.000762602	3.67735e-20	-7.97285e-19	-9.56554e-21	0.246457	0.01497	0	0.1	0.00799011
-0.55445	-2.63195	2.42538	-0.000106797	-0.00010744	0.000804929	-8.00116e-20	1.79329e-20	2.94658e-20	0.246336	0.014948	0	0.1	0.00622352
-0.778861	1.74879	0.517079	0.000442976	0.000790442	-0.000198849	1.08711e-19	-5.72796e-20	-5.50683e-21	0.24629	0.0149396	0	0.1	0.0113549
2.35772	2.98196	0.742468	-0.00127579	-0.000328245	0.00126923	5.72843e-18	5.20768e-18	1.11564e-18	0.246281	0.0149381	0	0.1	0.00675547
2.27093	3.60945	-1.80492	5.89357e-05	0.00223364	0.00206126	3.34558e-19	1.03087e-18	-6.61061e-19	0.246247	0.0149319	0	0.1	0.00605095
0.984228	-2.12701	-0.268971	0.00127415	6.6676e-05	-0.000645361	-2.6593e-20	1.61751e-20	1.0797e-19	0.246246	0.0149317	0	0.1	0.00778039
1.10793	1.95857	-1.35299	0.00166283	0.000245195	0.000436069	1.97115e-19	-2.6771e-19	5.63383e-20	0.246225	0.0149279	0	0.1	0.0108828
-1.77482	-2.96928	1.92701	-0.000168936	-0.000678401	-0.000641916	-7.05086e-19	7.19486e-20	-3.22204e-20	0.246004	0.0148876	0	0.1	0.00883221
2.39656	-1.99494	-0.994379	0.000720659	-0.00122914	0.000812424	8.67641e-22	-3.07595e-19	-2.95377e-19	0.245876	0.0148645	0	0.1	0.0102342
2.16349	1.10726	1.10636	0.00090977	0.00322291	-0.00113963	-7.95906e-19	1.15945e-19	-3.45866e-19	0.245817	0.0148537	0	0.1	0.00715085
-1.25113	1.60599	1.38456	-0.000137354	-1.89395e-05	2.58095e-05	-1.86563e-21	-1.85206e-21	-1.66085e-20	0.245568	0.0148087	0	0.1	0.0201722
-0.0800123	-2.01639	0.13611	-0.00158695	-0.000594357	0.000490785	-2.57978e-19	3.6472e-19	1.35265e-19	0.245289	0.0147582	0	0.1	0.0139598
-0.233763	-4.45459	-1.64715	0.000118032	0.00110911	-0.000208366	-9.63407e-20	-7.13031e-20	-5.23206e-21	0.245158	0.0147346	0	0.1	0.0077032
1.69369	-0.994582	-1.8205	0.000656718	-0.00127119	0.00273234	-2.23853e-19	-1.44081e-19	-1.36246e-19	0.245057	0.0147163	0	0.1	0.00719842
-1.60842	-2.55981	1.71317	0.00164106	0.000946351	0.00355779	-5.30695e-19	-1.30086e-19	-3.48862e-19	0.245035	0.0147124	0	0.1	0.00859226
0.533769	3.76281	1.62828	-0.00252308	0.00312549	-0.00125241	1.6834e-19	3.65142e-19	2.58084e-19	0.244981	0.0147027	0	0.1	0.0111644
0.563923	2.02254	-2.02764	-0.00103975	-0.000375322	0.000701273	3.10675e-18	1.80149e-19	4.22907e-20	0.244911	0.0146901	0	0.1	0.00759009
1.2177	-1.77743	1.33039	0.000468412	-0.000922159	-0.0011061	1.85095e-19	1.82179e-19	-7.15762e-20	0.244869	0.0146825	0	0.1	0.00839882
-2.38376	-0.086473	0.820611	-0.000881171	-0.00184956	0.000590545	-1.2594e-19	-5.25629e-19	5.74885e-20	0.244864	0.0146816	0	0.1	0.00867996
1.84213	-3.96274	-1.64114	0.00123761	0.000111822	-0.0010747	-2.94588e-20	-3.16556e-19	-6.84815e-20	0.244722	0.0146562	0	0.1	0.00966166
1.46938	4.34345	0.578875	0.00059741	0.000530473	0.00214976	7.577e-19	-2.85602e-19	-8.53069e-20	0.244704	0.0146528	0	0.1	0.0079186
0.581977	-3.77612	-1.14435	0.00131506	-0.00124545	0.00267089	-3.02374e-19	-8.98649e-19	6.47638e-19	0.24466	0.0146449	0	0.1	0.00536456
-0.340698	-4.51658	-0.7404	-0.00507285	0.00320033	-0.00500678	9.02509e-19	1.48246e-18	-1.79382e-18	0.244608	0.0146356	0	0.1	0.0052474
-0.0265554	-0.891964	1.27358	-0.00171127	0.00135379	-0.000104756	8.91455e-18	9.45695e-19	1.13354e-18	0.244579	0.0146305	0	0.1	0.00660199
1.47863	1.45466	2.40435	0.00268388	-0.00194933	-0.00158026	-4.76839e-20	-4.34317e-19	-1.95548e-19	0.244563	0.0146276	0	0.1	0.0079334
2.47398	0.131314	-1.49298	-0.00105201	-0.000222996	-0.000930382	-4.23419e-19	-1.98641e-19	1.01103e-19	0.244538	0.0146231	0	0.1	0.0122954
2.24389	3.10136	2.23982	-0.000445703	0.00126972	0.00195919	-4.27746e-19	-3.84905e-20	-8.30159e-19	0.244316	0.0145832	0	0.1	0.00791089
-1.81422	1.12763	0.451165	-0.00210306	0.000561201	-0.00276136	-1.04907e-18	-2.30456e-19	-1.16452e-18	0.244283	0.0145774	0	0.1	0.00687627
1.16975	2.59199	-1.84239	-0.000895885	-0.000740102	0.000634287	1.11926e-20	-3.08969e-19	-5.78463e-20	0.244002	0.0145271	0	0.1	0.0118446
0.31714	-3.51076	-1.45744	-0.000875783	-0.00625223	1.82376e-05	-8.67474e-19	-6.17772e-19	-2.72711e-19	0.243851	0.0145002	0	0.1	0.00709003
-1.43808	-2.67359	0.39424	0.00253265	3.3028e-05	-0.000763245	7.42376e-19	6.22742e-19	2.91514e-20	0.243848	0.0144996	0	0.1	0.00812681
0.537947	-2.95206	-0.155872	-0.000424562	0.000887519	-0.00159745	-1.20771e-18	2.16813e-18	-2.21603e-20	0.243706	0.0144744	0	0.1	0.00594369
-1.90546	-2.45738	0.655609	0.000550416	0.000814736	0.00163848	9.3927e-19	-9.17812e-19	1.8155e-19	0.243422	0.0144237	0	0.1	0.00618084
1.47773	-2.05396	-1.03344	0.00193037	0.00422446	-0.00103988	3.31281e-18	7.01599e-18	-4.81756e-18	0.243314	0.0144046	0	0.1	0.00628632
-0.986741	1.35063	0.115882	0.00251465	-0.000625075	-0.00109108	-2.73509e-19	4.85432e-20	-4.80846e-19	0.243223	0.0143885	0	0.1	0.011785
-2.34349	2.42844	-0.318023	-0.00191861	0.00126394	-0.000667957	-1.64204e-20	4.30263e-19	8.25892e-21	0.243011	0.0143509	0	0.1	0.00988327
1.5865	-1.13349	1.46999	0.00115286	0.000863776	-0.00109844	3.10255e-19	-5.43118e-19	1.31452e-18	0.242882	0.0143279	0	0.1	0.00808901
0.476366	-3.31123	-1.04349	-0.0010326	-0.000357733	-0.00241574	-1.53917e-18	-1.79572e-18	-2.36308e-18	0.242612	0.0142803	0	0.1	0.00652507
-0.892377	0.63224	-2.34627	0.00167126	-0.00146972	-0.00179976	-8.09402e-20	1.60667e-18	2.64044e-19	0.242476	0.0142562	0	0.1	0.0122476
-1.93218	1.1445	-2.22319	0.000560755	-0.00513994	0.00129726	-2.90741e-20	-3.68925e-20	-4.70037e-19	0.242265	0.0142191	0	0.1	0.0130973
0.749611	-0.157383	-0.750152	-0.0023896	-0.00327628	-0.000557429	-5.1962e-19	-1.48584e-18	-3.59298e-19	0.242052	0.0141816	0	0.1	0.00955944
-0.324017	3.1234	0.737123	-0.00125338	-0.00035866	0.000973115	-8.29255e-20	-8.69777e-20	-2.10857e-19	0.24203	0.0141777	0	0.1	0.00907481
1.23723	1.61613	-1.70274	-2.89851e-06	-1.74618e-06	2.42202e-06	2.80792e-21	-3.43811e-21	-1.27216e-21	0.241911	0.0141568	0	0.1	0.0108845
-0.699016	-2.77556	-0.964241	-0.00205526	-0.000158271	0.00087031	2.00972e-20	-1.70953e-20	3.24976e-20	0.2419	0.0141549	0	0.1	0.0152988
-0.742665	3.15521	-1.69936	0.000301843	-3.46411e-05	0.000590621	-4.30604e-20	3.1979e-20	-3.45164e-20	0.241847	0.0141456	0	0.1	0.0124341
2.30086	4.34944	2.16042	-0.000253095	0.006389	0.00965835	-6.56606e-19	-7.5112e-19	-1.49425e-18	0.241827	0.0141421	0	0.1	0.0142732
-1.5882	-3.80263	-0.93058	-0.000637193	0.000743376	-0.000172866	3.41287e-19	2.7898e-20	-2.345e-19	0.241789	0.0141354	0	0.1	0.00897843
-0.16956	-1.6725	-0.196949	0.000177494	-0.00100199	-0.000700741	-1.98049e-19	6.25829e-19	-1.44971e-20	0.24175	0.0141286	0	0.1	0.0074929
-1.60396	-0.0901617	1.93393	-0.00145227	0.000278713	-0.000406113	3.82566e-19	6.46983e-20	-3.77657e-19	0.241745	0.0141278	0	0.1	0.00626376
2.23859	1.95466	-0.880504	-4.74232e-05	3.58177e-05	5.49272e-05	1.07952e-19	1.0887e-19	2.28302e-20	0.241636	0.0141087	0	0.1	0.00999269
-0.410074	3.24946	-2.03734	2.03062e-06	-0.000152583	3.18597e-05	5.33934e-20	5.30303e-20	-3.4404e-19	0.241631	0.0141078	0	0.1	0.00782285
0.488875	0.188787	-0.964609	0.00106016	0.00124101	0.00161926	-2.54258e-19	-4.93962e-19	-1.14276e-18	0.241573	0.0140975	0	0.1	0.00971762
-2.47296	1.25784	-1.72043	0.00138947	-0.000979393	0.000764461	-1.79066e-19	-2.67906e-19	3.73001e-19	0.241415	0.01407	0	0.1	0.0137637
-2.49552	-0.15287	-0.113374	-1.48327e-06	-3.25128e-07	1.29294e-06	0	0	0	0.241399	0.0140672	0	0.1	0.0210779
0.417785	-2.25296	-1.43323	-0.000527274	-0.00214851	-0.00077216	6.29556e-19	-9.01275e-19	-1.31845e-18	0.241363	0.0140609	0	0.1	0.00607597
-1.1239	-1.70159	0.151058	0.00113798	-0.00146855	0.00298053	-1.40927e-19	-1.1812e-19	-1.48044e-20	0.241326	0.0140545	0	0.1	0.0145023
-0.29469	4.05961	-1.87119	-0.00108297	-0.000459393	0.00103741	-6.13914e-21	3.68241e-19	6.52169e-21	0.241273	0.0140452	0	0.1	0.00658756
0.518993	4.15162	-2.26827	-0.000221837	0.00146992	-4.55902e-05	-3.31541e-19	1.08011e-19	1.26391e-19	0.241068	0.0140094	0	0.1	0.00655883
0.209955	-1.80342	2.37757	-0.00155131	-0.00158608	0.000452588	-6.18952e-19	2.07122e-19	6.00606e-19	0.240966	0.0139916	0	0.1	0.00805153
-1.80191	4.4626	2.26795	0.00222944	-0.00123991	-0.00140104	-1.52126e-18	-1.39722e-18	2.34452e-18	0.24084	0.0139696	0	0.1	0.00886147
-1.01774	2.68924	0.298125	0.00106263	-0.00081668	0.000321577	-2.67538e-19	-4.42796e-19	-3.058e-19	0.240765	0.0139566	0	0.1	0.00733237
1.53648	1.46355	1.12416	-0.00149227	-0.000420837	0.00186223	-7.89644e-19	-2.66156e-18	-9.5341e-20	0.240672	0.0139404	0	0.1	0.00587
-1.84646	-0.321801	-1.90519	0.00109012	5.11677e-05	-0.000132837	-7.32412e-19	-1.15973e-18	-1.09488e-18	0.240565	0.0139219	0	0.1	0.0106091
1.20607	4.29936	-1.1867	0.00166271	0.00196169	-0.00124127	9.82389e-19	2.09576e-19	-2.6883e-18	0.240418	0.0138964	0	0.1	0.00551688
1.31389	-2.39912	-0.0364302	-5.37577e-05	-0.000752535	0.000556419	6.67972e-19	2.12589e-19	1.69294e-18	0.240356	0.0138857	0	0.1	0.007238
-0.316864	2.58735	-1.31428	0.00103578	-7.82089e-05	0.000880755	7.98762e-20	-2.53293e-20	-5.71316e-19	0.240135	0.0138473	0	0.1	0.0104131
-2.40451	4.38239	1.78058	-0.0039146	0.000821306	0.00608595	-7.69365e-20	4.24067e-19	3.36478e-18	0.240113	0.0138436	0	0.1	0.00913949
-0.96032	-2.12628	-2.21088	-0.0039936	0.00287585	-0.000859815	1.33835e-18	-5.52843e-19	2.89155e-19	0.239897	0.0138063	0	0.1	0.00882004
1.55784	3.17963	2.35652	0.000494232	-0.000212331	0.00120254	2.11129e-19	5.37625e-19	-3.34128e-19	0.239791	0.0137879	0	0.1	0.00934369
-2.49699	1.96955	-0.258757	-9.44239e-05	-0.000146306	-0.000322247	5.86817e-20	-3.73962e-19	-4.05119e-19	0.239773	0.0137847	0	0.1	0.00833787
2.21352	1.35985	-0.612517	-0.000375575	0.00385889	0.000120362	1.06545e-18	-3.57077e-20	-2.63979e-19	0.239506	0.0137389	0	0.1	0.00774125
1.36797	0.0197691	-1.35897	0.000882127	-0.00176416	-0.00132334	4.81071e-19	9.2176e-19	-4.38366e-19	0.239478	0.013734	0	0.1	0.0137249
1.9925	3.21834	0.52711	4.35763e-05	0.00124184	0.00037244	-3.73929e-18	4.43443e-18	-2.11297e-18	0.239384	0.0137179	0	0.1	0.00799077
-1.65541	3.25539	0.412048	-0.00265146	0.00287451	0.00116231	2.05366e-19	2.92728e-18	-1.92594e-18	0.239357	0.0137132	0	0.1	0.00825809
-0.363128	-3.53431	1.06393	0.00421197	0.00380502	-0.00383931	-1.77711e-18	1.48718e-19	-6.68113e-20	0.239202	0.0136866	0	0.1	0.00884653
-0.388246	-2.78716	-2.1421	-0.000587345	-0.00429772	0.000687381	-8.80098e-19	5.13414e-19	-9.62497e-19	0.239196	0.0136856	0	0.1	0.00881513
0.516067	-2.7702	-2.17702	-0.00223025	0.000817955	0.000185467	2.4525e-19	-5.39214e-19	-4.68514e-19	0.239094	0.013668	0	0.1	0.00778249
0.24881	4.08357	2.232	-0.00135045	-0.00250019	-0.00212161	-4.50177e-19	-1.16338e-19	4.94933e-19	0.239092	0.0136677	0	0.1	0.0113055
-0.904666	2.33762	1.95067	-0.00132359	0.00421418	-0.000384025	2.04772e-19	8.65213e-19	6.31168e-19	0.23907	0.013664	0	0.1	0.00769585
-0.266846	-1.80387	2.43147	-0.00180302	0.000362996	-0.000683012	1.62382e-18	-4.1561e-19	-4.5905e-19	0.238954	0.0136441	0	0.1	0.00613057
-1.70968	-3.95594	-0.49164	-5.05019e-06	2.7262e-05	-9.88504e-05	-3.43821e-20	-4.49393e-20	4.62529e-20	0.238781	0.0136145	0	0.1	0.0078327
-1.67193	0.266784	1.62022	-0.00191683	0.00100961	0.000272576	-8.9456e-19	-5.5531e-19	-3.46943e-19	0.238342	0.0135395	0	0.1	0.00583587
-1.08295	4.2495	1.56154	-0.00033536	0.00159576	0.00115631	1.31906e-19	1.30318e-19	-2.99445e-19	0.238076	0.0134942	0	0.1	0.00681363
-0.903278	-4.08698	-0.145953	-0.00219525	0.000209077	0.00121011	-4.48966e-18	2.26249e-18	1.46958e-18	0.23804	0.0134881	0	0.1	0.00871932
-0.91095	-1.33746	-1.41125	0.000699033	-0.000451824	-0.0015041	1.19264e-19	-1.21799e-19	8.15796e-20	0.238038	0.0134877	0	0.1	0.0120074
0.575994	-2.39259	-1.86365	0.000320519	-0.000164735	-0.00127167	-1.2716e-19	-2.85919e-19	1.98651e-19	0.238027	0.0134859	0	0.1	0.0101887
0.976394	-1.5863	-0.570226	-0.00065512	-0.00226731	0.00444693	3.37364e-18	-1.13197e-18	1.13677e-18	0.238018	0.0134843	0	0.1	0.00643787
0.792032	-0.149889	1.26033	0.000528292	0.000858833	0.000467345	-4.74447e-19	-3.71081e-19	-2.34611e-19	0.237793	0.0134461	0	0.1	0.00718033
-0.0624858	2.96785	-1.17675	-4.43892e-05	0.000902605	0.000656725	2.6223e-19	4.54599e-19	-6.33716e-19	0.237793	0.0134461	0	0.1	0.0111036
-1.73158	3.35713	-0.724997	-0.00329498	0.00054897	0.000927898	-3.88515e-19	1.10439e-18	7.53819e-19	0.237532	0.0134018	0	0.1	0.00528602
-1.56034	4.1606	0.688626	-0.00206326	-0.00111447	-0.00339597	1.02378e-18	-3.38248e-19	2.67384e-19	0.237433	0.0133851	0	0.1	0.00682439
2.23529	-1.167	-1.8124	-0.00113639	0.00525648	0.00254487	-1.11501e-18	2.33498e-18	-5.66788e-20	0.237255	0.0133551	0	0.1	0.0105486
-1.95952	-1.24665	-1.80036	-0.000132978	-0.000254044	-0.00099791	-3.30383e-19	1.88351e-20	7.33097e-21	0.237142	0.013336	0	0.1	0.0101387
1.06297	1.97259	-2.06806	0.00110398	0.00128957	0.00187284	5.04996e-19	-1.7983e-19	-1.65959e-19	0.236928	0.0132999	0	0.1	0.0118494
1.79869	-0.600933	1.94762	-0.00294179	0.00339427	-0.00138736	-2.0294e-19	-2.42789e-20	-7.78086e-19	0.236852	0.0132872	0	0.1	0.0134793
-2.12153	2.99225	-2.42975	0.00156797	-0.000805996	-3.3384e-05	-2.81644e-19	-1.23125e-18	3.96498e-18	0.236803	0.0132788	0	0.1	0.00709566
0.13149	-3.94898	-1.11807	-1.59307e-06	-2.32081e-07	1.35672e-06	-1.54179e-23	7.24894e-23	3.3305e-23	0.236802	0.0132787	0	0.1	0.00677767
-1.33548	3.8088	0.463915	0.000806401	-0.00113467	-0.00173087	9.1956e-19	-3.44395e-19	7.69994e-19	0.236724	0.0132655	0	0.1	0.00763794
-1.69335	2.2349	1.42417	-0.00161083	-0.00137053	-0.001642	-3.57654e-19	-1.18971e-19	3.90714e-20	0.236581	0.0132416	0	0.1	0.0136996
2.06799	0.364275	-0.486649	-5.24492e-05	-0.0022287	0.0022283	3.26016e-20	-1.12493e-19	2.49898e-19	0.236557	0.0132376	0	0.1	0.0129471
1.00739	-0.534723	-0.608106	0.00089194	-0.00181887	-0.00156324	-3.35976e-19	-4.45237e-19	-1.99458e-19	0.236548	0.013236	0	0.1	0.00845787
0.190964	4.00531	-1.94706	-0.000104045	0.000289739	-0.000314627	-5.42151e-19	-1.31188e-19	6.37946e-20	0.236448	0.0132192	0	0.1	0.00638443
0.448172	-2.97044	0.882638	0.000952876	0.00202945	-0.000724126	1.37696e-18	9.77022e-19	1.7843e-18	0.236428	0.013216	0	0.1	0.00915057
-1.74356	1.40364	-1.59514	0.000998046	2.21866e-05	-0.00152361	5.55757e-20	5.33822e-19	-1.14238e-19	0.236339	0.0132009	0	0.1	0.0110765
-2.05333	0.345629	1.94057	-0.000651881	0.000847403	0.00178318	7.51669e-19	-1.09037e-18	9.47307e-19	0.236332	0.0131998	0	0.1	0.00616155
-0.189596	3.26451	1.17373	0.000157804	0.00016776	0.000521936	4.91999e-21	5.24263e-20	-1.86112e-20	0.236114	0.0131634	0	0.1	0.0153828
1.03006	3.85569	-0.0177027	0.00396449	-0.00251444	0.00442705	4.23254e-18	-8.97858e-19	2.70214e-18	0.236071	0.0131561	0	0.1	0.00766314
-1.99901	4.03407	0.22573	0.00139871	0.00271111	0.00143892	-1.12755e-18	6.92545e-19	3.68463e-19	0.235985	0.0131418	0	0.1	0.00905479
2.32364	-2.26168	-2.48564	-0.00132772	0.000182711	-0.00122152	1.9426e-19	-5.56532e-20	2.83619e-21	0.235952	0.0131362	0	0.1	0.0187836
-1.93649	3.2589	-1.49755	0.000534378	-0.0013867	0.00141919	4.50355e-19	-1.0646e-19	8.37967e-19	0.235904	0.0131283	0	0.1	0.0065207
0.00627599	1.44094	-2.47005	0.000616777	-0.000191237	0.000273341	4.62879e-21	-2.24165e-19	-1.07512e-20	0.235895	0.0131268	0	0.1	0.0105302
-1.22987	-1.95478	0.843083	-2.58603e-05	-4.20007e-05	-6.75682e-05	-6.99184e-20	-7.82791e-20	9.43059e-20	0.235839	0.0131174	0	0.1	0.0181036
-1.63262	0.892809	-1.57139	-8.57484e-05	0.00108758	-0.00183824	-1.16201e-19	-2.791e-19	1.72816e-19	0.235733	0.0130998	0	0.1	0.00933336
-1.65966	-2.14096	0.918258	-0.00271067	0.00234748	0.00308427	-6.15498e-19	1.17214e-19	1.14961e-18	0.235687	0.013092	0	0.1	0.00881406
0.882836	2.69776	-0.469768	-0.000180292	-0.00156804	0.000366128	-8.60589e-19	7.33669e-19	-6.54613e-19	0.235674	0.0130899	0	0.1	0.011013
2.25355	1.76622	-1.34529	0.00148578	-0.000457895	-0.000375605	1.91092e-18	-1.62496e-18	-1.62983e-19	0.235637	0.0130837	0	0.1	0.0114054
2.48419	3.97612	-1.1695	-0.000520083	-3.87746e-05	0.000107202	3.38591e-20	3.9999e-20	2.28495e-20	0.235489	0.013059	0	0.1	0.00737744
1.87014	1.44576	2.02376	-0.000174393	-0.00106928	0.001665	3.98555e-19	-3.3169e-19	-6.58458e-19	0.235458	0.0130539	0	0.1	0.0134711
-0.10369	-0.376257	-0.142536	-0.000519725	0.00124629	-0.00470404	-3.09535e-18	-5.95525e-19	1.83779e-18	0.235403	0.0130448	0	0.1	0.00551198
2.48502	2.78913	-1.71717	0.00115424	0.00227267	-0.00167996	-2.36951e-19	-1.44582e-19	5.39702e-19	0.235218	0.013014	0	0.1	0.007224
-2.06794	0.884102	-1.39198	0.000175811	-0.00286478	-0.00107375	5.61545e-19	-8.4925e-20	9.13948e-20	0.235211	0.0130128	0	0.1	0.00735321
-0.752684	-1.42877	2.2528	0.000558537	0.00132288	-0.00207388	4.76639e-19	-4.50763e-20	-2.93728e-19	0.235173	0.0130065	0	0.1	0.00960138
1.5769	2.84375	-1.86123	-0.00138476	-0.00171244	-0.000732779	-6.85375e-19	1.49587e-19	-1.08503e-19	0.235071	0.0129896	0	0.1	0.00681723
-2.11232	-3.9066	0.901479	-0.0014769	0.00081469	-0.00204296	-3.36782e-18	-2.06899e-19	-2.67547e-18	0.235068	0.0129891	0	0.1	0.00617908
0.796363	4.5009	-1.05458	0.000735471	0.000743504	-0.00136878	-9.69932e-19	2.79314e-18	1.75282e-18	0.235066	0.0129887	0	0.1	0.00556587
-1.98517	2.28145	-2.48755	0.000894321	-0.00248395	0.000787683	3.38459e-19	-1.33761e-19	-4.48116e-19	0.235014	0.0129802	0	0.1	0.00740606
1.0597	3.98812	-1.53201	0.0010648	5.49755e-05	-0.00160775	1.61427e-21	3.97874e-19	3.22736e-19	0.234906	0.0129623	0	0.1	0.0076144
1.2345	-1.17854	-1.99529	-0.00115432	-0.00217269	0.00187239	1.91688e-19	-2.02466e-18	1.27598e-18	0.234887	0.0129591	0	0.1	0.00936567
0.587163	-2.88959	-0.627684	0.000198041	-0.00359108	-0.00248409	-4.26964e-19	1.84263e-19	-3.68438e-20	0.234874	0.012957	0	0.1	0.00741721
1.55725	0.302335	2.10695	0.00336624	-0.00379215	0.00316591	-2.13175e-19	-2.12469e-19	-6.99038e-20	0.234781	0.0129416	0	0.1	0.00861
-0.611705	-2.73522	-1.43106	-0.000219897	8.7473e-05	0.00107805	3.16565e-20	-5.91872e-19	-1.69642e-19	0.23474	0.0129349	0	0.1	0.007729
0.505576	-2.70828	0.320321	-0.00062277	0.00161221	0.00125686	1.12238e-20	-2.98758e-19	-1.51456e-19	0.234707	0.0129295	0	0.1	0.00730382
-1.55465	-2.9445	0.017672	-0.00133622	0.00428241	-0.00280336	-4.15835e-19	1.9052e-19	-1.94408e-18	0.234553	0.012904	0	0.1	0.00932792
2.36501	0.104521	-0.757441	0.000500172	-0.0018084	0.00108106	-1.15072e-20	2.30068e-20	-6.39369e-21	0.234546	0.0129028	0	0.1	0.0140891
-0.0930825	3.85482	2.47981	-0.00147176	-0.00194042	-0.00235619	2.26776e-19	-1.94296e-19	-2.34729e-19	0.234417	0.0128816	0	0.1	0.0115983
1.9986	1.57342	1.15989	-0.000532998	0.000242579	-0.000300153	-4.87681e-19	4.78151e-19	-2.44838e-20	0.234416	0.0128814	0	0.1	0.00510551
1.89591	-0.561355	-1.85221	0.00119005	-0.00145301	0.000174264	-7.38721e-20	2.4708e-20	-5.1023e-19	0.234121	0.0128328	0	0.1	0.00992434
1.56074	-2.65301	0.759906	0.00125177	0.00126541	0.000515799	7.52516e-20	-4.50678e-20	3.41137e-20	0.234027	0.0128173	0	0.1	0.0124104
-2.18435	-0.404282	1.14705	0.00131039	-0.00061513	0.000336335	-2.40506e-19	-1.24375e-18	-3.32173e-19	0.233823	0.0127839	0	0.1	0.00630041
2.39159	3.47107	-1.26774	4.78349e-05	0.00142384	0.00185501	-9.22685e-20	3.75361e-19	-1.32918e-19	0.233771	0.0127752	0	0.1	0.00558008
0.0466509	2.19385	-0.0156771	0.00019496	-0.000122892	-0.000274657	6.90208e-20	5.36027e-19	-1.96585e-19	0.233759	0.0127733	0	0.1	0.012571
-2.01937	4.22985	0.768976	-0.000672174	0.000785837	0.00410578	-2.24479e-19	2.38724e-19	-2.75401e-18	0.233739	0.01277	0	0.1	0.0122138
-1.95227	4.26775	1.86242	-0.00252844	0.000530418	-0.000795364	4.52554e-19	-1.9732e-18	9.61995e-20	0.233693	0.0127626	0	0.1	0.00931821
2.20853	3.54167	-0.82906	-0.00242913	-0.000924982	0.00432151	1.01956e-18	3.68617e-18	-3.86267e-19	0.233641	0.012754	0	0.1	0.00581775
-0.910415	3.79462	0.247568	-0.000167956	-0.000266215	9.99909e-05	3.86511e-19	-5.04097e-21	-1.05867e-19	0.233637	0.0127534	0	0.1	0.00741431
-2.04966	3.36008	-0.377522	-0.000915121	0.00151466	0.0032128	1.08006e-18	-7.34045e-20	1.38383e-19	0.233588	0.0127454	0	0.1	0.00519039
-2.24756	-2.69698	0.21068	-0.00572561	-0.000620323	0.00232733	-5.70106e-19	1.25287e-18	5.86465e-19	0.233503	0.0127314	0	0.1	0.00825201
0.937112	2.22285	1.87395	-4.05441e-05	0.00254224	0.00121779	8.08198e-19	-2.86783e-19	4.37616e-20	0.233321	0.0127016	0	0.1	0.00587891
-1.37231	-0.408509	2.19961	0.000342597	0.000638267	-0.00121913	2.21106e-19	1.16484e-18	-1.1016e-18	0.23328	0.0126951	0	0.1	0.00596371
-1.01091	1.91159	1.76497	-0.00090516	-8.0602e-06	0.000668223	-1.84225e-19	-2.84526e-19	-2.67824e-19	0.233259	0.0126916	0	0.1	0.0120135
2.13717	-0.893489	-2.36447	0.000474711	0.00235892	-0.000304396	-3.48903e-20	1.55229e-19	7.31882e-19	0.233106	0.0126666	0	0.1	0.0141229
-0.130029	3.62133	-1.94574	7.28653e-05	5.08547e-05	-0.000279194	-6.34953e-20	-1.48637e-19	-5.85594e-19	0.232841	0.0126235	0	0.1	0.00780841
-2.13861	-4.25577	2.26069	-0.00145964	-0.00480709	-0.00100001	-2.08923e-18	7.33974e-19	-7.20187e-19	0.232681	0.0125974	0	0.1	0.0104011
1.61033	-3.43284	0.943601	0.00120584	0.00292772	0.000689008	1.946e-18	1.70896e-18	6.98785e-19	0.232555	0.0125769	0	0.1	0.00785276
0.0121966	2.77031	0.00300615	0.000820678	-0.000511515	-0.000225856	-7.56789e-19	3.23194e-18	1.73983e-18	0.232387	0.0125497	0	0.1	0.00772938
-1.63075	-0.528356	-0.900197	-0.000155941	0.000287803	-0.00163452	-3.13732e-19	-1.68212e-19	-5.32158e-20	0.232202	0.0125198	0	0.1	0.00940969
-1.93467	2.25221	-0.484061	-0.0010498	0.000409024	0.00184479	6.01124e-19	8.5225e-20	-2.6032e-20	0.232182	0.0125166	0	0.1	0.00894773
1.83879	3.68032	-0.58212	-0.00381386	-0.00369826	0.00413079	6.86066e-20	-1.05987e-19	-5.74891e-19	0.232173	0.0125152	0	0.1	0.00848751
-2.32191	-2.38954	-1.07419	-0.00034392	0.00124588	-0.00277453	-4.92491e-19	-3.21866e-19	2.70219e-19	0.232073	0.0124989	0	0.1	0.00932893
1.25206	-3.61556	2.2913	-0.000983243	0.000825817	0.000211183	2.56717e-18	-1.51939e-19	-8.37442e-18	0.232036	0.012493	0	0.1	0.00720341
0.754234	-1.94784	1.58631	-0.00331566	-0.00032434	0.000811068	-2.43667e-18	-1.24603e-19	-1.31251e-18	0.231892	0.0124697	0	0.1	0.00567132
2.34996	3.04695	1.74604	0.000212847	-0.000115396	0.00193919	1.78148e-20	7.2033e-21	1.43048e-21	0.231874	0.0124668	0	0.1	0.00802431
-2.38684	3.37759	-2.41702	0.000902799	-0.00132415	0.00547036	-5.07035e-19	-2.9945e-18	6.65981e-18	0.231344	0.0123816	0	0.1	0.00570551
-0.749569	-3.39016	1.3907	-0.000345011	0.00214212	-0.000570082	-6.67579e-19	-1.64394e-18	1.34831e-18	0.231199	0.0123583	0	0.1	0.00595966
0.934694	-0.946503	-0.817481	-0.000340054	-0.00161247	-0.00223964	1.52467e-18	-3.14813e-19	-7.61141e-20	0.231144	0.0123494	0	0.1	0.00586488
-1.72986	0.180181	0.276461	-0.000274735	0.000252734	-0.00149688	-4.48816e-19	-3.85812e-19	-2.92122e-19	0.231109	0.0123439	0	0.1	0.00882705
-1.61586	-0.529514	-2.42409	0.00349033	0.00220739	0.00161789	-1.49362e-18	1.05396e-18	-5.36366e-18	0.231077	0.0123387	0	0.1	0.00526587
1.96205	-2.46828	-0.644431	-0.00184723	-0.000787803	-0.000523632	-1.24074e-18	3.44067e-19	-1.27251e-18	0.23103	0.0123312	0	0.1	0.00680348
-0.41238	-1.33775	-1.13058	-0.000302564	0.00140957	-0.00274704	-1.11454e-19	4.79542e-19	-7.36535e-19	0.230978	0.0123228	0	0.1	0.0107017
2.24471	0.225123	1.19828	-0.00341884	-0.00109804	2.98952e-05	-5.85762e-19	4.83746e-19	1.1414e-18	0.230773	0.0122902	0	0.1	0.010068
-0.51684	-2.17859	-2.43096	1.94933e-05	0.000241931	8.28901e-05	-1.52486e-19	6.08564e-21	3.25919e-20	0.23074	0.0122848	0	0.1	0.00537583
0.373497	-0.812756	1.62281	0.00113993	0.00236267	0.00156819	1.39086e-18	1.03648e-19	1.9218e-18	0.230721	0.0122818	0	0.1	0.00823112
-0.258768	-2.62086	-1.71202	-0.000635122	-0.00108874	-0.000192516	-1.45421e-19	-2.21634e-19	1.77213e-19	0.230658	0.0122717	0	0.1	0.00609069
-1.60687	0.860397	0.810783	-0.000477787	0.000278058	-0.000318307	2.07573e-20	6.37253e-19	-7.51886e-20	0.23065	0.0122704	0	0.1	0.00642783
1.7462	4.16843	-1.91703	-0.00165063	-0.00182468	0.000398519	-4.46418e-18	-3.26561e-18	-3.18633e-19	0.230594	0.0122616	0	0.1	0.0065537
-2.10647	-4.4292	-0.0302679	2.64137e-05	-0.000277728	0.000383236	1.85643e-21	6.72069e-20	6.18158e-19	0.23028	0.0122115	0	0.1	0.00852396
-1.89351	-0.62727	2.05019	0.00109186	0.000229658	-0.00373173	1.14038e-18	7.577e-19	-2.33231e-19	0.230137	0.0121888	0	0.1	0.0078878
-2.0705	-3.3337	-1.24419	0.00371328	-0.00116495	-0.000480491	1.56473e-18	-7.01163e-19	1.44279e-18	0.230074	0.0121787	0	0.1	0.00824134
1.4968	-3.5388	-1.66285	0.00118947	0.000444739	6.95141e-05	-6.14916e-19	-5.54837e-20	-1.37153e-19	0.230022	0.0121704	0	0.1	0.0138819
-1.27071	1.18423	-1.5403	0.000493116	0.000400007	4.07266e-05	1.18733e-20	-2.44688e-20	1.4863e-20	0.229978	0.0121635	0	0.1	0.021088
0.487543	-4.18462	-0.921996	-0.000566432	-0.00268484	-0.000556173	1.09402e-18	-6.7607e-19	1.29251e-19	0.229971	0.0121624	0	0.1	0.00551057
2.26639	-4.33826	-0.637122	8.84441e-06	0.00262848	0.00164421	7.46259e-19	2.97129e-18	8.15177e-20	0.229821	0.0121387	0	0.1	0.00852503
-1.89836	3.53428	-1.12397	-0.00257462	0.000554977	0.000462837	-1.49056e-21	2.38144e-19	1.40257e-21	0.229809	0.0121367	0	0.1	0.00659223
1.20691	1.91564	1.33336	0.000553971	-0.00146917	-0.00219902	9.27164e-19	-4.03522e-19	-9.41737e-19	0.229766	0.0121298	0	0.1	0.00834889
-1.87333	4.24981	-0.167391	0.000246131	1.31546e-05	-0.000624604	-3.83043e-19	-3.11425e-20	1.09434e-19	0.229731	0.0121244	0	0.1	0.0097309
0.785642	-0.0734235	-1.22	-0.00029121	0.000915384	0.000250103	-8.76812e-19	2.92659e-19	-5.48391e-19	0.229708	0.0121207	0	0.1	0.0071708
0.689279	0.872568	0.571548	-0.00158191	0.000989116	-0.00435911	3.50076e-19	5.51753e-19	6.06252e-20	0.229632	0.0121088	0	0.1	0.0112237
1.91673	-3.56682	-0.188574	0.000375338	-0.000255775	4.88413e-05	6.48653e-19	-3.72616e-19	5.32385e-20	0.229528	0.0120922	0	0.1	0.00834278
0.938595	1.44601	-0.34071	-0.00226913	-0.00106574	0.00179018	1.14855e-18	7.57941e-19	7.6942e-19	0.229389	0.0120703	0	0.1	0.00875365
2.46434	-3.26301	2.45872	-0.000962299	0.00160865	0.00138815	-8.63931e-20	3.3185e-18	7.61058e-19	0.229385	0.0120697	0	0.1	0.00761112
2.26966	1.76634	0.836795	0.00047063	-0.000626544	-0.000262514	-1.91633e-19	3.69239e-19	-2.10946e-19	0.229369	0.0120672	0	0.1	0.006782
1.17232	-1.30866	1.1736	0.00165461	0.00179356	-0.000959675	-9.96158e-20	-5.12791e-19	-3.2856e-18	0.229259	0.0120497	0	0.1	0.00637282
1.14881	2.07106	-0.892903	0.000691085	-0.000285527	0.000809372	3.10995e-19	2.82782e-19	2.2776e-19	0.229194	0.0120396	0	0.1	0.0110111
-1.38419	-2.5395	-1.33447	-1.48327e-06	-3.25128e-07	1.29294e-06	-1.25836e-29	1.55709e-29	-9.22295e-30	0.229172	0.0120361	0	0.1	0.0143705
2.24558	3.10978	-1.95259	0.00180934	0.00432579	9.04345e-06	-7.22419e-19	2.007e-19	4.08475e-19	0.229117	0.0120275	0	0.1	0.00599975
-1.13211	-0.05203	-0.398257	0.000678038	-0.000186443	0.000854533	5.11164e-18	-9.92956e-19	9.15526e-18	0.229068	0.0120196	0	0.1	0.00536882
0.130035	4.33142	1.26468	0.000592592	-0.00027109	-0.00140016	7.20188e-20	-1.27007e-19	-7.34723e-21	0.229065	0.0120193	0	0.1	0.0141208
-0.507917	4.42127	-1.30223	0.000700993	0.00191376	0.000801443	1.17651e-19	-9.52697e-21	-6.93944e-20	0.229019	0.012012	0	0.1	0.00554309
0.118419	-3.22906	-0.390622	-0.000683025	0.000471006	-0.000217655	2.82499e-20	-1.39426e-20	2.5399e-19	0.228976	0.0120053	0	0.1	0.00786596
2.41896	-3.47926	0.387026	-0.00299484	0.00686359	-0.00363942	-8.06698e-19	-9.17867e-19	4.59824e-19	0.228953	0.0120016	0	0.1	0.00964344
0.758138	-2.32594	-1.09679	-0.00181407	-0.00231049	-0.00244307	-7.81496e-20	4.34561e-19	-2.08847e-18	0.228804	0.0119781	0	0.1	0.00745297
-1.42217	1.60454	0.554247	0.000576283	-0.00103711	0.000188376	-2.24694e-19	-7.53693e-19	-2.66614e-19	0.228768	0.0119725	0	0.1	0.00783205
1.08238	-3.24073	2.08385	-0.000742362	0.000847436	-0.000493226	6.57471e-20	-1.1234e-19	-1.56709e-19	0.228747	0.0119692	0	0.1	0.00764684
-0.817782	-3.32071	0.941552	-0.0034347	0.00135959	-0.000434225	-2.75116e-18	-1.53738e-18	2.44319e-18	0.228687	0.0119598	0	0.1	0.00665083
2.2619	-0.940933	-1.00556	-0.000397535	0.00222586	0.000484436	2.19733e-21	-3.25955e-18	7.88366e-19	0.228552	0.0119387	0	0.1	0.00997995
-1.1188	2.39536	2.36221	0.00157434	-0.00166646	0.00215943	7.00418e-19	-2.52643e-19	1.40713e-19	0.228486	0.0119283	0	0.1	0.00905921
1.53046	2.7115	-2.4441	0.0013804	-0.000572684	0.00128286	-3.58541e-18	4.69726e-20	2.84648e-18	0.228441	0.0119212	0	0.1	0.00626092
0.634706	3.27485	2.42308	-0.000343407	0.00166434	-0.00062339	-5.54161e-19	-1.28376e-18	-8.04445e-19	0.228345	0.0119063	0	0.1	0.00661398
-1.55714	2.45466	2.47569	0.000821892	-0.00197971	0.000190369	-6.66361e-19	-1.24912e-18	1.2647e-20	0.228247	0.011891	0	0.1	0.00720626
1.26174	-2.46785	0.424037	0.00159256	0.00198485	0.00118108	1.28928e-19	-4.63737e-20	1.6802e-19	0.228176	0.0118798	0	0.1	0.0119026
2.13757	-2.73192	-2.33602	0.00109871	-0.000376389	-0.000193926	-3.16059e-20	-1.62488e-19	1.44054e-19	0.228087	0.011866	0	0.1	0.011389
1.07041	1.79776	1.75409	-0.00432642	0.00211286	-0.00294642	-3.92046e-19	2.16804e-18	-5.75645e-20	0.228051	0.0118603	0	0.1	0.0071369
-1.42084	1.18611	0.196518	0.00212624	0.00225479	0.00380579	-8.6412e-19	-1.48343e-19	-2.18157e-18	0.227993	0.0118513	0	0.1	0.00620095
1.86177	3.38022	-1.87437	0.000921124	0.00103201	0.000305368	-5.20799e-18	-4.65383e-19	-1.23879e-18	0.227935	0.0118422	0	0.1	0.00445303
1.07056	-3.87053	1.95463	0.000715997	-0.000411725	-4.36688e-05	9.33228e-19	-8.11278e-19	9.6571e-19	0.227766	0.0118159	0	0.1	0.00776178
0.15285	-4.38391	-0.681829	-0.00125952	0.00283128	0.00330198	1.04839e-18	-1.34476e-18	9.49268e-20	0.227682	0.0118028	0	0.1	0.00565473
-1.75751	3.67078	0.599299	0.00162261	0.00547849	-0.00180328	9.52428e-19	-7.12844e-19	2.99349e-19	0.227633	0.0117953	0	0.1	0.00645217
0.573292	-1.30803	-0.344169	0.00121631	0.00137755	-0.0018451	9.26456e-19	-4.26179e-19	-3.38454e-19	0.227494	0.0117735	0	0.1	0.00485399
-1.2808	3.31061	-2.23972	-0.00162877	-0.000538056	0.00159925	1.26822e-18	-6.12089e-19	1.05833e-18	0.22746	0.0117684	0	0.1	0.00723092
-1.53648	-2.40286	-1.78157	-0.00405054	-0.00304398	0.00196938	-1.31379e-19	-5.98697e-19	-4.7802e-19	0.227458	0.011768	0	0.1	0.00886938
1.52175	0.35565	0.200282	0.0018865	-0.00160368	-0.00351285	-4.22887e-19	2.19485e-18	-1.37659e-18	0.227364	0.0117535	0	0.1	0.00667981
1.87162	1.33548	1.5346	-0.00115491	3.83598e-05	-0.000411727	-6.09193e-19	5.61484e-20	-3.23947e-19	0.227272	0.0117392	0	0.1	0.00520663
1.71184	-1.9661	-1.77331	0.00123792	0.00273336	-0.000682262	2.9085e-18	2.85633e-19	-1.86775e-18	0.227267	0.0117384	0	0.1	0.00651278
-2.04341	-1.91377	1.04231	-0.00226728	0.00372592	0.00271511	-2.22441e-19	1.99492e-19	-4.65218e-19	0.227257	0.0117368	0	0.1	0.00846798
0.831821	-3.73924	2.42851	-0.000866361	0.00108308	0.00177444	-4.38149e-18	-9.47057e-19	4.14893e-18	0.227235	0.0117334	0	0.1	0.00660251
0.166604	0.731484	-0.460666	0.00263299	0.00121811	0.000156018	5.99932e-18	-2.16901e-18	8.40703e-19	0.227121	0.0117158	0	0.1	0.00689024
-2.04025	-0.146187	1.77207	-0.00118298	-0.000389897	-0.00143707	-1.91107e-19	4.18223e-19	1.65822e-19	0.227041	0.0117034	0	0.1	0.00668597
-0.608938	-2.4189	-1.96045	0.000332314	-0.00168167	-0.00289693	-6.4898e-19	2.22996e-19	-1.23494e-18	0.227022	0.0117005	0	0.1	0.00522076
-2.05555	-1.37819	-2.2349	-6.01459e-06	0.000460611	-0.00135899	3.05003e-20	-5.5141e-20	8.09102e-20	0.22694	0.0116877	0	0.1	0.0134459
-1.20551	2.82883	-2.21618	0.000408804	0.00262044	0.000601823	4.4308e-18	1.84161e-18	-2.79235e-18	0.226875	0.0116778	0	0.1	0.00549901
0.557499	1.87349	-1.1132	-0.000729365	-0.00211531	0.000240629	-5.19198e-19	-7.32753e-19	-1.38556e-19	0.226667	0.0116456	0	0.1	0.00491077
-1.95403	-2.98889	1.38944	-0.000360103	-0.00426673	0.00278078	-9.94541e-20	7.91543e-20	1.0985e-19	0.226615	0.0116377	0	0.1	0.0114037
-1.2375	0.83456	0.539705	-0.000316269	1.86327e-05	-0.000898152	-5.41971e-21	-1.43852e-19	-6.74837e-22	0.226596	0.0116348	0	0.1	0.00625348
2.14385	1.65125	1.71358	-0.00116439	-0.000516494	0.000887819	9.95673e-19	-2.2786e-18	-3.92709e-19	0.226464	0.0116144	0	0.1	0.00619415
0.182036	-0.131758	-0.43399	0.000340212	-0.000624526	-0.000708181	8.6246e-19	1.94923e-19	2.28577e-19	0.226461	0.0116139	0	0.1	0.0117291
-2.38226	-3.1248	0.0626771	-0.000321398	-0.00329221	-0.000370418	-8.04526e-19	-9.0548e-18	-1.64998e-18	0.226445	0.0116114	0	0.1	0.00512666
1.90674	0.893223	1.43984	0.00220589	0.000440285	-0.00172018	1.59193e-18	-6.1278e-19	-3.51301e-19	0.2264	0.0116046	0	0.1	0.00791125
2.37012	1.4113	1.40271	0.000167058	0.0010822	0.00180957	4.26928e-19	-1.11312e-19	-1.01573e-18	0.226393	0.0116035	0	0.1	0.0132549
0.0416878	-3.43915	-0.923588	-0.000228854	-0.00056731	0.001185	3.13188e-18	-4.35067e-18	4.36073e-18	0.226276	0.0115855	0	0.1	0.00607738
1.10254	0.305197	1.9788	0.000193015	-0.00317252	0.00335086	1.44031e-19	3.29822e-19	1.52217e-18	0.226241	0.0115802	0	0.1	0.00712451
-0.150144	-2.45657	-2.36674	-0.00555561	-0.00129185	-0.000546403	2.78676e-18	6.93283e-19	3.13675e-19	0.226081	0.0115556	0	0.1	0.00604383
0.936229	-1.12828	-1.6477	-0.00291259	0.00040759	0.000231133	-5.47191e-19	-2.00055e-18	4.56578e-19	0.225946	0.0115349	0	0.1	0.00699712
2.34296	-0.453102	-1.85763	0.000229136	0.00396946	-8.9974e-05	1.23221e-18	1.75045e-19	1.88862e-18	0.225943	0.0115345	0	0.1	0.00948175
0.173375	2.89228	-2.4542	-0.000295038	5.36313e-05	0.000206708	-2.54579e-20	7.37836e-20	-9.42253e-20	0.225919	0.0115307	0	0.1	0.00864965
-1.99948	3.74838	-0.137148	0.000410639	0.00279115	0.00118109	-1.17088e-18	7.25655e-19	2.20364e-18	0.225909	0.0115292	0	0.1	0.00568737
2.45051	-1.51868	0.464201	-7.65355e-05	0.000675375	0.00091757	4.05701e-18	-1.22059e-18	-3.96689e-18	0.225904	0.0115285	0	0.1	0.00475172
0.000586991	2.00942	1.80962	0.000334073	5.43113e-05	0.000148276	-4.90514e-20	-1.05923e-19	-1.08106e-19	0.22567	0.0114927	0	0.1	0.00703626
-2.35492	-0.707446	-2.07645	-0.00465726	-0.00215835	-0.000269767	-9.50387e-19	-1.95639e-18	7.13265e-19	0.225613	0.011484	0	0.1	0.00725365
-0.949464	4.14332	-1.31701	-0.00178277	0.000936133	0.00113023	1.01022e-19	1.09748e-18	2.00339e-19	0.225601	0.0114821	0	0.1	0.0074032
0.887804	-3.70495	-1.67854	1.24346e-05	-0.0010137	-0.000124795	1.21161e-20	1.46455e-20	-3.6564e-20	0.225545	0.0114736	0	0.1	0.00737747
-2.05962	3.98676	-1.23749	-0.00133059	0.000415715	0.00175636	-4.20179e-18	2.18692e-18	-6.9841e-19	0.225381	0.0114486	0	0.1	0.00484937
0.983065	-0.889966	-1.26763	0.00122256	0.00352475	-0.00178973	2.43117e-19	-4.75038e-19	-1.04917e-18	0.225173	0.0114169	0	0.1	0.00783029
-1.98533	4.33093	-1.51837	-0.0043592	-0.000986627	-0.00110414	-1.35258e-18	1.45973e-20	-2.90642e-19	0.225111	0.0114075	0	0.1	0.00664243
0.867983	-2.18297	2.40255	0.000945452	-0.00103939	0.00253886	4.30314e-19	3.9097e-19	-6.14684e-19	0.225109	0.0114072	0	0.1	0.00967289
1.44848	0.545255	-1.57543	2.40748e-05	-0.000511695	0.00150356	2.26084e-19	1.73802e-20	-2.51797e-19	0.225014	0.0113927	0	0.1	0.0135066
