-2.38317	0.918656	-2.15392	0.0345256	0.0162048	-0.0308928	0	-1.10809e-17	0	0.276837	1.33077	0.274984	0.1	0.029378
-0.374289	-1.15236	-1.43234	-3.22488e-06	-1.02596e-06	-1.74176e-06	0	0	0	0.276293	1.32294	0.274444	0.1	0.0519033
1.66533	-1.26005	-2.06842	-3.22488e-06	-1.02596e-06	-1.74176e-06	0	0	0	0.275006	1.30454	0.273166	0.1	0.0527918
1.00407	0.797957	-1.95261	-3.22488e-06	-1.02596e-06	-1.74176e-06	0	0	0	0.274878	1.30272	0.273039	0.1	0.0655293
2.44707	-3.40012	2.05827	-3.22488e-06	-1.02596e-06	-1.74176e-06	0	0	0	0.274746	1.30084	0.272907	0.1	0.0630097
-1.64964	-0.911774	0.17786	0.00494514	0.0233029	-0.0110096	-5.79868e-18	0	0	0.274326	1.29489	0.27249	0.1	0.0228081
-0.524774	0.210051	-1.73503	-3.22488e-06	-1.02596e-06	-1.74176e-06	0	0	0	0.274292	1.2944	0.272456	0.1	0.0398848
-0.633952	0.283346	1.9365	4.28313e-06	1.73474e-05	3.28302e-06	2.83822e-21	-1.41911e-21	5.67645e-21	0.274194	1.29302	0.272359	0.1	0.0308465
1.72365	-1.11438	1.11469	-0.00180599	0.00252074	-0.00192323	-7.33477e-19	0	7.33477e-19	0.273677	1.28571	0.271845	0.1	0.0259797
-0.450281	3.59642	-0.417386	-3.22488e-06	-1.02596e-06	-1.74176e-06	0	0	0	0.273647	1.28529	0.271815	0.1	0.07286
-0.0116127	-0.295904	-1.78947	-3.22488e-06	-1.02596e-06	-1.74176e-06	0	0	0	0.273576	1.2843	0.271745	0.1	0.0349369
-0.642611	-0.441319	-2.45824	-0.00628027	-0.000480498	0.00150351	-9.20327e-20	0	-3.68131e-19	0.273469	1.28279	0.271639	0.1	0.0355471
-0.700742	-4.01096	-0.758837	-3.22488e-06	-1.02596e-06	-1.74176e-06	0	0	0	0.273383	1.28158	0.271553	0.1	0.0387926
1.2245	-0.483136	1.87755	0.0268496	-0.00703787	0.0138977	-2.95167e-18	-2.36133e-17	5.90333e-18	0.273347	1.28107	0.271517	0.1	0.028308
0.6907	-2.37398	-1.37314	-3.22488e-06	-1.02596e-06	-1.74176e-06	0	0	0	0.273217	1.27924	0.271388	0.1	0.0496254
1.66159	2.35551	-2.26741	-3.22488e-06	-1.02596e-06	-1.74176e-06	0	0	0	0.273167	1.27854	0.271339	0.1	0.0388856
1.61225	3.71737	1.92417	-0.00307362	0.00980536	0.00678274	2.98279e-18	1.4914e-18	-1.4914e-18	0.272774	1.27303	0.270948	0.1	0.0341187
-0.54792	1.8626	2.44103	-3.22488e-06	-1.02596e-06	-1.74176e-06	0	0	0	0.272555	1.26997	0.270731	0.1	0.0369811
1.41164	0.790139	0.326493	-3.22488e-06	-1.02596e-06	-1.74176e-06	0	0	0	0.272511	1.26935	0.270687	0.1	0.0359886
2.36894	-0.382186	0.418935	-3.22488e-06	-1.02596e-06	-1.74176e-06	0	0	0	0.272461	1.26865	0.270637	0.1	0.0312631
1.04799	-2.51599	1.79508	-3.22488e-06	-1.02596e-06	-1.74176e-06	0	0	0	0.272108	1.26373	0.270287	0.1	0.0441608
-0.0310187	-2.25163	-0.0686394	-3.22488e-06	-1.02596e-06	-1.74176e-06	0	0	0	0.272018	1.26247	0.270197	0.1	0.0571632
-1.6329	1.38976	1.53824	-3.22488e-06	-1.02596e-06	-1.74176e-06	0	0	0	0.271831	1.25987	0.270011	0.1	0.0248032
-1.72552	-1.39816	-0.132477	-3.22488e-06	-1.02596e-06	-1.74176e-06	0	0	0	0.270557	1.24224	0.268746	0.1	0.0353605
-1.54342	-0.304053	2.20839	-0.000850845	-0.00167277	-0.000821606	0	-3.8877e-19	3.8877e-19	0.270502	1.24149	0.268692	0.1	0.0357906
1.4039	0.363086	-0.458631	0.00929856	0.0153784	0.00747326	-6.22522e-18	6.22522e-18	0	0.270459	1.2409	0.268649	0.1	0.0292969
-0.708643	-0.264656	-1.12617	-3.22488e-06	-1.02596e-06	-1.74176e-06	0	0	0	0.270454	1.24083	0.268644	0.1	0.0407697
-2.46111	1.83675	0.391133	-3.22488e-06	-1.02596e-06	-1.74176e-06	0	0	0	0.270284	1.23849	0.268475	0.1	0.0730072
-1.22516	-2.00029	-1.29841	-3.22488e-06	-1.02596e-06	-1.74176e-06	0	0	0	0.269898	1.23319	0.268091	0.1	0.0650628
-2.398	2.94399	-1.71958	-3.22488e-06	-1.02596e-06	-1.74176e-06	0	0	0	0.269677	1.23016	0.267872	0.1	0.0485515
-1.02201	-3.35621	-1.45463	0.00147373	0.00146639	-0.00024841	-9.87633e-20	-1.97527e-19	-7.90107e-19	0.269636	1.2296	0.267831	0.1	0.0454496
2.05574	1.33655	-2.37358	-3.10091e-06	-1.16307e-06	-1.94602e-06	0	0	0	0.269395	1.2263	0.267592	0.1	0.0394775
2.2138	3.97463	-0.448961	-3.22488e-06	-1.02596e-06	-1.74176e-06	0	0	0	0.269052	1.22163	0.267251	0.1	0.03668
1.47804	2.41578	1.96094	-3.22488e-06	-1.02596e-06	-1.74176e-06	0	0	0	0.269038	1.22144	0.267237	0.1	0.0340077
2.48046	-1.43294	-0.836825	-3.22488e-06	-1.02596e-06	-1.74176e-06	0	0	0	0.268979	1.22063	0.267178	0.1	0.053046
0.47855	-3.40557	-2.1699	-3.22488e-06	-1.02596e-06	-1.74176e-06	0	0	0	0.268514	1.21432	0.266717	0.1	0.0447961
0.512404	3.32307	1.98554	-3.22488e-06	-1.02596e-06	-1.74176e-06	0	0	0	0.267944	1.20659	0.26615	0.1	0.0276623
0.900085	-3.84888	0.588459	-3.22488e-06	-1.02596e-06	-1.74176e-06	0	0	0	0.267704	1.20336	0.265913	0.1	0.0312621
2.26142	-3.98411	1.17318	-3.22488e-06	-1.02596e-06	-1.74176e-06	0	0	0	0.267637	1.20246	0.265846	0.1	0.0412465
-2.31978	2.59837	2.26451	-3.22488e-06	-1.02596e-06	-1.74176e-06	0	0	0	0.267507	1.2007	0.265716	0.1	0.0660676
0.843642	-1.55007	-0.338782	-3.22488e-06	-1.02596e-06	-1.74176e-06	0	0	0	0.267466	1.20016	0.265676	0.1	0.0307683
1.09368	2.61517	-0.757316	-3.22488e-06	-1.02596e-06	-1.74176e-06	0	0	0	0.267265	1.19745	0.265477	0.1	0.0486482
1.78281	-2.15911	-0.48992	-0.00450934	0.0243881	0.0143488	1.46093e-18	9.80912e-18	4.17409e-19	0.266684	1.18965	0.264899	0.1	0.0162592
0.667018	0.980423	2.07288	-3.22488e-06	-1.02596e-06	-1.74176e-06	0	0	0	0.266499	1.18718	0.264715	0.1	0.0564437
-1.14657	-0.789037	0.626237	-3.22488e-06	-1.02596e-06	-1.74176e-06	0	0	0	0.266196	1.18313	0.264414	0.1	0.019214
0.161744	-2.65705	-0.612063	0.00022442	0.000390042	-2.79232e-05	1.32297e-20	0	1.05837e-19	0.265931	1.17961	0.264151	0.1	0.0268381
-1.94608	3.72929	0.498747	-3.22488e-06	-1.02596e-06	-1.74176e-06	0	0	0	0.265495	1.17382	0.263718	0.1	0.0558023
2.44201	-3.58992	0.0622572	-3.22488e-06	-1.02596e-06	-1.74176e-06	0	0	0	0.265386	1.17237	0.263609	0.1	0.0564995
-0.908439	3.15292	0.342821	-3.22488e-06	-1.02596e-06	-1.74176e-06	0	0	0	0.264863	1.16545	0.26309	0.1	0.0677049
1.79831	-1.4045	1.91616	-3.22488e-06	-1.02596e-06	-1.74176e-06	0	0	0	0.264563	1.16149	0.262792	0.1	0.0573109
-0.0846431	3.7008	2.16552	0.0126319	0.0079354	0.00733617	3.49137e-18	-3.49137e-18	-3.49137e-18	0.264319	1.15828	0.26255	0.1	0.0216221
0.793615	-3.22164	1.40607	0.0116874	0.00288116	0.00528005	8.92807e-19	0	-1.78561e-18	0.263126	1.14267	0.261365	0.1	0.0167272
1.71296	-0.505494	-0.467231	-3.22488e-06	-1.02596e-06	-1.74176e-06	0	0	0	0.263119	1.14259	0.261358	0.1	0.0410124
1.94072	-3.90129	-0.465457	-3.22488e-06	-1.02596e-06	-1.74176e-06	0	0	0	0.26296	1.14051	0.2612	0.1	0.036024
2.05977	-2.54515	1.83182	-3.22488e-06	-1.02596e-06	-1.74176e-06	0	0	0	0.262785	1.13824	0.261027	0.1	0.057183
2.39873	0.664917	0.402409	-3.22488e-06	-1.02596e-06	-1.74176e-06	0	0	0	0.262227	1.131	0.260472	0.1	0.0473577
-1.70395	2.91041	-0.6076	0.000141339	-0.000250226	0.000194768	0	5.91805e-20	0	0.260049	1.10305	0.258309	0.1	0.0708389
-1.93213	2.79215	-1.27724	-3.22488e-06	-1.02596e-06	-1.74176e-06	0	0	0	0.260045	1.103	0.258305	0.1	0.0295644
-1.53303	-1.16544	-1.4974	-3.22488e-06	-1.02596e-06	-1.74176e-06	0	0	0	0.260042	1.10297	0.258302	0.1	0.0321001
-1.81671	2.76579	1.65291	-3.22488e-06	-1.02596e-06	-1.74176e-06	0	0	0	0.259826	1.10022	0.258087	0.1	0.0739304
0.519788	1.81275	1.80333	-3.22488e-06	-1.02596e-06	-1.74176e-06	0	0	0	0.259698	1.09859	0.25796	0.1	0.0399395
-1.48123	-0.174076	-0.608113	-3.22488e-06	-1.02596e-06	-1.74176e-06	0	0	0	0.259637	1.09782	0.257899	0.1	0.0365251
1.62049	0.958935	-1.55053	-3.22488e-06	-1.02596e-06	-1.74176e-06	0	0	0	0.258482	1.08324	0.256752	0.1	0.0359583
0.203208	0.605458	-0.665654	-0.00247199	-0.00494418	0.00413147	3.90658e-18	-3.90658e-18	-1.95329e-18	0.258445	1.08276	0.256715	0.1	0.025393
2.27572	-3.39574	0.593193	-3.22488e-06	-1.02596e-06	-1.74176e-06	0	0	0	0.257818	1.0749	0.256092	0.1	0.0373914
-0.207006	1.43337	0.108458	-3.22488e-06	-1.02596e-06	-1.74176e-06	0	0	0	0.257816	1.07488	0.256091	0.1	0.0281492
-2.15378	2.36563	-1.5881	-3.22488e-06	-1.02596e-06	-1.74176e-06	0	0	0	0.257648	1.07278	0.255924	0.1	0.0315693
-1.15423	1.61994	-0.0339986	-0.00297829	-4.09658e-05	0.00725585	0	1.98509e-18	0	0.257611	1.07232	0.255887	0.1	0.0269692
-1.53762	3.8122	-0.205855	-3.22488e-06	-1.02596e-06	-1.74176e-06	0	0	0	0.257337	1.0689	0.255615	0.1	0.0583185
0.19886	-4.13994	2.22955	-0.018666	-0.0237078	-0.0039343	0	-4.00738e-18	2.40443e-17	0.257131	1.06634	0.25541	0.1	0.0302069
2.19651	2.90284	-0.80766	-3.22488e-06	-1.02596e-06	-1.74176e-06	0	0	0	0.256829	1.06258	0.25511	0.1	0.0507052
0.653605	0.224911	0.997669	-3.22488e-06	-1.02596e-06	-1.74176e-06	0	0	0	0.256672	1.06063	0.254954	0.1	0.064859
-2.17207	-1.65535	-2.04453	-3.22488e-06	-1.02596e-06	-1.74176e-06	0	0	0	0.256256	1.05548	0.254541	0.1	0.0411987
-2.39197	-3.11785	-1.77238	-3.22488e-06	-1.02596e-06	-1.74176e-06	0	0	0	0.256121	1.05382	0.254407	0.1	0.0477668
0.666157	1.86574	-1.40078	-3.22488e-06	-1.02596e-06	-1.74176e-06	0	0	0	0.255933	1.0515	0.25422	0.1	0.0501033
2.02304	2.13686	-0.941296	-3.22488e-06	-1.02596e-06	-1.74176e-06	0	0	0	0.255811	1.05	0.254099	0.1	0.0347633
-0.360819	1.19582	-1.49588	-3.22488e-06	-1.02596e-06	-1.74176e-06	0	0	0	0.2557	1.04864	0.253989	0.1	0.0475872
0.769842	-2.12966	-2.452	-3.22488e-06	-1.02596e-06	-1.74176e-06	0	0	0	0.2557	1.04863	0.253989	0.1	0.0512533
-0.827277	1.62567	1.89266	-3.22488e-06	-1.02596e-06	-1.74176e-06	0	0	0	0.255661	1.04815	0.253949	0.1	0.0391646
-0.127992	-2.21962	-1.7413	0.00880854	-0.00697028	-0.0211798	-1.65521e-17	0	-4.13801e-18	0.255487	1.04601	0.253777	0.1	0.0362235
-0.74636	1.66478	0.654518	-0.00289144	0.00578742	-0.00053987	0	0	-4.15531e-18	0.255274	1.0434	0.253565	0.1	0.0308309
0.487594	-0.0266645	-0.0904555	-3.22488e-06	-1.02596e-06	-1.74176e-06	0	0	0	0.255113	1.04142	0.253405	0.1	0.0293812
-0.285357	-1.69301	-1.36431	-3.22488e-06	-1.02596e-06	-1.74176e-06	0	0	0	0.254738	1.03684	0.253033	0.1	0.0393085
-0.0117263	-3.52372	-1.74827	-3.22488e-06	-1.02596e-06	-1.74176e-06	0	0	0	0.253997	1.02782	0.252297	0.1	0.032482
1.88299	4.14654	-1.35348	-3.22488e-06	-1.02596e-06	-1.74176e-06	0	0	0	0.253829	1.02578	0.25213	0.1	0.0252005
0.0733049	3.44083	-2.28929	-3.22488e-06	-1.02596e-06	-1.74176e-06	0	0	0	0.253694	1.02414	0.251996	0.1	0.0481816
-1.12741	2.18066	-0.585231	0.0225935	0.00877915	-0.00791178	2.14755e-18	0	8.59022e-18	0.25359	1.02289	0.251893	0.1	0.0328109
-0.838892	1.24115	-0.871151	-3.22488e-06	-1.02596e-06	-1.74176e-06	0	0	0	0.253572	1.02267	0.251875	0.1	0.0425703
2.12439	-0.688435	0.781913	-3.22488e-06	-1.02596e-06	-1.74176e-06	0	0	0	0.253551	1.02241	0.251854	0.1	0.0267796
1.61419	-0.500597	-1.78416	-3.22488e-06	-1.02596e-06	-1.74176e-06	0	0	0	0.253491	1.02168	0.251794	0.1	0.070721
-1.40943	2.77578	0.961322	-3.22488e-06	-1.02596e-06	-1.74176e-06	0	0	0	0.253188	1.01803	0.251493	0.1	0.0794365
1.93665	-1.3096	0.394797	-3.22488e-06	-1.02596e-06	-1.74176e-06	0	0	0	0.253095	1.0169	0.251401	0.1	0.0356747
0.355927	3.48996	1.1748	-3.22488e-06	-1.02596e-06	-1.74176e-06	0	0	0	0.252893	1.01448	0.251201	0.1	0.0335581
-0.113477	-3.71929	-1.06829	-3.22488e-06	-1.02596e-06	-1.74176e-06	0	0	0	0.252776	1.01306	0.251084	0.1	0.0293054
0.306654	-1.78931	1.17802	-3.22488e-06	-1.02596e-06	-1.74176e-06	0	0	0	0.252596	1.01091	0.250906	0.1	0.0419832
-1.01491	4.01024	-1.39744	-3.22488e-06	-1.02596e-06	-1.74176e-06	0	0	0	0.252303	1.00738	0.250614	0.1	0.068139
-2.39724	-0.839422	-0.283036	-3.22488e-06	-1.02596e-06	-1.74176e-06	0	0	0	0.252092	1.00486	0.250404	0.1	0.027468
-1.9814	-2.43592	-2.22278	-3.22488e-06	-1.02596e-06	-1.74176e-06	0	0	0	0.251675	0.999893	0.249991	0.1	0.0461858
1.75812	-1.92925	-0.0173348	-0.0091454	-0.00388871	0.00896451	6.76285e-18	-1.12714e-18	0	0.251142	0.993547	0.249461	0.1	0.0299967
-1.98545	0.786291	2.07077	-3.22488e-06	-1.02596e-06	-1.74176e-06	0	0	0	0.250615	0.987306	0.248938	0.1	0.0268502
0.489318	-1.74768	0.123573	-3.22488e-06	-1.02596e-06	-1.74176e-06	0	0	0	0.250518	0.986161	0.248841	0.1	0.0364458
1.89537	0.803147	-0.352107	-3.22488e-06	-1.02596e-06	-1.74176e-06	0	0	0	0.250503	0.985981	0.248826	0.1	0.0310559
-2.01063	4.07353	-2.14029	-3.22488e-06	-1.02596e-06	-1.74176e-06	0	0	0	0.250368	0.984392	0.248692	0.1	0.0367622
-1.82811	0.0259592	-1.92123	-3.22488e-06	-1.02596e-06	-1.74176e-06	0	0	0	0.250149	0.981814	0.248475	0.1	0.0337248
1.17989	0.768404	-0.758623	-3.22488e-06	-1.02596e-06	-1.74176e-06	0	0	0	0.249543	0.974687	0.247873	0.1	0.0227651
-0.177158	-4.2251	0.314545	-3.22488e-06	-1.02596e-06	-1.74176e-06	0	0	0	0.249344	0.972366	0.247676	0.1	0.0588393
1.55511	2.79334	0.586756	-3.22488e-06	-1.02596e-06	-1.74176e-06	0	0	0	0.249296	0.971804	0.247628	0.1	0.0493692
1.60001	2.3981	1.23758	-3.22488e-06	-1.02596e-06	-1.74176e-06	0	0	0	0.249076	0.969231	0.247409	0.1	0.0642286
0.0384879	3.15555	1.58663	-3.22488e-06	-1.02596e-06	-1.74176e-06	0	0	0	0.248946	0.967708	0.247279	0.1	0.0371572
-0.681967	-3.08451	-0.239942	-3.22488e-06	-1.02596e-06	-1.74176e-06	0	0	0	0.248837	0.96644	0.247171	0.1	0.047429
2.29977	3.65783	0.0328418	-3.22488e-06	-1.02596e-06	-1.74176e-06	0	0	0	0.248357	0.960857	0.246695	0.1	0.0438858
1.97181	0.418765	-1.76555	-3.22488e-06	-1.02596e-06	-1.74176e-06	0	0	0	0.24804	0.957188	0.24638	0.1	0.0699319
1.35106	3.96744	-1.91099	-3.22488e-06	-1.02596e-06	-1.74176e-06	0	0	0	0.247962	0.95628	0.246302	0.1	0.035457
1.96862	2.82949	-0.0174852	-3.22488e-06	-1.02596e-06	-1.74176e-06	0	0	0	0.24783	0.95476	0.246172	0.1	0.0494778
1.12694	0.719783	0.863406	-3.22488e-06	-1.02596e-06	-1.74176e-06	0	0	0	0.247733	0.95363	0.246075	0.1	0.0566759
1.27127	2.06491	-1.24116	-3.22488e-06	-1.02596e-06	-1.74176e-06	0	0	0	0.247279	0.948403	0.245624	0.1	0.0433166
-0.145848	-2.61812	1.42232	0.0160773	0.00311534	0.000444869	0	0	2.44785e-18	0.247038	0.945634	0.245385	0.1	0.0477442
-0.00877501	-4.1953	1.59921	-3.22488e-06	-1.02596e-06	-1.74176e-06	0	0	0	0.246936	0.944455	0.245283	0.1	0.028944
-2.14547	1.89999	-0.879488	-3.22488e-06	-1.02596e-06	-1.74176e-06	0	0	0	0.246852	0.943496	0.2452	0.1	0.0373003
-1.34214	-4.07508	1.81019	-3.22488e-06	-1.02596e-06	-1.74176e-06	0	0	0	0.246534	0.939861	0.244884	0.1	0.0402587
-1.10286	-1.40376	-0.490941	0.000474522	-0.0225296	-0.0108039	0	3.10256e-19	-3.10256e-19	0.246354	0.937795	0.244705	0.1	0.0403274
-1.06873	-3.71156	0.76401	-0.00160841	0.00508414	0.0080146	-4.9789e-18	0	-6.22363e-19	0.246207	0.93612	0.244559	0.1	0.0367155
0.584324	1.23094	-2.31862	-3.22488e-06	-1.02596e-06	-1.74176e-06	0	0	0	0.246173	0.935732	0.244525	0.1	0.0442538
-0.540904	-1.63393	0.917044	-3.22488e-06	-1.02596e-06	-1.74176e-06	0	0	0	0.246123	0.935165	0.244476	0.1	0.0251783
-2.23481	-0.732393	-1.22889	-9.87606e-05	3.14813e-05	6.02522e-05	0	0	1.95224e-20	0.246021	0.934001	0.244374	0.1	0.0370618
1.05772	3.45516	0.193713	-3.22488e-06	-1.02596e-06	-1.74176e-06	0	0	0	0.24582	0.931713	0.244175	0.1	0.0333196
0.732301	-3.7849	1.68476	0.000789492	0.00013806	0.000278703	7.86432e-20	-3.14573e-19	-7.86432e-20	0.245674	0.930051	0.244029	0.1	0.021605
0.765651	-2.88128	0.124565	-3.22488e-06	-1.02596e-06	-1.74176e-06	0	0	0	0.245586	0.929056	0.243942	0.1	0.0478664
-1.43998	-2.99282	1.28242	-3.22488e-06	-1.02596e-06	-1.74176e-06	0	0	0	0.245237	0.925099	0.243596	0.1	0.0267612
-1.437	-2.72242	-0.537285	-3.22488e-06	-1.02596e-06	-1.74176e-06	0	0	0	0.244914	0.921447	0.243275	0.1	0.062108
0.279921	-0.613073	0.0100644	-3.22488e-06	-1.02596e-06	-1.74176e-06	0	0	0	0.242911	0.899021	0.241285	0.1	0.0276316
-0.84694	0.815348	0.950785	-3.22488e-06	-1.02596e-06	-1.74176e-06	0	0	0	0.242759	0.897335	0.241134	0.1	0.0443505
-0.149084	-1.11086	1.11253	-3.22488e-06	-1.02596e-06	-1.74176e-06	0	0	0	0.242563	0.895168	0.24094	0.1	0.0338483
-1.86315	1.63781	-2.38857	-3.22488e-06	-1.02596e-06	-1.74176e-06	0	0	0	0.24238	0.89314	0.240758	0.1	0.0335483
0.269748	-2.27906	2.25659	-3.22488e-06	-1.02596e-06	-1.74176e-06	0	0	0	0.242028	0.889257	0.240408	0.1	0.0213838
1.43918	-2.99335	0.982672	-3.22488e-06	-1.02596e-06	-1.74176e-06	0	0	0	0.242006	0.88901	0.240386	0.1	0.0348148
1.65576	-2.8388	2.44785	-3.22488e-06	-1.02596e-06	-1.74176e-06	0	0	0	0.241997	0.888913	0.240377	0.1	0.0421164
-1.87017	-3.15424	1.51937	-3.22488e-06	-1.02596e-06	-1.74176e-06	0	0	0	0.241799	0.886735	0.240181	0.1	0.0240867
0.978247	2.36785	0.453385	-3.22488e-06	-1.02596e-06	-1.74176e-06	0	0	0	0.241666	0.885271	0.240048	0.1	0.0431785
0.0339015	-0.366545	0.919031	-3.22488e-06	-1.02596e-06	-1.74176e-06	0	0	0	0.241466	0.883077	0.23985	0.1	0.0485811
1.16078	-1.35067	2.01724	-3.22488e-06	-1.02596e-06	-1.74176e-06	0	0	0	0.241322	0.881493	0.239706	0.1	0.0376252
-1.31036	3.06307	2.17933	-3.22488e-06	-1.02596e-06	-1.74176e-06	0	0	0	0.240765	0.875412	0.239154	0.1	0.0497844
1.4342	-0.557153	0.949161	-3.22488e-06	-1.02596e-06	-1.74176e-06	0	0	0	0.240556	0.873127	0.238946	0.1	0.0450676
-2.4502	-0.845903	0.286849	-3.22488e-06	-1.02596e-06	-1.74176e-06	0	0	0	0.240425	0.871709	0.238816	0.1	0.0225243
1.06998	-3.24511	-1.91483	-3.22488e-06	-1.02596e-06	-1.74176e-06	0	0	0	0.240411	0.871554	0.238802	0.1	0.0365217
2.44211	0.836653	-1.99761	-0.0527243	-0.0247452	0.0471649	1.12242e-17	2.24483e-17	2.24483e-17	0.240382	0.871239	0.238773	0.1	0.0225396
0.171735	2.27725	-0.28318	-3.22488e-06	-1.02596e-06	-1.74176e-06	0	0	0	0.240351	0.8709	0.238742	0.1	0.0561684
0.600327	-0.510648	-1.71128	-3.22488e-06	-1.02596e-06	-1.74176e-06	0	0	0	0.240095	0.868116	0.238488	0.1	0.0415967
2.25663	3.64853	-2.39404	-3.22488e-06	-1.02596e-06	-1.74176e-06	0	0	0	0.239787	0.864781	0.238182	0.1	0.0381499
-1.57342	0.875752	1.46102	-3.22488e-06	-1.02596e-06	-1.74176e-06	0	0	0	0.23914	0.857801	0.237539	0.1	0.0216225
0.293443	3.19871	0.656645	-3.22488e-06	-1.02596e-06	-1.74176e-06	0	0	0	0.23875	0.853612	0.237152	0.1	0.0578204
0.881876	2.85129	1.62812	-3.22488e-06	-1.02596e-06	-1.74176e-06	0	0	0	0.238355	0.849385	0.23676	0.1	0.0321581
-1.24827	0.632406	2.19699	-3.22488e-06	-1.02596e-06	-1.74176e-06	0	0	0	0.238282	0.848605	0.236687	0.1	0.0360393
-0.110142	-1.956	-0.93264	-3.22488e-06	-1.02596e-06	-1.74176e-06	0	0	0	0.237973	0.845308	0.236381	0.1	0.0354073
0.559238	-1.50956	2.37382	-3.22488e-06	-1.02596e-06	-1.74176e-06	0	0	0	0.23797	0.845275	0.236377	0.1	0.025284
1.76278	3.37955	-1.48683	-3.22488e-06	-1.02596e-06	-1.74176e-06	0	0	0	0.237935	0.844905	0.236343	0.1	0.026432
-1.98619	-3.20559	1.02666	-3.22488e-06	-1.02596e-06	-1.74176e-06	0	0	0	0.237601	0.841344	0.23601	0.1	0.0291493
0.15583	-1.62905	-0.537122	-3.22488e-06	-1.02596e-06	-1.74176e-06	0	0	0	0.237305	0.838205	0.235717	0.1	0.0240434
-2.40794	-0.308394	-0.964837	-3.22488e-06	-1.02596e-06	-1.74176e-06	0	0	0	0.237151	0.836575	0.235564	0.1	0.0384291
-1.01987	-1.47499	1.12662	-3.22488e-06	-1.02596e-06	-1.74176e-06	0	0	0	0.236826	0.833143	0.235241	0.1	0.0464989
-1.45548	-3.82704	-2.32348	-3.22488e-06	-1.02596e-06	-1.74176e-06	0	0	0	0.236753	0.832371	0.235168	0.1	0.0552151
0.875773	-1.48353	1.14908	-3.22488e-06	-1.02596e-06	-1.74176e-06	0	0	0	0.236677	0.831572	0.235093	0.1	0.0417252
-2.43734	1.04981	1.85291	-3.22488e-06	-1.02596e-06	-1.74176e-06	0	0	0	0.236368	0.828316	0.234786	0.1	0.0344863
-1.91738	-0.811781	-0.485045	-3.22488e-06	-1.02596e-06	-1.74176e-06	0	0	0	0.235836	0.822734	0.234257	0.1	0.0284067
-1.22763	3.73091	1.6087	-3.22488e-06	-1.02596e-06	-1.74176e-06	0	0	0	0.235685	0.821153	0.234107	0.1	0.0404749
2.45588	1.66316	-0.333189	-3.22488e-06	-1.02596e-06	-1.74176e-06	0	0	0	0.235591	0.820178	0.234014	0.1	0.0277651
0.0939747	-0.960155	-0.579949	-3.22488e-06	-1.02596e-06	-1.74176e-06	0	0	0	0.235437	0.818565	0.233861	0.1	0.0396077
-2.19794	-1.39856	0.893684	-3.22488e-06	-1.02596e-06	-1.74176e-06	0	0	0	0.235067	0.814718	0.233494	0.1	0.0608262
0.144655	2.05876	-2.39609	-3.22488e-06	-1.02596e-06	-1.74176e-06	0	0	0	0.234723	0.811148	0.233152	0.1	0.0477992
-1.1609	-2.21817	-2.36252	-3.22488e-06	-1.02596e-06	-1.74176e-06	0	0	0	0.234518	0.809021	0.232948	0.1	0.0493732
-1.89122	-1.36125	1.84989	-3.22488e-06	-1.02596e-06	-1.74176e-06	0	0	0	0.234316	0.806933	0.232748	0.1	0.0774971
1.11151	1.99576	1.21935	-3.22488e-06	-1.02596e-06	-1.74176e-06	0	0	0	0.233968	0.80334	0.232402	0.1	0.044525
-2.32492	0.106059	-0.595082	-3.22488e-06	-1.02596e-06	-1.74176e-06	0	0	0	0.233356	0.797056	0.231794	0.1	0.0271873
-1.03108	1.04361	0.273311	-3.22488e-06	-1.02596e-06	-1.74176e-06	0	0	0	0.232817	0.791545	0.231259	0.1	0.049816
-1.45964	-3.674	-0.850643	-3.22488e-06	-1.02596e-06	-1.74176e-06	0	0	0	0.232681	0.790152	0.231123	0.1	0.0561294
0.901142	0.846407	-0.271907	-3.22488e-06	-1.02596e-06	-1.74176e-06	0	0	0	0.232389	0.787182	0.230833	0.1	0.0322665
1.48439	-3.24974	2.01161	-3.22488e-06	-1.02596e-06	-1.74176e-06	0	0	0	0.232276	0.786039	0.230721	0.1	0.0233685
-0.91281	-2.6891	0.728469	-3.22488e-06	-1.02596e-06	-1.74176e-06	0	0	0	0.232225	0.785517	0.23067	0.1	0.0839387
2.29272	-2.20592	-0.62006	-3.22488e-06	-1.02596e-06	-1.74176e-06	0	0	0	0.232197	0.785239	0.230643	0.1	0.0286261
-1.35079	3.94875	2.28502	-3.22488e-06	-1.02596e-06	-1.74176e-06	0	0	0	0.232187	0.785131	0.230633	0.1	0.0437868
2.15544	2.40888	-1.58287	-3.22488e-06	-1.02596e-06	-1.74176e-06	0	0	0	0.232179	0.785049	0.230625	0.1	0.0338775
-1.95274	0.497225	-1.74138	-3.22488e-06	-1.02596e-06	-1.74176e-06	0	0	0	0.231742	0.780629	0.230191	0.1	0.0254564
-2.40981	-2.89834	0.521312	-3.22488e-06	-1.02596e-06	-1.74176e-06	0	0	0	0.231553	0.778718	0.230003	0.1	0.0524676
1.6953	-3.42887	1.22929	-3.22488e-06	-1.02596e-06	-1.74176e-06	0	0	0	0.23062	0.769343	0.229076	0.1	0.0319643
0.616689	-0.511725	-2.41889	-3.22488e-06	-1.02596e-06	-1.74176e-06	0	0	0	0.230464	0.767786	0.228922	0.1	0.0458628
0.686706	2.47934	-1.10107	-3.22488e-06	-1.02596e-06	-1.74176e-06	0	0	0	0.230412	0.76727	0.22887	0.1	0.0276081
-0.646497	-1.1436	0.643297	-3.22488e-06	-1.02596e-06	-1.74176e-06	0	0	0	0.230345	0.766601	0.228804	0.1	0.022526
1.88857	1.98982	2.19385	-3.22488e-06	-1.02596e-06	-1.74176e-06	0	0	0	0.230304	0.766189	0.228763	0.1	0.0372663
2.44978	-2.64209	-1.82527	-3.22488e-06	-1.02596e-06	-1.74176e-06	0	0	0	0.230153	0.764678	0.228612	0.1	0.0193148
1.74664	1.2472	-0.70085	-3.22488e-06	-1.02596e-06	-1.74176e-06	0	0	0	0.229284	0.756049	0.227749	0.1	0.0197673
-1.88876	1.15769	-0.558448	-3.22488e-06	-1.02596e-06	-1.74176e-06	0	0	0	0.229247	0.755682	0.227712	0.1	0.0417418
-0.92616	-1.63026	2.43015	-3.22488e-06	-1.02596e-06	-1.74176e-06	0	0	0	0.228615	0.749456	0.227085	0.1	0.0393286
-1.49569	3.1426	-2.19666	-3.22488e-06	-1.02596e-06	-1.74176e-06	0	0	0	0.228566	0.748969	0.227036	0.1	0.0402383
0.663303	-3.14967	1.91098	-3.22488e-06	-1.02596e-06	-1.74176e-06	0	0	0	0.228293	0.746289	0.226765	0.1	0.0327657
1.11161	-3.59326	1.9159	-3.22488e-06	-1.02596e-06	-1.74176e-06	0	0	0	0.228084	0.744242	0.226557	0.1	0.0320987
0.296164	-3.99868	1.27856	-3.22488e-06	-1.02596e-06	-1.74176e-06	0	0	0	0.227987	0.743293	0.226461	0.1	0.0180911
-1.23354	-3.64862	1.54288	-3.22488e-06	-1.02596e-06	-1.74176e-06	0	0	0	0.227943	0.742865	0.226417	0.1	0.0392134
0.472516	2.66375	2.20175	-3.22488e-06	-1.02596e-06	-1.74176e-06	0	0	0	0.227871	0.742161	0.226346	0.1	0.0396601
-0.225726	2.07478	1.81746	-3.22488e-06	-1.02596e-06	-1.74176e-06	0	0	0	0.227435	0.737911	0.225913	0.1	0.0427313
1.00161	-1.70663	-1.82577	-3.22488e-06	-1.02596e-06	-1.74176e-06	0	0	0	0.226811	0.731854	0.225293	0.1	0.0557221
0.397002	4.07369	-0.566093	-3.22488e-06	-1.02596e-06	-1.74176e-06	0	0	0	0.138419	0.166347	0.137492	0.1	0.0377266
0.682601	4.17544	0.966307	-3.22488e-06	-1.02596e-06	-1.74176e-06	0	0	0	0.138146	0.165367	0.137222	0.1	0.021915
-1.97096	-1.4647	-1.62953	-3.22488e-06	-1.02596e-06	-1.74176e-06	0	0	0	0.138093	0.165177	0.137169	0.1	0.0149793
0.389417	-0.125785	-0.516357	-3.22488e-06	-1.02596e-06	-1.74176e-06	0	0	0	0.137936	0.164611	0.137012	0.1	0.0151563
1.58713	-0.284512	1.46157	-3.22488e-06	-1.02596e-06	-1.74176e-06	0	0	0	0.137602	0.163419	0.136681	0.1	0.0225605
-0.313858	-0.00763954	-0.950003	-3.22488e-06	-1.02596e-06	-1.74176e-06	0	0	0	0.137558	0.163262	0.136637	0.1	0.0211802
-1.69397	-0.861445	0.772641	-3.22488e-06	-1.02596e-06	-1.74176e-06	0	0	0	0.137503	0.163068	0.136583	0.1	0.0229176
0.772356	1.67969	-0.979865	-3.22488e-06	-1.02596e-06	-1.74176e-06	0	0	0	0.137439	0.16284	0.136519	0.1	0.0397366
1.37377	-1.80309	-0.797255	-3.22488e-06	-1.02596e-06	-1.74176e-06	0	0	0	0.137379	0.162626	0.136459	0.1	0.0437798
1.26392	-3.94311	-1.20266	-3.22488e-06	-1.02596e-06	-1.74176e-06	0	0	0	0.137373	0.162605	0.136454	0.1	0.014579
1.86133	-2.63191	-0.694962	-3.22488e-06	-1.02596e-06	-1.74176e-06	0	0	0	0.137348	0.162517	0.136429	0.1	0.0377124
-0.218642	0.469997	-2.43358	-3.22488e-06	-1.02596e-06	-1.74176e-06	0	0	0	0.137342	0.162496	0.136423	0.1	0.0280792
-1.19588	1.4974	1.67845	-3.22488e-06	-1.02596e-06	-1.74176e-06	0	0	0	0.137163	0.161861	0.136245	0.1	0.0257578
-0.298518	-3.71519	-0.320647	-3.22488e-06	-1.02596e-06	-1.74176e-06	0	0	0	0.137146	0.1618	0.136228	0.1	0.0416226
-2.36785	-2.49763	-0.720125	-3.22488e-06	-1.02596e-06	-1.74176e-06	0	0	0	0.137097	0.161627	0.136179	0.1	0.0192321
1.15631	-1.42652	-2.00269	-3.22488e-06	-1.02596e-06	-1.74176e-06	0	0	0	0.137068	0.161526	0.136151	0.1	0.0167279
-0.396764	2.6838	1.51832	-3.22488e-06	-1.02596e-06	-1.74176e-06	0	0	0	0.136838	0.160714	0.135922	0.1	0.0471452
-1.59837	2.03757	1.90869	-3.22488e-06	-1.02596e-06	-1.74176e-06	0	0	0	0.136823	0.160662	0.135908	0.1	0.055107
-0.605375	0.787893	-2.00081	-3.22488e-06	-1.02596e-06	-1.74176e-06	0	0	0	0.136788	0.160538	0.135873	0.1	0.0280821
2.42079	2.1007	-0.43692	-3.22488e-06	-1.02596e-06	-1.74176e-06	0	0	0	0.13677	0.160473	0.135854	0.1	0.0254186
1.69008	0.297887	1.50261	-3.22488e-06	-1.02596e-06	-1.74176e-06	0	0	0	0.136735	0.160349	0.13582	0.1	0.0435272
-0.661242	2.54031	-0.00296626	-3.22488e-06	-1.02596e-06	-1.74176e-06	0	0	0	0.136692	0.160197	0.135777	0.1	0.0517673
0.146008	-1.75702	2.2086	-3.22488e-06	-1.02596e-06	-1.74176e-06	0	0	0	0.136673	0.160133	0.135759	0.1	0.0136381
0.0130223	-1.91748	1.93569	-3.22488e-06	-1.02596e-06	-1.74176e-06	0	0	0	0.136661	0.160089	0.135746	0.1	0.0189334
-1.8229	-4.13106	0.19658	-3.22488e-06	-1.02596e-06	-1.74176e-06	0	0	0	0.136608	0.159905	0.135694	0.1	0.029774
-1.08388	-2.86104	1.41139	-3.22488e-06	-1.02596e-06	-1.74176e-06	0	0	0	0.136584	0.159818	0.135669	0.1	0.0209608
1.16785	-3.2636	-0.748888	-3.22488e-06	-1.02596e-06	-1.74176e-06	0	0	0	0.136551	0.159705	0.135637	0.1	0.023406
1.10533	3.90951	2.20249	-3.22488e-06	-1.02596e-06	-1.74176e-06	0	0	0	0.136387	0.159129	0.135474	0.1	0.0444655
2.29204	4.00569	-1.58404	-3.22488e-06	-1.02596e-06	-1.74176e-06	0	0	0	0.136278	0.158746	0.135365	0.1	0.024336
2.07536	0.941404	-0.839589	-3.22488e-06	-1.02596e-06	-1.74176e-06	0	0	0	0.136256	0.158672	0.135344	0.1	0.0171936
0.74096	-2.85118	-0.623445	-3.22488e-06	-1.02596e-06	-1.74176e-06	0	0	0	0.136255	0.158669	0.135343	0.1	0.0313574
0.743902	-3.77567	-1.62079	-3.22488e-06	-1.02596e-06	-1.74176e-06	0	0	0	0.13623	0.158581	0.135319	0.1	0.0180393
-0.670063	-2.95006	1.34869	-3.22488e-06	-1.02596e-06	-1.74176e-06	0	0	0	0.136054	0.157966	0.135143	0.1	0.0254383
2.46259	-2.09117	0.24	-3.22488e-06	-1.02596e-06	-1.74176e-06	0	0	0	0.136009	0.157809	0.135099	0.1	0.0370456
-1.31634	2.05755	0.553919	-3.22488e-06	-1.02596e-06	-1.74176e-06	0	0	0	0.135915	0.157484	0.135006	0.1	0.0341854
-0.289485	-0.643242	0.082111	-3.22488e-06	-1.02596e-06	-1.74176e-06	0	0	0	0.13576	0.156943	0.134851	0.1	0.0289824
0.0401856	0.674824	-1.09913	-3.22488e-06	-1.02596e-06	-1.74176e-06	0	0	0	0.135279	0.155281	0.134373	0.1	0.0374374
1.86721	3.8542	2.28172	-3.22488e-06	-1.02596e-06	-1.74176e-06	0	0	0	0.135251	0.155186	0.134346	0.1	0.0296499
-1.17637	-2.1423	1.85835	-3.22488e-06	-1.02596e-06	-1.74176e-06	0	0	0	0.13523	0.155112	0.134325	0.1	0.0421684
-1.79348	3.4731	-1.44325	-3.22488e-06	-1.02596e-06	-1.74176e-06	0	0	0	0.135227	0.155104	0.134322	0.1	0.0397409
-1.76054	1.03129	-2.2222	-3.22488e-06	-1.02596e-06	-1.74176e-06	0	0	0	0.135142	0.154811	0.134237	0.1	0.0290105
1.43395	0.577607	2.39854	-3.22488e-06	-1.02596e-06	-1.74176e-06	0	0	0	0.134949	0.154148	0.134046	0.1	0.0526622
2.24609	0.188773	1.72784	-3.22488e-06	-1.02596e-06	-1.74176e-06	0	0	0	0.134948	0.154145	0.134045	0.1	0.0280163
-0.255982	-3.88284	-1.98973	-3.22488e-06	-1.02596e-06	-1.74176e-06	0	0	0	0.134878	0.153904	0.133975	0.1	0.0408915
1.25637	1.37303	0.277595	-3.22488e-06	-1.02596e-06	-1.74176e-06	0	0	0	0.134862	0.153852	0.13396	0.1	0.0485992
0.541392	-1.40298	1.99249	-3.22488e-06	-1.02596e-06	-1.74176e-06	0	0	0	0.134838	0.15377	0.133936	0.1	0.0194118
1.96139	0.207792	0.802508	-3.22488e-06	-1.02596e-06	-1.74176e-06	0	0	0	0.134818	0.1537	0.133916	0.1	0.0233637
-2.2397	3.94301	0.192865	-3.22488e-06	-1.02596e-06	-1.74176e-06	0	0	0	0.134727	0.153388	0.133825	0.1	0.0279479
-0.0741648	-2.51391	-2.49803	-3.22488e-06	-1.02596e-06	-1.74176e-06	0	0	0	0.134697	0.153288	0.133796	0.1	0.0287569
0.675784	-3.55778	-0.429348	-3.22488e-06	-1.02596e-06	-1.74176e-06	0	0	0	0.134526	0.152704	0.133626	0.1	0.0318937
-1.05703	-0.844924	0.0168651	-3.22488e-06	-1.02596e-06	-1.74176e-06	0	0	0	0.134519	0.15268	0.133619	0.1	0.0189713
-1.54798	-3.27429	-2.01807	-3.22488e-06	-1.02596e-06	-1.74176e-06	0	0	0	0.134489	0.152579	0.133589	0.1	0.0453811
-1.17196	-3.69856	0.0344129	-3.22488e-06	-1.02596e-06	-1.74176e-06	0	0	0	0.13448	0.152548	0.13358	0.1	0.0252123
-1.62296	-3.44811	-0.0811056	-3.22488e-06	-1.02596e-06	-1.74176e-06	0	0	0	0.134257	0.15179	0.133359	0.1	0.0434283
1.85816	0.124738	0.108577	-3.22488e-06	-1.02596e-06	-1.74176e-06	0	0	0	0.134037	0.151044	0.13314	0.1	0.0368087
-0.141622	-0.397865	-0.459761	-3.22488e-06	-1.02596e-06	-1.74176e-06	0	0	0	0.133978	0.150844	0.133081	0.1	0.0251605
-2.20531	0.701527	-0.627201	-3.22488e-06	-1.02596e-06	-1.74176e-06	0	0	0	0.133972	0.150824	0.133075	0.1	0.0166479
-1.36679	-2.74934	1.90009	-3.22488e-06	-1.02596e-06	-1.74176e-06	0	0	0	0.133852	0.15042	0.132956	0.1	0.0423161
-0.257575	1.58114	-0.821182	-3.22488e-06	-1.02596e-06	-1.74176e-06	0	0	0	0.133825	0.150328	0.132929	0.1	0.0325663
-1.61301	0.349455	-0.82129	-3.22488e-06	-1.02596e-06	-1.74176e-06	0	0	0	0.133819	0.150308	0.132923	0.1	0.0276365
1.57331	-3.99024	0.201344	-3.22488e-06	-1.02596e-06	-1.74176e-06	0	0	0	0.133773	0.150153	0.132878	0.1	0.0420983
-1.00826	-1.41992	-1.4005	-3.22488e-06	-1.02596e-06	-1.74176e-06	0	0	0	0.133753	0.150087	0.132858	0.1	0.0274031
1.87238	-1.60501	-1.54958	-3.22488e-06	-1.02596e-06	-1.74176e-06	0	0	0	0.133742	0.150048	0.132846	0.1	0.0488709
0.508561	4.02353	0.723375	-3.22488e-06	-1.02596e-06	-1.74176e-06	0	0	0	0.133733	0.15002	0.132838	0.1	0.0241865
-2.23435	3.98951	-2.47635	-3.22488e-06	-1.02596e-06	-1.74176e-06	0	0	0	0.133637	0.149696	0.132743	0.1	0.0271107
-0.657914	4.12115	1.22658	-3.22488e-06	-1.02596e-06	-1.74176e-06	0	0	0	0.133633	0.149682	0.132738	0.1	0.0416456
2.41251	3.33559	1.46147	-3.22488e-06	-1.02596e-06	-1.74176e-06	0	0	0	0.133488	0.149196	0.132595	0.1	0.0598588
-2.0139	3.98488	1.46191	-3.22488e-06	-1.02596e-06	-1.74176e-06	0	0	0	0.133418	0.148963	0.132525	0.1	0.0156533
0.324376	3.028	-1.54181	-3.22488e-06	-1.02596e-06	-1.74176e-06	0	0	0	0.133399	0.148899	0.132506	0.1	0.0435963
1.74082	-3.38149	2.25486	-3.22488e-06	-1.02596e-06	-1.74176e-06	0	0	0	0.133342	0.148707	0.132449	0.1	0.0220789
2.41955	0.538574	-0.659654	-3.22488e-06	-1.02596e-06	-1.74176e-06	0	0	0	0.133265	0.148451	0.132374	0.1	0.0213932
-1.80697	0.488579	2.31037	-3.22488e-06	-1.02596e-06	-1.74176e-06	0	0	0	0.133254	0.148411	0.132362	0.1	0.0250029
0.826112	-0.908506	-2.10063	-3.22488e-06	-1.02596e-06	-1.74176e-06	0	0	0	0.133249	0.148397	0.132358	0.1	0.0208771
-0.240193	-3.23915	2.36103	-3.22488e-06	-1.02596e-06	-1.74176e-06	0	0	0	0.133103	0.147909	0.132212	0.1	0.0588311
1.89196	-3.04554	2.18377	-3.22488e-06	-1.02596e-06	-1.74176e-06	0	0	0	0.133098	0.147892	0.132207	0.1	0.0121634
-2.41566	0.106288	1.68411	-3.22488e-06	-1.02596e-06	-1.74176e-06	0	0	0	0.132987	0.147521	0.132097	0.1	0.0234129
-0.109441	1.04786	-2.47286	-3.22488e-06	-1.02596e-06	-1.74176e-06	0	0	0	0.132966	0.147451	0.132076	0.1	0.0367634
-1.43755	-1.38833	-2.36015	-3.22488e-06	-1.02596e-06	-1.74176e-06	0	0	0	0.132748	0.146727	0.131859	0.1	0.0277923
-2.04823	0.535274	1.53847	-3.22488e-06	-1.02596e-06	-1.74176e-06	0	0	0	0.132694	0.146549	0.131806	0.1	0.0188497
2.01537	3.82509	-2.12255	-3.22488e-06	-1.02596e-06	-1.74176e-06	0	0	0	0.132693	0.146546	0.131805	0.1	0.0228181
1.33989	-0.730115	1.41507	-3.22488e-06	-1.02596e-06	-1.74176e-06	0	0	0	0.132622	0.146311	0.131734	0.1	0.0193753
0.852632	0.313367	0.402407	-3.22488e-06	-1.02596e-06	-1.74176e-06	0	0	0	0.132618	0.146297	0.13173	0.1	0.0288296
-1.73768	-0.34876	-2.26654	-3.22488e-06	-1.02596e-06	-1.74176e-06	0	0	0	0.132527	0.145996	0.13164	0.1	0.0366241
0.704671	-2.69866	0.73509	-3.22488e-06	-1.02596e-06	-1.74176e-06	0	0	0	0.132432	0.145682	0.131545	0.1	0.037655
-0.940854	3.4935	1.38368	-3.22488e-06	-1.02596e-06	-1.74176e-06	0	0	0	0.132408	0.145605	0.131522	0.1	0.0300795
1.91596	2.6729	-1.85478	-3.22488e-06	-1.02596e-06	-1.74176e-06	0	0	0	0.132281	0.145186	0.131396	0.1	0.0183295
-1.77609	-1.19165	-2.03434	-3.22488e-06	-1.02596e-06	-1.74176e-06	0	0	0	0.132159	0.144785	0.131275	0.1	0.0280903
-1.11501	0.0576824	-1.53827	-3.22488e-06	-1.02596e-06	-1.74176e-06	0	0	0	0.132158	0.144781	0.131274	0.1	0.0230759
1.31021	1.30902	-1.06395	-3.22488e-06	-1.02596e-06	-1.74176e-06	0	0	0	0.132135	0.144707	0.131251	0.1	0.0286495
-1.72584	-1.8826	-1.27761	-3.22488e-06	-1.02596e-06	-1.74176e-06	0	0	0	0.132134	0.144701	0.131249	0.1	0.028169
2.17355	1.40153	-1.40514	-3.22488e-06	-1.02596e-06	-1.74176e-06	0	0	0	0.132055	0.144443	0.131171	0.1	0.0243948
-1.14729	-4.19697	0.00241165	-3.22488e-06	-1.02596e-06	-1.74176e-06	0	0	0	0.132042	0.144401	0.131159	0.1	0.0371595
0.532551	0.993209	-0.815498	-3.22488e-06	-1.02596e-06	-1.74176e-06	0	0	0	0.132026	0.144347	0.131142	0.1	0.0249224
-1.07965	-1.06258	1.10462	-3.22488e-06	-1.02596e-06	-1.74176e-06	0	0	0	0.131964	0.144145	0.131081	0.1	0.030917
-1.19598	-1.33045	-1.89301	-3.22488e-06	-1.02596e-06	-1.74176e-06	0	0	0	0.131616	0.143007	0.130735	0.1	0.0258561
-0.824031	0.861657	1.3377	-3.22488e-06	-1.02596e-06	-1.74176e-06	0	0	0	0.131563	0.142834	0.130682	0.1	0.0249367
-2.26547	-1.34648	-1.30531	-3.22488e-06	-1.02596e-06	-1.74176e-06	0	0	0	0.13156	0.142823	0.130679	0.1	0.02311
1.61133	2.72171	-1.61915	-3.22488e-06	-1.02596e-06	-1.74176e-06	0	0	0	0.13148	0.142564	0.1306	0.1	0.0191816
2.41122	0.571434	1.03069	-3.22488e-06	-1.02596e-06	-1.74176e-06	0	0	0	0.1314	0.142304	0.130521	0.1	0.0223998
-2.25447	-1.51228	0.366153	-3.22488e-06	-1.02596e-06	-1.74176e-06	0	0	0	0.131393	0.14228	0.130513	0.1	0.0295387
-1.07113	-4.06586	-1.58783	-3.22488e-06	-1.02596e-06	-1.74176e-06	0	0	0	0.131284	0.141927	0.130405	0.1	0.0320785
-1.81107	2.25705	-1.11055	-3.22488e-06	-1.02596e-06	-1.74176e-06	0	0	0	0.131256	0.141836	0.130377	0.1	0.0164964
-0.326608	-0.417181	2.46598	0.0557326	0.00425635	-0.0133673	1.81643e-18	0	7.26571e-18	0.131113	0.141375	0.130236	0.1	0.034954
-0.277488	2.12197	0.98685	-3.22488e-06	-1.02596e-06	-1.74176e-06	0	0	0	0.131108	0.141358	0.130231	0.1	0.0431273
0.328873	3.99898	1.66717	-3.22488e-06	-1.02596e-06	-1.74176e-06	0	0	0	0.130816	0.140415	0.12994	0.1	0.0206915
-0.567575	1.30929	1.6207	-3.22488e-06	-1.02596e-06	-1.74176e-06	0	0	0	0.130705	0.140059	0.129831	0.1	0.0363711
1.42221	-3.09876	-1.96696	-3.22488e-06	-1.02596e-06	-1.74176e-06	0	0	0	0.130651	0.139886	0.129777	0.1	0.0163455
1.29112	-0.219423	-1.44122	-3.22488e-06	-1.02596e-06	-1.74176e-06	0	0	0	0.130604	0.139735	0.12973	0.1	0.0494621
2.47846	0.77796	-0.75327	-3.22488e-06	-1.02596e-06	-1.74176e-06	0	0	0	0.130101	0.138125	0.12923	0.1	0.0171552
-0.209287	-4.20339	1.18373	-3.22488e-06	-1.02596e-06	-1.74176e-06	0	0	0	0.130025	0.137882	0.129154	0.1	0.0211128
2.06102	-0.846945	-0.0792946	-3.22488e-06	-1.02596e-06	-1.74176e-06	0	0	0	0.130023	0.137875	0.129152	0.1	0.0185225
2.29651	4.22152	-0.894315	-3.22488e-06	-1.02596e-06	-1.74176e-06	0	0	0	0.130021	0.137871	0.129151	0.1	0.0388115
-1.0487	-0.902526	2.35086	-3.22488e-06	-1.02596e-06	-1.74176e-06	0	0	0	0.129924	0.137562	0.129054	0.1	0.0248299
0.917568	2.65585	-1.34859	-3.22488e-06	-1.02596e-06	-1.74176e-06	0	0	0	0.129913	0.137528	0.129044	0.1	0.0209808
1.02741	-3.8088	-0.996987	-3.22488e-06	-1.02596e-06	-1.74176e-06	0	0	0	0.129849	0.137324	0.12898	0.1	0.0199387
-1.36069	1.3593	-1.25936	-3.22488e-06	-1.02596e-06	-1.74176e-06	0	0	0	0.129818	0.137227	0.12895	0.1	0.021683
-1.14148	0.108821	1.86698	-3.22488e-06	-1.02596e-06	-1.74176e-06	0	0	0	0.129609	0.136564	0.128742	0.1	0.0120765
-1.62622	-3.23398	-1.23663	-3.22488e-06	-1.02596e-06	-1.74176e-06	0	0	0	0.129512	0.136259	0.128646	0.1	0.0522717
-0.267405	1.22725	0.916811	-3.22488e-06	-1.02596e-06	-1.74176e-06	0	0	0	0.129267	0.135485	0.128401	0.1	0.029487
2.04217	-3.7501	-2.34374	-3.22488e-06	-1.02596e-06	-1.74176e-06	0	0	0	0.129241	0.135405	0.128376	0.1	0.0524431
0.461156	1.09988	-0.293784	-3.22488e-06	-1.02596e-06	-1.74176e-06	0	0	0	0.129222	0.135345	0.128357	0.1	0.0322751
2.37879	0.666061	1.78406	-3.22488e-06	-1.02596e-06	-1.74176e-06	0	0	0	0.128966	0.13454	0.128103	0.1	0.0310587
-0.244786	1.47666	0.519752	-3.22488e-06	-1.02596e-06	-1.74176e-06	0	0	0	0.128909	0.134363	0.128046	0.1	0.0195591
1.05877	-0.516075	-0.659621	-3.22488e-06	-1.02596e-06	-1.74176e-06	0	0	0	0.128908	0.13436	0.128045	0.1	0.0211131
-2.29704	-2.15668	-1.09651	-3.22488e-06	-1.02596e-06	-1.74176e-06	0	0	0	0.128824	0.134098	0.127962	0.1	0.0293429
0.933548	0.23379	-0.72969	-3.22488e-06	-1.02596e-06	-1.74176e-06	0	0	0	0.128806	0.13404	0.127944	0.1	0.019259
1.91659	3.6175	-0.936356	-3.22488e-06	-1.02596e-06	-1.74176e-06	0	0	0	0.128668	0.133612	0.127807	0.1	0.0253582
-2.33959	-2.64212	-2.13265	-3.22488e-06	-1.02596e-06	-1.74176e-06	0	0	0	0.128566	0.133292	0.127705	0.1	0.0116637
1.53617	-2.7675	1.32681	-3.22488e-06	-1.02596e-06	-1.74176e-06	0	0	0	0.128424	0.132852	0.127564	0.1	0.0305386
-0.351485	-4.07871	0.702024	-3.22488e-06	-1.02596e-06	-1.74176e-06	0	0	0	0.128414	0.132822	0.127555	0.1	0.035232
-1.07682	3.2068	1.03467	-3.22488e-06	-1.02596e-06	-1.74176e-06	0	0	0	0.12839	0.132746	0.12753	0.1	0.0270748
-0.297456	1.11532	-1.86482	-3.22488e-06	-1.02596e-06	-1.74176e-06	0	0	0	0.128336	0.132579	0.127477	0.1	0.0277139
-0.381998	-0.417623	-1.88429	-3.22488e-06	-1.02596e-06	-1.74176e-06	0	0	0	0.128156	0.132024	0.127299	0.1	0.0181098
1.0536	-3.73364	1.23693	-3.22488e-06	-1.02596e-06	-1.74176e-06	0	0	0	0.128128	0.131935	0.12727	0.1	0.0169749
-0.965622	1.33607	-2.16453	-3.22488e-06	-1.02596e-06	-1.74176e-06	0	0	0	0.128061	0.131728	0.127204	0.1	0.0385771
0.6991	-0.380259	-0.420469	-3.22488e-06	-1.02596e-06	-1.74176e-06	0	0	0	0.127966	0.131437	0.12711	0.1	0.0133894
1.04729	2.93763	0.0312231	-3.22488e-06	-1.02596e-06	-1.74176e-06	0	0	0	0.127928	0.131319	0.127072	0.1	0.0229728
-0.233782	1.39157	-0.428275	-3.22488e-06	-1.02596e-06	-1.74176e-06	0	0	0	0.127906	0.13125	0.12705	0.1	0.0248412
-1.93881	-0.874883	2.17785	-3.22488e-06	-1.02596e-06	-1.74176e-06	0	0	0	0.127875	0.131155	0.127019	0.1	0.0365503
0.238207	-2.44743	-1.63651	-3.22488e-06	-1.02596e-06	-1.74176e-06	0	0	0	0.12785	0.131079	0.126994	0.1	0.0286045
0.175574	1.48027	1.41082	-3.22488e-06	-1.02596e-06	-1.74176e-06	0	0	0	0.12785	0.131079	0.126994	0.1	0.0482682
1.59393	-1.33782	-0.183476	-3.22488e-06	-1.02596e-06	-1.74176e-06	0	0	0	0.12783	0.131018	0.126975	0.1	0.0241545
-0.362417	-1.92655	1.79869	-3.22488e-06	-1.02596e-06	-1.74176e-06	0	0	0	0.127743	0.130751	0.126888	0.1	0.0285847
0.632656	-3.28612	0.348706	-3.22488e-06	-1.02596e-06	-1.74176e-06	0	0	0	0.127637	0.130425	0.126783	0.1	0.0377026
0.125854	0.38344	2.0462	-3.22488e-06	-1.02596e-06	-1.74176e-06	0	0	0	0.127556	0.130178	0.126703	0.1	0.0519766
0.502567	2.77416	-0.143468	-3.22488e-06	-1.02596e-06	-1.74176e-06	0	0	0	0.127369	0.129604	0.126516	0.1	0.0345365
-1.26228	-0.308448	-1.50067	-3.22488e-06	-1.02596e-06	-1.74176e-06	0	0	0	0.12729	0.129363	0.126438	0.1	0.0351079
-0.773259	-1.98152	0.278162	-3.22488e-06	-1.02596e-06	-1.74176e-06	0	0	0	0.127184	0.129042	0.126333	0.1	0.0339834
0.0716789	-0.493987	-1.0726	-3.22488e-06	-1.02596e-06	-1.74176e-06	0	0	0	0.127103	0.128794	0.126252	0.1	0.0333207
-2.12107	1.95769	-2.26728	-3.22488e-06	-1.02596e-06	-1.74176e-06	0	0	0	0.126998	0.128477	0.126148	0.1	0.026742
-1.10377	-1.9076	0.225342	-3.22488e-06	-1.02596e-06	-1.74176e-06	0	0	0	0.126968	0.128386	0.126119	0.1	0.0410745
2.32008	-2.42652	1.30038	-3.22488e-06	-1.02596e-06	-1.74176e-06	0	0	0	0.126914	0.128222	0.126065	0.1	0.0399614
1.66494	-3.90391	-1.49596	-3.22488e-06	-1.02596e-06	-1.74176e-06	0	0	0	0.126847	0.128018	0.125998	0.1	0.0230051
2.3764	0.32605	1.49304	-3.22488e-06	-1.02596e-06	-1.74176e-06	0	0	0	0.126795	0.127861	0.125946	0.1	0.0125679
-0.752253	3.17107	0.820501	-3.22488e-06	-1.02596e-06	-1.74176e-06	0	0	0	0.126786	0.127834	0.125938	0.1	0.0359416
1.62735	1.54256	0.659566	-3.22488e-06	-1.02596e-06	-1.74176e-06	0	0	0	0.126775	0.127801	0.125927	0.1	0.046289
-1.7622	-3.85238	0.762016	-3.22488e-06	-1.02596e-06	-1.74176e-06	0	0	0	0.126745	0.12771	0.125897	0.1	0.0149307
2.20462	-3.18574	-1.68594	-3.22488e-06	-1.02596e-06	-1.74176e-06	0	0	0	0.126664	0.127466	0.125817	0.1	0.0287515
-0.676834	-0.939171	-1.95884	-3.22488e-06	-1.02596e-06	-1.74176e-06	0	0	0	0.126608	0.127296	0.125761	0.1	0.0363065
-2.2404	1.09904	1.36726	-3.22488e-06	-1.02596e-06	-1.74176e-06	0	0	0	0.126594	0.127253	0.125747	0.1	0.0205811
-0.476783	2.876	2.36175	-3.22488e-06	-1.02596e-06	-1.74176e-06	0	0	0	0.126547	0.127113	0.1257	0.1	0.0387396
-1.48328	0.851332	-1.31038	-3.22488e-06	-1.02596e-06	-1.74176e-06	0	0	0	0.126516	0.127018	0.125669	0.1	0.0337923
0.863683	1.5552	1.37915	-3.22488e-06	-1.02596e-06	-1.74176e-06	0	0	0	0.126447	0.12681	0.1256	0.1	0.0485374
-0.569907	2.64782	-1.12883	-3.22488e-06	-1.02596e-06	-1.74176e-06	0	0	0	0.126388	0.126633	0.125542	0.1	0.0704479
-2.29498	-2.84497	1.18859	-3.22488e-06	-1.02596e-06	-1.74176e-06	0	0	0	0.126302	0.126374	0.125456	0.1	0.0297487
1.68189	3.49495	1.77029	0.0302227	-0.0965383	-0.0667904	-1.40168e-16	3.5042e-17	-1.05126e-16	0.126298	0.126364	0.125453	0.1	0.0329917
-0.539889	1.83366	-0.334684	-3.22488e-06	-1.02596e-06	-1.74176e-06	0	0	0	0.126228	0.126152	0.125383	0.1	0.0166575
-0.031449	2.42796	-1.90408	-3.22488e-06	-1.02596e-06	-1.74176e-06	0	0	0	0.126151	0.125923	0.125307	0.1	0.0397578
-1.94221	3.73318	-0.82494	-3.22488e-06	-1.02596e-06	-1.74176e-06	0	0	0	0.126046	0.125607	0.125202	0.1	0.0490794
-2.17285	1.4808	1.69033	-3.22488e-06	-1.02596e-06	-1.74176e-06	0	0	0	0.125989	0.125437	0.125145	0.1	0.0348534
0.447337	-2.70554	2.30875	-3.22488e-06	-1.02596e-06	-1.74176e-06	0	0	0	0.125985	0.125425	0.125142	0.1	0.0288426
-1.80171	-2.31631	1.93244	-3.22488e-06	-1.02596e-06	-1.74176e-06	0	0	0	0.125947	0.125311	0.125104	0.1	0.0373526
-1.53591	1.61018	-2.04811	-3.22488e-06	-1.02596e-06	-1.74176e-06	0	0	0	0.125912	0.125209	0.12507	0.1	0.0234528
2.34812	-0.334501	-0.511151	-3.22488e-06	-1.02596e-06	-1.74176e-06	0	0	0	0.125838	0.124987	0.124996	0.1	0.0237256
0.939152	-1.13331	-2.00716	-3.22488e-06	-1.02596e-06	-1.74176e-06	0	0	0	0.125746	0.124714	0.124905	0.1	0.0250491
0.601456	-2.25155	0.76033	-3.22488e-06	-1.02596e-06	-1.74176e-06	0	0	0	0.125571	0.124193	0.124731	0.1	0.0380287
-1.13975	-1.20852	0.298927	-3.22488e-06	-1.02596e-06	-1.74176e-06	0	0	0	0.125568	0.124185	0.124728	0.1	0.0145835
-0.927115	-3.41647	-0.496006	-3.22488e-06	-1.02596e-06	-1.74176e-06	0	0	0	0.1255	0.123984	0.124661	0.1	0.0220686
-1.37471	0.419701	-2.46094	-3.22488e-06	-1.02596e-06	-1.74176e-06	0	0	0	0.125493	0.123961	0.124653	0.1	0.0171858
-1.00337	2.37063	-1.94215	-3.22488e-06	-1.02596e-06	-1.74176e-06	0	0	0	0.125488	0.123947	0.124648	0.1	0.0377913
-1.71816	-3.59894	0.38584	-3.22488e-06	-1.02596e-06	-1.74176e-06	0	0	0	0.125414	0.123727	0.124574	0.1	0.026395
-0.188473	3.95039	-1.44647	-3.22488e-06	-1.02596e-06	-1.74176e-06	0	0	0	0.125307	0.123413	0.124469	0.1	0.0347354
-0.778845	-0.0712315	1.83953	-8.06121e-05	-0.000190406	-5.35336e-05	0	0	2.85231e-19	0.125266	0.123291	0.124428	0.1	0.0245502
1.07069	-0.442829	1.79793	-0.275797	0.0722713	-0.142757	-1.4608e-16	-4.38239e-16	1.4608e-16	0.125259	0.12327	0.124421	0.1	0.0173898
0.253873	3.12617	-0.537217	-3.22488e-06	-1.02596e-06	-1.74176e-06	0	0	0	0.125251	0.123248	0.124413	0.1	0.0441239
0.99435	3.44166	0.986663	-3.22488e-06	-1.02596e-06	-1.74176e-06	0	0	0	0.125184	0.123049	0.124346	0.1	0.0526151
-2.15105	3.98943	1.70353	-3.22488e-06	-1.02596e-06	-1.74176e-06	0	0	0	0.125148	0.122942	0.12431	0.1	0.0277798
1.21247	-3.32878	1.22304	-3.22488e-06	-1.02596e-06	-1.74176e-06	0	0	0	0.125075	0.122727	0.124238	0.1	0.00836066
1.92808	0.467309	0.84966	-3.22488e-06	-1.02596e-06	-1.74176e-06	0	0	0	0.125047	0.122645	0.12421	0.1	0.0230787
0.229805	3.94144	-0.397146	-3.22488e-06	-1.02596e-06	-1.74176e-06	0	0	0	0.124934	0.122313	0.124098	0.1	0.0279828
0.174636	0.190026	-0.821349	-3.22488e-06	-1.02596e-06	-1.74176e-06	0	0	0	0.124775	0.121846	0.12394	0.1	0.0201467
0.580419	0.166001	0.332144	-3.22488e-06	-1.02596e-06	-1.74176e-06	0	0	0	0.124771	0.121836	0.123936	0.1	0.0189128
-2.18727	-2.45559	2.29072	-3.22488e-06	-1.02596e-06	-1.74176e-06	0	0	0	0.124684	0.12158	0.123849	0.1	0.0399438
0.0935333	3.40375	-0.907019	-3.22488e-06	-1.02596e-06	-1.74176e-06	0	0	0	0.124672	0.121546	0.123838	0.1	0.0249191
0.739122	4.09016	-1.8345	-3.22488e-06	-1.02596e-06	-1.74176e-06	0	0	0	0.124648	0.121475	0.123814	0.1	0.0171167
-2.36286	4.0419	-1.65554	-3.22488e-06	-1.02596e-06	-1.74176e-06	0	0	0	0.124538	0.121154	0.123705	0.1	0.0216738
0.379522	-2.33571	-0.899284	-3.22488e-06	-1.02596e-06	-1.74176e-06	0	0	0	0.124495	0.121028	0.123662	0.1	0.0165823
0.732611	-3.40075	0.773461	-3.22488e-06	-1.02596e-06	-1.74176e-06	0	0	0	0.124473	0.120963	0.12364	0.1	0.0150001
-0.439655	1.21512	0.362432	-3.22488e-06	-1.02596e-06	-1.74176e-06	0	0	0	0.124436	0.120856	0.123603	0.1	0.0125637
1.40057	-1.13461	0.0268122	-3.22488e-06	-1.02596e-06	-1.74176e-06	0	0	0	0.124418	0.120805	0.123586	0.1	0.0353246
0.632461	-0.380669	0.500271	-3.22488e-06	-1.02596e-06	-1.74176e-06	0	0	0	0.124178	0.120107	0.123347	0.1	0.0391783
-1.94964	4.07687	1.0128	-3.22488e-06	-1.02596e-06	-1.74176e-06	0	0	0	0.124072	0.119799	0.123242	0.1	0.0141743
2.1078	1.40413	-0.56364	-3.22488e-06	-1.02596e-06	-1.74176e-06	0	0	0	0.12402	0.119648	0.12319	0.1	0.0157615
1.89849	-3.46481	-1.0595	-3.22488e-06	-1.02596e-06	-1.74176e-06	0	0	0	0.124018	0.119641	0.123187	0.1	0.0477737
-1.9646	1.65147	-1.54945	-3.22488e-06	-1.02596e-06	-1.74176e-06	0	0	0	0.123981	0.119535	0.123151	0.1	0.0303793
-1.23022	-2.08643	2.30415	-3.22488e-06	-1.02596e-06	-1.74176e-06	0	0	0	0.123915	0.119345	0.123086	0.1	0.0186396
0.776478	0.453562	-0.825005	-3.22488e-06	-1.02596e-06	-1.74176e-06	0	0	0	0.123881	0.119247	0.123052	0.1	0.0209016
-0.860454	-2.78931	-0.471722	-3.22488e-06	-1.02596e-06	-1.74176e-06	0	0	0	0.123866	0.119204	0.123037	0.1	0.0413493
-0.57969	3.6284	-2.48953	-3.22488e-06	-1.02596e-06	-1.74176e-06	0	0	0	0.12364	0.11855	0.122812	0.1	0.0515664
1.37426	3.59994	-0.479378	-3.22488e-06	-1.02596e-06	-1.74176e-06	0	0	0	0.123635	0.118538	0.122808	0.1	0.0424286
-1.91005	-3.77334	1.61045	-3.22488e-06	-1.02596e-06	-1.74176e-06	0	0	0	0.123519	0.118204	0.122692	0.1	0.0304637
1.89264	-1.35077	1.2948	0.0192659	-0.0269554	0.0205364	-1.96097e-17	-1.96097e-17	1.96097e-17	0.123485	0.118107	0.122659	0.1	0.024234
1.43642	3.18599	-0.814352	-3.22488e-06	-1.02596e-06	-1.74176e-06	0	0	0	0.123468	0.118057	0.122641	0.1	0.0280486
-1.81132	3.57962	-2.48227	-3.22488e-06	-1.02596e-06	-1.74176e-06	0	0	0	0.123426	0.117937	0.1226	0.1	0.0292902
0.43219	-1.99619	-0.552063	-3.22488e-06	-1.02596e-06	-1.74176e-06	0	0	0	0.123396	0.117852	0.12257	0.1	0.023349
1.47303	3.67582	-1.12425	-3.22488e-06	-1.02596e-06	-1.74176e-06	0	0	0	0.123267	0.117483	0.122442	0.1	0.0247186
-0.281547	-3.3187	1.46032	-3.22488e-06	-1.02596e-06	-1.74176e-06	0	0	0	0.123259	0.11746	0.122434	0.1	0.0506818
-1.35748	-0.210738	-0.0963738	-3.22488e-06	-1.02596e-06	-1.74176e-06	0	0	0	0.123177	0.117224	0.122352	0.1	0.0255971
0.244816	-0.651184	1.12285	-3.22488e-06	-1.02596e-06	-1.74176e-06	0	0	0	0.123103	0.117015	0.12228	0.1	0.0215051
1.73783	-3.79663	0.0511575	-3.22488e-06	-1.02596e-06	-1.74176e-06	0	0	0	0.123086	0.116966	0.122263	0.1	0.0146979
-0.195132	0.708131	0.0293064	-3.22488e-06	-1.02596e-06	-1.74176e-06	0	0	0	0.123062	0.116896	0.122238	0.1	0.0425438
-2.44677	3.72995	2.06781	-3.22488e-06	-1.02596e-06	-1.74176e-06	0	0	0	0.123011	0.11675	0.122187	0.1	0.0310072
-1.31551	0.344312	-1.94951	-3.22488e-06	-1.02596e-06	-1.74176e-06	0	0	0	0.122988	0.116686	0.122165	0.1	0.0266648
-0.462137	-3.62325	-1.26024	-3.22488e-06	-1.02596e-06	-1.74176e-06	0	0	0	0.122969	0.116633	0.122146	0.1	0.0183349
-0.808336	-1.17788	-0.174971	-3.22488e-06	-1.02596e-06	-1.74176e-06	0	0	0	0.12291	0.116464	0.122087	0.1	0.0232973
-0.73295	2.19959	-2.32058	-3.22488e-06	-1.02596e-06	-1.74176e-06	0	0	0	0.122837	0.116256	0.122015	0.1	0.0242023
-1.98368	0.359196	1.02279	-3.22488e-06	-1.02596e-06	-1.74176e-06	0	0	0	0.122793	0.116132	0.121971	0.1	0.0299746
0.0291288	-0.732135	1.33252	-3.22488e-06	-1.02596e-06	-1.74176e-06	0	0	0	0.12266	0.115756	0.121839	0.1	0.0269865
-0.20632	-2.15767	-1.55305	-0.0788244	0.0623389	0.189435	-1.62501e-16	0	-4.06252e-17	0.122618	0.115637	0.121798	0.1	0.0170635
-0.389944	-2.66542	1.41554	-0.130238	-0.0252402	-0.0036188	-1.27001e-18	5.08003e-18	-4.06403e-17	0.122609	0.115612	0.121789	0.1	0.0173892
1.11994	-3.68552	-0.379109	-3.22488e-06	-1.02596e-06	-1.74176e-06	0	0	0	0.122587	0.11555	0.121767	0.1	0.0172403
-1.67666	0.530064	-0.25801	-3.22488e-06	-1.02596e-06	-1.74176e-06	0	0	0	0.122457	0.115181	0.121637	0.1	0.0271054
-1.37412	0.201633	-0.425644	-3.22488e-06	-1.02596e-06	-1.74176e-06	0	0	0	0.122343	0.114861	0.121525	0.1	0.0137754
1.20925	-1.89145	0.736036	-3.22488e-06	-1.02596e-06	-1.74176e-06	0	0	0	0.122144	0.114301	0.121327	0.1	0.0529894
0.555595	-3.56141	-1.49001	-3.22488e-06	-1.02596e-06	-1.74176e-06	0	0	0	0.122097	0.114169	0.12128	0.1	0.0236352
2.40339	-2.11025	0.548767	-3.22488e-06	-1.02596e-06	-1.74176e-06	0	0	0	0.121944	0.113739	0.121128	0.1	0.0338847
-1.87957	0.00109779	0.913931	-3.22488e-06	-1.02596e-06	-1.74176e-06	0	0	0	0.12169	0.113031	0.120876	0.1	0.0468983
0.432099	3.86941	-1.45116	-3.22488e-06	-1.02596e-06	-1.74176e-06	0	0	0	0.121653	0.112928	0.120839	0.1	0.0353296
0.408319	-3.84174	1.57014	-0.00651562	-0.00114366	-0.00230568	1.33151e-18	-5.32603e-18	-1.33151e-18	0.121455	0.112378	0.120642	0.1	0.0109525
-0.560842	-1.80439	1.25359	-3.22488e-06	-1.02596e-06	-1.74176e-06	0	0	0	0.121379	0.112167	0.120567	0.1	0.0195912
-0.976675	0.0447516	-0.0926062	-3.22488e-06	-1.02596e-06	-1.74176e-06	0	0	0	0.121282	0.111896	0.12047	0.1	0.0323931
-1.43258	-3.97106	0.892357	-3.22488e-06	-1.02596e-06	-1.74176e-06	0	0	0	0.12123	0.111752	0.120418	0.1	0.024264
-2.15028	0.301608	-1.4994	-3.22488e-06	-1.02596e-06	-1.74176e-06	0	0	0	0.121229	0.11175	0.120417	0.1	0.0234584
2.34579	1.13296	-1.42493	-3.22488e-06	-1.02596e-06	-1.74176e-06	0	0	0	0.121198	0.111665	0.120387	0.1	0.0267501
1.13231	1.23393	2.39732	-3.22488e-06	-1.02596e-06	-1.74176e-06	0	0	0	0.12119	0.111643	0.120379	0.1	0.0405719
-1.61717	0.284118	-0.379651	-3.22488e-06	-1.02596e-06	-1.74176e-06	0	0	0	0.121168	0.111581	0.120357	0.1	0.00950893
-0.791332	0.152311	-0.772292	-3.22488e-06	-1.02596e-06	-1.74176e-06	0	0	0	0.121119	0.111447	0.120309	0.1	0.0334612
0.0957379	-1.57744	-2.48363	-3.22488e-06	-1.02596e-06	-1.74176e-06	0	0	0	0.121014	0.111157	0.120204	0.1	0.0463318
-2.13795	-4.16065	1.00892	-3.22488e-06	-1.02596e-06	-1.74176e-06	0	0	0	0.121009	0.111143	0.120199	0.1	0.013372
1.85165	1.22752	-1.40602	-3.22488e-06	-1.02596e-06	-1.74176e-06	0	0	0	0.121003	0.111126	0.120193	0.1	0.0143326
-1.02172	-3.8605	0.52922	0.0133314	-0.0422446	-0.0665952	0	-2.17094e-17	2.17094e-17	0.120998	0.111114	0.120189	0.1	0.0201563
0.731073	3.63572	0.20813	-3.22488e-06	-1.02596e-06	-1.74176e-06	0	0	0	0.120939	0.110952	0.12013	0.1	0.0284191
-1.96022	-0.609461	0.924021	-3.22488e-06	-1.02596e-06	-1.74176e-06	0	0	0	0.120899	0.110842	0.12009	0.1	0.0377769
0.0168031	4.07254	-1.97784	-3.22488e-06	-1.02596e-06	-1.74176e-06	0	0	0	0.120833	0.110659	0.120024	0.1	0.0298354
-1.53936	-3.35493	1.3292	-3.22488e-06	-1.02596e-06	-1.74176e-06	0	0	0	0.120733	0.110385	0.119925	0.1	0.00987037
-0.174975	-1.36591	0.511406	-3.22488e-06	-1.02596e-06	-1.74176e-06	0	0	0	0.120711	0.110325	0.119903	0.1	0.0212485
2.29899	-1.51054	-2.35138	-3.22488e-06	-1.02596e-06	-1.74176e-06	0	0	0	0.120661	0.110187	0.119853	0.1	0.0562804
-1.39703	-0.0153357	2.34998	0.00944515	0.0186338	0.00913725	1.10082e-17	-1.10082e-17	1.10082e-17	0.120659	0.110182	0.119851	0.1	0.0151365
1.01698	4.11453	0.456514	-3.22488e-06	-1.02596e-06	-1.74176e-06	0	0	0	0.120576	0.109955	0.119769	0.1	0.0309183
-2.37157	1.82737	2.13709	-3.22488e-06	-1.02596e-06	-1.74176e-06	0	0	0	0.120455	0.109623	0.119648	0.1	0.0295379
-1.98217	1.02598	-0.0275773	-3.22488e-06	-1.02596e-06	-1.74176e-06	0	0	0	0.120383	0.109426	0.119577	0.1	0.038054
1.50819	-3.18461	-0.493063	-3.22488e-06	-1.02596e-06	-1.74176e-06	0	0	0	0.120362	0.10937	0.119556	0.1	0.0160036
-1.90912	-2.71166	1.52733	-3.22488e-06	-1.02596e-06	-1.74176e-06	0	0	0	0.120278	0.109141	0.119473	0.1	0.0308335
-0.175812	0.220508	2.22514	-3.22488e-06	-1.02596e-06	-1.74176e-06	0	0	0	0.120264	0.109103	0.119459	0.1	0.0203855
-2.10195	4.15205	-1.59312	-3.22488e-06	-1.02596e-06	-1.74176e-06	0	0	0	0.120213	0.108964	0.119408	0.1	0.0397499
1.8207	-2.26406	-0.579141	0.110599	-0.30631	-0.260404	3.58957e-16	0	0	0.120206	0.108944	0.119401	0.1	0.00400456
0.80435	-2.18355	1.81185	-3.22488e-06	-1.02596e-06	-1.74176e-06	0	0	0	0.120191	0.108905	0.119387	0.1	0.0249176
1.33576	0.166171	2.02315	-3.22488e-06	-1.02596e-06	-1.74176e-06	0	0	0	0.120175	0.108862	0.119371	0.1	0.0335072
-1.94505	-0.830986	-1.41692	0.000806334	-0.000276489	-0.000527071	-5.29107e-19	0	-7.05475e-19	0.120056	0.108537	0.119252	0.1	0.0212122
0.910293	-1.19203	-0.793108	-3.22488e-06	-1.02596e-06	-1.74176e-06	0	0	0	0.120047	0.108515	0.119244	0.1	0.0486537
0.231479	0.787849	-2.43713	-3.22488e-06	-1.02596e-06	-1.74176e-06	0	0	0	0.120035	0.108481	0.119232	0.1	0.0271758
-0.810897	2.10626	-0.181774	-3.22488e-06	-1.02596e-06	-1.74176e-06	0	0	0	0.120006	0.108403	0.119203	0.1	0.0144817
-0.0834056	-3.04035	-1.23475	-3.22488e-06	-1.02596e-06	-1.74176e-06	0	0	0	0.119965	0.10829	0.119162	0.1	0.0388726
-2.36921	1.23076	0.868085	-3.22488e-06	-1.02596e-06	-1.74176e-06	0	0	0	0.119893	0.108098	0.119091	0.1	0.0339011
-0.0948118	2.53235	0.890559	-3.22488e-06	-1.02596e-06	-1.74176e-06	0	0	0	0.119886	0.108077	0.119083	0.1	0.0494036
1.59894	-2.73446	-0.22595	-3.22488e-06	-1.02596e-06	-1.74176e-06	0	0	0	0.119876	0.108052	0.119074	0.1	0.0267856
2.46138	-2.59575	-1.16733	-3.22488e-06	-1.02596e-06	-1.74176e-06	0	0	0	0.119799	0.107842	0.118997	0.1	0.0353232
0.720012	2.08772	0.446966	-3.22488e-06	-1.02596e-06	-1.74176e-06	0	0	0	0.119584	0.107262	0.118783	0.1	0.0514543
2.16485	-0.502273	1.55244	-3.22488e-06	-1.02596e-06	-1.74176e-06	0	0	0	0.11957	0.107225	0.11877	0.1	0.0214477
1.88201	1.5287	-2.08731	-4.61493e-06	5.11459e-07	5.48746e-07	0	0	-1.41762e-21	0.119375	0.106701	0.118576	0.1	0.0301251
-1.43538	0.943607	1.05585	-3.22488e-06	-1.02596e-06	-1.74176e-06	0	0	0	0.11929	0.106474	0.118492	0.1	0.0283769
0.726978	-2.85476	-1.1842	-3.22488e-06	-1.02596e-06	-1.74176e-06	0	0	0	0.119206	0.106249	0.118408	0.1	0.0313602
1.61611	3.21755	-2.04312	-3.22488e-06	-1.02596e-06	-1.74176e-06	0	0	0	0.119178	0.106173	0.11838	0.1	0.0303806
1.34122	3.20266	-0.0790084	-3.22488e-06	-1.02596e-06	-1.74176e-06	0	0	0	0.119141	0.106076	0.118344	0.1	0.0194538
2.10543	1.50636	0.795908	-3.22488e-06	-1.02596e-06	-1.74176e-06	0	0	0	0.119082	0.105919	0.118285	0.1	0.0523396
1.81827	-0.680852	1.17454	-3.22488e-06	-1.02596e-06	-1.74176e-06	0	0	0	0.11905	0.105832	0.118253	0.1	0.00993666
0.515731	-3.56468	1.02743	-3.22488e-06	-1.02596e-06	-1.74176e-06	0	0	0	0.118987	0.105664	0.11819	0.1	0.021405
-2.03252	-0.976287	-0.958768	-3.22488e-06	-1.02596e-06	-1.74176e-06	0	0	0	0.118985	0.105659	0.118189	0.1	0.0182261
0.978271	3.03237	1.93879	-3.22488e-06	-1.02596e-06	-1.74176e-06	0	0	0	0.118968	0.105613	0.118171	0.1	0.0155122
0.311234	0.821757	-0.846512	0.0252083	0.0504795	-0.0422109	0	0	2.37144e-17	0.118879	0.105378	0.118084	0.1	0.00897279
-1.61409	3.40968	-2.00236	-3.22488e-06	-1.02596e-06	-1.74176e-06	0	0	0	0.118864	0.105336	0.118068	0.1	0.0272713
1.35163	2.97973	-1.42883	-3.22488e-06	-1.02596e-06	-1.74176e-06	0	0	0	0.118858	0.10532	0.118062	0.1	0.0215741
0.619651	-0.888521	1.5905	-3.22488e-06	-1.02596e-06	-1.74176e-06	0	0	0	0.1188	0.105168	0.118005	0.1	0.0227906
1.54481	-1.92275	-0.57303	-0.0178064	0.0176803	-0.00621798	0	5.97428e-18	2.38971e-17	0.118697	0.104894	0.117903	0.1	0.0138822
-0.808797	2.62153	2.43823	-3.22488e-06	-1.02596e-06	-1.74176e-06	0	0	0	0.118681	0.104851	0.117887	0.1	0.0262067
-0.696957	2.09616	-0.562943	-3.22488e-06	-1.02596e-06	-1.74176e-06	0	0	0	0.118652	0.104776	0.117858	0.1	0.0197388
-0.611572	1.39464	0.679631	0.0286938	-0.0575144	0.00534505	0	0	0	0.118575	0.104572	0.117782	0.1	0.00751198
2.46934	3.7374	1.11336	-3.22488e-06	-1.02596e-06	-1.74176e-06	0	0	0	0.118464	0.104278	0.117671	0.1	0.038772
2.30193	-2.36147	-1.99863	-3.22488e-06	-1.02596e-06	-1.74176e-06	0	0	0	0.118453	0.104247	0.11766	0.1	0.0301026
2.03822	2.32325	2.02778	-3.22488e-06	-1.02596e-06	-1.74176e-06	0	0	0	0.118413	0.104143	0.117621	0.1	0.0373315
0.844754	-3.75842	-0.0972235	-3.22488e-06	-1.02596e-06	-1.74176e-06	0	0	0	0.118406	0.104123	0.117613	0.1	0.0270307
0.96404	-4.03572	-1.90856	-3.22488e-06	-1.02596e-06	-1.74176e-06	0	0	0	0.118377	0.104049	0.117585	0.1	0.0264223
2.49366	1.63985	-2.12242	-3.22488e-06	-1.02596e-06	-1.74176e-06	0	0	0	0.118376	0.104046	0.117584	0.1	0.0242317
1.21744	2.49118	1.60502	-3.22488e-06	-1.02596e-06	-1.74176e-06	0	0	0	0.118339	0.103947	0.117547	0.1	0.0146025
0.595084	2.66371	1.85938	-3.22488e-06	-1.02596e-06	-1.74176e-06	0	0	0	0.118207	0.1036	0.117416	0.1	0.0184868
0.653732	3.84171	-1.83256	-3.22488e-06	-1.02596e-06	-1.74176e-06	0	0	0	0.118184	0.10354	0.117393	0.1	0.0262529
0.0988053	1.04964	0.20749	-3.22488e-06	-1.02596e-06	-1.74176e-06	0	0	0	0.118178	0.103523	0.117387	0.1	0.0221798
2.2912	-2.92126	-2.31338	-3.22488e-06	-1.02596e-06	-1.74176e-06	0	0	0	0.118035	0.10315	0.117245	0.1	0.0256031
-0.901378	0.913712	-1.14516	-3.22488e-06	-1.02596e-06	-1.74176e-06	0	0	0	0.118001	0.103058	0.117211	0.1	0.0279789
-1.67437	-2.0445	-0.76865	-3.22488e-06	-1.02596e-06	-1.74176e-06	0	0	0	0.117918	0.102842	0.117129	0.1	0.0403189
1.29549	0.183833	-0.545755	-0.111132	-0.18374	-0.0893058	-9.89953e-17	9.89953e-17	1.97991e-16	0.117869	0.102713	0.11708	0.1	0.0139964
-0.984637	2.04497	0.498164	-3.22488e-06	-1.02596e-06	-1.74176e-06	0	0	0	0.117842	0.102644	0.117054	0.1	0.0230391
-0.109959	3.24832	-1.20136	-3.22488e-06	-1.02596e-06	-1.74176e-06	0	0	0	0.117796	0.102522	0.117007	0.1	0.039462
-1.30496	2.11167	-0.523076	-0.22293	-0.0866214	0.0780343	4.98143e-17	-9.96286e-17	9.96286e-17	0.117718	0.102321	0.11693	0.1	0.0169638
-1.59601	1.49481	0.998488	-3.22488e-06	-1.02596e-06	-1.74176e-06	0	0	0	0.117572	0.101938	0.116785	0.1	0.0368679
-0.305648	-3.41901	-0.814545	-3.22488e-06	-1.02596e-06	-1.74176e-06	0	0	0	0.117534	0.10184	0.116747	0.1	0.0172949
-0.0654868	-1.07722	0.602785	-3.22488e-06	-1.02596e-06	-1.74176e-06	0	0	0	0.117439	0.101594	0.116653	0.1	0.0219868
1.00059	3.15412	2.31306	-3.22488e-06	-1.02596e-06	-1.74176e-06	0	0	0	0.117362	0.101394	0.116576	0.1	0.0339409
-0.914215	-0.353991	0.729899	-3.22488e-06	-1.02596e-06	-1.74176e-06	0	0	0	0.117339	0.101335	0.116554	0.1	0.0505495
2.40644	-0.0597661	0.823083	-3.22488e-06	-1.02596e-06	-1.74176e-06	0	0	0	0.117308	0.101253	0.116523	0.1	0.0220614
-1.44707	-1.59477	0.255514	-3.22488e-06	-1.02596e-06	-1.74176e-06	0	0	0	0.11727	0.101155	0.116485	0.1	0.0310626
-0.572673	0.145495	1.47041	-3.22488e-06	-1.02596e-06	-1.74176e-06	0	0	0	0.117259	0.101128	0.116474	0.1	0.0445606
-1.85507	3.17091	-0.813021	-0.00155581	0.00267532	-0.00211221	6.37472e-18	1.59368e-18	-3.18736e-18	0.117167	0.100889	0.116383	0.1	0.0247781
2.44956	-0.420802	1.50727	-3.22488e-06	-1.02596e-06	-1.74176e-06	0	0	0	0.117164	0.100883	0.11638	0.1	0.0278112
-2.31185	-0.468522	2.09726	-3.22488e-06	-1.02596e-06	-1.74176e-06	0	0	0	0.117158	0.100867	0.116374	0.1	0.0520995
-1.31581	0.230008	1.67498	-3.22488e-06	-1.02596e-06	-1.74176e-06	0	0	0	0.117013	0.100493	0.11623	0.1	0.0328611
1.31371	-0.670983	-0.710298	-3.22488e-06	-1.02596e-06	-1.74176e-06	0	0	0	0.11699	0.100432	0.116207	0.1	0.0283486
2.02372	-3.92372	1.52653	-3.22488e-06	-1.02596e-06	-1.74176e-06	0	0	0	0.116984	0.100418	0.116201	0.1	0.0292969
1.44779	-3.41912	-1.83326	-3.22488e-06	-1.02596e-06	-1.74176e-06	0	0	0	0.116912	0.100233	0.11613	0.1	0.0243907
-1.68168	1.68386	0.408363	-3.22488e-06	-1.02596e-06	-1.74176e-06	0	0	0	0.116767	0.0998588	0.115985	0.1	0.0294285
-1.64687	1.76366	-1.24941	-3.22488e-06	-1.02596e-06	-1.74176e-06	0	0	0	0.116678	0.0996319	0.115897	0.1	0.0183196
1.13096	-3.37653	1.52588	-3.22488e-06	-1.02596e-06	-1.74176e-06	0	0	0	0.116613	0.0994646	0.115832	0.1	0.00747672
0.537869	-0.0700961	-1.87438	-3.22488e-06	-1.02596e-06	-1.74176e-06	0	0	0	0.116603	0.0994395	0.115823	0.1	0.0409465
2.32767	1.91189	2.39742	-3.22488e-06	-1.02596e-06	-1.74176e-06	0	0	0	0.116409	0.0989432	0.115629	0.1	0.0174486
-1.09252	-3.3402	-2.2997	-3.22488e-06	-1.02596e-06	-1.74176e-06	0	0	0	0.11634	0.098769	0.115562	0.1	0.0377749
-0.999785	2.72065	-2.12632	-3.22488e-06	-1.02596e-06	-1.74176e-06	0	0	0	0.116338	0.0987639	0.11556	0.1	0.0371551
-2.09334	3.79574	1.16433	-3.22488e-06	-1.02596e-06	-1.74176e-06	0	0	0	0.116214	0.0984481	0.115436	0.1	0.0209944
-1.10673	-1.22145	-0.403528	-0.00450662	0.212361	0.101822	-2.12634e-16	0	0	0.116199	0.0984085	0.115421	0.1	0.0150691
1.18031	-4.17747	-1.12116	-3.22488e-06	-1.02596e-06	-1.74176e-06	0	0	0	0.116194	0.0983978	0.115417	0.1	0.0263769
1.58568	0.892631	-0.724214	-3.22488e-06	-1.02596e-06	-1.74176e-06	0	0	0	0.116145	0.0982731	0.115368	0.1	0.0107815
-1.85719	2.06554	-0.0183729	-3.22488e-06	-1.02596e-06	-1.74176e-06	0	0	0	0.116138	0.0982548	0.115361	0.1	0.037861
1.20718	-1.655	1.43547	-3.22488e-06	-1.02596e-06	-1.74176e-06	0	0	0	0.116112	0.0981897	0.115335	0.1	0.0297519
-2.13749	0.423448	-0.204604	-3.22488e-06	-1.02596e-06	-1.74176e-06	0	0	0	0.116099	0.0981548	0.115322	0.1	0.0276153
1.2218	-0.416146	-2.20015	-3.22488e-06	-1.02596e-06	-1.74176e-06	0	0	0	0.116093	0.0981413	0.115316	0.1	0.0354525
2.17075	-1.89545	1.03455	-3.22488e-06	-1.02596e-06	-1.74176e-06	0	0	0	0.116089	0.0981311	0.115312	0.1	0.0424179
-1.24705	1.48046	-1.6747	-3.22488e-06	-1.02596e-06	-1.74176e-06	0	0	0	0.116066	0.0980725	0.115289	0.1	0.0289382
1.84594	-0.493879	0.00556462	-3.22488e-06	-1.02596e-06	-1.74176e-06	0	0	0	0.116056	0.0980458	0.115279	0.1	0.02339
-2.08915	-3.90667	1.09167	-3.22488e-06	-1.02596e-06	-1.74176e-06	0	0	0	0.115902	0.0976566	0.115126	0.1	0.0152981
-2.27653	-2.64144	-0.406278	-3.22488e-06	-1.02596e-06	-1.74176e-06	0	0	0	0.115871	0.0975787	0.115095	0.1	0.0508062
1.68819	-2.77737	-1.81731	-3.22488e-06	-1.02596e-06	-1.74176e-06	0	0	0	0.115776	0.0973397	0.115001	0.1	0.0478327
1.45071	3.48262	-1.80257	-3.22488e-06	-1.02596e-06	-1.74176e-06	0	0	0	0.115748	0.097268	0.114973	0.1	0.0175532
-0.795907	-3.05503	-2.15591	-3.22488e-06	-1.02596e-06	-1.74176e-06	0	0	0	0.115548	0.096765	0.114775	0.1	0.0400789
0.562905	-3.27852	1.30184	-0.136557	-0.0336667	-0.0616962	2.74506e-17	-1.09802e-16	5.49012e-17	0.115451	0.0965221	0.114679	0.1	0.0144791
-1.04382	1.62142	-0.303333	0.0326607	0.000437483	-0.0796847	0	0	0	0.115402	0.0963976	0.114629	0.1	0.0151628
2.0293	2.4291	-0.629025	-3.22488e-06	-1.02596e-06	-1.74176e-06	0	0	0	0.115387	0.0963621	0.114615	0.1	0.0208901
-2.02773	0.0265033	-1.51238	-3.22488e-06	-1.02596e-06	-1.74176e-06	0	0	0	0.115373	0.0963252	0.114601	0.1	0.0236954
1.34635	-3.32792	-0.182705	-3.22488e-06	-1.02596e-06	-1.74176e-06	0	0	0	0.11536	0.0962939	0.114588	0.1	0.0154755
-0.718496	-1.27976	2.01087	-3.22488e-06	-1.02596e-06	-1.74176e-06	0	0	0	0.115314	0.0961794	0.114543	0.1	0.0410684
1.62299	-3.9841	1.24839	-3.22488e-06	-1.02596e-06	-1.74176e-06	0	0	0	0.11531	0.0961691	0.114539	0.1	0.0391684
1.75837	-3.54317	-0.107719	-3.22488e-06	-1.02596e-06	-1.74176e-06	0	0	0	0.11531	0.0961678	0.114538	0.1	0.0141988
-0.441541	-1.65367	-0.310303	-3.22488e-06	-1.02596e-06	-1.74176e-06	0	0	0	0.115252	0.0960221	0.11448	0.1	0.0341405
-0.266581	3.58652	2.05986	-0.149571	-0.0939481	-0.086864	5.54255e-17	0	-1.10851e-16	0.115232	0.0959732	0.114461	0.1	0.0205884
1.54865	-3.14737	-0.18034	-3.22488e-06	-1.02596e-06	-1.74176e-06	0	0	0	0.115206	0.0959088	0.114435	0.1	0.0104715
0.412599	-0.744672	1.69728	-3.22488e-06	-1.02596e-06	-1.74176e-06	0	0	0	0.115173	0.0958252	0.114402	0.1	0.0352322
1.20733	2.66006	0.512003	-3.22488e-06	-1.02596e-06	-1.74176e-06	0	0	0	0.115152	0.0957736	0.114381	0.1	0.0159463
1.83947	1.67121	-0.340025	-3.22488e-06	-1.02596e-06	-1.74176e-06	0	0	0	0.11512	0.0956928	0.114349	0.1	0.0444571
0.19583	2.22832	-1.75456	-3.22488e-06	-1.02596e-06	-1.74176e-06	0	0	0	0.115076	0.0955848	0.114306	0.1	0.0350611
1.0803	2.76743	-2.02488	-3.22488e-06	-1.02596e-06	-1.74176e-06	0	0	0	0.115044	0.0955035	0.114274	0.1	0.0429949
-2.16153	2.02179	-0.000541259	-3.22488e-06	-1.02596e-06	-1.74176e-06	0	0	0	0.114921	0.0951981	0.114152	0.1	0.0245523
-1.04097	-0.849761	1.93197	-3.22488e-06	-1.02596e-06	-1.74176e-06	0	0	0	0.114903	0.0951547	0.114134	0.1	0.0380814
0.543178	-1.37301	-0.0826011	-3.22488e-06	-1.02596e-06	-1.74176e-06	0	0	0	0.114863	0.0950544	0.114094	0.1	0.0184879
1.7226	2.93564	0.27555	-3.22488e-06	-1.02596e-06	-1.74176e-06	0	0	0	0.114784	0.094858	0.114016	0.1	0.0173489
1.16219	-3.6066	-0.730532	-3.22488e-06	-1.02596e-06	-1.74176e-06	0	0	0	0.11474	0.0947483	0.113972	0.1	0.0109258
1.95303	-0.765757	2.07099	-3.22488e-06	-1.02596e-06	-1.74176e-06	0	0	0	0.114668	0.0945699	0.1139	0.1	0.0504169
2.19396	-1.81475	-1.69127	-3.22488e-06	-1.02596e-06	-1.74176e-06	0	0	0	0.114659	0.0945487	0.113892	0.1	0.0317527
-0.111417	4.08523	-0.881373	-3.22488e-06	-1.02596e-06	-1.74176e-06	0	0	0	0.114642	0.0945062	0.113875	0.1	0.0239454
1.76107	-2.89535	0.298965	-3.22488e-06	-1.02596e-06	-1.74176e-06	0	0	0	0.114623	0.0944602	0.113856	0.1	0.042279
-0.301436	-2.08351	1.37148	-3.22488e-06	-1.02596e-06	-1.74176e-06	0	0	0	0.114308	0.0936821	0.113543	0.1	0.0198793
0.410087	3.93064	2.23121	-3.22488e-06	-1.02596e-06	-1.74176e-06	0	0	0	0.114283	0.0936211	0.113518	0.1	0.0191654
-0.0215271	-2.97189	-0.590985	-0.00281185	-0.00482591	0.000321277	9.07361e-19	-2.2684e-19	0	0.114162	0.0933254	0.113398	0.1	0.0250217
2.30541	3.28768	0.127705	-3.22488e-06	-1.02596e-06	-1.74176e-06	0	0	0	0.114146	0.0932862	0.113382	0.1	0.0481573
1.33612	2.03562	-2.45605	-3.22488e-06	-1.02596e-06	-1.74176e-06	0	0	0	0.114117	0.0932152	0.113354	0.1	0.0336467
1.10311	-0.00781848	2.27102	-3.22488e-06	-1.02596e-06	-1.74176e-06	0	0	0	0.114042	0.0930303	0.113279	0.1	0.0330653
0.115456	0.804243	0.543646	-3.22488e-06	-1.02596e-06	-1.74176e-06	0	0	0	0.114004	0.0929378	0.113241	0.1	0.0449715
2.06594	3.66905	1.59597	-3.22488e-06	-1.02596e-06	-1.74176e-06	0	0	0	0.113994	0.0929135	0.113231	0.1	0.0281895
-1.55225	2.16749	-1.49189	-3.22488e-06	-1.02596e-06	-1.74176e-06	0	0	0	0.113993	0.0929116	0.11323	0.1	0.0184327
0.763021	-1.52621	1.90825	-3.22488e-06	-1.02596e-06	-1.74176e-06	0	0	0	0.113972	0.0928581	0.113209	0.1	0.0127328
1.9537	-1.79037	-0.09501	0.112741	0.0800616	-0.0447765	0	0	0	0.11397	0.0928544	0.113207	0.1	0.0160943
-1.68452	-1.07607	0.255468	-0.0687694	-0.323851	0.152971	0	5.86516e-17	1.17303e-16	0.113936	0.0927701	0.113173	0.1	0.00573983
1.04755	1.94404	2.09004	-3.22488e-06	-1.02596e-06	-1.74176e-06	0	0	0	0.11389	0.0926599	0.113128	0.1	0.0309835
-0.391294	-2.49929	-2.23032	-3.22488e-06	-1.02596e-06	-1.74176e-06	0	0	0	0.113772	0.0923705	0.11301	0.1	0.0345586
-0.0040878	2.19169	-0.855926	-3.22488e-06	-1.02596e-06	-1.74176e-06	0	0	0	0.113721	0.092246	0.112959	0.1	0.0370468
-0.541743	-0.118696	-0.0425237	-3.22488e-06	-1.02596e-06	-1.74176e-06	0	0	0	0.113718	0.0922389	0.112957	0.1	0.0372832
0.304412	-4.00586	2.2518	0.213351	0.271016	0.0449556	5.96815e-17	-1.79044e-16	0	0.11354	0.0918062	0.11278	0.1	0.0173545
0.182014	-1.4927	0.0590624	-3.22488e-06	-1.02596e-06	-1.74176e-06	0	0	0	0.113428	0.0915363	0.112669	0.1	0.0174412
-1.49304	2.39985	-1.41151	-3.22488e-06	-1.02596e-06	-1.74176e-06	0	0	0	0.113422	0.091521	0.112663	0.1	0.0267617
1.68398	-2.10682	-0.243815	-0.0690069	-0.0122312	0.0793912	1.19987e-16	2.99968e-17	-1.49984e-17	0.113421	0.0915193	0.112662	0.1	0.00839665
0.854086	-0.624165	-0.262461	-3.22488e-06	-1.02596e-06	-1.74176e-06	0	0	0	0.113406	0.0914818	0.112647	0.1	0.0257325
-1.18196	-0.471225	0.216501	-3.22488e-06	-1.02596e-06	-1.74176e-06	0	0	0	0.1133	0.0912266	0.112542	0.1	0.0172512
-1.2645	-3.59713	-1.41413	-0.0196475	-0.0195184	0.00327907	3.77407e-18	-3.77407e-18	0	0.113274	0.0911629	0.112516	0.1	0.0162657
