0.810694	2.49192	-0.16683	-0.00760095	-0.00214206	-0.00540123	-1.24278e-19	1.30493e-18	-4.12638e-19	0.430076	0.144576	0	0.1	0.0404429
-1.95904	1.92209	0.905669	-0.00275969	-0.023349	0.00391159	7.76868e-20	-6.80219e-19	7.00342e-19	0.429647	0.144144	0	0.1	0.0355963
1.7034	1.03627	0.139081	0.00583872	-0.0067897	-0.0215219	-5.40775e-21	-2.49481e-18	1.58888e-19	0.429557	0.144053	0	0.1	0.0276449
-2.07466	0.970179	-0.391623	-0.00276254	-0.0157221	0.00725638	5.5259e-19	3.31773e-19	-5.74672e-19	0.429297	0.143791	0	0.1	0.0341215
-1.35694	0.732192	2.09986	0.00238297	0.00240929	-0.00115726	-5.50285e-20	1.36115e-19	-1.80751e-19	0.429063	0.143556	0	0.1	0.036793
-1.82539	0.198844	-0.938487	-0.00207336	-0.000270603	0.00736848	-5.09276e-19	5.83907e-19	1.66312e-19	0.428918	0.143411	0	0.1	0.0306994
-1.83563	-3.33414	0.72702	-0.00694602	-0.000865405	0.00435127	1.51678e-18	-1.60694e-18	-1.02561e-18	0.428795	0.143287	0	0.1	0.0161152
2.39315	-3.95353	1.64154	0.00164292	0.00351245	0.0108741	-5.26958e-19	-1.01782e-19	6.84234e-20	0.428564	0.143056	0	0.1	0.04872
-1.9318	-1.31128	-0.39177	-0.0254493	-0.000932379	-0.00277645	8.16843e-19	-1.68114e-18	-1.21956e-18	0.427918	0.142411	0	0.1	0.0266107
1.88425	1.80597	-1.93276	0.000355643	-0.00202003	0.00304196	-5.61874e-20	-4.39796e-19	8.64458e-20	0.427478	0.141971	0	0.1	0.0391746
1.10838	-1.55535	0.362267	-0.00341544	0.00162349	-0.011533	-9.74074e-20	-1.0872e-18	3.08119e-20	0.42747	0.141964	0	0.1	0.0333333
0.935404	4.02278	0.762465	-0.00473128	0.0027716	-0.00341268	-5.72215e-19	3.71097e-19	2.124e-18	0.427428	0.141922	0	0.1	0.0302167
1.42867	-4.50689	-0.489435	0.0172317	-0.00585934	-0.00510872	1.51648e-18	2.1957e-18	-2.47238e-19	0.426542	0.141041	0	0.1	0.0199867
0.220329	-0.176193	2.42837	-0.00621798	0.00190951	-0.00194754	4.32691e-19	-1.37236e-19	8.9401e-19	0.426424	0.140924	0	0.1	0.0351334
-1.76907	3.67886	1.54709	-0.00574387	0.00494279	0.00345349	-2.53377e-19	-8.36273e-19	1.28399e-20	0.426371	0.140871	0	0.1	0.0389041
0.634904	1.04665	-1.61125	0.0107721	0.0225642	0.015001	9.20087e-19	7.28511e-19	6.6089e-19	0.426367	0.140867	0	0.1	0.0318762
-0.463413	1.19317	-0.0858825	3.68502e-05	-3.37814e-05	-8.17526e-06	-5.44065e-23	6.24764e-23	1.98024e-21	0.426327	0.140828	0	0.1	0.071645
-0.0665182	-1.58252	0.628123	0.00335735	-0.00685792	0.0204664	2.60938e-19	-1.09897e-18	-1.22047e-18	0.426225	0.140726	0	0.1	0.0495145
-1.15371	-2.81981	1.03333	0.0021628	0.00856148	-0.0060545	-1.58394e-19	6.41154e-20	-4.72186e-21	0.426108	0.140611	0	0.1	0.0246043
2.07904	-2.75939	-0.122534	-0.00343689	-0.00790212	0.00274927	4.91562e-18	-1.00806e-18	7.6028e-19	0.425906	0.140411	0	0.1	0.0189794
0.398273	3.35305	-0.677568	-0.00183555	0.000500218	-0.000647453	6.75056e-20	5.54679e-19	2.32916e-19	0.425198	0.139712	0	0.1	0.0323424
-1.21385	-0.983066	-0.712248	0.00182404	-0.00915482	-0.00230321	-2.70212e-19	-2.03149e-18	-3.58661e-18	0.425159	0.139674	0	0.1	0.0299334
-1.01418	-4.23683	-0.669483	0.00354512	-0.00295849	-0.0254045	-3.16275e-19	-1.26175e-18	1.74342e-19	0.424884	0.139402	0	0.1	0.0256148
-1.25536	-4.21195	2.49347	0.00521581	-2.65363e-05	-0.0033401	1.42618e-21	-2.68244e-19	-4.50434e-22	0.42485	0.139369	0	0.1	0.0351676
1.81898	-3.29903	-0.727286	-0.00395977	-0.0111601	-0.00553671	2.75096e-18	-1.8425e-18	1.9477e-18	0.42454	0.139064	0	0.1	0.0332994
-0.392201	3.78786	-0.779499	0.0049367	-0.00823505	-0.0117019	7.14572e-19	-2.94376e-19	4.41396e-19	0.424149	0.13868	0	0.1	0.0282606
0.0133809	-1.94065	-0.840878	0.00560915	0.0121363	0.00543762	1.34177e-18	7.34112e-19	1.50204e-18	0.424116	0.138648	0	0.1	0.0248899
1.99042	0.779314	-2.19575	0.0248887	-0.00891392	0.00807072	2.77326e-19	-2.72831e-19	4.81995e-19	0.423666	0.138207	0	0.1	0.0347163
-1.11323	-2.94772	-1.84506	0.00140499	-0.000546855	-0.00081314	-2.59205e-19	-3.27566e-19	7.01377e-19	0.422778	0.137339	0	0.1	0.0280395
2.3999	2.33153	1.29535	-0.0227696	-0.00741015	-0.00373681	1.50678e-18	-9.51747e-19	-6.45955e-19	0.42277	0.137332	0	0.1	0.0235399
0.395815	-4.42581	0.207063	-0.0152726	-0.00298585	0.00861388	-3.19751e-20	8.10617e-19	-1.07954e-18	0.422739	0.137302	0	0.1	0.0213194
-0.372331	-2.40652	0.570831	-0.0109013	-0.0048241	-0.000120337	-1.11167e-20	-3.17431e-20	-4.86271e-20	0.422131	0.13671	0	0.1	0.0517446
0.951733	3.25918	-2.19247	-0.000552837	0.00802697	0.00447176	-1.52953e-18	7.03743e-19	1.48378e-19	0.422022	0.136605	0	0.1	0.0249339
-2.49512	-0.827102	0.492524	0.000361261	-0.00166812	-0.00707308	-9.02511e-19	-4.31415e-19	-1.15442e-18	0.421836	0.136424	0	0.1	0.0184955
-1.0608	-3.13387	1.81466	0.000894415	0.00199112	0.00451232	-1.04346e-18	4.64167e-20	-5.39008e-19	0.421687	0.136279	0	0.1	0.0214262
-1.44265	0.0634497	-1.68547	-0.0126487	0.00867372	-0.0234081	9.50126e-19	1.59836e-18	-1.64128e-19	0.421678	0.136271	0	0.1	0.029763
-0.565976	3.1308	0.0907532	-0.00686807	0.00305274	0.000203273	-5.22416e-20	1.55346e-19	3.84111e-19	0.421273	0.135879	0	0.1	0.0371672
2.24727	-2.19455	0.484153	0.0381884	0.00265382	0.0158177	-2.66906e-18	1.32724e-18	-1.61209e-18	0.420682	0.135308	0	0.1	0.0317004
-1.60366	3.60063	2.4573	-0.0187365	0.0157862	0.00506786	1.08858e-18	3.06371e-19	-8.82666e-19	0.420575	0.135204	0	0.1	0.0260112
-1.34218	2.07137	-2.26314	0.00154711	-0.010856	-0.0130598	1.13104e-19	-9.79133e-19	1.12787e-18	0.420254	0.134895	0	0.1	0.034975
1.76995	-1.63132	0.884706	0.00715105	0.00661535	0.0145622	-2.98678e-19	-2.66661e-18	-1.32438e-18	0.419539	0.134207	0	0.1	0.0305776
1.2647	3.08452	-1.22503	0.00605381	0.00883375	0.00561623	-7.47311e-19	-1.16273e-18	-1.70949e-18	0.419496	0.134166	0	0.1	0.0336409
0.21757	-3.86206	-2.16312	0.00422628	0.0173194	-0.0087557	-4.94553e-19	-6.22243e-19	-5.56971e-19	0.419345	0.134021	0	0.1	0.0392772
2.275	-4.21273	0.843504	-0.00182823	-0.00238102	-0.0125019	7.6254e-19	-1.3943e-19	-3.31255e-19	0.418999	0.13369	0	0.1	0.0368162
-0.942395	-0.182601	0.433412	-0.00551252	0.00277903	-0.00121763	-6.92894e-20	1.29395e-18	1.09744e-18	0.418237	0.132961	0	0.1	0.0345495
1.98529	-3.0211	1.95948	8.20859e-05	0.0023931	-0.000444514	4.91405e-19	1.30259e-18	-4.8335e-19	0.417888	0.13263	0	0.1	0.0327259
-0.419548	1.89748	1.28681	0.0223137	-0.00706674	0.0080299	-3.89553e-19	2.89349e-19	-3.06165e-19	0.417405	0.13217	0	0.1	0.0276929
2.42685	-3.15028	-1.8069	0.0114728	-0.0177526	-0.025321	-2.73483e-18	-5.54965e-19	-2.43653e-19	0.417376	0.132142	0	0.1	0.0477032
-1.10732	-3.49296	-0.287605	-0.00410187	0.00514573	0.00088102	-6.6644e-19	1.32048e-18	1.84138e-19	0.417136	0.131914	0	0.1	0.0299287
1.48167	-2.49896	-2.41407	-0.00164924	-0.0143073	-0.00487674	-6.03586e-19	1.45809e-19	3.7777e-19	0.41711	0.13189	0	0.1	0.030166
0.59716	1.48416	2.42065	-0.00206118	0.00570559	-0.0059819	9.20866e-19	-6.74095e-19	-1.78832e-18	0.417037	0.131821	0	0.1	0.0237995
-0.850297	1.39897	2.3246	-0.00734498	0.0103092	0.0042046	4.06099e-19	4.95402e-19	-6.91669e-20	0.4169	0.131691	0	0.1	0.0503849
-2.26919	0.204394	-2.37446	0.00320557	-0.00247364	0.010056	1.2983e-19	-5.88801e-20	2.22104e-20	0.416605	0.131411	0	0.1	0.0340153
-0.205001	-1.21122	2.10716	0.00211485	-0.0299072	-0.0387048	9.35726e-19	-8.83718e-19	3.29801e-19	0.416548	0.131357	0	0.1	0.0258746
-1.82485	-2.49525	2.44324	-0.00059197	-0.00342312	0.0109017	1.28622e-18	-8.83875e-19	8.2087e-19	0.416513	0.131324	0	0.1	0.0327858
1.12118	-4.25804	1.0503	-0.00935091	0.013354	0.0141344	-1.85982e-19	4.34292e-19	2.996e-19	0.416117	0.13095	0	0.1	0.0296054
2.16881	-3.9168	-2.49163	-0.00288046	0.00535003	-0.0101357	1.22796e-18	-3.94701e-19	1.43285e-18	0.41607	0.130905	0	0.1	0.0336296
2.19336	0.903707	-1.2744	1.42079e-05	2.98956e-05	-0.000109178	-4.07834e-21	-5.20309e-25	-2.40173e-25	0.41606	0.130897	0	0.1	0.0551305
-1.07011	1.99853	-0.270317	0.00991852	-0.0113781	0.014821	-4.76578e-19	-1.15391e-18	5.08295e-20	0.415975	0.130816	0	0.1	0.0377592
-2.09209	-1.66907	0.356955	-0.0126997	-0.0117023	0.0178571	4.16084e-19	-2.2968e-19	-3.40971e-19	0.41579	0.130642	0	0.1	0.0163257
-2.02035	2.7878	-0.886626	0.00234114	-0.00107998	-0.0208833	-7.95412e-20	-2.2323e-19	-2.23709e-19	0.41546	0.13033	0	0.1	0.0366191
1.90282	3.71588	2.29793	0.00939113	0.00796249	0.0165268	-5.67578e-19	-5.38764e-19	1.80076e-19	0.415356	0.130233	0	0.1	0.0238349
1.93486	-1.94594	-0.340383	-0.0319781	0.020336	0.00163077	1.2315e-18	7.74276e-19	-6.29063e-19	0.415343	0.130221	0	0.1	0.0207477
0.372676	0.691724	2.30338	0.00346214	-0.0152584	-0.000525888	-1.03664e-19	-1.48649e-18	-1.25685e-18	0.41528	0.130162	0	0.1	0.0223601
-2.49362	-2.01461	-1.90685	0.000269954	-0.000908844	-0.00155019	-3.65609e-19	-1.10235e-18	-3.69411e-19	0.415125	0.130015	0	0.1	0.0362019
1.61147	-1.7106	1.70034	-0.00515904	-0.00272525	0.028669	1.78075e-19	-2.28823e-19	7.41321e-21	0.414479	0.129409	0	0.1	0.0317726
-1.94591	1.65551	-0.865487	-0.0145911	0.000152014	-0.00548177	8.43168e-19	-2.13061e-19	-3.42069e-19	0.414327	0.129267	0	0.1	0.0347405
0.155695	-0.0713817	1.59768	-0.023095	-0.00629697	-0.0226755	9.97713e-20	1.57942e-18	3.3059e-19	0.414299	0.129241	0	0.1	0.0244776
1.43932	0.695371	0.86323	-0.00221396	-0.00425511	0.00189301	9.86846e-19	-6.39181e-19	-4.05916e-19	0.414184	0.129134	0	0.1	0.0183948
-2.46721	2.4192	0.452005	-0.00995717	0.00509841	0.00461831	3.35469e-18	1.68781e-18	-2.35323e-19	0.414089	0.129045	0	0.1	0.0229327
-0.413903	0.748279	2.05002	-0.0148156	-0.0132225	-0.0101062	3.63029e-19	-1.76589e-18	-1.57842e-18	0.413909	0.128877	0	0.1	0.0214743
-1.37106	2.76904	-0.371791	0.00193558	0.00747281	0.0120567	-3.60149e-19	5.6213e-19	7.90578e-19	0.413714	0.128695	0	0.1	0.0316934
1.87427	2.32323	-0.267148	-0.00154078	0.00437685	0.000108298	-1.45433e-18	-7.63592e-19	-2.21342e-18	0.413473	0.12847	0	0.1	0.0221539
1.50497	-4.31126	1.78363	0.0166247	0.000627476	0.0260994	-6.47483e-19	9.33309e-19	6.35152e-20	0.413458	0.128456	0	0.1	0.0245536
-0.894094	0.874884	1.39016	-0.0196903	0.0103536	-0.0224626	6.12727e-19	-2.87716e-19	-2.43745e-19	0.412795	0.127839	0	0.1	0.0290383
-0.884111	-1.74506	-0.82264	0.0123779	-0.02621	-0.00235697	1.13991e-18	-9.20771e-19	1.35871e-18	0.412721	0.12777	0	0.1	0.0259574
-1.72923	-1.27522	0.987463	0.0141457	-0.00465044	0.00857972	8.79461e-19	-1.7072e-18	1.58839e-18	0.412404	0.127476	0	0.1	0.030294
2.48265	2.87956	-0.231903	0.0044786	0.0256926	0.00208567	1.54578e-18	3.61857e-19	-1.06864e-18	0.41217	0.127259	0	0.1	0.0377039
1.78989	2.45815	-1.07672	0.0105469	-0.0125342	-0.0224835	1.20938e-19	-3.83216e-19	4.81506e-19	0.412145	0.127236	0	0.1	0.0336889
-0.171919	0.547116	-1.47396	0.0177546	0.0398917	0.0325302	-2.5281e-18	2.16541e-19	-3.33366e-19	0.41194	0.127046	0	0.1	0.0308461
0.223379	3.8253	0.364692	-0.0187761	-0.0202944	-0.00539065	2.61767e-19	-7.97275e-19	-5.11434e-19	0.411806	0.126922	0	0.1	0.0371473
0.821065	-3.92397	-0.372015	-0.0259613	0.00646972	-0.00828546	-7.47051e-20	-4.15034e-19	4.58538e-19	0.411717	0.12684	0	0.1	0.0271977
-2.25345	0.97162	0.803963	-0.000329431	0.00132542	0.000193767	-2.60526e-19	1.3082e-18	1.80626e-18	0.411593	0.126726	0	0.1	0.0394486
-0.683383	3.77807	1.75518	0.0026185	-0.000510618	-0.0161702	4.14446e-20	-1.54342e-19	1.54667e-20	0.411194	0.126357	0	0.1	0.0386882
0.331169	2.44423	1.12854	-0.0140673	-0.0133443	-0.00664291	1.75083e-18	-1.65719e-18	-4.59477e-20	0.411073	0.126246	0	0.1	0.0271588
0.624807	-3.17423	1.78591	0.00117721	6.01607e-05	-0.00134654	2.10714e-19	-2.04653e-20	-1.68542e-19	0.410948	0.12613	0	0.1	0.0471174
-0.294666	-0.735927	-2.22233	-0.00697712	-0.0262799	-0.00134787	-2.41759e-18	-8.07395e-20	-5.83138e-19	0.410944	0.126127	0	0.1	0.0251084
0.138632	-3.64528	0.334647	-0.0207937	0.0176123	-0.00670189	-4.24774e-19	-1.93809e-18	-8.51461e-20	0.410246	0.125485	0	0.1	0.0200951
1.66174	2.38724	1.81233	0.0176752	-0.0112903	0.0140928	4.36882e-20	1.89404e-18	2.24322e-18	0.410131	0.125379	0	0.1	0.0337982
-1.91631	2.52861	-1.87584	0.00276353	0.0042963	0.00872133	7.48668e-19	-5.86026e-19	6.10942e-19	0.410065	0.125319	0	0.1	0.0293571
-0.106298	1.42199	-1.52591	-0.00472559	0.0152031	0.0175006	4.37138e-19	5.15869e-19	1.77852e-19	0.409841	0.125114	0	0.1	0.0374
-0.0263481	-0.956427	-0.463083	0.00321651	0.0164406	-0.00392823	1.62404e-19	5.48801e-19	-9.31694e-19	0.409757	0.125037	0	0.1	0.0292616
-0.738282	-4.05021	0.37845	-0.000845973	0.00907147	0.0069087	1.41097e-18	4.08431e-19	4.10738e-19	0.409645	0.124935	0	0.1	0.0256837
-1.88157	-0.556884	-0.0326187	0.000296564	0.0147819	0.00551118	-8.58125e-19	-1.57859e-19	1.06316e-18	0.409642	0.124931	0	0.1	0.0207145
-0.618922	4.226	0.614805	-0.00163828	-0.00900837	0.0151667	6.22083e-19	-5.83803e-19	3.76584e-19	0.409609	0.124902	0	0.1	0.038977
-2.10558	2.74681	1.81948	0.00466399	-0.00226526	0.00568569	3.22234e-19	8.12234e-19	2.66358e-20	0.408842	0.124202	0	0.1	0.0240634
1.25964	-1.95001	-1.83937	-0.0141262	0.00984771	-0.00440309	-2.14533e-19	-1.35842e-18	-1.65309e-19	0.408695	0.124068	0	0.1	0.0321384
0.566126	-0.76267	0.0727462	0.00552257	0.00159669	0.00891105	-3.87792e-20	-5.32491e-19	-3.31475e-19	0.408667	0.124042	0	0.1	0.0430115
-2.37109	-1.07714	1.45335	-0.00886871	-0.00409986	0.0124098	1.4464e-18	4.39201e-19	-1.64189e-18	0.407538	0.123016	0	0.1	0.0258567
-0.171873	1.20595	0.83483	-4.87366e-06	5.4353e-05	-2.32027e-06	-7.84121e-22	-3.45181e-22	-4.76288e-21	0.407324	0.122823	0	0.1	0.0572382
1.30854	-3.88356	-1.02802	-0.0150234	-0.0179145	-0.0255346	4.78947e-19	2.59016e-18	8.55866e-19	0.407242	0.122749	0	0.1	0.0259523
0.475527	-0.948865	-2.39321	-0.00207114	-0.0112101	0.0112734	-2.70931e-20	-1.54764e-18	2.14806e-18	0.407221	0.122729	0	0.1	0.0270833
-0.887431	-0.293023	1.34909	-0.0222277	0.00275008	-0.0215415	-2.16615e-20	2.00646e-18	1.62524e-18	0.406634	0.122199	0	0.1	0.0332818
-1.38346	-1.97719	1.98139	0.00492929	0.00555405	-0.00302628	1.03398e-18	-5.01258e-20	8.8766e-19	0.40651	0.122088	0	0.1	0.0489784
-1.40094	-4.02078	1.15537	-0.000722465	-0.0107056	-0.00365657	6.7866e-19	1.60188e-20	-1.19672e-19	0.406095	0.121714	0	0.1	0.0346066
1.43898	-0.883139	0.781553	-0.0197571	0.00712884	-0.00953416	1.00742e-18	4.60224e-19	1.42129e-18	0.4058	0.12145	0	0.1	0.0271514
-0.217885	0.951079	-2.18157	0.00228951	0.0117232	-0.00605728	-1.34087e-18	1.00463e-18	-1.06466e-19	0.405449	0.121135	0	0.1	0.0357524
-1.1102	3.36521	1.14981	0.0126765	0.00167595	-0.00297025	-4.72861e-19	-6.80501e-19	-6.45598e-19	0.404959	0.120696	0	0.1	0.0316891
-1.38856	3.63704	-1.68443	-0.0114273	-0.0142073	0.00285543	3.803e-19	-4.11427e-19	1.25701e-18	0.404949	0.120687	0	0.1	0.0242495
-1.93076	-3.45788	-2.32474	0.00242806	0.00926059	-0.000335056	-3.41927e-19	4.14257e-20	8.32763e-20	0.404886	0.120631	0	0.1	0.0303587
-0.252864	-4.03265	-0.411207	0.0105646	0.00624271	0.000548559	-9.78011e-19	3.77738e-19	8.84679e-19	0.40472	0.120482	0	0.1	0.0200568
1.77165	1.83181	0.377941	-0.00104954	0.0109411	0.0294872	-1.50964e-18	5.64263e-20	4.8752e-20	0.404715	0.120478	0	0.1	0.0292086
0.831503	2.53593	2.41848	0.00724257	-0.0076075	-0.00315107	-2.6838e-20	-7.50136e-19	2.57268e-19	0.404527	0.12031	0	0.1	0.0239369
-0.437904	-1.74901	-1.51186	0.0230962	0.00202996	-0.0396338	-2.46136e-19	-4.16185e-18	-7.81875e-21	0.404513	0.120297	0	0.1	0.0351758
1.00764	-1.35248	2.14631	0.0111105	-0.00875549	-0.00929891	-1.40166e-20	-1.17754e-18	1.04955e-18	0.404482	0.12027	0	0.1	0.0315365
-0.510819	-0.449632	2.0474	0.0103231	0.00519959	0.0100557	-4.23291e-19	-8.27757e-19	2.56353e-19	0.404449	0.120241	0	0.1	0.0283951
-0.349725	-4.45147	-2.25885	0.00130872	-0.00386004	-0.0134138	9.52311e-19	4.6136e-20	-4.93307e-20	0.404403	0.120199	0	0.1	0.0272175
-1.47422	-2.15414	-0.434345	0.0156173	-0.0172836	0.0218481	-1.73902e-19	-2.68467e-18	-1.44522e-18	0.404224	0.12004	0	0.1	0.0365994
0.907626	-0.0431053	0.689229	0.0047664	-0.00177708	-0.0104442	-1.11717e-19	-7.94181e-19	-3.72763e-19	0.403958	0.119803	0	0.1	0.0267804
-0.811175	3.80515	-2.44104	0.0189748	0.00402586	0.00697131	-3.98677e-19	-3.4225e-19	-6.67928e-19	0.403876	0.11973	0	0.1	0.0232257
1.63507	1.61444	-0.595404	-0.00643633	-0.0110921	-0.00595606	-3.62869e-19	-1.79383e-19	5.83169e-19	0.403782	0.119647	0	0.1	0.0296559
-1.14756	2.10254	0.952816	0.00812668	0.00727362	-0.00856354	1.05562e-18	8.91983e-19	1.58998e-18	0.403653	0.119532	0	0.1	0.02094
1.37485	3.35381	0.984639	0.023085	-0.00431788	-0.00356047	-4.51422e-19	-4.94242e-19	2.03745e-18	0.403599	0.119484	0	0.1	0.0343003
-0.978271	4.31552	-1.83885	-0.00934966	0.0133326	0.0177804	-6.95851e-19	-7.36629e-20	5.90935e-19	0.403403	0.11931	0	0.1	0.0220827
1.0774	2.69312	1.33767	0.00969384	-0.0131884	-0.00841817	-5.70131e-19	5.8321e-19	-7.04671e-19	0.403384	0.119293	0	0.1	0.0280383
-1.07007	3.04048	-1.0831	0.00410166	0.00433171	-0.00592177	-6.9006e-19	8.4927e-19	-5.11489e-19	0.403099	0.119041	0	0.1	0.0261491
-1.01844	-2.79133	0.126469	0.00714782	0.0214617	0.00424569	-5.53396e-19	1.47486e-20	4.186e-19	0.402848	0.118818	0	0.1	0.0429949
-0.812928	0.408281	-0.733406	0.010293	0.0391862	0.0201854	-7.74002e-19	-9.21711e-20	-1.77567e-19	0.402739	0.118722	0	0.1	0.0358751
-1.3612	-0.981526	-2.04052	0.00583564	0.0104409	0.00446726	7.32561e-19	9.27961e-19	-1.6636e-19	0.402578	0.118579	0	0.1	0.0267733
1.84592	4.05095	-1.48412	-0.00349523	-0.0127708	-0.00113513	2.70193e-20	6.76472e-19	-8.69352e-20	0.40246	0.118475	0	0.1	0.0314284
-1.57555	-1.57642	-1.54354	-0.00577921	-0.00823001	0.00680693	7.90632e-19	3.84917e-19	-1.28999e-18	0.402203	0.118248	0	0.1	0.0395564
-1.99311	1.71555	-0.0339602	-0.00120295	0.00850832	0.00191773	3.19502e-19	-3.79757e-19	2.39075e-19	0.401811	0.117903	0	0.1	0.0244896
1.70806	-1.13299	-0.600553	0.000103669	0.000933513	-0.0014781	5.01343e-19	8.0414e-19	-2.74294e-19	0.40154	0.117665	0	0.1	0.0325239
0.842786	-2.8454	-1.36423	0.0162263	-0.00456473	-0.00630177	-1.98562e-20	-3.03888e-19	-5.88371e-19	0.401538	0.117663	0	0.1	0.033362
-0.362725	-4.51293	1.64213	-0.00562673	-0.0058087	-0.000131072	-6.48121e-21	1.39181e-19	-1.26294e-18	0.401318	0.11747	0	0.1	0.0318117
0.782748	-2.16737	0.836748	0.0122738	-0.00311366	-0.00216151	-2.24844e-19	2.21421e-19	4.02691e-19	0.401318	0.117469	0	0.1	0.0359501
1.36102	-4.16156	-2.30643	-0.00219235	0.00672299	-0.00738451	7.04028e-20	-1.85219e-18	-3.9629e-19	0.400994	0.117185	0	0.1	0.0232262
-1.45487	-1.09237	2.16977	0.000378233	-0.00198116	-0.0109328	2.6597e-19	-1.54934e-19	-2.89272e-19	0.400834	0.117045	0	0.1	0.0399475
0.129603	2.14867	-2.4958	-0.0193101	0.0129966	0.00720933	7.47393e-21	1.73319e-20	2.83629e-19	0.400538	0.116786	0	0.1	0.0278073
0.822338	-3.31036	0.612618	0.0107056	-0.00115577	-3.17872e-06	-1.61179e-19	-1.7608e-18	1.92906e-18	0.40047	0.116726	0	0.1	0.0294466
2.37327	-2.81536	1.16613	-0.00301173	0.00410748	0.000713053	-4.26058e-19	-8.29741e-21	2.01955e-19	0.400425	0.116687	0	0.1	0.0429961
-0.9962	-0.285411	-1.09159	-0.016003	0.0271248	0.00949705	-5.13119e-19	-4.39799e-18	1.15425e-18	0.400194	0.116485	0	0.1	0.0231642
0.0834088	-2.69823	-1.15588	-0.000861347	-0.0041505	0.00144079	8.07449e-19	5.25879e-19	1.05854e-18	0.400085	0.11639	0	0.1	0.0244416
-1.04406	4.05416	-0.352162	-0.00857075	-0.0100414	0.00733097	8.18106e-19	-1.02328e-19	-1.3295e-19	0.3998	0.116141	0	0.1	0.0297653
-2.26577	1.83184	2.19708	-4.31368e-05	1.42559e-05	-1.15023e-05	-7.34637e-21	5.45095e-21	1.6896e-21	0.399682	0.116039	0	0.1	0.0671682
1.94386	-1.8364	2.46962	0.0063115	0.00497837	-0.00116672	-1.31358e-18	1.00779e-18	-2.06408e-19	0.39941	0.115802	0	0.1	0.0225582
2.46322	-3.68651	-0.390932	0.016233	-0.00936093	0.0114623	7.35068e-19	1.68223e-18	-9.14247e-19	0.399398	0.115792	0	0.1	0.0283915
1.11382	3.90615	2.20672	-0.00405557	0.00440313	0.00107081	1.57184e-22	-2.59904e-19	4.31528e-19	0.398845	0.115312	0	0.1	0.0254812
1.80282	-1.99902	-1.23803	-0.00503205	0.0334676	0.00678387	-5.4959e-19	-2.39974e-18	-1.9097e-18	0.398843	0.115309	0	0.1	0.024947
-0.0182609	2.39011	-0.904962	-0.000692263	-0.000186032	-0.000445704	-1.01014e-19	-1.70039e-19	-3.54656e-20	0.398694	0.115181	0	0.1	0.040386
-0.392526	-0.220262	-1.60893	0.01834	0.00363906	0.0133256	8.88213e-19	-2.54112e-18	1.12067e-18	0.398676	0.115165	0	0.1	0.0267131
2.24041	-4.40214	-1.84111	0.0184271	-0.00943399	-0.00432524	1.30484e-18	-3.5081e-19	-4.42105e-19	0.398579	0.115081	0	0.1	0.0275752
2.25593	4.1315	-0.425592	0.00812486	-0.0105684	-0.00438709	-5.8347e-19	2.3535e-19	2.59393e-19	0.398512	0.115022	0	0.1	0.0410852
0.0341209	-2.2885	2.01495	-0.00142371	0.00275216	-0.00276976	-3.68951e-19	-2.34348e-19	-1.64251e-19	0.39797	0.114554	0	0.1	0.038827
0.511532	0.323997	-1.98612	0.000457404	-0.00401922	0.0267033	2.80685e-18	-1.84762e-18	-1.36866e-18	0.397616	0.114249	0	0.1	0.0218913
0.740377	-4.05645	-1.5669	0.00458362	-0.00462254	0.00394358	-2.88611e-18	1.37455e-18	7.95272e-19	0.397525	0.11417	0	0.1	0.020644
-2.00692	-0.824573	-1.05735	-0.000982839	0.00640945	-0.0120215	1.07443e-19	-2.77922e-19	5.97456e-19	0.397522	0.114168	0	0.1	0.0348169
-0.754327	1.68275	-0.997066	0.00597468	-0.00302593	0.00156192	-2.49959e-19	1.63785e-19	1.74477e-18	0.397397	0.11406	0	0.1	0.0418452
-0.00955972	-4.10345	0.982428	-0.00990586	-0.0016788	0.00710988	-4.19912e-19	-3.48854e-19	-3.18328e-19	0.39719	0.113882	0	0.1	0.027199
-0.0836824	0.20798	0.291195	0.00228936	0.00273057	0.00232299	-1.47759e-19	-7.60626e-19	2.5973e-19	0.396781	0.11353	0	0.1	0.0491952
0.0997607	3.05532	1.87732	0.00419586	0.0040919	-0.0116971	-8.3319e-19	-3.174e-18	-1.46443e-18	0.396631	0.113401	0	0.1	0.0264401
0.182734	-3.95332	1.80043	0.00589369	0.00854522	0.00167733	-4.37605e-19	-8.0801e-19	6.7761e-19	0.396513	0.1133	0	0.1	0.0303418
-0.512657	2.67436	1.51607	0.00348019	0.00630538	0.00513262	-1.53691e-18	1.63268e-19	-2.30876e-19	0.396182	0.113017	0	0.1	0.0203731
2.24052	3.76332	0.745429	-0.000432573	0.00110327	-0.0235361	4.26209e-19	-3.32933e-19	-3.93889e-19	0.396163	0.113001	0	0.1	0.0325402
-0.300151	4.27145	-0.124187	0.0172821	-0.00711652	0.00507265	1.3552e-18	-1.12721e-18	-4.56241e-19	0.396061	0.112913	0	0.1	0.0195228
1.27762	-4.0672	0.277465	0.0125969	0.00845192	-0.00815841	-8.32709e-19	-4.26908e-19	2.21913e-19	0.395874	0.112753	0	0.1	0.0187378
-2.26212	-2.0618	-0.330702	-0.0138326	-0.0278935	-0.000878697	-7.71447e-19	-5.25012e-19	2.21561e-18	0.395237	0.11221	0	0.1	0.0190582
2.17301	0.43289	2.08257	-0.00462928	0.00237065	-0.0068589	-4.6154e-19	4.22673e-19	5.24978e-19	0.395122	0.112112	0	0.1	0.0508293
0.43044	2.71482	-1.87429	-0.00726961	-0.0102338	0.00547738	-2.59582e-19	-1.44318e-19	-2.56531e-18	0.395027	0.112032	0	0.1	0.0280752
-0.967185	-1.02058	0.0738409	-0.0145047	0.00942288	0.0257349	4.73632e-19	6.6013e-19	-7.55826e-19	0.394802	0.11184	0	0.1	0.0271952
1.45033	2.69303	0.312416	-0.00494622	0.0124181	0.0156223	6.65966e-20	2.39081e-18	-3.08905e-19	0.394664	0.111723	0	0.1	0.0353814
1.08882	0.888053	1.98268	0.0187829	0.00419798	-0.00380452	1.289e-18	-5.5352e-19	1.19078e-18	0.394365	0.111469	0	0.1	0.0194461
2.13096	3.6794	1.52277	0.00400908	-0.003547	-0.0038765	-8.76682e-19	-1.07529e-18	-5.06266e-19	0.394229	0.111353	0	0.1	0.0242361
1.3374	-2.48731	1.7212	0.00421745	0.00374192	0.00906218	6.67055e-19	1.924e-19	8.86449e-20	0.394118	0.11126	0	0.1	0.0250254
1.53116	-2.53466	-0.720777	-0.0153143	0.0014487	-0.00634278	-2.21409e-18	4.08893e-19	8.33824e-19	0.393513	0.110748	0	0.1	0.0171325
0.633008	0.473302	1.24152	0.00668981	0.00121653	-0.0120404	3.22122e-19	4.42444e-19	1.17685e-18	0.393509	0.110745	0	0.1	0.0253646
-0.325921	-0.528161	0.831397	0.0127621	-0.00733149	-0.000654576	7.95305e-20	2.90955e-18	2.22291e-18	0.393252	0.110528	0	0.1	0.0344484
-2.25546	-2.39787	1.76467	-0.00209306	0.00182785	-0.00671858	1.15608e-18	-1.47005e-18	9.91503e-20	0.393157	0.110448	0	0.1	0.0381789
-1.94637	-4.21385	-2.06954	-0.00821616	-0.0144642	0.00426964	-4.70043e-19	-5.35785e-19	7.43145e-19	0.39295	0.110274	0	0.1	0.0216149
1.26424	1.14233	-2.27454	0.00853552	-0.00354775	0.00648101	3.96943e-21	9.66979e-20	-1.69329e-18	0.392708	0.11007	0	0.1	0.0179026
0.447026	2.92178	0.494154	0.0103393	0.00540553	-0.00351253	8.04732e-19	4.55522e-19	5.64729e-20	0.392508	0.109902	0	0.1	0.0377382
0.562866	3.39156	-1.48943	-0.0298878	0.00922457	0.0114126	1.01696e-18	-6.75763e-19	-6.44623e-19	0.392258	0.109692	0	0.1	0.0181809
2.08404	-0.582195	1.14412	-0.0108914	0.00989921	0.0111996	8.98233e-20	1.02933e-18	7.9355e-19	0.392167	0.109615	0	0.1	0.0192587
-0.55615	3.08644	2.31288	-0.00609933	-0.0097657	0.00149137	-1.34182e-18	-9.54076e-19	-3.39865e-19	0.391946	0.109431	0	0.1	0.0250655
-1.97534	-2.76138	-0.563356	0.010006	-0.037425	-0.000494253	-1.0866e-18	5.15732e-19	-6.70499e-19	0.391649	0.109182	0	0.1	0.0290599
-1.0211	2.47489	-1.6371	0.0133978	0.00729687	-0.0105589	1.15812e-18	5.84392e-19	8.6551e-19	0.391465	0.109028	0	0.1	0.031248
-0.988742	-0.987632	0.870656	0.0156763	0.00609029	-0.00197109	8.87989e-20	2.61529e-20	9.19429e-19	0.39146	0.109024	0	0.1	0.0466684
0.910707	-0.337307	-1.8289	0.0134891	-0.0240203	0.00637341	2.63308e-19	-2.49797e-19	-1.77389e-18	0.391429	0.108998	0	0.1	0.0221128
-0.382821	-3.28962	-1.39684	-0.0111318	-0.0175795	-0.00956604	-1.94192e-19	-8.84623e-19	7.87252e-20	0.39124	0.10884	0	0.1	0.0356088
0.0234876	-1.05335	-1.55951	0.00703273	-0.0106112	0.019378	3.32163e-19	-7.57846e-19	-7.88716e-19	0.391221	0.108825	0	0.1	0.0381498
1.72549	-0.16551	0.585594	0.00386108	0.0224431	-0.0103387	4.51213e-19	-1.99895e-19	-3.33317e-19	0.390874	0.108535	0	0.1	0.025442
-0.378701	2.51541	0.757545	-0.0181085	-0.00664901	-0.0112648	5.61412e-19	1.06837e-18	-7.71053e-19	0.390823	0.108493	0	0.1	0.0198066
1.36647	-0.158199	-0.178222	0.00168804	0.000936323	0.00186148	1.03024e-18	-2.60763e-19	-4.08162e-19	0.390805	0.108477	0	0.1	0.0373098
0.952054	1.18836	1.27113	-0.0138657	0.0229623	-0.00953613	7.80438e-19	-3.74264e-20	-6.8343e-19	0.390656	0.108353	0	0.1	0.0301476
1.62293	0.0675455	1.33042	0.0195277	-0.00829398	0.0221875	7.56795e-20	-5.44269e-20	-8.32007e-19	0.39049	0.108216	0	0.1	0.0261274
2.13865	-2.71167	-1.19267	0.00166338	0.0099124	-0.00780444	-2.56332e-18	-4.48449e-19	-9.31183e-19	0.390299	0.108057	0	0.1	0.0304543
-1.78734	-4.47938	-0.753929	-0.0184829	-0.00633023	-0.00532576	5.9318e-19	3.38676e-19	1.33324e-18	0.390166	0.107946	0	0.1	0.0316146
2.38715	2.49059	-2.26594	-0.0128578	-0.00500744	0.000279169	1.07773e-18	2.81706e-19	-1.23829e-19	0.389838	0.107674	0	0.1	0.0224584
-1.80722	2.98553	1.11873	-0.00805952	-0.000160582	-0.0215064	3.27506e-20	3.84988e-19	-1.71013e-21	0.38977	0.107618	0	0.1	0.0227705
-1.35986	2.18886	-0.995634	-0.00588195	0.0178504	0.00289922	8.87945e-19	1.70278e-18	1.97482e-18	0.389402	0.107314	0	0.1	0.0210039
-2.13597	-3.0268	2.26468	-0.0235115	0.00501569	-0.0300878	-7.65983e-18	-2.33638e-18	1.65533e-18	0.225331	0.0207931	0	0.1	0.0191782
0.225181	-2.15936	0.552385	0.00809755	-0.0183723	-0.0218694	-5.87555e-18	-4.0523e-19	1.38574e-18	0.225188	0.0207537	0	0.1	0.0149382
1.62992	-4.33734	-1.40234	-0.00314168	0.00432312	-0.00232353	-6.69767e-20	-9.58347e-19	-2.04693e-18	0.225159	0.0207457	0	0.1	0.012918
0.993172	3.19162	-0.471603	0.0115806	-7.69384e-05	0.00639243	3.40661e-21	7.22853e-18	3.0162e-18	0.225087	0.0207258	0	0.1	0.0230529
-1.573	-3.0372	-0.939138	0.0345782	-0.0243255	-0.0316925	8.73681e-18	3.30676e-18	-4.16765e-18	0.224886	0.0206704	0	0.1	0.0322325
-2.41059	-0.289827	1.35811	-0.0141733	0.0072199	0.00735612	2.36063e-19	1.64571e-18	-2.82981e-18	0.224843	0.0206583	0	0.1	0.0161031
0.602266	-1.8658	1.91453	1.42068e-05	-4.51325e-06	-9.21313e-06	0	0	0	0.224785	0.0206425	0	0.1	0.0170174
1.81175	2.44182	-2.05683	-0.0235548	0.0119686	0.0146331	-3.32732e-18	-7.27844e-18	2.41654e-18	0.224735	0.0206286	0	0.1	0.0145828
0.172918	1.87372	0.892305	-0.00566917	-0.0195326	-0.00779422	-6.92717e-19	5.79972e-19	-2.9721e-20	0.22468	0.0206135	0	0.1	0.0410286
0.360533	-0.09456	0.99348	-0.0210865	-0.00644758	-0.0346058	3.99964e-19	1.68018e-18	1.54544e-19	0.224661	0.0206082	0	0.1	0.0159029
1.87884	-3.65978	0.391262	-0.00243621	-0.0235582	0.0159536	-2.03597e-18	-3.48578e-19	-8.83361e-19	0.22455	0.0205778	0	0.1	0.017595
1.31761	-1.58573	-1.13139	0.000576477	0.00300997	-0.0024767	-5.40626e-18	1.74878e-18	1.09998e-18	0.224461	0.0205532	0	0.1	0.0120546
0.964835	3.14211	1.7607	-0.00421381	0.0169122	-0.0172832	-1.9879e-17	4.17836e-18	1.00033e-18	0.224444	0.0205487	0	0.1	0.0125499
-1.33139	1.2251	-0.686665	0.00501157	-0.0148931	0.00377266	-4.19605e-18	7.52237e-18	1.43726e-18	0.224236	0.0204916	0	0.1	0.0196949
1.70261	3.61301	-0.280071	-8.06546e-06	-7.68964e-06	-2.35123e-05	-9.85657e-22	4.92407e-21	4.45106e-22	0.224232	0.0204905	0	0.1	0.0377433
-1.23055	-3.24953	0.497638	0.00855528	0.00550473	0.00799537	-1.68493e-18	9.27068e-18	3.54567e-18	0.224188	0.0204785	0	0.1	0.00518132
0.10823	-3.05356	-0.0757992	-0.00328173	0.00163595	-0.00146882	-6.45165e-19	-4.10499e-18	-3.02839e-18	0.224154	0.020469	0	0.1	0.019885
0.619305	3.59035	-0.107545	-0.00450742	-0.00163696	-0.00916693	7.55619e-19	9.68381e-19	-5.11237e-19	0.223947	0.0204123	0	0.1	0.0125297
0.478096	3.68923	-2.42589	1.42068e-05	-4.51325e-06	-9.21313e-06	0	0	0	0.223903	0.0204004	0	0.1	0.0190079
0.454468	-2.44225	2.44603	0.00909376	-0.00332606	0.00930193	2.6965e-19	-1.75215e-18	-1.33229e-18	0.223865	0.0203902	0	0.1	0.0229144
0.466669	-1.51727	0.263362	-0.0139535	0.0191549	-0.0233179	5.8547e-19	8.76638e-18	-3.01779e-18	0.22377	0.0203641	0	0.1	0.0130079
-0.466226	0.065119	-0.175452	-0.00190329	0.00177468	-0.0130034	-1.4277e-18	-5.31058e-18	7.62793e-18	0.22372	0.0203505	0	0.1	0.017204
0.105052	3.24065	-1.87147	-0.0237717	-0.00262283	-0.0166085	-4.02205e-18	-2.72705e-18	-2.50632e-18	0.223621	0.0203234	0	0.1	0.0198009
1.35527	0.673399	-0.276577	-0.0186609	-7.87238e-05	-0.0208171	-3.86706e-18	-6.61157e-18	2.6324e-18	0.223457	0.0202787	0	0.1	0.0218321
-1.18843	1.25965	0.602108	-0.00508447	0.0195833	-0.0186221	2.43772e-18	-1.15906e-18	-2.37667e-18	0.22339	0.0202605	0	0.1	0.0253698
1.06983	3.28713	2.17026	-0.0117289	-0.00823363	0.00954989	-1.39839e-17	1.00348e-18	3.40526e-18	0.223341	0.0202472	0	0.1	0.00988624
-1.42227	-3.50938	-1.77336	-0.00420674	-0.00769228	0.000961922	-5.20862e-19	-1.35551e-20	-2.24206e-18	0.222676	0.0200669	0	0.1	0.020984
0.478715	0.857461	1.69716	-0.000258433	0.0107293	-0.00576881	3.95682e-18	-2.96907e-18	3.9508e-18	0.222563	0.0200363	0	0.1	0.00949911
-0.358478	-1.47223	-0.600707	0.0173625	-0.00102482	0.00124538	2.33792e-17	1.25302e-17	2.16519e-17	0.222141	0.0199226	0	0.1	0.00737919
1.51202	0.685941	2.38168	0.00942509	-0.032183	0.00881881	-2.20896e-18	-2.59792e-18	3.71006e-18	0.222035	0.0198941	0	0.1	0.0147375
0.702304	-4.19819	1.5719	0.012654	-0.00563815	-0.00544819	-2.2817e-18	-1.43953e-17	9.9768e-18	0.222027	0.0198918	0	0.1	0.019042
2.08192	3.11197	1.13688	0.0040115	0.0206321	0.00698993	-2.42853e-18	7.18725e-19	-9.22941e-19	0.221984	0.0198803	0	0.1	0.013877
1.92834	2.92393	-2.36722	9.4545e-05	0.000612286	0.00014563	-1.02377e-18	7.57036e-19	-2.14079e-18	0.221976	0.0198782	0	0.1	0.0124538
-1.43327	-0.31028	-2.20956	0.0054913	-0.0101867	-0.0237305	-1.72888e-18	2.87509e-18	1.04896e-18	0.221361	0.0197134	0	0.1	0.0152705
0.42582	2.13269	1.90667	0.0191784	-0.0212444	0.0114079	-4.63013e-19	-8.05097e-18	7.49125e-18	0.221268	0.0196887	0	0.1	0.0085206
-0.866812	-0.741108	-1.50965	0.00165523	-0.00439002	-0.00441653	-2.35255e-18	2.29494e-19	-8.36198e-19	0.220924	0.0195969	0	0.1	0.0246631
-2.46154	-3.94568	-0.969189	0.00344935	0.011701	0.0185119	-1.37731e-18	-1.79171e-18	9.83925e-19	0.220897	0.0195898	0	0.1	0.0123268
0.237101	0.97847	-1.09366	-0.0068041	-0.000596119	0.00985802	1.02471e-19	-5.98054e-19	8.16679e-20	0.22087	0.0195826	0	0.1	0.0232089
-1.28229	2.67698	1.15566	0.0181821	0.0199221	0.00293985	4.44418e-18	-1.50002e-18	-6.71266e-19	0.220785	0.01956	0	0.1	0.00799236
2.05093	3.13683	-1.16596	1.42068e-05	-4.51325e-06	-9.21313e-06	0	0	0	0.220722	0.0195432	0	0.1	0.0244633
-1.79649	-3.67754	0.177531	0.000545971	-0.00584391	-0.0092547	9.47011e-18	4.0279e-19	3.15697e-19	0.220718	0.0195421	0	0.1	0.0171592
1.05446	-2.86633	2.28621	-0.0185006	-0.00654106	-0.0116053	3.0144e-18	-5.95964e-18	4.6396e-18	0.220671	0.0195296	0	0.1	0.0166651
2.42818	-2.66692	-0.657551	0.00604369	0.0122804	0.00110991	-1.7136e-18	7.19195e-18	-6.58902e-18	0.220579	0.0195053	0	0.1	0.00563171
-1.33473	-3.70083	1.68977	-0.00865504	-0.0117549	0.0143338	1.20098e-17	1.62476e-19	-5.73249e-18	0.22055	0.0194976	0	0.1	0.0223956
0.485069	3.22863	1.42058	0.0126246	0.00538702	-0.0158525	-1.22429e-18	4.24e-19	-1.38318e-18	0.220479	0.0194788	0	0.1	0.0256821
-1.78811	3.67993	-0.884332	-0.0112227	0.00977782	-0.00117807	1.0033e-19	-1.3037e-20	-1.25414e-18	0.220413	0.0194614	0	0.1	0.0219916
0.0022213	-3.13659	1.87991	-0.0127555	0.00077041	0.00189326	-7.47017e-20	-1.44672e-18	1.19038e-19	0.220176	0.0193986	0	0.1	0.0244045
1.78372	-1.40375	-0.0467709	-0.0128362	0.0257477	0.0270617	1.70348e-19	1.40111e-21	-7.55404e-18	0.219806	0.019301	0	0.1	0.0139772
-1.38071	-3.68204	0.423463	0.00609305	-0.00682744	-0.000831528	-1.30433e-18	7.81692e-18	-2.20677e-18	0.219738	0.019283	0	0.1	0.0131224
0.686404	3.93353	-0.477173	7.6894e-05	-0.0180761	-0.0104935	7.7156e-20	-1.67183e-18	8.55033e-19	0.219571	0.0192392	0	0.1	0.00977366
1.38627	-0.489994	1.26407	0.00102058	-0.0136648	0.025862	1.67663e-17	3.47406e-19	-1.91651e-18	0.219381	0.0191892	0	0.1	0.00941215
0.568995	-1.30842	1.38697	-0.00316854	0.0155925	0.00730204	3.79828e-18	-2.68961e-19	2.16152e-18	0.21935	0.019181	0	0.1	0.0208875
-0.429896	-1.35017	-0.184224	-0.0190613	0.00369647	0.00740561	6.95943e-18	7.92491e-18	7.64214e-18	0.219305	0.0191692	0	0.1	0.0139226
-1.8585	-0.897488	0.494919	0.015325	-0.0063801	0.00768164	-1.12545e-17	-5.47501e-20	-2.53889e-18	0.219065	0.0191064	0	0.1	0.0106382
0.768554	-0.172646	1.47527	0.00253663	0.00712611	0.0184619	1.96647e-18	9.21835e-18	3.40119e-18	0.219042	0.0191003	0	0.1	0.0170764
-0.435189	2.84326	-0.861537	-0.00973541	0.0105584	0.000981494	-5.61662e-19	-3.13516e-20	-5.26403e-18	0.218985	0.0190856	0	0.1	0.0200474
-1.92826	-2.24662	0.150557	0.0138573	-0.0181806	0.00721857	-1.03111e-17	-1.30065e-20	5.31166e-18	0.218947	0.0190754	0	0.1	0.0112487
-1.38578	4.34053	0.501825	1.79121e-05	3.28681e-05	5.8782e-06	-9.65092e-22	-7.68496e-22	1.55657e-21	0.218853	0.0190509	0	0.1	0.0332491
-2.22567	3.49424	-2.44125	-0.0386738	-0.00601876	0.00637071	4.2655e-19	-2.27486e-18	-2.61347e-18	0.218813	0.0190406	0	0.1	0.0261091
-2.01259	-0.412513	0.564395	0.00352066	0.0122737	0.0218766	8.16341e-19	-2.31521e-18	-1.08057e-17	0.218759	0.0190265	0	0.1	0.013926
0.324936	4.16936	-0.551452	-0.00674502	-0.00798634	-0.0051718	4.655e-20	-3.16145e-18	7.78841e-19	0.218666	0.0190022	0	0.1	0.0143639
-0.967918	0.57733	0.838945	0.00376863	0.00208739	-0.0426301	-3.01462e-18	1.43496e-18	1.02655e-18	0.218588	0.0189818	0	0.1	0.024567
-1.38935	-3.39799	1.19091	-0.00529056	0.00254574	0.0235877	2.3698e-18	-4.4702e-18	-4.69186e-19	0.218459	0.0189481	0	0.1	0.0133577
1.74051	0.209209	-1.53069	0.00347389	0.00175003	-0.00145424	-2.37413e-18	2.55997e-18	-2.74608e-18	0.218191	0.0188786	0	0.1	0.0232319
0.806778	2.56707	-1.01387	-0.00264304	0.00481184	0.000152595	1.97554e-19	1.99422e-19	-5.48388e-18	0.218172	0.0188736	0	0.1	0.0183781
-2.0335	-0.73856	-2.26199	1.42068e-05	-4.51325e-06	-9.21313e-06	0	0	0	0.218138	0.0188649	0	0.1	0.0220966
0.2086	1.14143	1.45364	3.28694e-05	1.80429e-05	3.86747e-05	1.56709e-21	2.38381e-22	-1.80421e-22	0.218113	0.0188583	0	0.1	0.0130323
-1.04305	0.230748	-2.1557	0.0155112	0.00692956	-0.0195702	2.08331e-18	3.17826e-18	2.8575e-18	0.218101	0.0188551	0	0.1	0.0314687
-0.446433	-2.7313	1.14328	1.42068e-05	-4.51325e-06	-9.21313e-06	0	0	0	0.217681	0.0187465	0	0.1	0.0341488
-0.431848	3.87764	-1.41287	0.0292626	0.0138389	-0.0266575	3.43154e-19	-2.72427e-18	1.11677e-18	0.217585	0.0187219	0	0.1	0.0148871
1.52043	3.95567	1.02437	0.0084702	0.0111227	0.00282201	-2.30212e-20	2.25453e-18	3.81312e-18	0.21735	0.0186611	0	0.1	0.0159863
0.0704158	-0.146043	-1.16851	-0.0017976	-0.00133327	-0.000805947	-2.6808e-19	5.87068e-19	-4.28729e-19	0.217334	0.018657	0	0.1	0.0183522
0.122548	-0.309319	-1.94463	0.0508991	-0.023982	0.022296	1.80038e-18	6.92744e-18	2.7627e-18	0.217314	0.018652	0	0.1	0.0125727
-0.0491351	-2.84383	2.26526	-0.00177696	-0.011885	0.00533738	-4.95744e-18	1.53548e-19	9.91768e-20	0.217178	0.018617	0	0.1	0.0262598
-0.898767	-3.51216	-1.16496	-0.0222759	-0.0101852	0.00936812	2.35048e-18	-1.10185e-17	-6.01082e-18	0.217022	0.0185768	0	0.1	0.0262375
-1.96729	0.537336	2.1792	-0.0123472	0.00240759	-0.00910787	3.80312e-18	1.2511e-18	6.18821e-18	0.216868	0.0185373	0	0.1	0.0261707
-1.75795	-0.19425	1.28037	0.0131179	0.0116802	0.00439116	-1.38877e-18	2.19629e-18	-3.70731e-19	0.216811	0.0185227	0	0.1	0.0304631
-0.441045	-3.85448	-2.11575	0.00605885	0.0107192	0.00231128	4.31986e-18	2.88247e-18	-5.54178e-18	0.21659	0.0184661	0	0.1	0.0201785
2.11246	1.31086	0.632903	1.42068e-05	-4.51325e-06	-9.21313e-06	0	0	0	0.216582	0.0184639	0	0.1	0.0148644
2.01446	4.28756	1.02303	-0.00558519	-0.0118552	0.0036912	8.16815e-18	-3.59718e-18	1.22749e-18	0.216576	0.0184626	0	0.1	0.0154453
-1.44515	2.76959	2.34079	0.00836682	0.000372964	-0.00407467	-4.22006e-18	1.05376e-17	-5.95679e-18	0.216568	0.0184605	0	0.1	0.0184388
0.734048	-4.1937	2.20262	-0.00797754	-0.00368108	0.00308577	-3.04523e-18	6.23335e-18	-3.52107e-19	0.216533	0.0184515	0	0.1	0.0215671
1.40255	4.28152	-2.40146	0.0210963	-0.0110025	0.0198521	-2.04574e-18	6.23799e-18	-1.32877e-18	0.216221	0.0183717	0	0.1	0.0211183
1.30956	0.487496	0.119591	0.0057905	0.00211372	-0.00388124	-6.10268e-19	8.20685e-18	3.47821e-19	0.215897	0.0182894	0	0.1	0.00946642
2.32476	-1.45429	2.17464	0.0136097	0.0135285	-0.0103965	-9.27639e-18	9.55444e-18	-5.82756e-19	0.215849	0.0182771	0	0.1	0.0326188
-1.05663	0.177526	0.980873	-0.0165653	0.00855469	-0.0319345	2.51282e-18	-3.08086e-18	-6.07003e-18	0.215727	0.0182461	0	0.1	0.0140878
2.32193	4.39643	-1.28774	0.000474538	-0.00832111	0.0142683	1.99864e-18	-3.5033e-19	1.60343e-18	0.215518	0.0181932	0	0.1	0.00949561
1.01532	0.575126	-2.22822	0.00109358	0.000523717	-0.000212061	5.20008e-18	-8.51545e-18	1.82859e-18	0.215465	0.0181798	0	0.1	0.0143567
-2.40956	-1.40923	0.927461	1.42068e-05	-4.51325e-06	-9.21313e-06	0	0	0	0.215453	0.0181768	0	0.1	0.0123143
2.22227	0.151513	-1.06939	-0.00853043	-0.00541904	0.000540837	6.65983e-21	5.52005e-19	4.15882e-18	0.215352	0.0181512	0	0.1	0.0460788
0.567152	-4.12559	0.779119	-0.00552153	0.00975874	-0.0345167	8.59293e-19	6.70297e-18	2.78439e-19	0.215342	0.0181487	0	0.1	0.0148113
-2.1091	-1.77485	1.31426	1.42068e-05	-4.51325e-06	-9.21313e-06	0	0	0	0.215269	0.0181303	0	0.1	0.0261498
-1.723	1.9753	-1.65929	0.00452658	-0.0126525	0.00523314	1.22938e-17	-1.04059e-18	-1.36831e-17	0.215137	0.0180969	0	0.1	0.0225132
0.648164	-1.69736	1.21141	-0.00183414	0.00373814	0.00831624	-1.07981e-18	-5.19235e-18	6.50117e-18	0.214984	0.0180583	0	0.1	0.0184539
1.72144	2.83127	1.36218	0.000420063	0.00189215	-0.00190857	-6.08528e-19	1.94783e-19	1.63663e-19	0.214934	0.0180457	0	0.1	0.0107843
1.99283	2.71209	0.986025	-0.0130528	0.020371	-0.0155114	-4.33472e-18	-3.87956e-18	-9.21487e-19	0.214921	0.0180425	0	0.1	0.00823144
1.61827	-3.6484	1.68194	0.00613736	-0.0243782	0.00414975	-2.96136e-18	-9.88967e-19	-1.77496e-18	0.214891	0.018035	0	0.1	0.0228681
-1.68051	0.473896	-2.10879	-0.0151864	0.025654	-0.0272737	-7.18385e-18	1.88273e-18	6.4107e-18	0.214574	0.0179553	0	0.1	0.0218782
-0.174636	-4.22961	-1.17527	-0.00260358	-0.000156619	0.000820258	-2.32954e-20	8.4852e-18	1.69029e-19	0.214494	0.0179351	0	0.1	0.00943123
-2.37938	-3.36933	1.06821	-0.0144417	-0.019114	0.0173842	-1.58851e-18	-2.02114e-17	9.99566e-19	0.214464	0.0179277	0	0.1	0.0154697
1.84877	-4.12613	0.0717493	0.0410766	0.0251023	0.0229883	-2.5726e-18	8.74883e-18	9.45721e-19	0.214237	0.0178707	0	0.1	0.0106796
-0.40363	0.110855	-1.08604	-0.00566322	-0.00440994	0.018124	-2.82512e-18	-2.27176e-18	-1.1318e-17	0.214133	0.0178447	0	0.1	0.0119555
-1.1788	-1.48686	-2.34262	0.00155372	-0.0039957	-0.00240806	2.00026e-18	4.64925e-18	-6.71273e-18	0.214119	0.0178412	0	0.1	0.0276968
-1.21165	-2.06039	-1.43049	0.0165303	-0.00954236	0.00447131	3.24413e-18	1.24602e-18	-8.7206e-18	0.214108	0.0178386	0	0.1	0.0153791
1.36105	-1.94338	2.31326	-0.00677327	0.00142362	-0.00303419	-1.17534e-18	-1.57654e-18	-1.00345e-17	0.213766	0.017753	0	0.1	0.0120071
-0.0742363	-2.67061	-0.419536	-0.00404657	-0.00198644	-0.00122167	-1.32164e-18	3.61332e-19	3.68674e-18	0.213725	0.017743	0	0.1	0.0313796
0.770596	-3.45924	-2.47356	1.42068e-05	-4.51325e-06	-9.21313e-06	0	0	0	0.213671	0.0177296	0	0.1	0.0232387
1.33162	3.91349	-0.256897	1.42068e-05	-4.51325e-06	-9.21313e-06	0	0	0	0.213563	0.0177027	0	0.1	0.0156411
1.77007	2.98135	1.96446	0.00196419	0.00928623	0.00260079	-3.4367e-18	-4.22229e-20	3.27128e-18	0.212983	0.0175588	0	0.1	0.0169936
0.800693	-4.32048	-2.11349	-0.0119386	-0.00868727	-0.00568893	-6.22742e-19	-8.08255e-18	-8.98276e-19	0.212937	0.0175473	0	0.1	0.0189135
-1.8018	0.962634	0.293915	-0.00191037	-0.00764085	0.00492433	-4.43939e-18	2.54492e-18	4.31131e-18	0.212837	0.0175226	0	0.1	0.0212874
1.22807	0.32598	-0.510758	-0.0170541	-0.0160229	-0.0339321	1.83561e-17	6.14206e-18	-8.97027e-18	0.212772	0.0175066	0	0.1	0.0285483
-0.6087	2.27988	2.46089	1.42068e-05	-4.51325e-06	-9.21313e-06	0	0	0	0.212724	0.0174947	0	0.1	0.0193327
-0.464296	-3.13839	1.48673	1.42068e-05	-4.51325e-06	-9.21313e-06	0	0	0	0.212595	0.0174631	0	0.1	0.022946
0.422799	-1.94932	0.223454	0.00965971	0.00549867	-0.0187685	-4.66516e-18	3.14639e-18	-4.48154e-18	0.212534	0.0174479	0	0.1	0.0146093
-0.737057	0.281113	1.78739	-0.00873056	-0.0326327	-0.0165988	6.22772e-18	-3.46526e-18	-1.19189e-18	0.2124	0.0174149	0	0.1	0.0147628
2.23409	-0.0492123	-2.00419	1.42068e-05	-4.51325e-06	-9.21313e-06	0	0	0	0.212396	0.0174141	0	0.1	0.0366818
1.3899	1.94866	-0.14031	-0.011113	-0.00507354	0.00556424	-5.61377e-18	-2.93448e-18	-3.33478e-18	0.212138	0.0173506	0	0.1	0.016633
0.295052	-2.49037	-0.309275	0.00426445	0.00206988	0.00125981	-1.36357e-18	3.88922e-19	3.89718e-18	0.212027	0.0173234	0	0.1	0.0264206
1.65441	-1.31286	2.34513	-0.00706852	0.0132285	-0.00316352	4.8829e-18	1.49853e-18	-4.56952e-18	0.21199	0.0173143	0	0.1	0.0212256
-2.03842	2.93814	-2.37504	0.0052412	0.0140197	0.0101191	-1.46668e-18	-4.44592e-19	2.57225e-18	0.211881	0.0172876	0	0.1	0.00984289
-1.32669	0.6527	-0.425046	1.51459e-05	-1.00032e-05	-1.08304e-05	-7.17068e-22	9.65209e-23	-1.56229e-21	0.211873	0.0172857	0	0.1	0.029013
1.50732	-3.24246	1.61367	-0.0148198	-0.0201032	0.00612257	-5.80845e-18	3.61481e-18	2.82559e-18	0.211636	0.0172278	0	0.1	0.0168179
1.95907	4.25761	1.57454	-0.00257901	0.00900161	-0.00809612	-3.24722e-18	-4.76072e-18	-7.13096e-18	0.211574	0.0172125	0	0.1	0.0100836
-0.175426	2.13699	1.97428	-0.00220008	-0.00156281	-0.0180702	1.5577e-19	-4.18572e-19	-1.70467e-18	0.211389	0.0171674	0	0.1	0.0117253
0.967897	-4.50972	-0.0502805	0.0336973	-0.00397923	0.0519897	9.98824e-18	3.80637e-17	8.70799e-19	0.2112	0.0171216	0	0.1	0.00509585
-0.171231	-4.00067	2.29162	-0.006244	-0.000670883	0.00888896	4.74467e-19	3.55378e-18	3.21529e-19	0.211128	0.0171038	0	0.1	0.0185737
-1.30665	0.452523	1.18973	-0.0275318	-0.0106414	-0.00499995	-6.23596e-19	-1.17797e-17	-5.0082e-18	0.211054	0.0170861	0	0.1	0.0135497
-1.94702	-3.00556	-1.39305	-0.00626232	0.000817546	0.0096722	-2.83734e-20	3.05109e-18	-5.13078e-19	0.210774	0.017018	0	0.1	0.0246723
1.34484	4.1416	1.69467	0.00403257	-0.0027703	-0.0147527	1.51051e-18	-1.39631e-19	6.28898e-19	0.210685	0.0169964	0	0.1	0.0189423
-0.426029	-1.24038	0.230334	0.0380091	0.0481339	0.00573269	2.0405e-17	1.38871e-17	-1.92901e-17	0.210653	0.0169889	0	0.1	0.0175546
2.12177	1.75607	-0.189663	0.00146566	-0.0142515	-0.0139615	-4.85737e-19	1.22796e-18	3.56806e-19	0.210555	0.0169651	0	0.1	0.00886803
0.945297	-1.2742	-0.433324	1.42068e-05	-4.51325e-06	-9.21313e-06	0	0	0	0.210398	0.0169272	0	0.1	0.0217024
0.533061	1.43094	-1.11429	-0.00542233	0.0242077	0.0305946	1.5277e-17	4.06657e-18	-5.42862e-19	0.210371	0.0169206	0	0.1	0.0177086
1.67007	-2.17004	1.19837	-0.00180071	-0.0100181	0.00617052	-5.68184e-18	-1.04119e-19	-1.21394e-18	0.210294	0.016902	0	0.1	0.025505
1.01338	1.17996	-0.693415	0.00208999	-0.0026927	-0.00334588	1.10629e-17	6.63094e-18	1.39509e-18	0.210148	0.0168668	0	0.1	0.0334828
-1.09303	2.50155	1.50026	-0.0059719	-0.0109077	0.0130621	1.20484e-18	-5.2797e-18	-3.75203e-18	0.210141	0.0168652	0	0.1	0.0158091
1.81333	2.9265	-1.48859	0.0141869	0.00563096	-0.01551	-9.71114e-18	-2.25102e-18	7.51922e-18	0.210025	0.0168373	0	0.1	0.00717127
1.21907	-3.31919	-1.90161	0.00164024	0.00180978	-0.00242206	-1.28891e-17	1.13268e-17	-6.91463e-20	0.209957	0.0168209	0	0.1	0.0383266
-1.97256	-3.81522	-1.6187	0.0140877	0.00700035	0.0034127	8.37475e-19	-2.84613e-18	2.66582e-18	0.209836	0.0167918	0	0.1	0.0178134
0.355861	2.52398	1.74284	0.00978139	-0.00963398	0.0276464	-5.27112e-18	-1.37545e-18	-1.16772e-17	0.209776	0.0167774	0	0.1	0.0083908
-1.12234	-4.23616	1.85251	0.00111044	0.00360887	0.00433209	-5.77763e-18	-3.92682e-19	1.75947e-18	0.209739	0.0167685	0	0.1	0.0140351
-2.37986	-0.945607	-0.116528	-0.013489	0.00734179	-0.0294534	-5.81922e-18	-1.73318e-17	8.25913e-18	0.209683	0.0167552	0	0.1	0.0127927
0.719564	1.94596	-0.576856	0.00754783	0.000625391	0.000619826	-1.50158e-19	-8.96804e-19	6.15975e-19	0.209376	0.0166816	0	0.1	0.0127722
1.35503	-0.198354	-2.40488	5.52032e-05	1.12833e-06	-6.25387e-05	9.39888e-21	-2.04306e-20	-1.26266e-20	0.209321	0.0166686	0	0.1	0.0542409
-2.35178	-3.97684	-1.69308	-0.00160531	0.0192789	0.0124068	5.07637e-18	-7.62257e-18	9.28671e-18	0.209272	0.0166569	0	0.1	0.0106745
-1.33992	1.65708	-0.719219	0.00136673	-0.00555449	-0.00758362	9.03022e-19	4.28065e-18	-4.44215e-18	0.209262	0.0166546	0	0.1	0.00740543
0.992327	-2.98338	0.12735	0.00479615	0.0085336	-0.0126931	-2.36274e-18	5.04072e-18	2.11793e-18	0.209172	0.0166331	0	0.1	0.0186668
2.42221	-1.33509	0.12832	-0.00214724	-0.0155234	-0.0131924	-1.87126e-18	1.22828e-18	1.45677e-18	0.209033	0.0166	0	0.1	0.0086504
-0.663806	-4.01227	0.991004	-1.47949e-05	-0.00549829	0.0220671	1.88061e-18	4.139e-18	-8.27003e-18	0.208979	0.0165869	0	0.1	0.0138182
-0.564493	2.68312	-2.23406	-0.000391211	-0.0153517	0.0168556	-5.34762e-18	-3.9734e-20	-1.64545e-19	0.208946	0.016579	0	0.1	0.0195059
0.243891	1.75015	1.97819	-0.023975	-0.00681477	-0.0136586	-1.01322e-17	-1.32549e-17	-1.11314e-17	0.208806	0.0165457	0	0.1	0.00582349
-2.27118	3.28175	-1.92315	-0.0256368	-0.00396442	-0.00562784	-4.68877e-19	-5.6213e-19	1.57244e-18	0.208721	0.0165256	0	0.1	0.0147855
-0.847381	-3.73455	-2.08293	-0.008851	0.00277976	0.000729773	1.85315e-19	2.11833e-18	-5.19435e-18	0.208691	0.0165185	0	0.1	0.0228596
-2.08407	-0.603985	1.72344	0.00567781	0.00894575	0.00525956	1.39393e-17	-9.11454e-19	-1.35117e-17	0.208634	0.0165049	0	0.1	0.0182923
2.27057	0.609397	0.64154	-0.00823701	-0.00941821	-0.00583808	1.35402e-17	1.71521e-18	1.2362e-17	0.208561	0.0164876	0	0.1	0.0272351
-0.827021	-0.172193	-0.182159	-0.00898859	-0.00563715	-0.0166628	-7.21427e-19	1.78382e-18	6.5099e-18	0.208525	0.0164791	0	0.1	0.016005
-0.868878	-3.44663	0.36597	0.0210676	0.024331	-0.0199789	7.16449e-19	6.42516e-18	5.39045e-18	0.208512	0.0164761	0	0.1	0.00639094
-1.93777	0.418364	-1.52585	-0.0189924	0.0145495	0.0010903	-8.50662e-18	-5.84582e-18	6.85599e-18	0.208447	0.0164605	0	0.1	0.0159787
-2.25618	3.59238	-1.56419	1.42068e-05	-4.51325e-06	-9.21313e-06	0	0	0	0.208285	0.0164222	0	0.1	0.0271065
-0.0597947	0.512078	1.59706	0.00516139	0.018811	-0.0291271	-5.87795e-19	-5.2224e-18	-3.86087e-18	0.208131	0.0163859	0	0.1	0.0163358
0.607002	-0.564816	1.52272	-0.00379487	-0.00385202	0.00137262	-1.49581e-18	1.42524e-18	7.45904e-18	0.208114	0.0163818	0	0.1	0.00985102
-1.85034	3.32118	0.594256	-1.63925e-05	-4.89854e-05	-5.2564e-05	-2.51272e-21	2.90873e-21	-7.38866e-22	0.208057	0.0163685	0	0.1	0.0225176
0.691231	0.967274	-2.23778	-0.00589384	0.00159047	0.014287	-2.77342e-18	4.13143e-18	-7.58157e-18	0.207921	0.0163362	0	0.1	0.00635988
-2.0009	-3.94583	0.669185	-0.00184074	-0.0159222	-0.00741922	-2.60918e-18	-2.23268e-19	7.9035e-18	0.207828	0.0163144	0	0.1	0.021563
1.21134	1.53924	1.68015	0.0139769	0.0147018	0.00744758	5.90264e-18	-1.05146e-19	-1.16467e-17	0.207615	0.0162643	0	0.1	0.0103008
0.922035	0.390302	0.25874	-0.0104621	0.0137307	-0.013115	-3.5335e-18	3.3573e-18	-1.56633e-18	0.20748	0.0162325	0	0.1	0.0228552
-2.04158	-0.742826	0.922145	0.00778072	0.0136089	0.000290295	7.36142e-18	-3.02842e-18	7.58588e-18	0.207458	0.0162275	0	0.1	0.00807347
-2.26395	-2.10782	-1.33613	0.0195385	-0.00277434	0.00536373	-2.76749e-18	-1.91488e-17	-7.9257e-19	0.20743	0.0162208	0	0.1	0.0276211
-0.78618	-3.95244	1.88438	0.000467725	-0.00550472	0.00450809	-6.6511e-18	-8.89768e-19	-4.69551e-19	0.207365	0.0162057	0	0.1	0.0130076
1.97455	-4.44278	-0.17596	0.0202051	0.0159613	0.0138993	-1.92485e-18	8.19533e-18	-7.42717e-18	0.207312	0.0161931	0	0.1	0.0176318
0.820078	3.62953	0.275806	0.00144616	-0.0093279	-0.00396213	-1.12604e-18	-2.76528e-18	1.00458e-18	0.207214	0.0161702	0	0.1	0.0172862
0.433963	0.543344	-0.409238	1.42068e-05	-4.51325e-06	-9.21313e-06	0	0	0	0.207176	0.0161614	0	0.1	0.043647
1.38539	4.09752	0.206853	0.00959305	-0.0062647	0.00125745	5.83356e-19	5.8789e-18	2.43841e-18	0.207098	0.0161431	0	0.1	0.0185096
-0.445306	-3.45065	0.374565	-0.0365084	0.0126285	0.00199139	4.60708e-19	-1.25526e-19	7.75599e-18	0.207028	0.0161269	0	0.1	0.0167815
1.07474	-2.97802	1.0541	-0.0125836	0.0370393	0.00559987	-6.75225e-18	2.37748e-18	3.4301e-18	0.206895	0.0160957	0	0.1	0.0180918
2.44924	-2.68146	2.20279	0.00765045	0.00410285	0.0182586	1.15384e-17	-1.04902e-17	-2.65651e-18	0.206879	0.0160921	0	0.1	0.0110755
0.768456	3.84608	-1.09835	1.42068e-05	-4.51325e-06	-9.21313e-06	0	0	0	0.206829	0.0160802	0	0.1	0.0164666
-0.490214	-1.63585	2.46283	-0.0081862	-0.00195583	0.00786178	-5.84228e-18	-7.70488e-18	-1.09298e-17	0.206719	0.0160547	0	0.1	0.0180635
1.91025	-3.30456	0.149362	-0.00576629	-0.0171339	0.0112059	-4.71946e-18	-2.74796e-18	-8.11812e-20	0.206683	0.0160462	0	0.1	0.0174005
0.396789	4.31857	1.5611	0.0101016	-0.00751112	0.00846972	-1.79071e-18	3.79349e-18	5.47096e-18	0.206603	0.0160277	0	0.1	0.0342927
1.7747	4.38167	2.21337	0.00637163	-0.0142601	0.032747	-4.9017e-18	6.89963e-20	1.59929e-17	0.206581	0.0160226	0	0.1	0.0129373
-0.802422	3.78053	-1.59299	0.00618384	-0.000884229	0.00628107	-2.15607e-18	-5.82712e-18	1.13738e-17	0.206567	0.0160192	0	0.1	0.0121053
0.831021	1.41437	-0.401522	-0.00204771	0.0025534	0.00322634	1.22905e-17	7.37319e-18	1.57307e-18	0.206556	0.0160166	0	0.1	0.0471223
2.12069	-1.16798	-0.156371	0.0111974	0.00277087	0.00552661	4.73344e-19	9.73899e-18	-6.37362e-18	0.206045	0.0158981	0	0.1	0.0122266
0.912854	3.61032	1.71942	0.0211717	0.0155816	-0.0318415	5.06531e-18	-6.4981e-18	1.10904e-17	0.206007	0.0158893	0	0.1	0.0179726
1.63416	-3.43401	-0.128121	-0.00725102	-0.00393645	-0.00670776	-1.52001e-18	3.065e-19	1.59044e-18	0.205891	0.0158626	0	0.1	0.0159629
1.6887	2.47526	0.818218	-0.00945729	-0.0278534	0.0176748	-5.51792e-18	-5.56533e-18	1.74937e-18	0.205816	0.0158451	0	0.1	0.0174511
0.919253	-0.746192	1.72442	0.0066175	-0.0040476	0.00438734	-1.32032e-19	3.7065e-18	3.12534e-18	0.205783	0.0158376	0	0.1	0.0236023
-0.427568	-3.88958	-1.15365	-8.14012e-05	-5.64003e-05	-7.33338e-05	1.1802e-19	1.81653e-20	1.60062e-20	0.205575	0.0157895	0	0.1	0.0191662
-2.31028	3.2918	-0.642159	0.01035	0.0225568	-0.0204299	4.50765e-18	-9.06364e-19	-6.63844e-19	0.205495	0.015771	0	0.1	0.0229136
-1.60002	3.05598	-1.87966	0.0174196	0.011048	-0.000874526	-1.2603e-18	-1.0128e-18	5.17317e-18	0.205258	0.0157167	0	0.1	0.0133834
-1.58186	-4.39866	-1.63318	0.00980019	0.00166807	0.0166459	-1.77143e-18	2.97339e-18	-1.38688e-18	0.205245	0.0157136	0	0.1	0.0126997
-2.04207	-3.2943	0.129249	-0.00417367	0.000760936	-0.0115737	2.01173e-19	-8.40261e-18	-6.12751e-19	0.205233	0.015711	0	0.1	0.0160836
-1.21895	-4.20898	-1.65286	0.00241992	0.0386794	0.0108345	-3.55964e-18	-3.6225e-18	6.03534e-18	0.205093	0.0156788	0	0.1	0.0220464
-0.491839	-0.401047	-0.104149	0.00145939	-0.00105645	0.000194632	-1.09223e-18	-1.90337e-18	-3.33995e-18	0.205027	0.0156635	0	0.1	0.0133311
0.161666	-1.58419	1.77214	0.0371716	-0.0384855	-0.0346486	2.477e-18	4.7997e-18	1.20789e-18	0.204968	0.0156501	0	0.1	0.0169119
0.506923	4.11123	-0.135054	-0.0016238	-0.00840215	0.000148308	-1.99122e-18	1.42878e-18	-1.87186e-18	0.204926	0.0156404	0	0.1	0.00622765
1.45836	-2.82992	-0.205696	-0.0198842	-0.00650337	0.00524875	-1.18944e-17	4.15671e-18	-2.43565e-18	0.204913	0.0156376	0	0.1	0.0139088
2.49703	-3.08132	-0.488269	0.00706769	-0.0059033	-0.00627225	-7.09584e-20	-2.46118e-18	1.14899e-18	0.204892	0.0156327	0	0.1	0.010869
1.36315	-2.95542	1.34885	0.0338223	0.00439523	-0.00564842	1.40427e-17	-1.14758e-18	-6.36603e-18	0.204829	0.0156183	0	0.1	0.0162584
-1.6762	1.1003	-0.908846	-0.00320733	-0.00990181	-0.00475018	-7.08673e-18	9.45688e-18	5.95555e-18	0.204803	0.0156122	0	0.1	0.0130754
1.74066	-0.561326	0.0494959	0.0092163	-0.00982437	0.00560826	-4.40209e-18	-2.74883e-18	2.68616e-18	0.204765	0.0156037	0	0.1	0.0213223
-1.72577	-3.03644	-1.74379	-0.00930075	-0.00331602	-0.00824066	-7.15025e-19	7.09259e-18	2.83456e-19	0.204678	0.0155838	0	0.1	0.0146766
-1.21378	-4.49078	1.53898	-0.0103743	0.0023872	-0.00357503	-5.78712e-18	-1.9185e-19	6.5125e-18	0.204674	0.0155829	0	0.1	0.0141747
2.19351	1.35673	-0.103408	0.0360067	-0.0181097	-0.00863932	-6.7594e-18	5.04933e-18	4.85676e-19	0.20458	0.0155613	0	0.1	0.0133452
-1.56322	0.197983	2.38157	0.00403627	0.000999443	0.00242859	-5.33526e-19	5.8796e-18	-1.61002e-18	0.204307	0.0154992	0	0.1	0.010051
1.71037	-4.43509	0.472819	0.00915462	-0.00732006	0.00382316	-1.93031e-18	-7.05937e-19	4.03205e-18	0.204279	0.0154927	0	0.1	0.0152335
1.26252	0.138014	-1.89812	0.00210368	-0.000483623	-0.00244664	-9.43591e-19	2.31294e-18	-8.36424e-18	0.204272	0.0154911	0	0.1	0.0135024
2.15295	-4.38543	-1.01415	-0.00495669	0.00773036	0.00874765	-2.74137e-18	-9.68469e-19	-8.20241e-19	0.204206	0.0154762	0	0.1	0.0173212
-0.233692	-1.74034	1.78502	-0.000132873	-0.00271859	-0.00166209	-2.39227e-18	4.94034e-20	-1.49287e-19	0.204184	0.0154712	0	0.1	0.0339256
0.352088	-1.41209	-0.647211	1.42068e-05	-4.51325e-06	-9.21313e-06	0	0	0	0.204157	0.0154652	0	0.1	0.0198346
1.74141	-0.809549	-1.35306	1.42068e-05	-4.51325e-06	-9.21313e-06	0	0	0	0.204083	0.0154482	0	0.1	0.0308291
-1.56429	-0.021467	-0.24349	0.000421894	0.00281751	0.000682473	4.60552e-18	-2.75131e-18	-4.86673e-20	0.204032	0.0154368	0	0.1	0.0166699
2.42498	-4.10987	-1.34793	0.00494105	0.00762412	0.00631292	5.6206e-18	-1.40926e-17	7.52028e-18	0.204029	0.0154359	0	0.1	0.0143638
0.0173716	-2.80401	-1.74638	-0.00141935	-0.0023453	-0.0126442	1.77657e-18	-3.45173e-19	-5.22888e-20	0.204002	0.0154298	0	0.1	0.0260835
-1.36295	3.90829	1.97055	0.0127382	0.0105646	0.00283995	-2.73294e-18	9.07752e-18	5.90854e-18	0.203953	0.0154187	0	0.1	0.0128752
-1.61833	2.64843	0.519048	0.000106913	2.81154e-05	2.18377e-05	-2.07054e-21	-1.33165e-19	-7.96622e-20	0.203889	0.0154043	0	0.1	0.0278043
-1.20029	-2.72395	2.34629	-0.00302885	0.000461389	0.000846868	-2.60421e-19	-3.08458e-19	-1.05366e-18	0.203794	0.0153828	0	0.1	0.0156138
-0.452898	3.22136	-0.516772	0.00223472	-0.026193	-0.0173143	-2.12642e-18	7.8923e-18	3.70826e-18	0.203688	0.0153587	0	0.1	0.0161579
-1.59231	-1.26394	0.138327	-0.00200536	-0.00035211	-0.00314652	1.31635e-18	-7.64533e-18	-6.0262e-20	0.203669	0.0153544	0	0.1	0.0134944
0.315526	1.95278	-0.660651	-0.00371447	-0.017685	0.00633885	-8.98644e-18	-3.25452e-18	8.70189e-18	0.203668	0.0153543	0	0.1	0.0281237
1.59711	-1.25761	-1.34182	1.42068e-05	-4.51325e-06	-9.21313e-06	0	0	0	0.203654	0.0153511	0	0.1	0.0183717
-2.48066	3.3147	1.79304	0.0107692	-0.0100797	0.00724846	-1.21053e-17	-1.10136e-17	1.45656e-18	0.203575	0.0153333	0	0.1	0.0170199
-1.85685	-2.47551	1.0532	1.42068e-05	-4.51325e-06	-9.21313e-06	0	0	0	0.203513	0.0153193	0	0.1	0.0204755
0.515592	-0.72204	-1.52619	0.0115452	0.0073883	0.00124624	3.98856e-20	1.20673e-18	-6.36539e-18	0.203335	0.0152789	0	0.1	0.0213641
-0.631897	1.18838	-1.31462	-0.0226514	-0.027015	0.0010102	-4.44856e-18	6.55603e-18	7.99725e-18	0.203221	0.0152534	0	0.1	0.0278377
0.357159	1.51483	1.65992	0.00294041	-0.00910499	-0.0126416	-7.33539e-18	4.44985e-19	-2.25494e-18	0.203156	0.0152388	0	0.1	0.0158277
-1.22805	-1.76226	1.43308	0.005723	0.00786187	-0.0198214	-1.30407e-18	1.79277e-18	2.70388e-19	0.203146	0.0152364	0	0.1	0.0301194
2.2752	1.45833	-2.28415	0.0082978	-0.00738492	-0.00740014	-5.26263e-19	6.51017e-18	-6.03338e-18	0.203105	0.0152273	0	0.1	0.0293991
-0.260501	2.40053	0.187393	-0.00481713	-0.00439701	-0.0213285	6.35717e-18	5.16913e-18	9.78447e-19	0.203067	0.0152188	0	0.1	0.0253928
-0.327125	-0.481752	-0.774393	2.9391e-06	4.24702e-05	-4.4978e-06	-2.28247e-19	-9.92157e-20	-6.89276e-20	0.203031	0.0152105	0	0.1	0.0226845
0.33435	1.82814	-1.65324	0.0152397	0.0143623	0.00687874	5.05126e-19	-5.29481e-19	6.87248e-18	0.202988	0.015201	0	0.1	0.0161286
0.548523	3.97449	-1.6061	-0.00208125	0.0218682	-0.00371427	8.55585e-18	1.67322e-19	-8.40161e-19	0.202935	0.015189	0	0.1	0.0200482
1.89891	-0.92773	0.380793	-0.0140936	-0.00236255	-0.00270565	6.54663e-19	2.60618e-18	-5.61009e-18	0.202852	0.0151705	0	0.1	0.0115873
0.829544	-2.11004	-0.742196	1.42068e-05	-4.51325e-06	-9.21313e-06	0	0	0	0.202742	0.0151457	0	0.1	0.0191185
0.313491	-0.545362	1.23623	0.00244836	-0.0201094	-0.019221	-3.04276e-18	-9.93885e-19	4.68817e-20	0.202738	0.0151449	0	0.1	0.0176875
1.85273	1.97833	1.29058	-0.00096774	0.00367135	0.00212823	-2.5527e-18	-1.13748e-19	-9.74174e-19	0.202707	0.0151378	0	0.1	0.0159326
-0.142306	0.915827	1.52281	0.00506347	0.00307156	-0.0109043	-7.93619e-18	-3.03517e-18	-4.92274e-18	0.202697	0.0151356	0	0.1	0.0124683
0.509751	4.5154	-0.398861	-0.00622833	0.00523069	-0.0144211	-4.17011e-19	-5.34105e-18	-1.10968e-18	0.202563	0.0151056	0	0.1	0.00597578
-1.99378	0.578135	1.19672	0.00548302	-0.00827749	0.00828573	-1.93418e-18	1.69808e-17	1.77152e-17	0.202373	0.0150632	0	0.1	0.0330002
0.855425	4.30635	-0.376506	-0.00855082	-0.0102203	0.0114736	8.19385e-18	-3.38889e-18	-1.18488e-17	0.202341	0.0150559	0	0.1	0.00667519
-0.873789	-3.60884	2.20734	1.45181e-05	1.53567e-05	-7.38974e-05	1.90517e-21	7.35076e-23	-2.15041e-23	0.202242	0.0150339	0	0.1	0.023481
-2.45888	-0.771247	1.97256	-0.00248538	0.00892673	0.0154726	6.57162e-18	3.29102e-18	-9.31984e-19	0.202148	0.015013	0	0.1	0.0277771
-0.553101	-3.52741	-0.560936	0.0056424	0.0160329	-0.0123514	-4.81256e-18	3.94961e-18	6.6284e-18	0.202135	0.01501	0	0.1	0.0214374
0.354659	3.82906	-1.14621	-0.0143428	0.0275416	0.0223682	8.53393e-18	7.83651e-19	3.90373e-18	0.201955	0.01497	0	0.1	0.0130425
-0.80843	-2.77042	2.25349	0.010199	0.0100617	0.0120325	-8.66772e-18	4.11861e-18	6.57304e-20	0.201856	0.014948	0	0.1	0.0238635
-0.978156	1.82862	0.440675	0.00644529	-0.00987225	-0.0190209	-4.59707e-20	-1.11023e-18	2.26204e-19	0.201818	0.0149396	0	0.1	0.0242775
2.4386	2.82045	0.9092	-0.0033684	0.0206083	0.0108292	3.06132e-17	2.78275e-18	5.18152e-19	0.201811	0.0149381	0	0.1	0.0131716
2.20755	3.54171	-2.19492	0.0149764	-0.00779983	0.0248137	-4.33434e-18	-4.62191e-18	1.34589e-18	0.201783	0.0149319	0	0.1	0.0177421
1.31798	-1.91615	-0.341621	-0.0524621	-0.00691781	0.012341	1.53074e-19	9.32437e-18	5.97206e-18	0.201782	0.0149317	0	0.1	0.0114979
1.05984	1.982	-1.32649	0.00092688	-0.00362359	-0.00466564	5.99623e-18	1.16019e-18	1.09476e-19	0.201765	0.0149279	0	0.1	0.0287461
-1.5799	-3.16363	2.19955	1.42068e-05	-4.51325e-06	-9.21313e-06	0	0	0	0.201584	0.0148876	0	0.1	0.0192304
2.38709	-2.09542	-1.11929	0.0127068	-0.0028704	0.0150401	1.68237e-19	-6.53688e-18	2.22025e-18	0.201479	0.0148645	0	0.1	0.0159952
2.07048	0.82691	0.925286	-0.00218894	0.00214509	0.00288065	1.52197e-17	6.244e-18	6.61866e-18	0.20143	0.0148537	0	0.1	0.0151782
-1.15083	1.61637	1.31611	-0.000153488	-0.00135073	0.000923871	1.17196e-17	2.20861e-19	-1.19834e-19	0.201227	0.0148087	0	0.1	0.038079
0.142416	-1.66791	0.0350433	-0.0193768	-0.0194638	-0.0057377	-6.33437e-19	-1.30991e-17	-6.5213e-18	0.200998	0.0147582	0	0.1	0.0103833
0.0751049	-4.43722	-1.60576	-0.00183578	-0.00296378	-0.0043156	1.05671e-17	4.40233e-18	-7.94452e-18	0.200891	0.0147346	0	0.1	0.0169799
1.34971	-0.803513	-1.8635	7.92656e-05	-6.35383e-05	-1.15536e-05	-2.34979e-21	-5.07928e-20	-1.21032e-20	0.200808	0.0147163	0	0.1	0.0173547
-1.54776	-2.75278	1.64819	1.42068e-05	-4.51325e-06	-9.21313e-06	0	0	0	0.200789	0.0147124	0	0.1	0.0193324
0.607708	3.36315	1.82302	7.6419e-05	0.0390668	0.00226857	2.32541e-18	-5.97577e-20	1.51047e-17	0.200745	0.0147027	0	0.1	0.0112731
0.549694	2.03529	-1.92434	0.0119206	0.0114469	-0.0147237	6.60744e-19	-1.86413e-18	-2.625e-18	0.200688	0.0146901	0	0.1	0.0123247
1.06233	-1.55417	1.46648	-0.00425418	-0.0202076	0.00308725	4.15772e-19	-1.82936e-19	-2.00515e-18	0.200654	0.0146825	0	0.1	0.0109808
-2.29439	-0.110306	0.770894	1.42068e-05	-4.51325e-06	-9.21313e-06	0	0	0	0.20065	0.0146816	0	0.1	0.028246
1.68028	-4.18568	-1.79765	0.000809008	0.00106314	0.00826072	6.87962e-18	2.30936e-17	-1.53985e-17	0.200534	0.0146562	0	0.1	0.0138556
1.31751	4.41495	0.456063	0.0123976	0.00596669	-0.00198074	4.89011e-18	1.92547e-18	5.30845e-18	0.200518	0.0146528	0	0.1	0.00758212
0.700422	-3.88792	-0.99478	-0.0354797	0.00270625	0.0182414	2.29385e-18	5.24508e-19	-2.22414e-19	0.200482	0.0146449	0	0.1	0.00791157
-0.325413	4.48372	-0.941536	1.42068e-05	-4.51325e-06	-9.21313e-06	0	0	0	0.20044	0.0146356	0	0.1	0.0137101
0.0416068	-0.814671	1.70449	0.00928164	0.0145005	-0.0153799	1.15718e-18	-4.8664e-18	-4.5095e-18	0.200416	0.0146305	0	0.1	0.0189019
1.52362	1.65397	-2.42328	-0.00300127	0.00717995	-0.0149932	-3.3743e-19	-1.37966e-17	3.52036e-18	0.200403	0.0146276	0	0.1	0.0247668
-2.42272	0.365359	-1.12435	0.000728242	-0.00793607	-0.0239506	4.67198e-18	-5.85487e-19	4.01616e-18	0.200383	0.0146231	0	0.1	0.0127394
2.48728	2.84024	2.2622	-0.0133021	0.0138808	0.00358768	1.47632e-18	5.13003e-18	-1.02188e-18	0.2002	0.0145832	0	0.1	0.0145322
-1.86839	1.32278	0.484203	0.00814916	0.0105865	-0.00576253	-7.47271e-18	8.22684e-18	8.3241e-18	0.200174	0.0145774	0	0.1	0.00940504
1.52634	2.64471	-2.29657	-0.0192572	0.0111424	-0.00751241	-1.20403e-18	2.4956e-18	3.19681e-18	0.199943	0.0145271	0	0.1	0.0175065
0.595668	-3.48388	-1.2055	1.42068e-05	-4.51325e-06	-9.21313e-06	0	0	0	0.199819	0.0145002	0	0.1	0.0192414
-1.48977	-2.86406	0.494373	-0.00726979	0.0202993	0.00802695	2.70685e-18	-7.04021e-18	-2.21533e-18	0.199817	0.0144996	0	0.1	0.0091186
0.473746	-3.21075	0.069466	0.0131704	0.010106	-0.005503	-1.24463e-17	-7.22015e-18	-1.89494e-17	0.199701	0.0144744	0	0.1	0.011395
-1.93566	-2.76999	0.470138	-0.00217504	0.0114017	-0.00510766	5.23703e-18	-4.92264e-18	-1.27553e-17	0.199468	0.0144237	0	0.1	0.0143808
1.26722	-1.90913	-0.862562	0.000700316	-0.0061986	0.00151898	2.51066e-18	9.7024e-18	4.2334e-18	0.19938	0.0144046	0	0.1	0.00738733
-1.42952	1.51264	0.0119123	0.0127027	0.0077956	0.000499867	-3.34863e-20	4.64196e-18	1.875e-17	0.199305	0.0143885	0	0.1	0.0130111
-2.26078	2.30025	-0.112641	0.00177952	-0.00100068	-0.00448435	7.15687e-18	1.16632e-17	1.61316e-19	0.199131	0.0143509	0	0.1	0.0143008
1.32832	-0.852766	1.4636	0.00629437	-0.0211654	0.0299216	3.71347e-18	-2.75225e-18	2.99466e-18	0.199025	0.0143279	0	0.1	0.0144116
0.396165	-3.1558	-0.929958	0.00849866	-0.012636	0.00615842	5.39509e-18	1.11236e-17	1.49785e-17	0.198804	0.0142803	0	0.1	0.0189092
-0.853261	0.640585	2.46255	-0.00187103	-0.00719662	0.0258579	-1.13017e-18	-9.6608e-19	-1.15546e-18	0.198693	0.0142562	0	0.1	0.0187726
-1.71868	1.40749	-2.26385	1.42068e-05	-4.51325e-06	-9.21313e-06	0	0	0	0.19852	0.0142191	0	0.1	0.0456853
0.954857	-0.075452	-0.626229	1.42068e-05	-4.51325e-06	-9.21313e-06	0	0	0	0.198345	0.0141816	0	0.1	0.0297346
-0.616103	3.05475	0.73152	-0.00675906	0.0147563	-0.000881218	2.82545e-19	-3.29107e-20	-5.46777e-18	0.198327	0.0141777	0	0.1	0.0141805
1.11846	1.40886	-1.76811	0.0219103	0.0286906	0.00888841	-8.27066e-18	9.82668e-18	3.24201e-18	0.19823	0.0141568	0	0.1	0.0236889
-0.683002	-2.27428	-1.05254	0.0104112	-0.0264067	-0.0106	-4.1671e-18	1.7514e-18	-5.47233e-18	0.198221	0.0141549	0	0.1	0.02743
-0.810723	3.00355	-1.79069	-0.00182658	0.0378054	0.0189136	5.98511e-18	-1.60812e-18	1.79799e-17	0.198177	0.0141456	0	0.1	0.0164308
2.05107	4.21298	1.97103	0.00676459	0.0122573	-0.000951143	-5.74881e-19	6.99607e-18	7.52082e-18	0.198161	0.0141421	0	0.1	0.0121594
-1.43272	-3.77906	-0.724004	-0.0132542	0.0025107	-0.00951815	-1.93962e-17	1.55681e-17	3.34194e-18	0.19813	0.0141354	0	0.1	0.0211712
-0.0635292	-1.53442	-0.279175	-0.0138892	-0.007624	-0.0160632	1.11439e-17	-1.52261e-17	-2.82545e-18	0.198098	0.0141286	0	0.1	0.00861726
-1.2234	-0.0783911	2.0853	1.42068e-05	-4.51325e-06	-9.21313e-06	0	0	0	0.198094	0.0141278	0	0.1	0.018861
2.05663	2.01075	-0.759641	0.0152554	-0.0111243	-0.000151286	-1.1005e-17	7.30367e-18	1.28755e-17	0.198005	0.0141087	0	0.1	0.0142083
-0.582037	3.10357	-2.09819	0.0214051	0.0145047	0.0158395	2.29322e-18	1.77894e-18	-3.6147e-19	0.198001	0.0141078	0	0.1	0.0120008
0.388474	0.0817866	-1.03065	0.00225366	0.00159963	0.000961485	-3.49828e-19	1.74389e-18	-6.58722e-19	0.197953	0.0140975	0	0.1	0.0256074
2.21694	1.25544	-1.86183	0.00637947	0.0117995	0.00863198	1.60245e-18	-2.08555e-18	-2.77652e-18	0.197824	0.01407	0	0.1	0.0213132
-2.49549	-0.152945	-0.113316	1.42068e-05	-4.51325e-06	-9.21313e-06	0	0	0	0.19781	0.0140672	0	0.1	0.053494
0.652732	-2.01956	-1.23594	-0.00688194	-0.00151151	0.00125499	4.60675e-19	-1.47182e-18	9.31106e-19	0.197781	0.0140609	0	0.1	0.0227251
-1.24354	-1.69414	-0.122669	0.00681082	0.0121115	0.00848545	-6.61565e-18	7.08814e-18	-4.90501e-18	0.197751	0.0140545	0	0.1	0.03041
-0.558753	3.87659	-1.90012	0.0255087	0.0147347	0.018614	-1.12678e-17	-5.44562e-18	-5.78887e-18	0.197707	0.0140452	0	0.1	0.00756583
0.470375	4.12009	-2.10708	1.42068e-05	-4.51325e-06	-9.21313e-06	0	0	0	0.197539	0.0140094	0	0.1	0.0229152
0.208149	-1.48573	-2.46725	-0.0098458	-0.0202594	-0.00214973	-1.61143e-18	2.49007e-19	1.92328e-18	0.197456	0.0139916	0	0.1	0.0210018
-1.76886	4.39416	-2.44275	1.42068e-05	-4.51325e-06	-9.21313e-06	0	0	0	0.197352	0.0139696	0	0.1	0.0301731
-0.937095	2.70968	0.79886	-0.0287807	0.00928481	0.00127946	3.54056e-19	9.95718e-19	2.51905e-18	0.197291	0.0139566	0	0.1	0.0130456
1.58202	1.35074	0.82103	1.42068e-05	-4.51325e-06	-9.21313e-06	0	0	0	0.197214	0.0139404	0	0.1	0.018424
-1.92107	-0.298043	-2.32353	0.0104592	-0.0150476	0.00182403	1.46545e-18	-8.24216e-19	-1.22115e-17	0.197127	0.0139219	0	0.1	0.0144986
1.53387	4.36206	-1.07644	-0.00727769	0.0143096	-0.00940569	-4.37607e-18	6.78167e-18	-3.94983e-18	0.197007	0.0138964	0	0.1	0.00672742
1.45104	-2.22616	-0.0898406	-0.0354084	-0.0109521	0.00803696	4.13786e-18	-7.45683e-18	8.61977e-18	0.196956	0.0138857	0	0.1	0.0114512
-0.623199	2.68015	-1.2561	0.0238584	-0.00258731	0.00647921	7.12118e-19	7.43821e-18	-1.06474e-17	0.196774	0.0138473	0	0.1	0.0159031
2.34532	4.26085	1.71256	0.0106231	0.00226744	-0.0114605	-2.7961e-18	2.45826e-18	-8.34811e-19	0.196757	0.0138436	0	0.1	0.0291603
-1.01157	-2.35168	-1.97764	0.00220402	0.0128094	-0.00287817	-4.20428e-18	2.45061e-18	8.04898e-18	0.19658	0.0138063	0	0.1	0.0189761
1.40683	3.37184	2.40471	0.0180854	-0.0369782	-0.0102431	-3.14644e-18	-1.45879e-17	-6.04615e-18	0.196492	0.0137879	0	0.1	0.00781933
2.33064	2.03786	0.019061	0.0099485	-0.012045	-0.00668464	1.45938e-17	-4.75131e-18	-2.29821e-17	0.196478	0.0137847	0	0.1	0.00846186
2.12073	1.27817	-0.492256	0.0176852	0.000492038	-0.0037875	-8.24088e-19	-1.53088e-18	-5.41841e-19	0.19626	0.0137389	0	0.1	0.0141328
1.39439	0.0336763	-1.38613	-0.00431607	-0.00220058	0.00179944	-3.66327e-18	3.85292e-18	-3.96521e-18	0.196236	0.013734	0	0.1	0.031768
1.96175	2.98735	0.290902	0.0123291	0.00760406	2.84017e-05	2.67485e-19	5.01306e-20	-2.039e-18	0.196159	0.0137179	0	0.1	0.024773
-1.28964	3.09714	0.378714	1.42068e-05	-4.51325e-06	-9.21313e-06	0	0	0	0.196137	0.0137132	0	0.1	0.0234864
-0.516465	-3.64992	1.09478	0.00361766	0.00872701	0.00308557	2.15163e-18	2.64786e-18	-1.04554e-17	0.19601	0.0136866	0	0.1	0.0200518
-0.463091	-2.68104	-2.2597	1.42068e-05	-4.51325e-06	-9.21313e-06	0	0	0	0.196006	0.0136856	0	0.1	0.0251533
0.692735	-2.70328	-1.92446	-0.00311394	0.00326949	-0.0136961	1.58246e-18	9.52021e-20	-1.6209e-19	0.195922	0.013668	0	0.1	0.023467
0.271335	4.02272	2.38404	0.0215104	-0.00586002	-0.0111493	5.81272e-19	-1.03492e-17	4.70482e-18	0.19592	0.0136677	0	0.1	0.0252473
-0.723704	2.47311	2.03097	0.000299578	-0.00406311	0.0138787	-1.53946e-17	7.42141e-18	-5.62422e-18	0.195902	0.013664	0	0.1	0.00915947
-0.0343379	-1.79882	-2.48289	0.000899973	0.00319261	-0.000848161	-3.37986e-18	8.63568e-19	7.5279e-19	0.195807	0.0136441	0	0.1	0.013934
-1.98052	-3.89689	-0.384733	0.0312661	-0.0119265	0.000895566	3.53092e-20	1.07819e-18	2.20552e-17	0.195665	0.0136145	0	0.1	0.0179497
-1.13404	0.232539	1.71006	-0.0235781	-0.00492362	-0.00557049	-2.20256e-19	-2.05714e-19	9.52226e-19	0.195306	0.0135395	0	0.1	0.00989343
-0.897791	4.31966	1.49651	-0.014104	-0.0166371	-0.00760794	6.46077e-18	2.12322e-18	-1.56833e-17	0.195087	0.0134942	0	0.1	0.0159834
-0.694948	-4.3412	-0.149163	-0.00214875	-0.00486064	-0.00301382	3.63851e-18	2.16636e-18	2.1895e-18	0.195058	0.0134881	0	0.1	0.00817143
-1.0654	-1.39838	-1.29002	0.00891409	0.00437124	0.00325092	1.64181e-18	-6.63617e-18	-9.06188e-18	0.195056	0.0134877	0	0.1	0.0143516
0.693583	-2.28032	-1.75155	1.42068e-05	-4.51325e-06	-9.21313e-06	0	0	0	0.195047	0.0134859	0	0.1	0.0248875
1.08444	-1.70277	-0.580889	-0.0169637	0.0142776	-0.0116873	1.55687e-17	1.8192e-17	7.18147e-18	0.195039	0.0134843	0	0.1	0.0114709
1.10513	-0.187566	1.23534	0.00392144	-0.00113627	0.00450377	-7.32079e-18	-1.19834e-17	3.73527e-18	0.194856	0.0134461	0	0.1	0.00786474
0.025608	2.76854	-1.35966	0.000944686	0.00879799	-0.0105022	5.85102e-18	-8.02252e-19	2.48293e-20	0.194855	0.0134461	0	0.1	0.023025
-1.47648	3.40901	-0.847206	-0.00399745	0.00442883	0.0131842	-1.75365e-18	8.56932e-19	-7.31774e-18	0.194641	0.0134018	0	0.1	0.0141962
-1.55356	4.10548	0.844802	4.54399e-06	2.08865e-05	-4.189e-05	2.1918e-20	-4.43233e-21	-4.07434e-20	0.19456	0.0133851	0	0.1	0.0281348
2.1471	-1.5454	-2.05474	-0.00186964	0.0190923	0.0105037	-1.91257e-17	-8.69596e-18	2.73071e-18	0.194415	0.0133551	0	0.1	0.0215309
-1.80229	-1.03395	-1.64229	-0.00697091	0.0076481	0.00990632	1.24973e-18	4.16062e-18	-1.14203e-17	0.194322	0.013336	0	0.1	0.0118257
0.902862	1.95896	-2.10938	1.42068e-05	-4.51325e-06	-9.21313e-06	0	0	0	0.194146	0.0132999	0	0.1	0.0213341
1.90848	-0.619561	1.70175	-0.00897477	-0.00144718	0.0278468	-8.34889e-19	5.17106e-18	1.10178e-19	0.194085	0.0132872	0	0.1	0.035661
-2.14679	2.61451	2.40579	0.0229029	-0.0122358	0.0210264	-2.6161e-18	-8.5189e-18	2.94665e-18	0.194044	0.0132788	0	0.1	0.00500145
0.212805	-4.22362	-1.30383	0.00630048	0.00398494	-0.00133057	1.13485e-17	1.9508e-17	-8.86487e-18	0.194043	0.0132787	0	0.1	0.0114441
-1.08863	3.84896	0.581358	-0.0150931	-0.012353	-0.000556178	2.74188e-19	-4.10349e-19	1.61612e-18	0.193979	0.0132655	0	0.1	0.0181435
-1.49035	2.44189	1.46223	-0.0146434	-0.00230514	-0.0012471	-1.36316e-18	-1.90882e-19	-3.24524e-18	0.193862	0.0132416	0	0.1	0.0225188
2.10328	0.926255	-0.325639	0.0249584	-0.0194615	-0.0241014	-8.03824e-19	-2.37477e-18	-3.64264e-19	0.193843	0.0132376	0	0.1	0.0263418
0.99517	-0.588955	-0.312391	0.00265991	-0.010303	-0.0207056	4.4303e-18	-2.92279e-18	-8.80732e-18	0.193835	0.013236	0	0.1	0.0220269
0.172139	3.80873	-1.61578	-0.0270859	0.0292306	-0.00755262	9.89038e-19	2.48522e-18	5.29795e-18	0.193753	0.0132192	0	0.1	0.0146536
0.271206	-3.08953	0.623291	-0.00155147	0.000666002	3.40984e-05	1.92593e-19	-4.32072e-19	1.84487e-17	0.193737	0.013216	0	0.1	0.0286488
-1.79394	1.56267	-1.47059	1.42068e-05	-4.51325e-06	-9.21313e-06	0	0	0	0.193664	0.0132009	0	0.1	0.0277708
-1.75702	0.307433	1.88347	-0.00549431	-0.00400278	-0.015262	-1.9343e-17	8.68388e-18	-2.81941e-18	0.193658	0.0131998	0	0.1	0.0159557
-0.216273	3.22594	1.18145	1.42068e-05	-4.51325e-06	-9.21313e-06	0	0	0	0.19348	0.0131634	0	0.1	0.0328889
1.04757	4.14812	-0.00170056	-0.0037961	-0.0319775	-0.00189204	-4.05067e-18	8.87884e-18	6.58458e-18	0.193444	0.0131561	0	0.1	0.00702987
-2.36017	3.87863	0.327964	0.0197982	0.00580805	-0.0217761	9.33177e-19	9.37031e-19	1.07868e-18	0.193374	0.0131418	0	0.1	0.0250269
2.4964	-2.40425	-2.41758	1.42068e-05	-4.51325e-06	-9.21313e-06	0	0	0	0.193347	0.0131362	0	0.1	0.0157078
-1.88102	3.33524	-1.83812	-0.0233276	-0.0153929	-0.00638034	-1.12555e-19	-1.4163e-17	2.90712e-17	0.193308	0.0131283	0	0.1	0.00906678
-0.0648045	1.58891	2.17865	-0.0170711	-0.00852349	0.00906241	-2.0422e-18	-2.52625e-18	-5.15431e-18	0.1933	0.0131268	0	0.1	0.0191952
-1.17319	-2.08291	1.12136	1.42068e-05	-4.51325e-06	-9.21313e-06	0	0	0	0.193254	0.0131174	0	0.1	0.0399673
-1.56092	0.649057	-1.54197	-0.013317	0.0152378	0.00562341	5.73648e-18	1.72017e-18	-7.64848e-18	0.193168	0.0130998	0	0.1	0.0111544
-1.85886	-2.19581	0.553334	0.0100177	-0.0158748	0.0222711	1.16437e-17	-7.76518e-20	-1.12684e-17	0.19313	0.013092	0	0.1	0.0180898
0.978815	2.86397	-0.730582	-0.00597859	-0.00921069	0.00616359	-1.4575e-17	-1.13018e-17	-1.34289e-17	0.193119	0.0130899	0	0.1	0.0107672
2.04671	1.91549	-1.15061	0.0127729	-0.0267024	-0.00560065	-2.23902e-18	-4.728e-19	-8.43708e-19	0.193089	0.0130837	0	0.1	0.0281348
-2.39853	4.09906	-1.28345	0.010252	-0.0111733	0.000848442	8.47764e-21	3.82764e-19	4.82785e-18	0.192967	0.013059	0	0.1	0.0226229
1.45779	1.22407	1.67384	0.0300049	0.0140254	-0.00527236	-3.83787e-18	4.29377e-18	-1.47717e-18	0.192942	0.0130539	0	0.1	0.0107914
-0.151876	-0.377389	0.292784	0.00451176	-0.0107802	-0.0179114	-7.12948e-18	1.61127e-17	6.04406e-19	0.192897	0.0130448	0	0.1	0.0137043
2.34554	2.72175	-1.73317	-0.00117153	0.00493565	0.0116837	1.81494e-17	2.33755e-18	4.86694e-19	0.192745	0.013014	0	0.1	0.0220642
-1.8859	0.797425	-1.39186	1.42068e-05	-4.51325e-06	-9.21313e-06	0	0	0	0.192739	0.0130128	0	0.1	0.0200267
-0.690787	-1.10616	2.46273	0.000375588	-0.000183657	-0.000334915	-6.31608e-19	-1.60807e-17	3.28225e-18	0.192708	0.0130065	0	0.1	0.0156277
1.55641	3.0802	-1.76273	-0.00665305	0.00333958	-0.0177515	2.08837e-18	-8.06675e-18	1.81953e-18	0.192625	0.0129896	0	0.1	0.011603
-2.16513	-4.04325	1.02085	0.00425991	-0.000318863	0.00969334	2.83183e-18	3.64823e-18	-9.45739e-18	0.192622	0.0129891	0	0.1	0.0202328
0.848702	-4.27266	-1.02887	-0.0232202	-0.0296914	0.0194307	-2.50576e-17	-9.27483e-18	-1.12916e-17	0.192621	0.0129887	0	0.1	0.0130034
-1.87129	2.19958	2.4563	-0.0138774	0.00307639	-0.00776985	-5.66114e-18	4.01576e-18	1.21316e-17	0.192578	0.0129802	0	0.1	0.0118148
1.21741	4.1511	-1.16926	-0.00979025	-0.0061513	-0.00303236	1.29978e-19	-2.50679e-19	-1.6656e-18	0.19249	0.0129623	0	0.1	0.0244789
1.43289	-1.2593	-2.03161	1.42068e-05	-4.51325e-06	-9.21313e-06	0	0	0	0.192474	0.0129591	0	0.1	0.0218511
0.988603	-2.74162	-0.797245	-0.0285105	-0.00862592	0.0197768	1.70049e-18	-7.57469e-18	1.32318e-18	0.192464	0.012957	0	0.1	0.0224931
1.62865	0.584476	1.92296	-0.017794	0.0117004	-0.00152441	-1.87382e-18	6.07591e-18	7.72244e-18	0.192387	0.0129416	0	0.1	0.0123337
-0.643902	-2.66859	-1.56256	0.0102332	0.00605178	0.00612635	2.08103e-19	-1.09983e-17	1.04648e-17	0.192354	0.0129349	0	0.1	0.0128912
0.665673	-2.83023	0.302878	-0.00236142	0.00768793	-0.00491085	-1.27474e-17	-2.75053e-18	1.98277e-18	0.192327	0.0129295	0	0.1	0.0156423
-1.47891	-3.36654	0.177967	-0.0130679	0.00863327	0.0111497	-1.64317e-17	1.08731e-18	-4.14182e-18	0.192201	0.012904	0	0.1	0.00731076
-2.30606	0.568258	-0.805029	-0.0245092	-0.00207166	-0.00282491	-5.36353e-18	6.71614e-18	1.40766e-17	0.192195	0.0129028	0	0.1	0.0151493
-0.0656981	4.10773	-2.44193	-0.00149655	-0.0315328	-0.0022276	6.18317e-18	-5.93798e-18	-5.63318e-19	0.192089	0.0128816	0	0.1	0.0178343
1.9415	1.64604	1.09735	0.00117756	-0.00435946	-0.00254153	-2.95422e-18	-2.625e-19	-1.44461e-18	0.192089	0.0128814	0	0.1	0.0125859
1.89938	-0.637811	-1.85234	1.42068e-05	-4.51325e-06	-9.21313e-06	0	0	0	0.191847	0.0128328	0	0.1	0.0298001
1.26682	-2.92797	0.693678	0.0176527	0.0148466	0.00321703	3.11238e-18	-3.32311e-18	-2.28063e-18	0.191769	0.0128173	0	0.1	0.0276601
-2.06265	-0.453151	1.19856	0.000866447	0.00855026	0.0147021	-1.06548e-17	9.72847e-18	-1.28978e-17	0.191603	0.0127839	0	0.1	0.00783296
2.06607	3.18111	-1.67015	0.0220922	0.0109999	0.00375044	-1.62243e-18	-7.80191e-18	-1.79446e-18	0.191559	0.0127752	0	0.1	0.0127514
0.111697	2.37423	0.0598735	0.0101119	-0.000851416	-0.00411376	3.68198e-19	-1.14762e-18	1.70055e-18	0.19155	0.0127733	0	0.1	0.0317481
-2.23524	4.02128	0.685566	0.0139319	0.00684358	-0.00249245	1.75705e-18	-5.71278e-18	-9.16618e-18	0.191533	0.01277	0	0.1	0.0270426
-1.60908	4.20381	1.83021	0.00443564	0.0155199	0.00837898	-3.79051e-18	-2.06318e-18	6.01287e-18	0.191496	0.0127626	0	0.1	0.0280287
1.93523	3.70035	-1.01382	0.0031484	-0.0133702	0.0172094	5.15308e-18	9.39556e-19	-1.61682e-18	0.191453	0.012754	0	0.1	0.0209357
-0.819536	3.74137	0.0960723	0.00753065	-0.0112683	0.0157807	9.95335e-18	7.69415e-19	-4.29669e-18	0.19145	0.0127534	0	0.1	0.0153865
-1.76384	3.27154	-0.41064	1.42068e-05	-4.51325e-06	-9.21313e-06	0	0	0	0.19141	0.0127454	0	0.1	0.0179526
-2.29412	-2.43221	0.123045	-0.00266049	-0.0297313	0.0357288	-2.94222e-18	-5.61126e-19	5.5616e-18	0.19134	0.0127314	0	0.1	0.00766985
0.725272	2.41004	1.84636	0.030147	-0.0129772	-0.0182411	9.4797e-18	-7.41505e-18	3.56511e-18	0.191191	0.0127016	0	0.1	0.0101379
-1.08975	-0.535013	2.15793	-0.00602082	-0.000612528	0.000821557	1.00568e-18	-1.03103e-17	-1.94313e-18	0.191158	0.0126951	0	0.1	0.0169482
-0.543601	2.17066	1.81586	-0.0248306	-0.00391665	0.0110383	-2.14133e-17	2.23823e-18	-6.70543e-18	0.19114	0.0126916	0	0.1	0.0109495
2.0978	-0.997065	-2.35407	1.42068e-05	-4.51325e-06	-9.21313e-06	0	0	0	0.191015	0.0126666	0	0.1	0.0342638
-0.309485	3.60677	-2.02557	0.00509254	-0.00491718	-0.00218228	-9.28985e-18	-5.80604e-18	-7.57268e-18	0.190798	0.0126235	0	0.1	0.0160814
-2.28528	-4.13861	2.36525	0.0103498	-0.00405175	-0.00304809	4.17339e-18	-8.81859e-18	2.74783e-17	0.190666	0.0125974	0	0.1	0.028547
1.59554	-3.82887	0.762213	1.42068e-05	-4.51325e-06	-9.21313e-06	0	0	0	0.190563	0.0125769	0	0.1	0.0232733
-0.105989	2.81575	0.341714	0.00988685	-0.017722	-0.0205869	8.92096e-18	3.21169e-19	-1.24009e-18	0.190425	0.0125497	0	0.1	0.0099747
-1.81269	-0.479862	-0.62318	0.0093193	0.0157535	-0.00657958	-1.82426e-18	-2.08741e-18	3.16208e-18	0.190274	0.0125198	0	0.1	0.0111598
-1.82397	2.27848	-0.495785	1.42068e-05	-4.51325e-06	-9.21313e-06	0	0	0	0.190258	0.0125166	0	0.1	0.0135585
1.77548	4.11555	-0.764796	0.00615767	-0.0254571	-0.0255456	2.48273e-17	2.66485e-17	3.36719e-18	0.190251	0.0125152	0	0.1	0.00997026
-2.34575	-2.36851	-0.825616	0.0127335	0.000284241	-0.0279534	-6.06528e-18	-1.02173e-18	-4.20036e-18	0.190168	0.0124989	0	0.1	0.00979666
1.28961	-3.65733	2.31147	0.000580514	0.000525805	-0.000148412	-1.7545e-18	-9.46174e-19	-8.74083e-18	0.190138	0.012493	0	0.1	0.0171882
0.935886	-2.20432	1.40612	-0.0154813	0.0172286	0.0209445	6.40475e-18	1.47995e-17	-5.6072e-18	0.19002	0.0124697	0	0.1	0.0181491
2.1375	3.09191	1.79144	1.42068e-05	-4.51325e-06	-9.21313e-06	0	0	0	0.190005	0.0124668	0	0.1	0.012272
-1.93298	3.13491	2.2409	-0.0381386	-0.0144379	0.0557078	6.92529e-17	-4.71673e-18	-4.41409e-17	0.189571	0.0123816	0	0.1	0.00965905
-0.804969	-3.65448	1.62343	0.00594814	-0.00622502	-0.0103239	-2.83273e-17	-8.45898e-18	-7.17302e-18	0.189452	0.0123583	0	0.1	0.0130314
1.25159	-1.12374	-0.975222	-0.0109901	0.000252429	-0.00909384	5.65202e-19	9.38216e-18	-3.90889e-19	0.189407	0.0123494	0	0.1	0.0173107
-1.65179	-0.0316104	0.139645	0.00941906	0.024143	0.0122957	-7.83934e-18	-8.81361e-18	2.30399e-17	0.189378	0.0123439	0	0.1	0.0269753
-1.57374	-0.611584	-2.45031	-0.0134392	-0.0124856	-0.0254894	-6.9704e-18	4.3762e-19	-2.36891e-18	0.189352	0.0123387	0	0.1	0.00957212
2.1025	-2.41614	-0.689631	-0.00381836	0.0106873	-0.00981929	-7.67548e-18	6.84022e-19	-1.35881e-17	0.189313	0.0123312	0	0.1	0.00504678
-0.153416	-1.34526	-0.932993	0.0130047	0.00844154	-0.0218133	1.11207e-17	-6.31487e-18	4.99788e-18	0.189271	0.0123228	0	0.1	0.0124559
2.38522	0.201571	1.39913	1.42068e-05	-4.51325e-06	-9.21313e-06	0	0	0	0.189103	0.0122902	0	0.1	0.027783
-0.47222	-2.02789	-2.48748	-0.00527815	-0.0110136	0.000570712	1.64254e-18	2.7651e-18	-4.67387e-18	0.189076	0.0122848	0	0.1	0.0194008
0.382192	-0.89174	1.51581	-0.00859795	-0.0125272	-0.000181184	-1.1722e-19	-8.51793e-20	4.93019e-18	0.189061	0.0122818	0	0.1	0.0121036
-0.296426	-2.3692	-1.59942	0.00213287	-0.000872866	0.000961389	-3.75139e-18	-4.70381e-18	3.4541e-18	0.189009	0.0122717	0	0.1	0.0134046
-1.58572	0.733582	0.860803	1.42068e-05	-4.51325e-06	-9.21313e-06	0	0	0	0.189002	0.0122704	0	0.1	0.0224654
1.9547	4.02244	-2.18433	0.00334686	0.0165851	0.0281428	1.95756e-18	-1.59354e-18	6.96577e-19	0.188957	0.0122616	0	0.1	0.0197695
-2.12522	-4.33541	-0.306025	-0.0106149	0.00435595	0.0137278	1.90973e-18	-1.09894e-17	2.84784e-18	0.188699	0.0122115	0	0.1	0.0259462
-1.94449	-0.949083	1.87526	-0.0146623	0.0042259	-0.00928185	2.6517e-18	-2.55578e-18	-5.6791e-18	0.188582	0.0121888	0	0.1	0.0169195
-2.29247	-3.69021	-1.24039	0.00222814	0.0034481	-0.00338693	-5.28632e-18	6.51462e-18	3.91416e-18	0.18853	0.0121787	0	0.1	0.0219962
1.37416	-4.04084	-1.59863	-0.0655884	0.000878199	-0.0553448	9.02572e-18	4.00333e-18	3.66326e-19	0.188487	0.0121704	0	0.1	0.0111652
-1.39734	0.993245	-1.52955	0.00630933	0.0152524	0.000743327	1.55835e-19	3.25891e-19	-7.74934e-18	0.188451	0.0121635	0	0.1	0.0356459
0.447498	-4.27509	-0.683241	-0.0214382	-0.00436271	-0.0287109	3.85478e-18	-1.60903e-17	9.4273e-18	0.188446	0.0121624	0	0.1	0.00823797
-2.34823	-4.17772	-0.652087	0.0102505	-0.0231892	0.0018022	-6.32019e-18	2.87729e-18	-1.52221e-17	0.188323	0.0121387	0	0.1	0.0099454
-1.72302	3.35253	-1.28615	-0.0158876	-0.0138238	0.0187317	1.32147e-17	-7.07678e-18	6.28921e-18	0.188313	0.0121367	0	0.1	0.0122798
0.96956	1.75316	1.3918	0.00158295	0.0524556	0.0111444	-2.51406e-18	6.12478e-20	7.47716e-19	0.188278	0.0121298	0	0.1	0.0277699
-1.63179	4.23259	-0.312371	0.0017267	-0.00457568	0.00577185	1.36993e-17	1.48102e-17	6.28859e-18	0.18825	0.0121244	0	0.1	0.0223425
0.669343	-0.0829981	-1.36767	-0.00062986	0.000628267	0.00164507	1.96082e-18	1.73973e-18	-3.7397e-19	0.18823	0.0121207	0	0.1	0.0203918
0.89254	0.547699	0.659363	-0.01772	0.0114135	-0.00768681	-8.47671e-19	1.02554e-17	-4.48953e-18	0.188168	0.0121088	0	0.1	0.0212781
1.94834	-3.76267	-0.0684439	0.00940056	0.0316978	-0.0110076	-2.38037e-18	2.95239e-18	5.82286e-18	0.188083	0.0120922	0	0.1	0.0100856
1.09348	1.88852	-0.45638	0.0154378	-0.00230262	0.00484211	-1.40591e-19	3.88863e-18	1.52692e-18	0.187969	0.0120703	0	0.1	0.0106971
2.30944	-3.3484	2.35246	0.0254391	0.015548	0.011358	4.24244e-17	1.65979e-17	5.08807e-18	0.187966	0.0120697	0	0.1	0.0158352
2.35068	1.91247	0.720598	-0.00456956	-0.0118889	0.00654412	6.69673e-18	7.62177e-18	1.86244e-17	0.187953	0.0120672	0	0.1	0.0120995
1.1265	-1.17673	1.40184	-0.0132721	-0.0116024	-0.00476804	-9.44946e-19	-8.66812e-19	6.23209e-18	0.187862	0.0120497	0	0.1	0.0124118
1.00417	2.21266	-1.01788	0.00290385	-0.0026181	0.00599363	8.36607e-18	1.8266e-18	-9.7093e-18	0.18781	0.0120396	0	0.1	0.0133617
-1.2974	-2.45257	-1.41824	-0.00278621	-0.0145027	0.000528108	-6.33499e-19	-9.15837e-20	-5.0163e-18	0.187791	0.0120361	0	0.1	0.0214656
1.84351	3.20954	-1.97556	0.0163996	-0.00271109	-0.00572281	9.42548e-18	-2.02049e-17	-2.86073e-18	0.187746	0.0120275	0	0.1	0.00759695
-1.51723	-0.206852	-0.585038	0.000864357	-0.00319849	-0.0060345	4.18063e-18	1.4427e-18	-1.61285e-19	0.187706	0.0120196	0	0.1	0.010216
0.133926	4.49899	1.32851	0.00901531	-0.0172643	0.000158447	-2.66207e-18	-5.04288e-18	2.63022e-18	0.187704	0.0120193	0	0.1	0.0169613
-0.321946	4.40445	-1.46879	-1.30522e-05	1.05977e-05	-7.59264e-05	9.24523e-21	3.8936e-20	2.97959e-21	0.187666	0.012012	0	0.1	0.0158861
0.211081	-3.45052	-0.225578	0.0020794	0.00811418	-0.0219776	-9.73832e-18	7.11323e-19	-8.34992e-19	0.187631	0.0120053	0	0.1	0.0102245
-2.48855	-3.60796	0.763947	-0.00358702	-0.00739572	-0.00757709	6.24816e-18	-4.99027e-18	1.64395e-18	0.187612	0.0120016	0	0.1	0.0189648
1.02552	-1.94075	-1.29108	0.00272248	0.0022379	0.0108074	9.60166e-19	-3.70102e-18	1.49708e-18	0.187489	0.0119781	0	0.1	0.0116522
-1.64971	1.65935	0.44122	0.0230698	-0.0126069	-0.00272322	5.89375e-18	-8.44862e-18	-4.86099e-18	0.18746	0.0119725	0	0.1	0.00998654
1.03239	-3.26703	2.2136	0.00791475	-0.0204691	0.00623151	7.46699e-18	2.70076e-18	-4.85524e-18	0.187442	0.0119692	0	0.1	0.0104322
-0.761101	-3.21905	0.670446	0.00379574	0.00796083	0.010602	-7.49004e-18	4.90624e-19	1.21741e-18	0.187393	0.0119598	0	0.1	0.0133177
2.32479	-1.01991	-0.824783	-6.23397e-05	5.07297e-05	-4.94479e-05	-5.34679e-21	-3.08225e-21	-4.87001e-20	0.187283	0.0119387	0	0.1	0.038606
-0.978756	2.352	2.28955	-0.0118176	-0.00586474	0.01288	-4.58213e-18	1.74971e-18	-3.8068e-18	0.187229	0.0119283	0	0.1	0.0153217
1.85342	2.53781	-2.47901	-0.0205017	-0.000645854	-0.0152462	-2.75954e-18	1.3485e-17	-1.21232e-18	0.187192	0.0119212	0	0.1	0.0112566
0.546145	3.02632	2.25192	0.00788312	0.0137409	0.00791203	-1.61483e-18	-3.12591e-18	1.55299e-17	0.187114	0.0119063	0	0.1	0.00977951
-1.78942	2.55781	2.2876	0.0242929	-0.0241058	0.00128322	-5.64674e-19	-8.15052e-18	-2.22188e-18	0.187033	0.011891	0	0.1	0.00856987
1.21465	-2.43699	0.127658	-0.0290327	-0.0245128	0.0251271	3.56251e-18	-4.13638e-18	1.77292e-18	0.186975	0.0118798	0	0.1	0.0238108
2.04419	-2.71102	-2.35948	0.0152046	-0.00605192	0.00136721	-6.19243e-19	3.80802e-18	2.18229e-17	0.186902	0.011866	0	0.1	0.0194132
1.09764	1.78382	1.96761	-0.00667329	0.0161546	0.0185894	-3.31847e-18	-5.72633e-20	3.48522e-19	0.186872	0.0118603	0	0.1	0.0192971
-1.68156	1.21868	0.0120084	0.0104662	0.000625025	0.00531267	7.39035e-18	1.17388e-17	-1.60964e-17	0.186825	0.0118513	0	0.1	0.00838045
1.55612	3.32834	-2.18362	0.0147005	0.0120739	-0.0133959	2.98062e-18	6.75627e-18	-3.00966e-18	0.186778	0.0118422	0	0.1	0.0113089
1.06961	-4.01445	2.07004	-0.00899487	0.0154734	-0.000557604	-2.90531e-18	2.83708e-17	-1.68806e-17	0.186639	0.0118159	0	0.1	0.00993259
0.154163	-4.27335	-0.931345	-0.000667088	-0.000723385	0.00568613	-1.32354e-18	2.24142e-18	7.20241e-20	0.18657	0.0118028	0	0.1	0.0105463
-2.24137	3.47208	0.746094	-5.93667e-05	0.000153502	4.67538e-05	-3.20935e-20	-8.22022e-22	-6.15401e-20	0.18653	0.0117953	0	0.1	0.0176791
0.334682	-1.79726	-0.342368	0.0128596	0.00619459	0.0199314	-9.48427e-18	8.11175e-18	2.95865e-18	0.186416	0.0117735	0	0.1	0.0129815
-1.08106	3.29401	2.43562	-0.0132472	-0.0015148	0.0133047	-6.03054e-18	-1.25615e-17	2.03599e-17	0.186388	0.0117684	0	0.1	0.00975338
-1.48647	-2.46559	-1.92318	1.42068e-05	-4.51325e-06	-9.21313e-06	0	0	0	0.186386	0.011768	0	0.1	0.0195217
1.64336	0.458204	0.341599	0.00608047	-0.0144488	0.0092084	7.97155e-18	6.2046e-18	-2.12709e-18	0.18631	0.0117535	0	0.1	0.0129174
1.52204	1.27012	1.30334	-0.000975754	0.00523084	-0.0208111	1.14355e-18	-5.0554e-18	-4.30698e-18	0.186234	0.0117392	0	0.1	0.00751277
1.84414	-2.06886	-1.90326	0.000885153	-0.000113064	-6.6235e-05	5.59391e-19	1.08633e-19	4.08958e-18	0.18623	0.0117384	0	0.1	0.0130265
-2.19497	-1.96086	0.872911	-0.00704966	-0.018552	0.0322223	-2.70269e-18	6.33959e-19	-1.09475e-18	0.186222	0.0117368	0	0.1	0.0136909
0.972843	-3.84525	2.38752	-0.0202071	0.0204404	0.0030935	8.73524e-18	6.20024e-19	-1.7986e-17	0.186204	0.0117334	0	0.1	0.00714947
-0.179465	0.757126	-0.543303	1.42068e-05	-4.51325e-06	-9.21313e-06	0	0	0	0.18611	0.0117158	0	0.1	0.0278444
-1.88086	0.101238	2.17687	0.00287239	-0.0122379	-0.00627877	-2.01592e-17	2.06235e-17	-5.01831e-18	0.186045	0.0117034	0	0.1	0.0135768
-0.618733	-2.2561	-1.75364	-0.00800211	-0.0163958	-0.0100991	-5.62358e-18	-2.83952e-18	2.29825e-19	0.186029	0.0117005	0	0.1	0.0101273
-2.23582	-1.40849	-2.19555	1.42068e-05	-4.51325e-06	-9.21313e-06	0	0	0	0.185962	0.0116877	0	0.1	0.0348788
-1.17383	2.95946	-2.43099	0.00824946	-0.0128883	0.0213174	-8.30446e-18	1.87527e-17	-5.37187e-18	0.185909	0.0116778	0	0.1	0.0127489
0.512546	1.90735	-1.31085	1.42068e-05	-4.51325e-06	-9.21313e-06	0	0	0	0.185738	0.0116456	0	0.1	0.0150904
-2.06882	-2.94362	1.29024	0.00901992	-0.00203867	0.00200995	1.37337e-19	4.20171e-18	3.74466e-18	0.185696	0.0116377	0	0.1	0.0184879
-1.14746	0.938953	0.852202	-0.0288275	-0.00751518	-0.0349003	1.12621e-17	-1.26009e-17	-3.21503e-18	0.185681	0.0116348	0	0.1	0.01027
1.95509	1.54039	1.71807	1.42068e-05	-4.51325e-06	-9.21313e-06	0	0	0	0.185572	0.0116144	0	0.1	0.0377252
0.0730761	-0.225121	-0.228888	1.42068e-05	-4.51325e-06	-9.21313e-06	0	0	0	0.185569	0.0116139	0	0.1	0.0246786
-2.36871	-2.91326	0.089122	0.0112521	-0.00334424	0.00460178	9.65633e-19	8.74905e-18	3.19116e-18	0.185556	0.0116114	0	0.1	0.0151186
1.74156	0.97036	1.30167	0.00791603	0.00306008	0.0081075	-2.37855e-17	2.17016e-17	5.65199e-19	0.18552	0.0116046	0	0.1	0.0167037
2.46261	1.73081	1.22556	0.00147263	-0.0191699	-0.00219436	1.52219e-18	3.66379e-19	-3.17885e-18	0.185514	0.0116035	0	0.1	0.0227501
0.0695788	-3.5728	-0.591285	0.0132796	0.0183774	-0.00703432	-3.71047e-19	-1.85357e-18	-2.71431e-19	0.185418	0.0115855	0	0.1	0.0167299
1.34972	0.450492	1.70669	-0.00303491	-0.0178532	-0.0170722	2.66574e-17	1.09884e-19	3.44408e-17	0.18539	0.0115802	0	0.1	0.0169939
-0.132924	-2.15627	-2.39623	0.00513984	-0.00633468	0.00258407	-1.07396e-18	4.54574e-18	-4.32975e-18	0.185258	0.0115556	0	0.1	0.0155011
0.782426	-1.11736	-1.91675	0.0150122	-0.00825677	0.0232983	7.56422e-19	7.39151e-19	1.45982e-18	0.185148	0.0115349	0	0.1	0.0241673
-2.29874	-0.61581	-1.51598	-0.0126734	0.0095993	-0.0208166	-1.57264e-17	-3.38969e-18	7.64968e-18	0.185146	0.0115345	0	0.1	0.0315641
0.287302	2.70911	-2.4361	0.000711894	0.0230254	-0.0106615	-6.44535e-18	-1.30145e-17	6.53543e-18	0.185125	0.0115307	0	0.1	0.0115048
-1.86349	3.69434	0.023979	1.42068e-05	-4.51325e-06	-9.21313e-06	0	0	0	0.185117	0.0115292	0	0.1	0.0317284
2.31147	-1.46382	0.483709	-0.000759199	-0.000883257	0.00216958	1.28788e-17	-1.10385e-18	3.35492e-18	0.185114	0.0115285	0	0.1	0.00879635
0.195171	2.07659	1.57721	-0.00588052	-0.0127005	0.0128836	1.36165e-18	-2.33438e-17	-7.54089e-18	0.184922	0.0114927	0	0.1	0.0087911
-2.05709	-0.802009	-1.79994	-0.00998138	0.00907124	-0.0055626	-4.77239e-18	3.49196e-18	1.28539e-17	0.184875	0.011484	0	0.1	0.0158569
-0.863885	4.28661	-1.01496	1.42068e-05	-4.51325e-06	-9.21313e-06	0	0	0	0.184865	0.0114821	0	0.1	0.0198803
1.03199	-3.52793	-1.62401	-0.00257045	-0.00288841	0.00382611	-2.11797e-17	1.90429e-17	4.48987e-20	0.184819	0.0114736	0	0.1	0.0145905
-1.83268	4.00769	-1.32621	-0.00637226	-0.0168888	0.00918436	2.32604e-19	3.27865e-18	5.35202e-18	0.184685	0.0114486	0	0.1	0.0134549
1.1215	-0.907682	-1.38242	0.000174944	8.43799e-05	-6.85002e-06	-1.4706e-21	2.1122e-22	2.18815e-20	0.184514	0.0114169	0	0.1	0.0231592
-1.71684	4.31457	-1.4947	-0.00430577	-0.0103065	0.00270941	-3.60482e-18	4.44806e-18	4.16335e-18	0.184463	0.0114075	0	0.1	0.0181225
0.779637	-2.19332	2.2619	0.000205615	-3.72461e-05	-3.62291e-05	5.1298e-20	4.46281e-20	-1.21348e-20	0.184462	0.0114072	0	0.1	0.0193561
1.39378	0.488561	-1.79452	0.00283629	0.00738916	0.00212278	-1.00328e-20	3.1342e-18	-1.01734e-17	0.184384	0.0113927	0	0.1	0.0217197
