0.803775	2.10434	0.0022114	-1.05201e-12	-7.90479e-12	6.31015e-12	1.48712e-27	-1.92143e-28	-7.3444e-30	0.524846	0.144576	0	0.1	0.0290738
-2.01543	1.60483	1.01731	3.11461e-15	6.09848e-16	3.32665e-15	-5.81274e-33	3.05045e-33	-7.98827e-34	0.524322	0.144144	0	0.1	0.0305264
1.71102	0.967904	-0.194937	-2.43597e-12	4.14107e-12	1.98147e-12	1.46359e-28	1.19937e-27	-2.21389e-27	0.524212	0.144053	0	0.1	0.0190697
-2.25366	0.807377	-0.22567	3.08923e-15	6.3205e-16	3.41845e-15	2.70706e-32	-2.34616e-33	-1.4145e-33	0.523895	0.143791	0	0.1	0.0240487
-1.45764	0.766427	2.15425	-4.68514e-12	9.94978e-12	2.98148e-12	-1.39633e-27	-8.18561e-28	5.96999e-28	0.523609	0.143556	0	0.1	0.0308855
-1.92911	0.203327	-1.01754	2.98905e-15	9.07829e-16	3.12524e-15	-1.98714e-32	1.11652e-32	1.35531e-32	0.523432	0.143411	0	0.1	0.0235295
-1.91175	-3.22372	0.638278	3.19689e-15	8.05526e-16	3.26474e-15	3.50154e-34	-6.9119e-33	1.15298e-32	0.523282	0.143287	0	0.1	0.0177966
-2.35956	-3.92683	1.61722	2.85244e-15	5.21712e-16	3.17091e-15	-5.75705e-32	4.31504e-34	7.0131e-32	0.523	0.143056	0	0.1	0.0284964
-2.23419	-1.21764	-0.525348	2.92503e-15	9.08326e-16	3.18768e-15	-3.47547e-34	4.80682e-33	-1.38275e-33	0.522213	0.142411	0	0.1	0.0270393
1.96021	1.65588	-2.03492	3.25204e-15	5.72278e-16	3.21214e-15	4.88467e-32	-3.18372e-32	7.85806e-33	0.521675	0.141971	0	0.1	0.0256562
0.928647	-1.55704	0.265769	2.95083e-15	1.00999e-15	3.35355e-15	3.17355e-32	-2.67046e-32	-5.54899e-35	0.521666	0.141964	0	0.1	0.022342
0.816145	4.20787	0.958883	2.94447e-15	1.01223e-15	3.42593e-15	1.75097e-32	-9.07203e-33	3.82664e-33	0.521614	0.141922	0	0.1	0.0205853
1.43952	4.30655	-0.462881	2.91215e-15	6.55564e-16	3.34598e-15	1.33156e-33	-8.21954e-33	3.47019e-33	0.520533	0.141041	0	0.1	0.0184146
0.228973	-0.360963	2.43329	3.09914e-15	9.77652e-16	3.25266e-15	9.55683e-33	-3.53154e-32	-3.24258e-32	0.520389	0.140924	0	0.1	0.0297161
-1.71161	3.78508	1.33617	3.02903e-15	9.3581e-16	3.19529e-15	-1.30869e-32	-5.32998e-32	2.29836e-32	0.520324	0.140871	0	0.1	0.024419
0.762165	1.14428	-1.33173	3.0155e-15	6.9134e-16	3.32021e-15	6.61736e-33	-1.33559e-32	-2.92764e-32	0.52032	0.140867	0	0.1	0.0211967
-0.257941	1.27055	-0.161876	3.02889e-15	8.59945e-16	3.31517e-15	-1.4623e-32	3.04327e-33	3.37204e-32	0.520271	0.140828	0	0.1	0.027127
0.0675348	-1.52098	0.851213	2.92198e-15	8.61343e-16	3.3612e-15	3.25081e-32	-1.39673e-32	-1.4968e-32	0.520146	0.140726	0	0.1	0.0239009
-1.16012	-2.6707	1.10598	2.36782e-12	-5.91231e-13	-3.23138e-12	-1.04322e-27	-4.34648e-27	3.45579e-29	0.520004	0.140611	0	0.1	0.0198044
1.9301	-2.84311	0.00591101	3.11908e-15	7.96703e-16	3.38527e-15	-4.061e-33	8.70486e-33	-1.2158e-32	0.519757	0.140411	0	0.1	0.0202336
0.352191	3.23208	-0.483062	-7.42258e-12	7.50951e-12	-1.86421e-13	2.23908e-28	1.56338e-28	-2.49712e-27	0.518893	0.139712	0	0.1	0.0220745
-1.22116	-1.13895	-0.752173	-2.15591e-12	1.38234e-12	4.58994e-12	2.27856e-27	-5.44206e-28	1.2602e-27	0.518846	0.139674	0	0.1	0.0219627
-1.09054	-4.36595	-0.823088	2.95297e-15	8.50671e-16	3.3534e-15	-2.78072e-32	3.86728e-32	1.01745e-32	0.518509	0.139402	0	0.1	0.0194247
-1.18358	-4.1473	2.2253	3.16942e-15	8.79167e-16	3.19577e-15	5.6986e-33	1.93858e-32	3.81629e-33	0.518469	0.139369	0	0.1	0.0217808
2.01726	-3.35754	-0.899929	3.0284e-15	1.00246e-15	3.28962e-15	2.88461e-33	-1.22428e-32	-1.50398e-32	0.518089	0.139064	0	0.1	0.0230612
-0.442537	3.7975	-0.899079	3.01418e-15	9.1766e-16	3.31686e-15	1.77938e-32	-2.26019e-32	3.17996e-32	0.517613	0.13868	0	0.1	0.0196841
0.302695	-1.79596	-0.837948	-1.69534e-12	1.18933e-11	-6.71849e-12	2.62733e-27	2.40325e-28	-2.69793e-28	0.517573	0.138648	0	0.1	0.0183761
2.24259	0.662619	-2.14776	6.08116e-12	3.74107e-12	2.26642e-12	-7.97471e-28	2.13506e-27	-1.34757e-27	0.517023	0.138207	0	0.1	0.0224297
-1.09799	-2.97978	-1.94727	2.97687e-15	6.97575e-16	3.49862e-15	1.48724e-32	-4.47961e-33	-3.24743e-33	0.515939	0.137339	0	0.1	0.0172029
2.31973	2.30346	1.40748	3.17168e-15	6.98437e-16	3.3108e-15	1.80999e-32	-2.41625e-32	-1.84315e-32	0.51593	0.137332	0	0.1	0.0194534
0.389737	-4.41848	0.113604	3.08575e-15	8.3931e-16	3.23436e-15	9.01856e-33	-4.66102e-33	-4.00638e-32	0.515892	0.137302	0	0.1	0.0215588
-0.161557	-2.53055	0.870832	3.00737e-15	8.15899e-16	3.32478e-15	1.60102e-32	3.90576e-32	7.94741e-33	0.51515	0.13671	0	0.1	0.0266707
1.13912	3.42658	-2.03676	3.16533e-15	8.99352e-16	3.42575e-15	-3.40212e-32	2.63286e-33	-1.01652e-32	0.515017	0.136605	0	0.1	0.0176577
-2.42762	-0.786665	0.441456	3.3257e-15	1.02299e-15	3.622e-15	-1.56381e-32	1.36436e-32	9.87801e-32	0.51479	0.136424	0	0.1	0.0168985
-1.00083	-3.10734	2.03458	3.05498e-15	8.27825e-16	3.44573e-15	4.46545e-33	6.61479e-32	3.9583e-32	0.514608	0.136279	0	0.1	0.0180592
-1.37064	0.266059	-1.89053	3.18001e-15	8.81386e-16	3.22333e-15	-9.06617e-33	1.55063e-32	6.92663e-33	0.514597	0.136271	0	0.1	0.0275856
-0.597663	3.19171	-0.0784214	3.11145e-15	7.68141e-16	3.23821e-15	-9.69432e-33	-2.30887e-32	2.10807e-32	0.514103	0.135879	0	0.1	0.0206345
2.37844	-2.21655	0.694414	3.09978e-15	9.06433e-16	3.34221e-15	4.41178e-32	3.30899e-32	2.41723e-32	0.513382	0.135308	0	0.1	0.0252525
-1.76102	3.71467	2.36623	3.40366e-12	2.24324e-12	1.6726e-12	-2.613e-27	1.20563e-27	3.79648e-27	0.513251	0.135204	0	0.1	0.0238243
-1.4939	1.75205	-2.25499	2.7722e-15	3.67261e-16	3.64351e-15	6.64626e-33	-2.3224e-32	2.26597e-32	0.51286	0.134895	0	0.1	0.0333766
1.80271	-1.37271	0.786158	3.1079e-15	9.87871e-16	3.22462e-15	-6.97497e-33	-1.95281e-32	-6.93414e-33	0.511987	0.134207	0	0.1	0.0226907
1.14006	2.99503	-1.10437	3.14981e-15	4.26127e-16	3.31337e-15	-3.66284e-32	8.30796e-32	-8.22865e-32	0.511935	0.134166	0	0.1	0.0249843
0.243856	-3.46938	-2.20818	2.71242e-15	9.12621e-16	3.35086e-15	8.83504e-33	-5.29042e-33	1.70174e-32	0.51175	0.134021	0	0.1	0.0215452
2.4037	-4.38412	0.590291	2.84316e-15	6.8054e-16	3.47045e-15	-8.33917e-33	-1.21494e-32	-4.58567e-33	0.511328	0.13369	0	0.1	0.0210269
-0.996166	0.0817672	0.317678	7.90163e-13	7.81556e-13	4.17271e-12	1.63434e-27	-1.50944e-27	-2.57139e-29	0.510397	0.132961	0	0.1	0.0248822
1.81616	-3.16776	2.11489	5.54538e-12	2.19492e-12	6.29477e-12	-2.40539e-28	3.08953e-27	-5.51337e-28	0.509973	0.13263	0	0.1	0.025942
-0.5132	1.70272	1.25632	3.06993e-15	6.78602e-16	3.4966e-15	-3.99876e-32	1.36326e-32	-1.04981e-33	0.509383	0.13217	0	0.1	0.0176455
2.47524	-3.18596	-1.80387	3.1847e-15	5.99872e-16	3.62899e-15	-6.91072e-32	5.35255e-32	-5.56503e-32	0.509347	0.132142	0	0.1	0.0270944
-1.18143	-3.43724	-0.391497	2.78833e-15	8.98942e-16	3.40669e-15	-2.72231e-33	-1.47091e-33	-3.4581e-33	0.509054	0.131914	0	0.1	0.0195239
1.45226	-2.49311	-2.21362	3.22396e-15	9.76702e-16	3.3149e-15	2.54327e-32	-3.00817e-32	3.0732e-32	0.509023	0.13189	0	0.1	0.0252017
0.741632	1.59306	2.37991	-6.94887e-12	-1.31958e-12	-3.45792e-12	-3.78779e-27	2.57978e-27	1.86308e-27	0.508934	0.131821	0	0.1	0.0164433
-0.673253	1.43407	2.22537	3.00306e-15	7.86477e-16	3.56346e-15	-3.65347e-33	-1.86511e-32	-1.56781e-32	0.508766	0.131691	0	0.1	0.0259335
-2.23277	-0.136487	2.48097	-4.07792e-12	2.5642e-12	-6.36199e-13	-2.02925e-29	1.07419e-27	4.30673e-27	0.508406	0.131411	0	0.1	0.0207347
-0.0913498	-1.31884	1.89027	3.33834e-15	7.80775e-16	3.32915e-15	7.18418e-33	-1.38596e-33	-1.34874e-32	0.508337	0.131357	0	0.1	0.0202268
-1.77501	-2.42254	-2.47726	3.14549e-15	7.79314e-16	3.27362e-15	7.36647e-33	-2.83704e-32	-9.60387e-34	0.508294	0.131324	0	0.1	0.0305611
1.10046	-3.88858	1.21992	3.28175e-15	1.02838e-15	3.33122e-15	8.79329e-33	2.34328e-33	-3.55478e-32	0.50781	0.13095	0	0.1	0.0202275
2.25824	-3.96137	-2.42572	2.93886e-15	8.22086e-16	3.3271e-15	2.06292e-33	-2.29999e-32	8.07884e-34	0.507753	0.130905	0	0.1	0.0222295
2.18554	0.72083	-1.126	2.73588e-15	5.47381e-16	3.41144e-15	-2.66434e-33	-2.95968e-33	1.68957e-32	0.507742	0.130897	0	0.1	0.0222201
-0.933404	2.04547	-0.164856	2.93123e-15	8.53662e-16	3.27429e-15	1.94738e-33	-5.02248e-34	1.87443e-32	0.507637	0.130816	0	0.1	0.0225785
-1.83064	-1.64615	0.390684	3.24627e-15	9.58344e-16	3.40559e-15	-4.68963e-33	1.0784e-32	6.52802e-33	0.507412	0.130642	0	0.1	0.0178997
-2.2149	2.8163	-0.960447	2.98317e-15	1.17201e-15	3.30114e-15	9.19376e-33	-4.60765e-32	-6.24259e-32	0.507009	0.13033	0	0.1	0.0211579
1.99231	3.76699	-2.48486	3.24385e-15	7.59521e-16	3.38794e-15	-4.11737e-32	-1.80491e-32	-1.09265e-32	0.506882	0.130233	0	0.1	0.0219012
1.70271	-1.84424	-0.347918	3.01346e-15	6.9918e-16	3.50376e-15	3.14081e-33	-3.29252e-32	-1.55981e-32	0.506866	0.130221	0	0.1	0.0225664
0.49874	0.614465	2.25685	3.07433e-15	1.00582e-15	3.17802e-15	5.20445e-33	2.43368e-33	-2.1591e-32	0.50679	0.130162	0	0.1	0.0209613
-2.42116	-1.9084	-1.8871	2.97772e-15	8.80408e-16	3.01998e-15	1.35513e-32	-9.66175e-33	1.15083e-32	0.5066	0.130015	0	0.1	0.0266236
1.88104	-1.77453	1.71838	2.03018e-12	4.09867e-12	5.11671e-12	2.07282e-27	-1.4814e-27	4.27267e-28	0.505811	0.129409	0	0.1	0.0278737
-2.1553	1.49391	-0.986738	3.18953e-15	4.7533e-16	3.24898e-15	2.28245e-32	2.5221e-32	-8.33432e-33	0.505626	0.129267	0	0.1	0.0213432
0.0712772	-0.165187	1.43846	3.09869e-15	1.00881e-15	3.22331e-15	-5.34766e-32	8.88689e-33	-3.94847e-32	0.505592	0.129241	0	0.1	0.0241892
1.55334	0.789071	0.80722	3.2943e-15	9.51649e-16	3.14539e-15	3.33519e-32	-6.35321e-33	-1.72937e-32	0.505452	0.129134	0	0.1	0.0199696
2.45604	2.32313	0.395151	2.87446e-15	8.29697e-16	3.27014e-15	2.64208e-32	6.73498e-33	-1.63324e-32	0.505336	0.129045	0	0.1	0.0196194
-0.474983	0.46263	2.01229	2.95886e-15	7.70793e-16	3.40545e-15	-3.85121e-32	-1.17665e-32	9.18689e-33	0.505116	0.128877	0	0.1	0.022122
-1.54975	2.84818	-0.197956	-3.91026e-12	1.17367e-12	-3.64045e-12	2.03168e-27	1.78672e-27	-1.60925e-27	0.504879	0.128695	0	0.1	0.020801
1.80352	2.2904	-0.375158	2.8731e-15	7.24844e-16	3.23477e-15	2.8879e-32	-1.13558e-32	-1.21526e-32	0.504584	0.12847	0	0.1	0.0220803
1.68342	-4.40389	1.86789	3.16442e-15	6.72773e-16	3.21761e-15	8.84123e-33	-2.72476e-33	-1.50176e-32	0.504566	0.128456	0	0.1	0.021785
-1.00702	0.818195	1.23177	3.05838e-15	6.86741e-16	3.23512e-15	-2.30068e-33	1.12234e-32	3.80536e-33	0.503757	0.127839	0	0.1	0.0269951
-0.665283	-2.02339	-1.07159	3.09091e-15	9.3378e-16	3.22725e-15	1.81786e-32	-8.709e-32	-1.17476e-32	0.503666	0.12777	0	0.1	0.020935
-1.6978	-1.17725	1.27616	2.80533e-15	9.54757e-16	3.50415e-15	-1.7515e-33	-1.96316e-33	-9.44056e-34	0.503279	0.127476	0	0.1	0.0278441
2.27744	3.15226	-0.154474	1.84106e-11	-1.5877e-11	-4.43154e-12	-1.64714e-27	-3.09752e-27	-1.39074e-27	0.502994	0.127259	0	0.1	0.0203771
1.94396	2.43443	-1.36879	3.35663e-15	7.49059e-16	3.06151e-15	7.76296e-32	-8.38855e-34	1.15627e-31	0.502964	0.127236	0	0.1	0.0211301
-0.0940428	0.620726	-1.13194	2.92967e-15	7.93797e-16	3.48287e-15	-1.14073e-32	-1.41914e-32	-9.88523e-33	0.502714	0.127046	0	0.1	0.0257002
-0.00122482	3.7621	0.531897	2.98666e-15	8.85474e-16	3.40976e-15	1.59209e-32	-4.71194e-33	7.65882e-32	0.50255	0.126922	0	0.1	0.0267427
0.733034	-3.62224	-0.420643	3.58182e-12	-2.28898e-12	-1.69407e-13	-1.96841e-28	-1.03152e-28	-2.74737e-27	0.502442	0.12684	0	0.1	0.0206957
-2.33402	0.656444	0.786305	-5.74715e-12	7.17747e-12	-2.17895e-11	3.90178e-27	-1.52118e-28	-9.84446e-28	0.50229	0.126726	0	0.1	0.020515
-0.728264	3.61245	1.6803	2.79732e-15	7.98769e-16	3.28468e-15	5.67717e-32	1.38245e-34	-2.72195e-34	0.501803	0.126357	0	0.1	0.027335
0.33778	2.24708	1.20985	3.0701e-15	7.99957e-16	3.22487e-15	2.57408e-32	-2.79974e-32	-6.02497e-33	0.501655	0.126246	0	0.1	0.0234432
0.437475	-3.06394	1.61391	3.06806e-15	8.42352e-16	3.29198e-15	4.73465e-33	-2.52088e-32	3.22275e-32	0.501502	0.12613	0	0.1	0.0257902
-0.428827	-1.05552	-2.19511	3.21975e-15	7.79636e-16	3.30228e-15	5.79245e-33	-3.72145e-33	1.8407e-32	0.501498	0.126127	0	0.1	0.0224381
0.130819	-3.33963	0.330322	-2.03166e-12	-2.36956e-12	-3.52167e-12	-4.35914e-27	1.77412e-27	1.35865e-27	0.500645	0.125485	0	0.1	0.0173698
1.62111	2.12992	2.12527	3.1441e-15	7.13434e-16	3.32132e-15	3.10199e-32	3.8574e-32	3.96503e-32	0.500505	0.125379	0	0.1	0.0174462
-1.81016	2.63241	-1.86474	2.07886e-12	-5.59051e-12	1.43257e-12	9.93267e-28	-1.43422e-27	-7.00329e-27	0.500425	0.125319	0	0.1	0.0191956
-0.0599525	1.68679	-1.59852	2.98664e-15	7.14459e-16	3.43081e-15	1.55145e-32	-6.25168e-33	8.8483e-33	0.500152	0.125114	0	0.1	0.0289696
-0.241816	-1.00243	-0.506238	2.88665e-15	7.08392e-16	3.21848e-15	-1.19347e-32	-1.06822e-32	3.05484e-33	0.50005	0.125037	0	0.1	0.0170514
-0.720632	-3.927	0.55215	3.08372e-15	8.48596e-16	3.45095e-15	-7.49575e-32	1.98913e-32	-2.8802e-32	0.499913	0.124935	0	0.1	0.0202864
-1.7504	-0.379646	-0.195534	3.06327e-15	7.97467e-16	3.09152e-15	-3.93181e-32	-1.6174e-32	-3.00833e-34	0.499909	0.124931	0	0.1	0.0206185
-0.847744	4.18326	0.865716	2.77191e-15	7.98176e-16	3.23369e-15	-1.16449e-32	1.02087e-32	-7.74563e-32	0.499869	0.124902	0	0.1	0.0208104
-1.91352	2.73829	1.91083	3.23168e-15	6.58081e-16	3.32381e-15	-7.96972e-34	5.03462e-33	-4.61632e-33	0.498933	0.124202	0	0.1	0.0237832
1.01577	-1.84516	-1.57702	2.80335e-15	7.6328e-16	3.25305e-15	-2.96654e-32	5.98259e-32	9.68e-33	0.498754	0.124068	0	0.1	0.0220342
0.566619	-0.650941	-0.0328886	4.08265e-12	-1.67684e-12	7.01867e-13	6.01698e-29	1.71326e-27	3.81231e-27	0.498719	0.124042	0	0.1	0.0239869
-2.37307	-1.17249	2.01455	2.9203e-15	9.59713e-16	3.61416e-15	2.18626e-32	-2.18119e-33	-1.17884e-32	0.497341	0.123016	0	0.1	0.0264234
0.000726084	0.981079	0.778551	2.9999e-15	7.69915e-16	3.2239e-15	-2.88204e-32	2.34293e-32	-9.9105e-33	0.49708	0.122823	0	0.1	0.0208778
1.28654	-4.01435	-1.1549	-4.73878e-12	-4.39791e-13	4.15338e-12	3.03317e-28	-7.99669e-27	-4.83022e-28	0.49698	0.122749	0	0.1	0.0197177
0.550811	-1.27121	-2.24499	2.6409e-12	4.11978e-12	2.91001e-12	5.70069e-28	1.49369e-27	-2.61889e-27	0.496954	0.122729	0	0.1	0.0252878
-1.23722	-0.195665	1.25484	-1.80003e-12	-4.93939e-12	-1.23183e-11	-4.5684e-27	-7.79366e-28	9.55652e-28	0.496238	0.122199	0	0.1	0.0298312
-1.13804	-2.00103	1.87025	3.48698e-15	9.66501e-16	3.68851e-15	-2.4549e-33	-1.97486e-32	1.9824e-34	0.496087	0.122088	0	0.1	0.0307296
-1.47814	-4.15515	1.15959	3.11122e-15	1.34892e-15	2.97508e-15	-2.7397e-32	-3.66293e-32	-7.75311e-32	0.49558	0.121714	0	0.1	0.0236715
1.07723	-0.673436	0.835794	2.87869e-15	8.34868e-16	3.27743e-15	2.82356e-32	9.35745e-33	9.96152e-34	0.495221	0.12145	0	0.1	0.020265
-0.230964	0.841834	-2.09525	3.10901e-15	7.04158e-16	3.39421e-15	-5.90804e-34	1.33237e-32	-3.02102e-33	0.494792	0.121135	0	0.1	0.026015
-1.05156	3.2111	0.821948	2.8642e-15	7.26228e-16	3.16848e-15	-1.14053e-31	-1.78887e-31	5.66846e-32	0.494194	0.120696	0	0.1	0.0175929
-1.49928	3.82115	-1.65354	2.8581e-15	8.64575e-16	3.38156e-15	3.10431e-33	-1.54645e-33	-8.12563e-35	0.494182	0.120687	0	0.1	0.0210717
-1.83351	-3.42399	-2.49149	2.90793e-15	6.86591e-16	3.25586e-15	4.99537e-33	1.70131e-32	2.71028e-33	0.494105	0.120631	0	0.1	0.0193728
-0.269546	-3.85383	-0.421238	2.80415e-15	8.60196e-16	3.47127e-15	1.23599e-32	4.01581e-33	-1.54981e-32	0.493902	0.120482	0	0.1	0.0158642
1.64219	1.7466	0.457347	3.10049e-15	4.92451e-16	3.43155e-15	7.55381e-32	1.40412e-32	-3.73611e-32	0.493897	0.120478	0	0.1	0.020579
0.822551	2.5847	-2.49362	3.11728e-15	1.00013e-15	3.22435e-15	-4.82956e-35	1.34637e-32	6.8679e-33	0.493667	0.12031	0	0.1	0.015638
-0.0797804	-1.9395	-1.87473	-3.85266e-12	2.4572e-12	-3.41626e-12	4.19324e-27	1.35894e-27	-3.6551e-27	0.49365	0.120297	0	0.1	0.0226729
1.00014	-1.32884	1.87407	3.17579e-15	8.38858e-16	3.23147e-15	9.93175e-33	1.80532e-32	-1.71399e-32	0.493612	0.12027	0	0.1	0.0181963
-0.678501	-0.515267	2.00735	3.12107e-15	6.99931e-16	3.23727e-15	4.23441e-32	-3.1188e-33	-1.61941e-32	0.493572	0.120241	0	0.1	0.0210794
-0.13957	-4.48628	-2.37978	3.13661e-15	5.595e-16	3.26781e-15	1.0704e-33	-2.73057e-32	-3.85394e-32	0.493515	0.120199	0	0.1	0.0171561
-1.41025	-2.07313	-0.410889	3.29884e-15	8.06817e-16	3.47961e-15	1.04293e-31	-3.36566e-32	-1.13332e-33	0.493297	0.12004	0	0.1	0.027694
0.855305	0.189363	0.40805	3.18699e-15	9.71678e-16	3.19591e-15	4.89008e-32	-2.23552e-32	-1.77529e-32	0.492972	0.119803	0	0.1	0.0213973
-0.802344	3.83465	-2.35261	2.89322e-15	7.52972e-16	3.38114e-15	3.22733e-32	-4.66519e-33	3.40542e-32	0.492872	0.11973	0	0.1	0.0204913
1.63733	1.55178	-1.02451	3.0489e-15	8.33642e-16	3.05107e-15	4.09947e-32	-3.30628e-33	2.50183e-32	0.492758	0.119647	0	0.1	0.0199213
-1.24499	2.24351	0.836621	3.08945e-15	6.822e-16	3.41344e-15	3.31498e-32	6.01048e-32	4.30463e-32	0.4926	0.119532	0	0.1	0.0168795
1.54998	3.51152	1.03274	2.91877e-15	8.91786e-16	3.34979e-15	-4.0689e-32	-4.08673e-32	-2.95013e-32	0.492534	0.119484	0	0.1	0.0217682
-0.948965	-4.39802	-1.82382	3.15166e-15	9.2706e-16	3.26604e-15	5.56429e-32	5.70478e-32	-1.81483e-32	0.492295	0.11931	0	0.1	0.0174823
1.2413	2.63479	1.35852	3.21904e-15	6.47637e-16	3.10015e-15	-3.22277e-32	7.4196e-33	7.94546e-33	0.492272	0.119293	0	0.1	0.0228098
-1.15118	3.10061	-1.07656	2.84879e-15	9.88097e-16	3.64923e-15	7.02554e-33	2.64734e-33	1.95201e-32	0.491925	0.119041	0	0.1	0.0218055
-0.771125	-2.64213	0.0771425	3.36066e-15	4.33097e-16	3.05327e-15	1.95786e-33	2.01702e-32	1.93595e-32	0.491617	0.118818	0	0.1	0.0286276
-0.91198	0.613234	-0.566735	2.83644e-15	9.44794e-16	3.36622e-15	1.16523e-32	5.43399e-33	2.6751e-32	0.491485	0.118722	0	0.1	0.0256253
-1.32636	-0.833682	-1.83314	3.32747e-15	8.90003e-16	3.5501e-15	-1.19614e-33	-2.97714e-32	1.1731e-32	0.491288	0.118579	0	0.1	0.0209662
1.71941	3.79065	-1.29956	-3.37613e-12	1.74245e-12	-3.30148e-12	-7.52783e-28	8.45943e-28	1.16937e-27	0.491145	0.118475	0	0.1	0.0151807
-1.5135	-1.74147	-1.50807	3.08652e-15	7.18075e-16	2.97636e-15	-4.47895e-33	-3.5758e-32	5.32199e-33	0.490831	0.118248	0	0.1	0.0241826
-1.86181	1.7163	-0.00308517	2.95567e-15	7.2907e-16	3.431e-15	6.34996e-33	-1.20269e-33	-2.3968e-32	0.490352	0.117903	0	0.1	0.0185912
1.67387	-0.825748	-0.607443	3.07137e-15	8.64049e-16	3.51544e-15	9.02703e-33	-2.73648e-32	-3.36552e-33	0.490022	0.117665	0	0.1	0.0216891
0.866309	-2.99751	-1.58075	3.15219e-15	8.06243e-16	3.10312e-15	-2.23508e-32	-5.01211e-32	-4.09666e-32	0.490019	0.117663	0	0.1	0.0224982
-0.413951	-4.49808	1.67606	-3.71692e-12	1.51638e-12	2.82374e-12	4.76404e-28	2.67784e-27	-8.44621e-28	0.489751	0.11747	0	0.1	0.0233129
0.810419	-2.28902	0.953652	2.98938e-15	9.3459e-16	3.28785e-15	2.77119e-32	3.08011e-33	1.4084e-32	0.489751	0.117469	0	0.1	0.0185209
1.30735	-4.05593	-2.14028	5.26146e-13	-4.08433e-12	5.26425e-12	-9.70015e-28	2.46039e-28	2.82642e-28	0.489355	0.117185	0	0.1	0.0171772
-1.41254	-1.12789	2.23538	2.97368e-15	9.1522e-16	3.52574e-15	-2.83141e-33	-1.50772e-32	3.67813e-32	0.48916	0.117045	0	0.1	0.0235671
-0.0639951	2.16174	-2.46604	3.21905e-15	8.25732e-16	3.48597e-15	-3.84864e-32	-4.89035e-32	1.28868e-31	0.488799	0.116786	0	0.1	0.0176967
1.07378	-3.14438	0.557541	3.18665e-15	9.71977e-16	3.22631e-15	1.80621e-33	-1.01796e-33	-2.19974e-32	0.488716	0.116726	0	0.1	0.0147992
2.30025	-3.04752	1.24946	3.04398e-15	7.40611e-16	3.24197e-15	-4.91783e-32	1.26957e-32	5.08547e-32	0.488661	0.116687	0	0.1	0.0261525
-1.00887	-0.212411	-1.08549	3.06982e-15	9.01923e-16	3.39627e-15	1.58766e-32	7.06874e-33	-2.83642e-33	0.488379	0.116485	0	0.1	0.0209185
0.0223496	-2.73808	-1.05456	5.58332e-12	2.91062e-13	-6.99661e-13	-7.19337e-29	1.44827e-28	-5.25723e-28	0.488246	0.11639	0	0.1	0.0145382
-1.32319	3.82598	-0.353045	3.07055e-15	7.28771e-16	3.21489e-15	1.99399e-32	-2.46409e-32	6.02372e-33	0.487898	0.116141	0	0.1	0.0217965
-2.29235	1.74	2.14196	2.96957e-15	6.00116e-16	3.34848e-15	1.14277e-32	-5.21016e-33	-7.19299e-34	0.487754	0.116039	0	0.1	0.0369468
1.77933	-1.5144	-2.32745	3.00238e-15	1.15073e-15	3.14536e-15	1.39499e-32	-1.59477e-32	-8.80432e-34	0.487422	0.115802	0	0.1	0.0215229
-2.37453	-3.79161	-0.222694	6.49015e-12	3.87038e-13	-4.69101e-12	6.04228e-28	-7.90971e-27	1.86498e-28	0.487408	0.115792	0	0.1	0.0172106
0.967905	4.01556	2.17093	2.94499e-15	6.7158e-16	3.24173e-15	-2.44538e-32	-2.2467e-33	1.12777e-32	0.486733	0.115312	0	0.1	0.0179266
1.91694	-1.51095	-1.25993	3.19372e-15	9.39548e-16	3.49285e-15	-3.13915e-32	-1.44506e-32	-2.68784e-32	0.48673	0.115309	0	0.1	0.0180565
0.0628506	2.26141	-0.776911	3.03199e-15	7.38478e-16	3.33299e-15	-6.39967e-33	-1.39328e-32	3.47217e-33	0.486549	0.115181	0	0.1	0.0219864
-0.259549	-0.166708	-1.70762	3.03666e-15	8.50168e-16	3.32095e-15	8.58484e-33	1.02084e-31	3.19047e-33	0.486527	0.115165	0	0.1	0.0247776
2.2999	4.50957	-1.61926	3.04949e-15	6.09366e-16	3.23206e-15	-1.22409e-33	-2.06851e-32	-6.62938e-33	0.486408	0.115081	0	0.1	0.0190063
2.40733	4.12853	-0.249625	2.95774e-15	8.88689e-16	3.34156e-15	7.0002e-33	-8.89037e-33	-2.26874e-32	0.486326	0.115022	0	0.1	0.0157558
-0.114134	-2.31156	1.93694	7.57217e-12	-5.76484e-12	-2.79061e-12	4.79334e-28	-2.60486e-27	8.47421e-27	0.485665	0.114554	0	0.1	0.0178416
0.598556	0.277769	-1.81507	3.16509e-15	7.64748e-16	3.10544e-15	-5.36202e-33	9.43624e-33	2.10559e-33	0.485233	0.114249	0	0.1	0.0186162
0.485862	-4.29131	-1.65257	3.07998e-15	1.00776e-15	3.1639e-15	-1.94205e-32	2.64517e-33	1.92088e-32	0.485122	0.11417	0	0.1	0.0166384
-2.18508	-0.699159	-1.3881	3.07391e-15	8.55524e-16	3.14113e-15	4.96752e-33	-4.03511e-32	-7.43396e-33	0.485118	0.114168	0	0.1	0.0266486
-0.800455	1.4914	-0.978868	2.83632e-15	8.66499e-16	3.34713e-15	1.45257e-32	-3.57608e-33	2.57195e-33	0.484966	0.11406	0	0.1	0.0299095
0.141821	-4.05193	1.01108	3.22871e-15	8.13063e-16	3.29832e-15	-2.35471e-32	4.79531e-32	8.28091e-33	0.484714	0.113882	0	0.1	0.024062
-0.0623147	0.311482	0.0638782	2.9628e-15	8.2757e-16	3.13702e-15	2.94309e-32	-2.03054e-33	-2.84054e-33	0.484214	0.11353	0	0.1	0.0192866
0.148673	3.21117	1.90501	3.04737e-15	9.43836e-16	3.18805e-15	-2.03131e-33	-1.83445e-32	3.18407e-33	0.484031	0.113401	0	0.1	0.0236254
0.368783	-3.98752	1.95056	2.06556e-11	-5.38165e-12	-9.94331e-12	9.31621e-28	4.60157e-27	-5.52637e-28	0.483887	0.1133	0	0.1	0.0195818
-0.516153	2.67932	1.44405	3.01306e-15	8.13818e-16	3.21746e-15	-3.99393e-32	-5.69604e-32	-3.52277e-32	0.483483	0.113017	0	0.1	0.0185303
-2.4642	3.68249	0.644897	-4.19611e-12	-3.19039e-12	3.7604e-12	9.00492e-28	-2.38694e-28	9.58455e-28	0.48346	0.113001	0	0.1	0.0184523
-0.547543	4.33177	-0.0588542	3.0548e-15	8.25612e-16	3.312e-15	3.09126e-32	1.42291e-31	2.78013e-32	0.483335	0.112913	0	0.1	0.0194462
1.31667	-4.06796	0.268365	3.2658e-15	7.97389e-16	3.29352e-15	-4.11512e-33	-5.81626e-33	1.22344e-33	0.483107	0.112753	0	0.1	0.0198936
-2.36991	-2.18038	-0.268423	3.16555e-15	7.75688e-16	3.32216e-15	-1.35077e-32	2.68177e-32	-3.63055e-32	0.48233	0.11221	0	0.1	0.0168432
2.23004	0.439959	1.87805	-5.59721e-12	-3.48187e-12	-4.21567e-12	-1.3457e-27	-1.11742e-27	2.72676e-27	0.482189	0.112112	0	0.1	0.0253718
0.343543	2.59798	-1.64082	2.97201e-15	8.41371e-16	3.32775e-15	3.55227e-33	-1.76975e-34	2.46336e-33	0.482074	0.112032	0	0.1	0.0184793
-0.964431	-1.00302	0.2402	3.04949e-15	6.93489e-16	3.25367e-15	6.0623e-33	-7.233e-33	-2.0191e-32	0.481799	0.11184	0	0.1	0.0229473
1.43793	2.77698	0.400948	3.16069e-15	8.33143e-16	3.33199e-15	-4.54449e-32	-1.1117e-32	-1.74101e-32	0.48163	0.111723	0	0.1	0.0213092
1.36813	0.950504	1.89013	3.4547e-15	1.99383e-16	3.38569e-15	-1.76293e-34	-4.91155e-34	5.18366e-33	0.481265	0.111469	0	0.1	0.0185969
2.31815	3.74772	1.58242	3.00827e-15	9.06114e-16	3.26661e-15	1.89622e-32	3.26698e-32	1.27417e-32	0.481099	0.111353	0	0.1	0.0232413
1.18098	-2.46036	1.83463	3.05894e-15	9.53557e-16	3.31238e-15	-1.13422e-32	-3.98992e-32	2.92066e-32	0.480964	0.11126	0	0.1	0.0194867
1.26141	-2.6867	-0.750718	3.05545e-15	6.71934e-16	3.20459e-15	6.99801e-33	-5.96771e-33	-1.88547e-32	0.480226	0.110748	0	0.1	0.0197957
0.718332	0.564839	1.29542	3.1847e-15	9.61388e-16	3.15047e-15	9.44698e-33	2.30236e-32	3.92914e-32	0.480221	0.110745	0	0.1	0.0149685
-0.201995	-0.508958	0.556038	4.79036e-13	7.38436e-12	3.62274e-12	5.58905e-27	-2.41481e-28	-2.35668e-28	0.479907	0.110528	0	0.1	0.0231486
-2.27922	-2.2899	1.68321	3.14364e-15	7.5855e-16	3.24841e-15	3.24951e-33	-9.05598e-33	-2.46003e-32	0.479792	0.110448	0	0.1	0.0273478
-1.88294	-4.30391	-2.07736	8.63468e-12	-1.04617e-11	-1.13127e-11	-3.08526e-27	-4.55218e-27	2.02952e-27	0.479539	0.110274	0	0.1	0.021309
1.27517	0.903029	-2.15502	-3.21348e-12	6.22424e-12	2.26982e-12	2.26154e-28	-8.72278e-28	2.66828e-27	0.479243	0.11007	0	0.1	0.0179813
0.492918	2.91417	0.507776	3.09033e-15	8.99976e-16	3.26099e-15	-2.79583e-33	-2.03612e-32	-3.6949e-32	0.478999	0.109902	0	0.1	0.0230658
0.356831	3.53611	-1.43365	-7.27935e-12	-7.7929e-12	-5.09082e-12	3.76884e-27	-4.22991e-27	1.30485e-27	0.478694	0.109692	0	0.1	0.017016
2.17088	-0.637017	1.33799	3.14398e-15	8.80685e-16	3.40317e-15	3.20025e-32	1.8857e-33	6.67046e-33	0.478583	0.109615	0	0.1	0.020662
-0.643034	2.91833	2.36724	3.15175e-15	7.80444e-16	3.30687e-15	9.59486e-33	-4.55444e-32	1.70734e-32	0.478314	0.109431	0	0.1	0.0187638
-1.87726	-2.8466	-0.767394	3.11639e-15	1.0864e-15	3.12885e-15	-2.32073e-32	8.02847e-34	1.56332e-32	0.477951	0.109182	0	0.1	0.0215856
-0.86598	2.40954	-1.73879	-1.26709e-11	-4.09425e-12	-9.79628e-12	2.8989e-27	-2.59414e-27	-2.61473e-27	0.477727	0.109028	0	0.1	0.0257515
-0.732956	-1.02581	1.1828	2.80561e-15	8.58141e-16	3.14634e-15	3.19965e-32	-5.47177e-34	1.42762e-32	0.477721	0.109024	0	0.1	0.0260878
1.19078	-0.480561	-1.86742	-3.30348e-12	2.33171e-12	1.04971e-13	6.16756e-28	4.1234e-29	1.55394e-27	0.477683	0.108998	0	0.1	0.0218377
-0.405541	-3.50186	-1.46262	-9.89525e-12	2.39662e-13	-6.53078e-14	-1.59351e-30	3.61584e-29	3.43544e-28	0.477452	0.10884	0	0.1	0.0205341
0.144659	-0.993015	-1.40408	3.24604e-15	7.58957e-16	3.32115e-15	-7.8654e-33	5.90594e-33	1.78179e-32	0.477429	0.108825	0	0.1	0.0190177
1.85157	-0.123498	0.597989	2.97358e-15	7.44468e-16	3.38144e-15	2.42037e-32	1.06379e-32	1.45573e-31	0.477005	0.108535	0	0.1	0.0211129
-0.341001	2.43522	0.528703	3.04735e-15	7.77705e-16	3.30372e-15	-1.50797e-33	2.73348e-33	-9.88001e-34	0.476943	0.108493	0	0.1	0.0177019
1.3443	0.0640162	-0.420367	2.81058e-15	9.55399e-16	2.85463e-15	3.22331e-33	-1.26146e-32	-2.83792e-32	0.476921	0.108477	0	0.1	0.0252582
0.83864	1.44829	0.947633	3.03124e-15	8.46751e-16	2.74758e-15	-1.76578e-32	-6.3903e-33	1.5305e-32	0.476739	0.108353	0	0.1	0.0238363
1.47901	0.00926272	1.46566	3.15765e-15	9.10111e-16	3.44285e-15	-1.08325e-32	6.41603e-33	2.07781e-32	0.476537	0.108216	0	0.1	0.0191973
1.9691	-2.46809	-1.35598	2.96275e-15	8.47165e-16	3.1518e-15	-7.2139e-32	6.16063e-32	9.92827e-32	0.476304	0.108057	0	0.1	0.0214038
-2.08133	-4.42008	-0.891866	2.93698e-15	8.7182e-16	3.31009e-15	4.56635e-33	-6.97054e-33	1.20083e-32	0.476141	0.107946	0	0.1	0.0167838
2.35696	2.51333	-2.36007	3.19307e-15	8.23586e-16	3.2654e-15	-1.31238e-34	-5.03629e-34	3.8461e-33	0.475741	0.107674	0	0.1	0.0206338
-1.95799	2.88984	0.949	2.89512e-15	5.55766e-16	3.29202e-15	-6.8444e-33	1.37425e-32	-1.988e-32	0.475658	0.107618	0	0.1	0.0195042
-1.46156	2.18743	-1.00275	2.82893e-15	9.30988e-16	3.31707e-15	7.76383e-33	6.38756e-34	-6.42175e-33	0.475209	0.107314	0	0.1	0.0216764
-2.28336	-3.04111	2.0158	-2.45246e-11	-3.42988e-12	4.31744e-12	-5.98751e-28	-7.38637e-30	-3.68902e-27	0.274983	0.0207931	0	0.1	0.0120255
0.346136	-2.22272	0.349699	2.94022e-15	8.68862e-16	3.31173e-15	8.8363e-33	1.72294e-32	-7.42469e-33	0.27481	0.0207537	0	0.1	0.0094751
1.43737	4.44451	-1.62671	2.71129e-15	5.3131e-16	2.95321e-15	1.80795e-31	-2.91781e-31	-8.78335e-32	0.274774	0.0207457	0	0.1	0.00994379
1.22847	3.0218	-0.283611	3.29776e-15	4.73609e-16	3.10625e-15	-2.01382e-31	-1.59444e-32	4.14201e-32	0.274686	0.0207258	0	0.1	0.0160505
-1.31051	-3.09595	-1.1949	3.47346e-15	9.29983e-16	3.6778e-15	-1.16488e-32	-1.45969e-31	-1.69698e-31	0.274441	0.0206704	0	0.1	0.0132244
-2.38858	-0.0327394	1.42682	-1.77164e-11	-3.45739e-11	-3.72466e-12	1.0522e-26	-5.17153e-27	-1.32642e-27	0.274388	0.0206583	0	0.1	0.00675194
0.568399	-1.98868	2.05777	3.12239e-15	6.1151e-16	3.54793e-15	1.52819e-32	-4.83544e-32	1.89171e-32	0.274318	0.0206425	0	0.1	0.00925933
1.61855	2.38064	-2.07426	3.07407e-15	5.97527e-16	3.2733e-15	4.45104e-32	-4.20001e-33	-1.27821e-32	0.274256	0.0206286	0	0.1	0.00911804
0.132857	1.73264	0.666176	3.02978e-15	7.75416e-16	3.23303e-15	1.89841e-32	5.5843e-33	-5.59732e-33	0.274189	0.0206135	0	0.1	0.0187209
0.18396	0.231872	0.776826	3.11908e-15	7.99017e-16	3.10978e-15	-1.29556e-31	-3.47677e-32	-8.65867e-32	0.274166	0.0206082	0	0.1	0.0139934
1.94348	-3.77922	0.788086	9.17493e-12	-1.39456e-11	1.56391e-11	-1.46834e-26	2.69921e-26	3.36791e-26	0.274031	0.0205778	0	0.1	0.0138895
1.16903	-1.36268	-0.989057	3.03456e-15	7.88711e-16	3.34696e-15	-2.27467e-32	1.82478e-32	-1.42347e-33	0.273922	0.0205532	0	0.1	0.0104998
0.875533	3.22152	1.68998	3.14642e-15	5.33774e-16	3.44909e-15	-1.19321e-31	-1.72932e-31	1.72837e-31	0.273902	0.0205487	0	0.1	0.0108312
-1.52898	1.06423	-0.603416	-4.76341e-12	-2.40418e-11	-4.55494e-13	-3.21357e-28	2.1583e-28	-8.3325e-27	0.273648	0.0204916	0	0.1	0.0112722
1.70088	3.66611	-0.072611	-4.46933e-11	3.06153e-11	-6.9515e-11	-8.30156e-26	-1.20181e-25	8.08624e-27	0.273643	0.0204905	0	0.1	0.0128174
-1.11394	-3.26101	0.534284	3.0351e-15	8.29603e-16	3.30918e-15	4.17367e-34	2.61154e-34	3.51285e-33	0.27359	0.0204785	0	0.1	0.00996173
0.0556604	-2.75066	-0.167081	-4.37391e-11	-3.62392e-11	3.72349e-11	-2.14532e-26	4.47898e-26	1.56575e-26	0.273547	0.020469	0	0.1	0.0114574
0.655452	3.56596	0.168215	-2.10403e-11	-1.58397e-11	9.92393e-12	-8.68536e-27	-1.28924e-26	-3.88267e-26	0.273295	0.0204123	0	0.1	0.0105683
0.384422	3.69588	-2.46151	2.96383e-15	8.94735e-16	3.48156e-15	-3.43461e-32	2.3056e-32	-5.64409e-32	0.273241	0.0204004	0	0.1	0.0093796
0.444021	-2.44352	2.43403	2.96733e-15	8.73814e-16	3.25982e-15	9.41397e-32	4.18696e-32	-9.45352e-32	0.273196	0.0203902	0	0.1	0.0113177
0.199048	-1.3639	0.0164622	2.91373e-15	4.62004e-16	3.09553e-15	3.85155e-32	1.19981e-31	-1.20994e-31	0.273079	0.0203641	0	0.1	0.00899469
-0.564505	-0.0416359	-0.379426	2.86739e-15	8.99937e-16	3.18555e-15	6.82565e-32	7.25828e-32	-1.55186e-32	0.273018	0.0203505	0	0.1	0.00831503
0.10015	3.1833	-2.05116	3.06399e-15	8.14124e-16	3.20418e-15	2.09525e-32	2.69246e-33	-1.56895e-32	0.272897	0.0203234	0	0.1	0.01081
1.25987	0.714721	-0.801475	1.38952e-11	3.14605e-11	1.97113e-11	-7.56584e-26	4.10616e-26	-1.50096e-26	0.272697	0.0202787	0	0.1	0.0128227
-1.02433	1.30605	0.627279	3.20796e-15	7.79183e-16	3.21687e-15	-1.42458e-33	-2.08713e-32	1.62721e-33	0.272615	0.0202605	0	0.1	0.0101973
1.08032	3.26412	2.19483	3.11724e-15	7.99672e-16	3.44278e-15	2.46435e-32	-4.64289e-33	-1.70937e-33	0.272555	0.0202472	0	0.1	0.011596
-1.51254	-3.63901	-1.82825	3.02423e-15	6.26707e-16	3.30518e-15	8.34951e-33	1.33749e-32	-3.54955e-32	0.271744	0.0200669	0	0.1	0.00900076
0.617922	1.17239	1.72729	3.59808e-15	9.95188e-16	3.27884e-15	-2.14017e-31	1.40089e-32	1.41673e-31	0.271606	0.0200363	0	0.1	0.00949637
-0.643594	-1.65066	-0.392086	2.95419e-15	6.98836e-16	3.43645e-15	1.54678e-32	-1.1004e-32	4.60304e-32	0.271091	0.0199226	0	0.1	0.012656
1.6029	0.268935	-2.38594	-2.06821e-11	-6.0401e-11	8.1336e-12	-5.97319e-27	3.06989e-26	6.90849e-27	0.270962	0.0198941	0	0.1	0.0102203
0.861119	-4.4827	1.66352	3.28084e-15	1.01869e-15	3.45772e-15	1.88752e-31	-6.47962e-32	4.46124e-32	0.270951	0.0198918	0	0.1	0.0086495
2.29437	3.07392	1.24926	3.06589e-15	7.59367e-16	3.51571e-15	-1.96046e-33	-8.63775e-32	-4.92464e-32	0.270899	0.0198803	0	0.1	0.00844176
1.845	3.04345	-2.24034	3.19906e-15	7.92033e-16	3.46473e-15	-1.3113e-31	-1.42867e-32	7.99581e-32	0.27089	0.0198782	0	0.1	0.00572151
-1.12739	-0.310976	-2.36356	3.06427e-15	7.70847e-16	3.28185e-15	-2.66998e-32	-6.74077e-33	-4.60976e-33	0.270139	0.0197134	0	0.1	0.0108545
0.445166	2.18689	1.97184	3.03996e-15	7.3809e-16	3.30243e-15	-8.54093e-32	-4.33122e-31	6.15687e-32	0.270026	0.0196887	0	0.1	0.00705602
-0.673319	-0.794955	-1.44443	3.3758e-15	8.24285e-16	3.50433e-15	-2.31937e-33	2.68874e-32	-8.91765e-34	0.269606	0.0195969	0	0.1	0.0107383
-2.31343	-3.73485	-1.07384	2.88669e-15	8.31627e-16	3.00615e-15	5.98344e-32	-4.69528e-33	-6.98835e-32	0.269573	0.0195898	0	0.1	0.010782
0.397287	1.13967	-0.630658	-1.12298e-11	1.47253e-12	9.54326e-12	4.98495e-26	1.9599e-28	1.06709e-26	0.26954	0.0195826	0	0.1	0.00741936
-1.33839	2.80361	1.40066	3.02001e-15	8.28306e-16	3.32844e-15	7.29738e-32	-1.98737e-32	2.0506e-32	0.269436	0.01956	0	0.1	0.0135357
2.02872	3.09365	-0.974031	2.90072e-15	7.15282e-16	3.39779e-15	4.91698e-33	-3.98909e-33	8.24876e-33	0.269359	0.0195432	0	0.1	0.0121915
-1.71055	-4.07749	0.00162766	3.06622e-15	5.56382e-16	3.23964e-15	-6.31352e-33	-3.38641e-32	-7.07253e-32	0.269354	0.0195421	0	0.1	0.0120977
0.792278	-2.86192	2.33635	-1.25454e-11	2.89296e-11	-1.59364e-11	-8.24134e-28	1.1469e-26	2.20701e-26	0.269297	0.0195296	0	0.1	0.010375
2.39518	-2.67719	-0.781086	3.08953e-15	1.00192e-15	3.12149e-15	2.55359e-31	1.10019e-31	-5.70374e-32	0.269185	0.0195053	0	0.1	0.00739468
-1.57236	-3.66397	1.73965	2.99232e-15	9.68841e-16	3.40818e-15	-7.32017e-33	1.75504e-32	1.33403e-32	0.26915	0.0194976	0	0.1	0.0108856
0.548292	3.28877	1.18018	3.04983e-15	8.04593e-16	3.30971e-15	-1.56192e-42	4.98448e-42	1.78278e-43	0.269063	0.0194788	0	0.1	0.0197519
-1.95712	3.9085	-0.758638	1.79007e-11	1.86081e-11	-9.13258e-13	3.52704e-27	-1.84104e-27	3.23392e-26	0.268983	0.0194614	0	0.1	0.00956562
-0.226838	-3.22503	2.00728	2.94134e-15	-5.57065e-17	3.57941e-15	-2.96568e-32	-6.91609e-32	2.71604e-32	0.268693	0.0193986	0	0.1	0.0113393
1.60165	-1.1891	0.0543408	1.87343e-15	7.10142e-16	3.34337e-15	-5.66477e-31	3.18125e-32	5.59158e-33	0.268242	0.019301	0	0.1	0.00879822
-1.41552	-3.73169	0.28872	3.00425e-15	5.50113e-16	3.33921e-15	1.15956e-31	2.31127e-32	6.53422e-32	0.268158	0.019283	0	0.1	0.0104229
0.899648	3.76452	-0.673598	3.18249e-15	8.38285e-16	3.17302e-15	8.85036e-33	6.77304e-32	-2.1024e-32	0.267955	0.0192392	0	0.1	0.0102944
1.31476	-0.710655	1.55997	3.07391e-15	8.88407e-16	3.19958e-15	-6.36035e-32	8.65294e-32	-6.38179e-32	0.267723	0.0191892	0	0.1	0.00791601
0.602723	-1.08061	1.27317	2.91697e-15	9.64552e-16	3.37075e-15	-4.39466e-32	1.75852e-32	-1.33814e-34	0.267685	0.019181	0	0.1	0.00763213
-0.528839	-1.60782	0.157466	3.10781e-15	7.03376e-16	3.31159e-15	9.56065e-34	2.09712e-32	1.19838e-32	0.26763	0.0191692	0	0.1	0.0157244
-1.65654	-0.900309	0.507991	3.32389e-15	8.93753e-16	3.94061e-15	1.5024e-31	7.17609e-32	-1.34767e-31	0.267337	0.0191064	0	0.1	0.0113995
0.788359	-0.0476793	1.75621	-1.99733e-13	4.35983e-12	2.14087e-11	-6.40423e-27	2.37766e-28	-1.07203e-28	0.267309	0.0191003	0	0.1	0.00986046
-0.608763	2.59944	-0.834699	3.0444e-15	7.99674e-16	3.30874e-15	-3.47134e-33	9.10169e-34	-1.25888e-32	0.26724	0.0190856	0	0.1	0.0155212
-1.79434	-2.3925	0.163056	3.15345e-15	7.8356e-16	3.47011e-15	-2.84004e-32	-8.39415e-32	-5.97334e-32	0.267193	0.0190754	0	0.1	0.00879484
-1.33748	4.44936	0.33877	2.93978e-15	8.75892e-16	3.17475e-15	9.28989e-33	-6.35293e-32	-2.1091e-33	0.267078	0.0190509	0	0.1	0.0179599
-2.33266	3.77838	-2.10646	3.20159e-15	8.26017e-16	3.47456e-15	-6.5269e-33	-5.42566e-32	3.94229e-33	0.26703	0.0190406	0	0.1	0.0126262
-1.96083	-0.167838	0.544741	3.26763e-15	1.15424e-15	3.57778e-15	2.18895e-31	1.0517e-32	2.14978e-32	0.266964	0.0190265	0	0.1	0.0114189
0.153868	4.18814	-0.571832	-1.05507e-11	-1.56899e-11	-2.74146e-11	-4.72147e-26	-1.38519e-26	6.0982e-27	0.266851	0.0190022	0	0.1	0.0088742
-0.727026	0.783749	0.514555	3.12675e-15	8.93049e-16	3.23111e-15	-6.2363e-33	-1.74665e-33	-5.69246e-33	0.266755	0.0189818	0	0.1	0.0145739
-1.40694	-3.39616	1.30599	3.04823e-15	8.00302e-16	3.31122e-15	-4.15037e-33	1.09367e-32	4.51272e-33	0.266597	0.0189481	0	0.1	0.0118557
1.79769	0.199352	-1.55803	3.12273e-15	8.03314e-16	3.28729e-15	1.0594e-33	5.04249e-33	1.65832e-32	0.266271	0.0188786	0	0.1	0.00885869
0.756667	2.31908	-1.06352	1.08701e-11	2.43401e-11	2.68697e-12	1.91511e-27	-9.55857e-28	1.02927e-27	0.266247	0.0188736	0	0.1	0.00963442
-2.01202	-0.86696	-2.38598	2.95316e-15	5.60387e-16	3.81007e-15	-7.29108e-32	1.68207e-31	-8.18925e-32	0.266206	0.0188649	0	0.1	0.00762488
0.174893	1.34891	1.43572	3.06401e-15	8.16172e-16	3.30656e-15	5.22129e-33	1.46004e-33	2.90056e-32	0.266175	0.0188583	0	0.1	0.00915155
-0.755479	0.12891	-2.35139	3.24584e-15	5.27351e-16	3.41494e-15	-3.34432e-32	1.49406e-31	-4.17532e-32	0.26616	0.0188551	0	0.1	0.0144236
-0.497782	-2.80515	1.5201	-3.90257e-12	8.55945e-12	6.35237e-13	2.84493e-27	1.19199e-27	1.79841e-27	0.265648	0.0187465	0	0.1	0.010032
-0.03192	4.17074	-1.45209	3.06688e-15	8.89572e-16	3.28535e-15	-1.17491e-31	-4.64268e-32	-1.36211e-32	0.265532	0.0187219	0	0.1	0.00599334
1.57077	4.39659	1.07842	2.95084e-15	1.04787e-15	3.55551e-15	7.97792e-33	-1.28353e-32	2.42517e-31	0.265244	0.0186611	0	0.1	0.0132198
0.163069	-0.199763	-1.02095	3.18743e-15	7.62242e-16	3.2613e-15	-5.56473e-33	-1.01897e-32	-1.18236e-32	0.265225	0.018657	0	0.1	0.0122084
0.449798	-0.457849	-1.81901	3.23248e-15	7.17593e-16	3.19159e-15	-8.13745e-32	-7.78793e-32	2.37778e-32	0.265201	0.018652	0	0.1	0.00981853
-0.112717	-2.89425	2.41035	2.53483e-15	6.62707e-16	3.12096e-15	3.1869e-32	1.26262e-32	3.81172e-33	0.265035	0.018617	0	0.1	0.00992829
-1.07228	-3.57723	-1.14487	2.83313e-15	5.73004e-16	3.44226e-15	-1.21869e-31	1.25897e-31	-5.13863e-32	0.264844	0.0185768	0	0.1	0.0109739
-2.23571	0.772196	2.28051	3.19968e-11	1.98974e-11	2.4105e-11	-1.56965e-26	-1.06002e-26	2.9444e-26	0.264656	0.0185373	0	0.1	0.0153189
-1.94226	0.0667678	1.1411	3.02664e-15	1.05546e-15	2.98149e-15	9.25725e-33	-5.14156e-33	6.63578e-33	0.264587	0.0185227	0	0.1	0.00711523
-0.484588	-3.86945	-2.1022	3.36073e-15	7.89723e-16	3.32142e-15	-3.3672e-32	7.15358e-33	-3.94295e-32	0.264317	0.0184661	0	0.1	0.00961472
2.18385	1.23903	0.611776	3.33952e-15	6.33176e-16	3.06267e-15	-3.4857e-32	2.00752e-32	6.67226e-32	0.264307	0.0184639	0	0.1	0.0100775
2.02885	4.13819	1.01657	2.58518e-15	5.03775e-16	3.06906e-15	-1.65547e-31	5.60327e-32	2.47637e-31	0.2643	0.0184626	0	0.1	0.0100435
-1.37732	3.03001	2.36905	3.15838e-15	9.59913e-16	3.23826e-15	1.93026e-31	2.21251e-32	-6.76397e-32	0.26429	0.0184605	0	0.1	0.0125428
1.00411	-4.28641	2.20942	3.04608e-15	6.74616e-16	3.16572e-15	1.43233e-31	2.8908e-32	1.61391e-31	0.264247	0.0184515	0	0.1	0.00669857
1.33896	4.18909	-2.19831	2.9319e-15	8.62303e-16	3.33312e-15	1.2241e-32	-1.72262e-32	-3.65342e-34	0.263866	0.0183717	0	0.1	0.0109165
0.984776	0.664228	-0.166437	3.05686e-15	8.60162e-16	3.08261e-15	-1.14745e-31	-4.83641e-32	1.85845e-31	0.263471	0.0182894	0	0.1	0.00895368
2.47513	-1.23308	-2.24245	1.18976e-11	-3.5205e-12	-2.13493e-11	1.48979e-26	1.04237e-26	6.62485e-27	0.263412	0.0182771	0	0.1	0.0069836
-1.49256	0.380598	0.830415	2.86991e-15	7.93023e-16	3.34494e-15	-1.84186e-32	-4.94335e-32	-1.91127e-32	0.263263	0.0182461	0	0.1	0.00735814
2.12296	4.30298	-0.920786	2.89088e-15	9.68229e-16	3.34129e-15	-5.90924e-32	7.6674e-32	3.58955e-32	0.263009	0.0181932	0	0.1	0.00737267
1.07085	0.224974	-2.39293	3.00508e-15	7.42755e-16	2.97425e-15	-8.85214e-33	2.35241e-32	-3.24369e-33	0.262944	0.0181798	0	0.1	0.00963969
-2.43465	-1.39631	0.925346	3.17309e-15	7.9972e-16	3.48998e-15	-1.61757e-32	-1.48946e-33	1.99536e-33	0.262929	0.0181768	0	0.1	0.0102876
2.04931	-0.0372808	-1.14838	2.99258e-15	4.9803e-16	3.30165e-15	-4.22555e-34	-5.90801e-35	8.33377e-33	0.262806	0.0181512	0	0.1	0.0176367
0.691534	-3.79778	0.572844	3.23291e-15	7.97155e-16	3.27664e-15	-9.76158e-32	-1.84205e-31	-1.29123e-31	0.262794	0.0181487	0	0.1	0.00919688
-2.32057	-1.60776	1.39286	2.83694e-15	9.04399e-16	3.62178e-15	-5.5057e-32	1.8781e-33	-9.98955e-33	0.262705	0.0181303	0	0.1	0.0110367
-1.83008	1.89444	-1.57084	2.63016e-15	7.35364e-16	3.51697e-15	1.2663e-32	4.00019e-32	-3.14053e-32	0.262544	0.0180969	0	0.1	0.0173947
0.765237	-1.58005	1.20074	2.99937e-15	9.58945e-16	3.29582e-15	7.64838e-32	1.22377e-31	-1.00181e-31	0.262357	0.0180583	0	0.1	0.00704524
1.89009	2.95344	1.57548	2.96659e-15	9.54973e-16	3.48752e-15	-2.56591e-32	-4.08426e-32	5.33775e-32	0.262296	0.0180457	0	0.1	0.0111059
1.92697	2.81412	0.960397	2.84923e-15	9.0159e-16	3.63151e-15	2.78156e-33	-9.25912e-32	3.95586e-32	0.26228	0.0180425	0	0.1	0.00653278
1.76614	-3.70104	1.55862	-9.54991e-13	-1.02176e-11	-1.06556e-11	-9.17839e-29	4.87391e-27	-4.6323e-27	0.262244	0.018035	0	0.1	0.0143571
-1.96187	0.634414	-2.2336	2.7328e-15	1.05747e-16	3.13684e-15	-7.05323e-32	-5.42528e-32	7.62509e-32	0.261857	0.0179553	0	0.1	0.00894205
-0.0195637	-4.46295	-1.13011	3.41804e-15	7.41922e-16	3.4075e-15	5.00588e-32	2.38275e-31	8.63678e-32	0.261759	0.0179351	0	0.1	0.00503158
2.462	-3.65353	0.83694	2.91064e-15	9.6163e-16	2.77836e-15	-1.72013e-31	-1.44243e-31	-7.62549e-32	0.261723	0.0179277	0	0.1	0.00704813
2.01951	-3.82768	0.215817	-4.12448e-11	-2.45415e-12	2.98532e-11	7.2979e-27	-9.65155e-26	2.15279e-27	0.261445	0.0178707	0	0.1	0.00610322
-0.314094	-0.0550918	-0.851263	3.16417e-15	6.3943e-16	3.34921e-15	2.41474e-32	1.09842e-31	4.05906e-32	0.261318	0.0178447	0	0.1	0.00937386
-1.19012	-1.60579	-2.22994	2.86593e-15	7.66198e-16	3.48825e-15	-1.09302e-32	-3.7647e-32	-2.51198e-32	0.261301	0.0178412	0	0.1	0.0161869
-0.995742	-2.24163	-1.72613	3.26282e-15	7.89011e-16	3.17718e-15	-1.0414e-32	-1.77888e-31	1.53396e-31	0.261288	0.0178386	0	0.1	0.00888568
1.24619	-1.89388	2.3094	2.93846e-15	8.77709e-16	3.47132e-15	1.86822e-31	-7.44757e-32	-3.58258e-32	0.26087	0.017753	0	0.1	0.0108715
-0.26964	-2.4247	-0.440003	3.28906e-15	1.26448e-15	3.31708e-15	-1.5372e-32	7.92924e-32	1.95658e-32	0.260821	0.017743	0	0.1	0.0137977
0.980524	-3.2959	-2.42453	1.38765e-11	-3.19823e-11	1.76261e-11	-8.31302e-28	1.3561e-26	2.62059e-26	0.260755	0.0177296	0	0.1	0.00873253
1.28403	3.54466	-0.384668	2.99899e-15	5.54432e-16	3.23749e-15	4.382e-32	-1.42278e-32	8.27244e-32	0.260623	0.0177027	0	0.1	0.0104647
1.82984	2.8603	2.08582	3.10963e-15	7.80308e-16	3.48132e-15	-3.98986e-32	-4.39409e-32	9.71359e-33	0.259915	0.0175588	0	0.1	0.0112101
0.640606	-4.43352	-2.41131	3.08192e-15	9.29164e-16	3.2715e-15	-1.00589e-32	1.35231e-33	-8.1511e-33	0.259858	0.0175473	0	0.1	0.0108957
-1.661	0.663603	0.329442	-8.33606e-12	1.39586e-11	3.23622e-11	-3.21972e-26	-3.41093e-27	-1.45689e-27	0.259736	0.0175226	0	0.1	0.00639583
1.0733	0.292198	-1.06617	-4.13549e-11	-1.30902e-11	2.24985e-12	-3.54534e-26	5.87433e-26	2.95746e-26	0.259657	0.0175066	0	0.1	0.010754
-0.807362	2.09584	-2.40355	3.17309e-15	5.09426e-16	3.44503e-15	1.44871e-32	1.43776e-32	-4.40865e-33	0.259599	0.0174947	0	0.1	0.0106285
-0.280277	-3.28177	1.48491	4.16579e-12	-9.12145e-12	-6.69911e-13	3.20135e-27	1.32113e-27	1.77234e-27	0.259442	0.0174631	0	0.1	0.0106846
0.500263	-2.07157	-0.138913	-2.68215e-11	3.06228e-12	7.22879e-12	-1.76744e-27	-1.43905e-27	-5.64422e-27	0.259367	0.0174479	0	0.1	0.00903912
-1.13556	0.0829109	1.94964	5.01275e-11	-4.61359e-11	6.06967e-11	-7.80672e-26	-2.26564e-26	2.58792e-26	0.259203	0.0174149	0	0.1	0.00803449
2.06093	-0.0725862	-1.97739	2.26512e-15	6.65676e-16	3.28061e-15	1.95607e-32	2.19332e-33	2.27072e-32	0.259199	0.0174141	0	0.1	0.0140239
1.37167	1.66409	-0.310852	2.88324e-15	6.9244e-16	3.04821e-15	-1.1929e-31	-1.68847e-31	1.68522e-31	0.258884	0.0173506	0	0.1	0.00850948
0.398479	-2.46663	-0.458876	6.51377e-11	-4.88149e-11	7.68078e-12	1.29151e-26	5.53824e-26	1.80299e-26	0.258748	0.0173234	0	0.1	0.00855726
1.59706	-0.986187	2.17791	3.00063e-15	1.22514e-15	3.18009e-15	2.91782e-33	2.82909e-32	-2.17832e-31	0.258703	0.0173143	0	0.1	0.0174549
-2.06704	3.32436	-2.04161	-1.46674e-11	3.95197e-11	-1.00976e-11	4.16639e-27	-1.98377e-26	-8.42463e-26	0.25857	0.0172876	0	0.1	0.00714492
-1.4779	0.831967	-0.125266	1.19183e-11	1.09574e-11	-2.95865e-11	-3.97502e-26	-2.02268e-27	-1.68572e-26	0.258561	0.0172857	0	0.1	0.00828571
1.24236	-3.2445	1.60985	-4.03624e-11	-5.39721e-12	-3.55241e-11	-2.35167e-27	4.09473e-26	-3.63732e-27	0.258271	0.0172278	0	0.1	0.00877039
2.26242	4.47094	1.40367	3.18214e-15	7.63279e-16	3.20234e-15	1.42758e-33	-4.10295e-32	1.62581e-32	0.258195	0.0172125	0	0.1	0.0120201
-0.471806	2.10359	1.90995	2.79713e-15	9.00235e-16	3.49963e-15	1.23234e-30	2.12021e-31	-2.37566e-32	0.25797	0.0171674	0	0.1	0.00709067
1.07225	4.28516	0.224222	2.33442e-12	2.80369e-11	1.52716e-11	-2.14422e-26	-4.96549e-27	1.23337e-26	0.25774	0.0171216	0	0.1	0.00652744
-0.281618	-3.81801	2.2638	-4.78028e-11	-6.36964e-12	1.48309e-11	1.72208e-27	4.04928e-26	-1.31227e-26	0.257651	0.0171038	0	0.1	0.00899988
-1.73213	0.586156	1.24476	-2.88338e-12	1.59766e-11	-1.88453e-11	-1.09761e-25	-9.70777e-27	8.43857e-27	0.257562	0.0170861	0	0.1	0.010438
-1.95485	-2.77641	-1.49511	3.23519e-15	9.98201e-16	3.10103e-15	-4.39461e-32	-5.03249e-32	2.54874e-32	0.257219	0.017018	0	0.1	0.0145866
1.35704	4.06482	1.50075	2.68337e-15	6.28113e-16	3.63545e-15	-3.89372e-32	-6.5064e-32	-1.45547e-31	0.25711	0.0169964	0	0.1	0.0111718
-0.244582	-1.1696	0.232192	-3.02621e-12	-4.69921e-11	-2.30326e-11	5.90212e-26	-2.91564e-27	-2.0544e-27	0.257072	0.0169889	0	0.1	0.00741259
2.14359	1.63151	-0.199899	3.02969e-15	8.42884e-16	3.56242e-15	7.46773e-32	1.2181e-32	-4.40901e-32	0.256952	0.0169651	0	0.1	0.00848937
1.03305	-1.13407	-0.379377	2.97534e-15	8.19636e-16	3.21709e-15	3.98359e-31	-3.4693e-31	4.45756e-31	0.256761	0.0169272	0	0.1	0.00743034
0.245716	1.55293	-0.919101	-1.90746e-11	5.20153e-11	-3.63013e-11	7.15424e-26	8.689e-27	-2.39918e-26	0.256727	0.0169206	0	0.1	0.00881005
1.65573	-2.23002	1.14998	-1.43201e-11	-2.8955e-11	-3.61302e-11	3.9805e-26	-3.007e-26	8.66518e-27	0.256633	0.016902	0	0.1	0.0180646
0.899596	1.00755	-0.547582	5.41832e-11	-1.42496e-11	8.96347e-12	-6.66569e-27	-2.62286e-26	-1.90971e-27	0.256455	0.0168668	0	0.1	0.00866023
-1.2366	2.32048	1.58171	2.78167e-15	8.1017e-16	3.41737e-15	7.70819e-36	3.06617e-32	2.59949e-32	0.256447	0.0168652	0	0.1	0.00981766
2.08504	3.16923	-1.49846	-1.10647e-11	-1.09505e-11	-8.39713e-12	4.20091e-26	-5.01699e-26	9.66793e-27	0.256305	0.0168373	0	0.1	0.00625405
1.34857	-3.30288	-2.06149	3.28501e-15	7.7089e-16	3.1852e-15	-8.00804e-33	8.67179e-32	4.30349e-32	0.256222	0.0168209	0	0.1	0.0135759
-1.8044	-3.71958	-1.38786	3.55077e-11	2.09872e-11	2.81044e-11	-8.38447e-26	8.59013e-27	-2.06321e-26	0.256074	0.0167918	0	0.1	0.00783512
0.622254	2.65152	1.78705	3.0041e-15	8.13577e-16	3.23636e-15	-3.11569e-33	-2.46594e-32	-2.75139e-33	0.256001	0.0167774	0	0.1	0.00830245
-1.02563	-3.73546	1.58857	3.25218e-15	9.23029e-16	3.15527e-15	-1.07061e-31	1.7808e-32	2.76665e-32	0.255956	0.0167685	0	0.1	0.00571921
2.33023	-0.612196	-0.302844	3.09825e-15	1.06241e-15	3.19791e-15	-1.77718e-32	1.33022e-31	-4.3388e-32	0.255888	0.0167552	0	0.1	0.0127365
0.775399	1.70245	-0.717416	3.10931e-15	8.11775e-16	3.38709e-15	1.43331e-32	5.32679e-32	1.47664e-32	0.255513	0.0166816	0	0.1	0.00868428
1.38113	-0.191187	2.48643	7.31527e-12	1.11168e-11	-2.48182e-11	2.97647e-26	6.69304e-27	1.15196e-26	0.255447	0.0166686	0	0.1	0.0199065
-2.24207	-3.86861	-1.60655	-3.80808e-11	3.04449e-11	-1.53862e-12	-8.05147e-26	4.34155e-26	8.65835e-26	0.255386	0.0166569	0	0.1	0.0091784
-1.42613	1.58306	-0.593513	5.85876e-12	2.95424e-11	5.66971e-13	-5.40269e-28	3.01797e-28	-1.08234e-26	0.255375	0.0166546	0	0.1	0.00940047
0.892625	-2.6543	0.027906	2.80824e-15	9.43937e-16	3.32721e-15	1.20105e-32	-6.23622e-32	-1.49652e-31	0.255265	0.0166331	0	0.1	0.00880973
2.3198	-1.56986	0.00503384	3.12788e-15	7.71105e-16	3.29529e-15	-1.27204e-31	-4.50442e-32	-4.37695e-32	0.255095	0.0166	0	0.1	0.00918881
-0.633325	-3.89295	1.30134	3.54322e-15	9.70627e-16	3.41747e-15	8.15719e-32	9.27685e-32	1.09475e-32	0.255029	0.0165869	0	0.1	0.00936359
-0.286417	2.7665	-2.01002	3.1698e-15	8.50225e-16	3.31282e-15	-1.55732e-33	6.98899e-33	-1.34554e-32	0.254988	0.016579	0	0.1	0.00860791
0.062282	1.55469	1.95258	3.052e-15	7.89388e-16	3.31451e-15	3.70898e-33	1.06425e-34	-1.1754e-33	0.254817	0.0165457	0	0.1	0.0108313
-2.3997	3.26448	-1.65532	1.8679e-11	-1.92842e-11	-8.56102e-12	-6.50567e-27	-1.06193e-26	2.95616e-28	0.254714	0.0165256	0	0.1	0.00479592
-1.01122	-3.72212	-2.13575	2.55656e-15	7.51895e-16	2.98562e-15	6.85147e-32	-1.08456e-31	-5.12361e-32	0.254677	0.0165185	0	0.1	0.00936264
-2.14626	-0.58493	1.60008	3.19499e-15	6.25481e-16	3.3093e-15	-6.00282e-32	-2.98302e-32	1.41326e-32	0.254607	0.0165049	0	0.1	0.00886164
2.07893	0.520836	0.328277	3.11663e-15	6.95621e-16	3.0834e-15	1.4217e-32	-6.41478e-32	5.44608e-32	0.254518	0.0164876	0	0.1	0.0121946
-0.960349	-0.504685	-0.394078	3.1787e-15	7.55528e-16	3.06326e-15	7.49815e-31	2.62305e-31	-3.94932e-31	0.254475	0.0164791	0	0.1	0.00844657
-0.578512	-3.3629	0.0714565	3.27689e-15	4.105e-16	2.95322e-15	-1.89046e-31	2.19998e-31	-2.90939e-32	0.254459	0.0164761	0	0.1	0.00805851
-2.11499	0.508856	-1.70828	2.98776e-15	6.31634e-16	2.99296e-15	-2.25659e-32	-2.0997e-32	-5.76203e-33	0.254379	0.0164605	0	0.1	0.0103136
-2.30586	3.75876	-1.57882	3.36222e-15	1.12699e-15	2.97926e-15	-9.13603e-32	1.97636e-31	-4.03109e-32	0.254181	0.0164222	0	0.1	0.00685219
-0.00973048	0.589846	1.41989	1.41552e-11	-2.97298e-11	-6.87158e-12	4.29136e-27	3.66286e-27	-6.30865e-27	0.253994	0.0163859	0	0.1	0.0114311
0.781194	-0.569232	1.51614	-1.25494e-11	1.16116e-12	-2.80553e-11	-3.03873e-27	4.41973e-26	3.2121e-27	0.253973	0.0163818	0	0.1	0.00646636
-2.05078	3.35515	0.129466	2.92413e-15	7.8644e-16	2.94517e-15	1.05533e-31	1.0814e-31	-9.11908e-32	0.253904	0.0163685	0	0.1	0.00897983
0.549944	1.02108	-2.10187	3.05015e-15	8.05167e-16	3.31062e-15	-4.37046e-34	-6.94702e-35	1.17307e-34	0.253737	0.0163362	0	0.1	0.011062
-1.86146	-4.03862	0.503133	3.05308e-15	8.0373e-16	3.30029e-15	1.32529e-34	1.45509e-33	-4.16894e-35	0.253624	0.0163144	0	0.1	0.0111248
1.4807	1.61346	1.5942	2.60497e-15	4.79031e-16	3.6426e-15	-3.04238e-32	-2.72449e-31	-5.21595e-31	0.253364	0.0162643	0	0.1	0.0060801
0.541724	0.778992	0.075005	2.97927e-15	9.13774e-16	3.25828e-15	-2.57851e-33	-1.83064e-32	-2.69086e-32	0.253199	0.0162325	0	0.1	0.00916613
-1.81855	-0.554818	0.862011	3.58924e-15	1.32598e-15	3.65165e-15	3.02132e-31	1.59917e-31	-4.12265e-32	0.253173	0.0162275	0	0.1	0.00819011
-2.12869	-1.94782	-1.14251	3.09455e-15	9.7914e-16	3.31045e-15	-1.78495e-32	-7.35525e-33	-3.30408e-32	0.253138	0.0162208	0	0.1	0.016707
-0.60346	-3.78451	1.86868	3.21765e-15	8.87189e-16	3.2061e-15	3.04943e-32	6.9082e-32	7.99581e-33	0.25306	0.0162057	0	0.1	0.00849544
2.03414	-4.29742	-0.120913	2.98215e-15	9.17735e-16	3.33288e-15	8.29744e-33	3.827e-33	6.20398e-33	0.252994	0.0161931	0	0.1	0.0102108
1.02461	3.41712	0.512387	3.13439e-15	8.83575e-16	3.09228e-15	5.49595e-32	5.27238e-32	-6.71083e-32	0.252875	0.0161702	0	0.1	0.0130342
0.565379	0.468488	-0.395837	3.13219e-15	5.17981e-16	3.23969e-15	-7.52569e-32	-9.50622e-32	2.51967e-31	0.252828	0.0161614	0	0.1	0.0127846
1.44034	3.93847	0.294822	-8.11124e-11	8.44413e-13	5.13018e-11	6.46177e-26	-1.65069e-25	2.91879e-26	0.252733	0.0161431	0	0.1	0.0111694
-0.560487	-3.15923	0.569485	3.13319e-15	6.3242e-16	3.41562e-15	3.37221e-32	2.98985e-31	2.96765e-32	0.252648	0.0161269	0	0.1	0.00706949
1.08452	-2.90715	1.25981	3.05942e-15	9.48591e-16	3.25655e-15	-1.98949e-32	1.95294e-31	-8.56302e-32	0.252486	0.0160957	0	0.1	0.00696123
2.44345	-2.66327	2.26241	3.02853e-15	7.43095e-16	3.27285e-15	-1.11896e-32	-1.38396e-32	1.08002e-32	0.252467	0.0160921	0	0.1	0.0113383
0.807245	4.01815	-1.11858	4.91136e-11	-6.10628e-13	2.68698e-11	4.41949e-26	-5.64505e-26	1.54174e-26	0.252405	0.0160802	0	0.1	0.00825879
-0.712345	-1.73113	-2.37213	2.83759e-15	1.01374e-15	2.98736e-15	1.54747e-31	-7.10188e-32	2.47312e-32	0.252271	0.0160547	0	0.1	0.00762447
1.73243	-3.45832	0.42832	-1.19004e-11	1.81008e-11	-2.02883e-11	-2.19787e-26	3.85143e-26	4.6856e-26	0.252227	0.0160462	0	0.1	0.00879561
0.401254	4.24631	1.65192	2.95435e-15	1.26633e-15	3.38203e-15	-7.8289e-33	-6.2211e-32	-1.11376e-32	0.25213	0.0160277	0	0.1	0.0111476
1.78816	4.49327	-2.39864	2.97854e-15	7.7095e-16	3.27886e-15	-1.78478e-31	9.30704e-32	-3.44229e-31	0.252103	0.0160226	0	0.1	0.00899676
-0.735934	3.786	-1.61083	3.04328e-15	8.04463e-16	3.29402e-15	-4.6687e-34	1.65883e-33	1.33034e-34	0.252085	0.0160192	0	0.1	0.0104629
0.533946	1.2658	-0.143214	2.95016e-15	8.27695e-16	3.95625e-15	2.2178e-32	-4.71326e-32	7.78608e-32	0.252071	0.0160166	0	0.1	0.0130867
2.12688	-1.1113	-0.0940722	3.16067e-15	9.11207e-16	3.51526e-15	-1.87338e-32	-5.65394e-32	1.44269e-32	0.251448	0.0158981	0	0.1	0.00736337
1.00644	3.69621	1.50647	2.62335e-15	6.2602e-16	3.22457e-15	1.70517e-31	-3.46777e-31	3.65507e-32	0.251402	0.0158893	0	0.1	0.00790601
1.47738	-3.50535	-0.372093	3.10919e-15	4.2365e-16	3.22129e-15	4.1692e-32	3.73216e-32	2.07767e-33	0.251261	0.0158626	0	0.1	0.0127086
1.74532	2.33726	0.900102	3.30872e-15	7.22471e-16	3.14535e-15	2.79115e-31	1.84765e-31	-1.60269e-31	0.251168	0.0158451	0	0.1	0.00711118
0.987314	-0.588284	1.97688	1.22091e-11	-1.12741e-12	2.72874e-11	-4.7788e-27	1.28907e-26	2.69599e-27	0.251129	0.0158376	0	0.1	0.0167444
-0.410489	-4.13228	-1.09791	3.17415e-15	5.3716e-16	3.45684e-15	-5.38707e-32	3.30845e-33	-1.77741e-33	0.250874	0.0157895	0	0.1	0.00776011
-2.31721	3.53414	-0.740193	-2.22286e-11	-2.31114e-11	1.14249e-12	5.05724e-27	-2.23221e-27	5.29385e-26	0.250776	0.015771	0	0.1	0.00666872
-1.21745	3.09545	-1.81602	2.97414e-15	1.09843e-15	3.62545e-15	-1.43183e-31	1.11424e-31	-1.66842e-32	0.250488	0.0157167	0	0.1	0.00698415
-1.58036	-4.37246	-1.41643	3.00793e-15	1.45926e-16	3.21462e-15	8.28643e-32	1.22251e-33	-5.02716e-32	0.250471	0.0157136	0	0.1	0.00794944
-1.93075	-3.20845	-0.136428	-1.86368e-11	-1.33943e-11	-7.49589e-12	1.2922e-27	2.26509e-26	-4.30091e-26	0.250458	0.015711	0	0.1	0.00843816
-1.34426	-3.93034	-1.40376	7.90722e-11	-3.62164e-11	-2.72907e-12	-8.18865e-28	-5.19942e-28	-2.24454e-26	0.250287	0.0156788	0	0.1	0.0066744
-0.57527	-0.463455	-0.0700412	3.06617e-15	9.49113e-16	3.26161e-15	1.18513e-32	1.2149e-31	-3.95916e-32	0.250205	0.0156635	0	0.1	0.00576035
0.282607	-1.85986	1.51233	2.75224e-15	6.69073e-16	2.92799e-15	-1.27484e-31	7.62409e-32	-2.27548e-31	0.250134	0.0156501	0	0.1	0.00998156
0.280624	3.9208	-0.147942	1.294e-11	-2.72854e-11	4.3268e-11	-5.95396e-26	-1.72426e-26	6.88364e-27	0.250082	0.0156404	0	0.1	0.00874654
1.23223	-3.12075	-0.163894	3.22453e-15	5.35989e-16	3.16734e-15	-5.85103e-31	-2.06219e-31	-1.02439e-30	0.250067	0.0156376	0	0.1	0.00762684
-2.46381	-3.08121	-0.404924	3.15688e-15	1.00131e-15	3.26897e-15	3.67609e-31	7.48388e-32	-3.12122e-32	0.250041	0.0156327	0	0.1	0.0073094
1.5683	-3.00076	1.16112	3.09467e-15	1.39025e-15	2.82887e-15	-6.55619e-32	8.16939e-32	-6.35528e-32	0.249964	0.0156183	0	0.1	0.0107817
-1.66642	0.927125	-1.08984	3.48951e-15	7.40235e-16	3.17801e-15	-3.00314e-32	3.57623e-32	6.39063e-32	0.249932	0.0156122	0	0.1	0.0115135
1.94987	-0.562708	0.0269863	3.33575e-15	5.42365e-16	3.5749e-15	4.77532e-32	1.21109e-31	-2.2883e-32	0.249886	0.0156037	0	0.1	0.0100018
-1.77621	-3.21416	-1.67996	3.18155e-15	5.27957e-16	3.88812e-15	-4.44513e-32	-2.65056e-32	-9.05532e-33	0.24978	0.0155838	0	0.1	0.00831081
-1.5129	4.41569	1.73168	2.78302e-15	1.0954e-15	3.20035e-15	2.9464e-31	-1.23821e-31	-2.26849e-31	0.249775	0.0155829	0	0.1	0.00745307
2.44626	1.43093	0.153563	3.14581e-15	7.41112e-16	3.42408e-15	-8.51309e-33	-4.62838e-32	-1.87375e-32	0.24966	0.0155613	0	0.1	0.0123582
-1.47073	0.0233982	2.39196	3.02894e-15	8.82146e-16	3.22643e-15	-6.01245e-32	1.38482e-33	-3.09309e-32	0.249327	0.0154992	0	0.1	0.00668452
1.78874	4.42589	0.212844	2.96855e-15	5.30455e-16	3.32914e-15	1.71901e-33	-7.76163e-32	9.17059e-32	0.249293	0.0154927	0	0.1	0.00878039
1.37551	0.220541	-1.92052	2.93559e-15	8.10239e-16	3.73027e-15	4.42021e-33	-2.27953e-32	-1.07282e-32	0.249284	0.0154911	0	0.1	0.00674239
1.97359	-4.26596	-1.00829	3.44186e-15	1.10589e-15	3.1636e-15	1.91718e-32	1.50809e-31	-1.4026e-32	0.249204	0.0154762	0	0.1	0.0117926
-0.394821	-1.85703	1.43235	-1.90522e-11	3.0858e-11	-3.4252e-11	-2.39196e-26	3.37314e-26	4.35047e-26	0.249177	0.0154712	0	0.1	0.0150474
0.472116	-1.04504	-0.731297	2.96233e-15	7.78048e-16	3.0599e-15	5.99005e-32	6.61375e-32	2.04472e-32	0.249145	0.0154652	0	0.1	0.00894984
1.83456	-0.680935	-1.33938	3.23378e-15	9.3826e-16	3.33501e-15	1.16513e-33	-3.44281e-33	-9.83453e-34	0.249053	0.0154482	0	0.1	0.0134356
-1.49131	0.324778	-0.206293	2.90172e-15	9.56501e-16	3.50176e-15	3.96782e-33	6.62468e-32	6.48113e-32	0.248992	0.0154368	0	0.1	0.00863605
2.28153	-3.82658	-1.44636	-1.07136e-10	9.4543e-12	3.60285e-11	2.61642e-27	1.00275e-25	-1.92535e-26	0.248987	0.0154359	0	0.1	0.00747878
0.162396	-2.83262	-1.80005	3.12823e-15	9.33182e-16	3.40376e-15	-1.42426e-32	-3.82306e-32	5.49838e-32	0.248955	0.0154298	0	0.1	0.00920714
-1.2031	4.09303	2.00817	2.96568e-15	9.22712e-16	3.40164e-15	-1.76003e-32	-3.92508e-32	2.10872e-32	0.248895	0.0154187	0	0.1	0.00959332
-1.80092	2.45297	0.392777	2.98156e-15	4.7684e-16	3.3675e-15	-2.29458e-31	4.60798e-31	-1.28909e-32	0.248817	0.0154043	0	0.1	0.0113885
-1.02326	-2.46286	2.44325	3.18558e-15	7.67948e-16	3.60337e-15	1.47828e-32	1.6966e-32	2.37971e-33	0.248702	0.0153828	0	0.1	0.00648259
-0.336293	3.0337	-0.777378	3.09321e-15	7.88537e-16	3.20732e-15	-6.5918e-33	-1.21508e-32	-1.29054e-32	0.248571	0.0153587	0	0.1	0.00815344
-1.60772	-1.10677	-0.0899942	3.07458e-15	7.92496e-16	3.07837e-15	1.43616e-31	1.67326e-31	1.44402e-33	0.248548	0.0153544	0	0.1	0.00807794
0.345641	1.66051	-0.435434	3.61245e-15	1.19883e-16	3.46267e-15	7.61184e-31	-4.07763e-32	3.28148e-31	0.248548	0.0153543	0	0.1	0.00655593
1.43432	-0.972041	-1.39148	1.43859e-11	-2.90241e-11	2.81108e-11	-2.87365e-26	-4.30683e-27	9.82937e-27	0.24853	0.0153511	0	0.1	0.00724269
-2.3494	3.32667	2.0774	-2.89563e-11	-1.90965e-11	-1.4213e-11	-4.49545e-26	2.25575e-26	6.24964e-26	0.248434	0.0153333	0	0.1	0.00823649
-1.92501	-2.60036	1.12781	2.80644e-15	2.00546e-16	3.32863e-15	4.4464e-32	-3.3584e-32	1.03089e-32	0.248359	0.0153193	0	0.1	0.00759751
0.672284	-0.536852	-1.20211	3.00363e-15	8.6489e-16	3.91501e-15	-7.31158e-32	2.29622e-32	-8.76537e-32	0.248141	0.0152789	0	0.1	0.0101729
-0.69204	0.988069	-1.50327	3.04794e-15	8.12848e-16	3.3183e-15	7.91089e-33	8.53966e-33	-6.47217e-33	0.248002	0.0152534	0	0.1	0.0213039
0.49908	1.67473	1.66714	2.72174e-15	8.50539e-16	3.56046e-15	-3.67e-31	1.93379e-31	2.62589e-31	0.247923	0.0152388	0	0.1	0.00665905
-1.02092	-1.69787	1.19573	3.05073e-15	8.05674e-16	3.31129e-15	-2.44133e-33	-5.66669e-33	5.54937e-33	0.24791	0.0152364	0	0.1	0.0163837
-2.38439	1.32121	-2.26031	3.25629e-15	4.55946e-16	3.29548e-15	1.40901e-32	-7.09487e-32	9.51823e-32	0.247861	0.0152273	0	0.1	0.0116818
-0.323334	2.49039	-0.195727	3.09851e-15	6.97877e-16	3.38935e-15	5.84086e-32	3.25741e-32	1.29047e-31	0.247815	0.0152188	0	0.1	0.00721457
-0.336983	-0.515955	-1.06633	2.60207e-15	7.29559e-16	3.21149e-15	-1.63906e-31	7.98842e-33	2.29214e-32	0.24777	0.0152105	0	0.1	0.00729098
0.676299	1.86904	-1.57196	-1.71245e-11	-4.53498e-12	-2.76641e-11	1.91215e-26	-1.05797e-26	-2.8387e-26	0.247718	0.015201	0	0.1	0.00766846
0.67538	4.06742	-1.81321	3.03891e-15	8.62099e-16	3.30475e-15	-2.22666e-33	1.95058e-32	1.0028e-32	0.247653	0.015189	0	0.1	0.00854044
1.63459	-0.770678	0.354498	2.7611e-15	8.62764e-16	3.12968e-15	-5.88659e-31	1.05797e-31	1.98045e-31	0.247552	0.0151705	0	0.1	0.0114288
1.04086	-1.99658	-0.819837	-3.24589e-11	3.9438e-12	1.58804e-11	2.4696e-27	1.58824e-26	1.01766e-27	0.247417	0.0151457	0	0.1	0.00593909
0.356	-0.713968	1.0085	2.8437e-15	8.39348e-16	3.25302e-15	-4.21115e-32	1.21369e-32	3.69909e-32	0.247413	0.0151449	0	0.1	0.00997332
1.67304	1.93991	1.2277	3.18598e-15	7.17629e-16	3.18627e-15	1.2316e-32	-1.38052e-32	-7.19412e-32	0.247374	0.0151378	0	0.1	0.00677014
-0.220665	1.03298	1.52236	-1.52934e-11	3.21355e-11	7.43414e-12	7.48893e-27	4.19162e-27	-2.19601e-27	0.247362	0.0151356	0	0.1	0.0108231
0.636153	-4.5093	-0.60318	3.14214e-15	5.49094e-16	3.23648e-15	2.55702e-32	-1.93932e-31	3.23193e-32	0.247199	0.0151056	0	0.1	0.00834424
-2.15189	0.429111	1.47662	4.337e-11	1.07006e-11	5.3487e-11	-6.70412e-27	-8.78647e-26	-1.50715e-26	0.246967	0.0150632	0	0.1	0.00999358
0.702659	4.11909	-0.356079	2.86019e-15	5.58069e-16	3.33053e-15	-8.54171e-32	8.02022e-32	-1.58958e-31	0.246927	0.0150559	0	0.1	0.00681418
-0.684363	-3.62321	2.49688	-9.48669e-11	4.58887e-11	5.49067e-11	-1.13602e-26	-8.47044e-27	-1.40975e-26	0.246807	0.0150339	0	0.1	0.00984888
2.24205	-0.545204	2.1241	2.73114e-15	9.16064e-16	3.23279e-15	1.22677e-32	2.23828e-32	-1.22962e-31	0.246693	0.015013	0	0.1	0.0148038
-0.517947	-3.23667	-0.746669	3.02112e-15	8.7501e-16	3.27286e-15	4.84018e-32	-8.44308e-33	-5.09585e-32	0.246676	0.01501	0	0.1	0.0122468
0.301205	4.18839	-1.06366	3.28349e-15	8.142e-16	3.11334e-15	1.31953e-33	-6.29992e-32	1.69766e-34	0.246457	0.01497	0	0.1	0.00798019
-0.55421	-2.63184	2.42641	-2.69689e-11	-1.96288e-11	3.00027e-11	7.2352e-26	-2.84915e-26	4.63693e-26	0.246336	0.014948	0	0.1	0.00611503
-0.77843	1.74956	0.516885	3.08953e-15	8.75198e-16	3.29183e-15	1.51613e-32	-1.38923e-32	-2.40098e-32	0.24629	0.0149396	0	0.1	0.0113756
2.35577	2.98132	0.743946	2.83838e-15	7.30779e-16	3.45005e-15	8.06541e-31	8.04291e-31	1.34126e-31	0.246281	0.0149381	0	0.1	0.00679845
2.27094	3.61207	-1.80253	-1.24397e-11	1.31326e-11	-5.55786e-12	-1.17156e-26	-1.24005e-26	-1.40601e-27	0.246247	0.0149319	0	0.1	0.00602854
0.985538	-2.12695	-0.269625	3.13473e-11	-3.57659e-12	-8.43956e-12	-2.16315e-27	-4.52013e-28	-7.47162e-27	0.246246	0.0149317	0	0.1	0.00774002
1.10961	1.95883	-1.3525	2.14408e-11	4.44292e-12	1.08604e-11	1.84771e-26	-1.70328e-26	-2.98631e-26	0.246225	0.0149279	0	0.1	0.010853
-1.77505	-2.97002	1.92639	3.42208e-11	4.78676e-12	-6.01542e-12	-1.00517e-27	2.7313e-29	-5.94781e-27	0.246004	0.0148876	0	0.1	0.00879063
2.3974	-1.99624	-0.993542	3.12905e-15	6.83613e-16	3.38757e-15	9.37041e-33	-2.17216e-32	-3.11993e-32	0.245876	0.0148645	0	0.1	0.0102365
2.16444	1.11083	1.10515	-1.86556e-11	-2.73009e-11	-2.70917e-11	1.6782e-26	4.4386e-26	-5.50193e-26	0.245817	0.0148537	0	0.1	0.00708446
-1.25127	1.60597	1.38458	3.03725e-15	8.02869e-16	3.31198e-15	-1.72736e-34	-1.7148e-34	-1.53776e-33	0.245568	0.0148087	0	0.1	0.0201471
-0.0815513	-2.01699	0.13661	2.90761e-15	7.4877e-16	3.35599e-15	-2.89409e-32	2.85461e-32	1.8728e-32	0.245289	0.0147582	0	0.1	0.0139184
-0.233627	-4.45356	-1.64733	3.06249e-15	9.00077e-16	3.29375e-15	-1.60791e-32	4.30329e-33	-5.7478e-33	0.245158	0.0147346	0	0.1	0.00771949
1.69493	-0.995963	-1.81693	-1.08691e-11	-2.321e-11	1.88447e-12	1.34483e-26	-8.47246e-27	-2.61073e-26	0.245057	0.0147163	0	0.1	0.00712388
-1.60677	-2.55881	1.71693	-2.16444e-11	5.4241e-12	2.96138e-11	-2.00932e-26	-8.11583e-26	4.77926e-28	0.245035	0.0147124	0	0.1	0.00865135
0.529987	3.76678	1.62685	2.67427e-15	1.19289e-15	3.17105e-15	4.66527e-32	3.08072e-32	5.06185e-32	0.244981	0.0147027	0	0.1	0.0112425
0.5629	2.02189	-2.02634	2.95506e-15	7.42936e-16	3.43917e-15	3.53712e-31	3.98168e-32	3.66482e-32	0.244911	0.0146901	0	0.1	0.00764802
1.21815	-1.77831	1.32934	3.09119e-15	7.23654e-16	3.21253e-15	1.41501e-32	1.6608e-32	-8.1752e-33	0.244869	0.0146825	0	0.1	0.00844602
-2.38458	-0.0883036	0.821164	2.97408e-15	6.35817e-16	3.3605e-15	-1.00199e-32	-2.28388e-32	-4.90954e-36	0.244864	0.0146816	0	0.1	0.00860099
1.84333	-3.96263	-1.64218	3.78682e-11	3.51838e-12	-3.31351e-11	4.64912e-27	-1.30348e-25	-8.35777e-27	0.244722	0.0146562	0	0.1	0.0096324
1.46975	4.34407	0.581288	6.32895e-12	8.72252e-11	6.16074e-11	1.95399e-25	-1.1038e-26	-5.00161e-27	0.244704	0.0146528	0	0.1	0.00788787
0.583861	-3.77753	-1.14145	5.42744e-11	-2.13405e-11	6.86352e-12	-8.24099e-26	-1.15058e-25	1.14636e-26	0.24466	0.0146449	0	0.1	0.00533135
-0.345621	-4.51304	-0.745915	3.02929e-15	9.65984e-16	3.13914e-15	5.03575e-31	3.40835e-31	-9.07749e-32	0.244608	0.0146356	0	0.1	0.00520567
-0.0291626	-0.890661	1.2739	2.78872e-15	9.25981e-16	3.35256e-15	1.21519e-30	8.39556e-32	-1.24922e-31	0.244579	0.0146305	0	0.1	0.00667036
1.48155	1.45241	2.40219	4.34986e-11	-8.26737e-12	1.31292e-12	-1.12048e-27	-1.32488e-27	2.77149e-26	0.244563	0.0146276	0	0.1	0.00792762
2.47295	0.130949	-1.49402	2.93952e-15	7.65956e-16	3.19744e-15	-7.88751e-32	-1.56421e-32	-1.05841e-32	0.244538	0.0146231	0	0.1	0.0122538
2.24357	3.10263	2.24197	3.02121e-15	9.21583e-16	3.50913e-15	-1.26206e-32	-2.2015e-32	-2.82678e-33	0.244316	0.0145832	0	0.1	0.0078754
-1.81633	1.12816	0.448191	2.85457e-15	8.59235e-16	3.02195e-15	-1.79332e-31	-6.84978e-32	-2.81968e-31	0.244283	0.0145774	0	0.1	0.00686418
1.16813	2.59081	-1.84175	2.89531e-15	6.92547e-16	3.36913e-15	7.0502e-34	-2.11998e-32	-2.10814e-32	0.244002	0.0145271	0	0.1	0.0118451
0.315534	-3.51928	-1.4576	3.80602e-11	3.10807e-11	-3.96785e-11	-1.14994e-25	-1.09584e-25	1.46726e-26	0.243851	0.0145002	0	0.1	0.00710555
-1.43479	-2.67366	0.393031	3.36774e-15	8.05515e-16	3.18414e-15	2.29264e-32	6.81666e-32	7.75692e-32	0.243848	0.0144996	0	0.1	0.00820644
0.537328	-2.95123	-0.158144	2.99084e-15	8.80965e-16	3.09388e-15	-7.75325e-32	6.59076e-32	-7.82421e-33	0.243706	0.0144744	0	0.1	0.0059964
-1.90453	-2.45679	0.657688	3.14254e-15	8.56352e-16	3.5082e-15	9.49843e-32	-8.80834e-32	-9.67023e-33	0.243422	0.0144237	0	0.1	0.00624296
1.47909	-2.04981	-1.03417	3.3977e-11	-4.12568e-12	-1.6613e-11	2.66062e-27	2.20891e-26	7.45454e-29	0.243314	0.0144046	0	0.1	0.00634523
-0.984212	1.35006	0.114779	3.28333e-15	7.51696e-16	3.20825e-15	-1.79592e-32	2.39398e-33	-5.44723e-32	0.243223	0.0143885	0	0.1	0.0117588
-2.3456	2.42981	-0.318685	2.84953e-15	9.33274e-16	3.25103e-15	2.26686e-32	9.29138e-32	2.91224e-32	0.243011	0.0143509	0	0.1	0.00992548
1.58773	-1.13242	1.46876	3.15001e-15	9.13396e-16	3.29535e-15	-3.00669e-32	-5.81165e-32	1.26668e-31	0.242882	0.0143279	0	0.1	0.00810221
0.474802	-3.31207	-1.04717	-8.81878e-12	3.76509e-11	7.62971e-12	2.84647e-26	2.69346e-27	2.00155e-26	0.242612	0.0142803	0	0.1	0.0065163
-0.890467	0.630745	-2.34835	3.23008e-15	6.69381e-16	3.10643e-15	-7.49824e-33	9.97554e-32	4.52001e-32	0.242476	0.0142562	0	0.1	0.0121588
-1.9316	1.13753	-2.22145	3.10628e-15	9.09717e-17	3.48756e-15	-5.91506e-33	-8.15533e-34	1.20877e-31	0.242265	0.0142191	0	0.1	0.0130032
0.746482	-0.160624	-0.751013	2.71269e-15	5.69723e-16	3.21618e-15	-1.54857e-31	-1.62502e-31	6.36565e-32	0.242052	0.0141816	0	0.1	0.00943499
-0.324828	3.123	0.738054	2.9764e-15	7.67098e-16	3.3959e-15	1.56767e-33	-7.14134e-33	-1.8533e-32	0.24203	0.0141777	0	0.1	0.00912073
1.23722	1.61613	-1.70274	3.0497e-15	8.04461e-16	3.30981e-15	2.59982e-34	-3.1833e-34	-1.17787e-34	0.241911	0.0141568	0	0.1	0.0109012
-0.701107	-2.77572	-0.96342	-4.1934e-11	-2.18117e-12	5.28667e-12	-1.19771e-27	1.71971e-27	-8.93809e-27	0.2419	0.0141549	0	0.1	0.0152649
-0.742321	3.15519	-1.69881	3.08218e-15	8.02623e-16	3.35994e-15	-5.49831e-33	1.23571e-33	-5.97078e-33	0.241847	0.0141456	0	0.1	0.0125158
2.30016	4.35737	2.17253	2.97698e-15	1.60479e-15	4.53668e-15	-3.39562e-31	2.13125e-31	-3.82624e-31	0.241827	0.0141421	0	0.1	0.0141211
-1.58888	-3.80185	-0.930736	2.98396e-15	8.79342e-16	3.29534e-15	2.8453e-32	1.15195e-33	-1.50093e-32	0.241789	0.0141354	0	0.1	0.00900098
-0.169486	-1.67351	-0.197605	3.05613e-15	7.11327e-16	3.24907e-15	-1.95877e-32	2.26129e-32	1.98524e-33	0.24175	0.0141286	0	0.1	0.00745201
-1.60562	-0.0898251	1.9335	2.89338e-15	8.35004e-16	3.27116e-15	7.49035e-32	4.01821e-32	-3.85141e-32	0.241745	0.0141278	0	0.1	0.00622141
2.23849	1.95473	-0.880392	3.04085e-15	8.1161e-16	3.32019e-15	7.5609e-33	-1.80913e-33	8.54756e-33	0.241636	0.0141087	0	0.1	0.0100933
-0.410021	3.24932	-2.03726	3.05541e-15	7.92066e-16	3.31744e-15	2.48849e-33	3.82529e-33	-3.12524e-32	0.241631	0.0141078	0	0.1	0.00782345
0.489902	0.190309	-0.962998	3.10169e-15	1.00482e-15	3.42232e-15	-1.58225e-31	-5.30924e-32	7.73528e-32	0.241573	0.0140975	0	0.1	0.00975732
-2.47111	1.25653	-1.71941	3.23695e-15	6.72904e-16	3.41257e-15	-2.74002e-32	-3.46388e-33	7.18743e-32	0.241415	0.01407	0	0.1	0.013761
-2.49553	-0.152871	-0.113373	3.04983e-15	8.04593e-16	3.30971e-15	0	0	0	0.241399	0.0140672	0	0.1	0.020964
0.416623	-2.25577	-1.4345	3.22156e-11	-2.05227e-11	2.85706e-11	7.1923e-26	9.42798e-27	-7.24143e-26	0.241363	0.0140609	0	0.1	0.00609542
-1.12214	-1.70367	0.155349	3.35319e-15	5.60924e-16	3.73599e-15	-7.93454e-32	-3.10062e-32	1.13685e-32	0.241326	0.0140545	0	0.1	0.0145489
-0.29587	4.05897	-1.87014	2.94074e-15	7.43901e-16	3.40603e-15	-2.71846e-33	1.36212e-32	-1.98753e-32	0.241273	0.0140452	0	0.1	0.00661383
0.518809	4.15319	-2.26822	3.03338e-15	9.50095e-16	3.31526e-15	-3.59392e-32	8.2315e-33	5.9324e-33	0.241068	0.0140094	0	0.1	0.00656447
0.208693	-1.8054	2.37802	-2.23373e-11	-3.48817e-11	-2.4614e-11	1.33536e-26	2.19453e-26	-4.04053e-26	0.240966	0.0139916	0	0.1	0.00799257
-1.7992	4.46121	2.26673	3.30706e-15	6.69309e-16	3.20883e-15	-2.61649e-32	-1.26855e-31	-2.05716e-32	0.24084	0.0139696	0	0.1	0.00881925
-1.01674	2.68844	0.298394	3.48474e-11	-1.04418e-11	3.24508e-11	3.87132e-26	3.80665e-26	-2.93603e-26	0.240765	0.0139566	0	0.1	0.00730208
1.53451	1.46326	1.12653	2.85392e-15	7.8503e-16	3.54e-15	-2.82479e-31	-9.61072e-32	1.85948e-32	0.240672	0.0139404	0	0.1	0.00587666
-1.84438	-0.321826	-1.906	3.2706e-15	8.0629e-16	3.22136e-15	-9.17474e-32	-1.5892e-31	-1.68512e-31	0.240565	0.0139219	0	0.1	0.0106138
1.20821	4.3021	-1.18781	3.0248e-15	9.81803e-16	3.26396e-15	-8.45283e-33	-9.87656e-32	-2.2133e-33	0.240418	0.0138964	0	0.1	0.00552022
1.31348	-2.40032	-0.0354808	3.26006e-12	4.2901e-12	-3.02179e-11	2.82483e-27	-9.42565e-27	-1.09693e-27	0.240356	0.0138857	0	0.1	0.00725249
-0.315766	2.58731	-1.31336	4.76964e-11	-4.05901e-11	4.78297e-11	1.13563e-25	4.76116e-28	-2.8466e-25	0.240135	0.0138473	0	0.1	0.0103683
-2.40845	4.38228	1.7894	2.71011e-15	7.30656e-16	4.25201e-15	1.02838e-31	7.86482e-32	5.44396e-31	0.240113	0.0138436	0	0.1	0.00907647
-0.966512	-2.12113	-2.2119	2.43061e-15	1.34077e-15	3.22374e-15	1.30061e-31	-4.46679e-32	8.01411e-32	0.239897	0.0138063	0	0.1	0.0088532
1.55857	3.17957	2.35819	3.11919e-15	8.01612e-16	3.46696e-15	2.34415e-32	4.06508e-32	-2.15379e-32	0.239791	0.0137879	0	0.1	0.00934264
-2.49707	1.96933	-0.259104	3.04273e-15	7.8342e-16	3.27687e-15	1.54425e-32	-3.50999e-32	-4.10271e-32	0.239773	0.0137847	0	0.1	0.00838868
2.21314	1.36408	-0.612471	3.01554e-15	1.19909e-15	3.31292e-15	1.39132e-31	-1.64449e-32	-1.00197e-32	0.239506	0.0137389	0	0.1	0.00786451
1.36892	0.0179741	-1.36035	3.1065e-11	-2.88122e-11	-3.09062e-11	7.77777e-26	1.26013e-26	6.56853e-26	0.239478	0.013734	0	0.1	0.0136478
1.99245	3.22028	0.527641	-7.20006e-12	1.7202e-12	1.7244e-11	-1.32954e-26	-4.46171e-26	-1.10385e-27	0.239384	0.0137179	0	0.1	0.008015
-1.65928	3.25826	0.413641	2.65691e-15	1.0882e-15	3.47108e-15	7.84851e-32	6.26094e-32	-2.13835e-31	0.239357	0.0137132	0	0.1	0.00822682
-0.357637	-3.52999	1.0593	3.57722e-15	1.21183e-15	2.86517e-15	-3.01315e-31	1.25579e-31	2.18281e-31	0.239202	0.0136866	0	0.1	0.00896058
-0.388945	-2.79198	-2.14129	2.98254e-15	3.42424e-16	3.3876e-15	-2.91357e-32	3.95386e-32	-6.95017e-32	0.239196	0.0136856	0	0.1	0.00881417
0.512938	-2.76908	-2.17632	2.72192e-15	9.21458e-16	3.38711e-15	5.98211e-33	-1.93651e-31	-1.08579e-31	0.239094	0.013668	0	0.1	0.00779972
0.247354	4.08078	2.22935	2.91114e-15	5.37408e-16	3.05168e-15	4.20678e-32	1.02109e-31	-2.75817e-32	0.239092	0.0136677	0	0.1	0.0112802
-0.906298	2.34249	1.95044	2.89563e-15	1.26205e-15	3.29259e-15	4.42449e-32	1.933e-31	2.16283e-32	0.23907	0.013664	0	0.1	0.00772725
-0.268382	-1.80391	2.43046	-9.63843e-12	3.17319e-11	3.08514e-11	-4.77578e-26	-5.32127e-26	3.97809e-26	0.238954	0.0136441	0	0.1	0.00611961
-1.71038	-3.95658	-0.491917	2.9532e-15	7.135e-16	3.27792e-15	-5.06556e-33	3.7226e-33	1.8704e-32	0.238781	0.0136145	0	0.1	0.00777753
-1.67459	0.267682	1.62051	3.70776e-12	-2.05065e-11	2.41985e-11	-1.56318e-25	-1.33816e-26	1.27007e-26	0.238342	0.0135395	0	0.1	0.00584101
-1.08325	4.25103	1.56272	3.02254e-15	9.45541e-16	3.41864e-15	1.12861e-32	1.36755e-32	-2.53909e-32	0.238076	0.0134942	0	0.1	0.00688094
-0.905998	-4.08637	-0.144435	2.77315e-15	8.71372e-16	3.46043e-15	-9.53776e-31	2.32798e-31	2.63009e-31	0.23804	0.0134881	0	0.1	0.00873765
-0.910183	-1.33796	-1.4129	2.08628e-11	-1.33484e-11	-4.43178e-11	4.82882e-26	-2.15845e-26	2.97625e-26	0.238038	0.0134877	0	0.1	0.0119484
0.576447	-2.39292	-1.86515	3.09441e-15	7.72367e-16	3.16405e-15	2.14551e-32	-1.91396e-32	2.59643e-32	0.238027	0.0134859	0	0.1	0.0101135
0.975404	-1.59047	-0.561897	2.91876e-15	4.04104e-16	4.17399e-15	-1.19507e-31	4.21492e-32	1.10009e-32	0.238018	0.0134843	0	0.1	0.00641033
0.793048	-0.148466	1.26129	2.90668e-13	-6.17955e-12	-3.03464e-11	-1.65447e-26	1.44954e-28	-1.83011e-28	0.237793	0.0134461	0	0.1	0.00720407
-0.062532	2.9687	-1.17613	4.84071e-11	7.29003e-11	2.62332e-11	7.32108e-26	4.24678e-26	-2.57546e-25	0.237793	0.0134461	0	0.1	0.0111061
-1.73544	3.35813	-0.723782	9.89955e-12	-1.0575e-11	2.39071e-11	1.09237e-26	-5.0901e-26	-2.70169e-26	0.237532	0.0134018	0	0.1	0.00524503
-1.56248	4.15947	0.685122	2.85131e-15	7.00807e-16	2.98526e-15	9.20798e-32	-2.46343e-32	3.86872e-32	0.237433	0.0133851	0	0.1	0.00684917
2.23398	-1.16168	-1.80953	-1.56639e-11	4.63999e-12	2.81286e-11	2.3307e-26	1.69279e-26	1.01702e-26	0.237255	0.0133551	0	0.1	0.0105139
-1.95977	-1.24684	-1.80158	6.06389e-12	8.28042e-12	2.76318e-11	6.38647e-26	1.2438e-26	-1.77129e-26	0.237142	0.013336	0	0.1	0.0101674
1.06423	1.97406	-2.06594	1.77591e-11	2.09715e-11	3.05048e-11	-7.86189e-26	5.71676e-26	6.27628e-27	0.236928	0.0132999	0	0.1	0.0118392
1.79547	-0.595871	1.94568	2.72203e-15	1.34826e-15	3.1138e-15	-9.12682e-32	-6.44513e-32	-1.47159e-31	0.236852	0.0132872	0	0.1	0.0132956
-2.11936	2.99159	-2.42967	3.28434e-15	7.59715e-16	3.33316e-15	4.91002e-32	-5.45074e-32	5.4215e-31	0.236803	0.0132788	0	0.1	0.00714395
0.131488	-3.94898	-1.11807	3.04982e-15	8.04601e-16	3.30972e-15	-1.42752e-36	6.7117e-36	3.08367e-36	0.236802	0.0132787	0	0.1	0.00675505
-1.33142	3.80701	0.456452	-3.40523e-11	1.06007e-12	1.69567e-11	-9.51518e-28	-3.93276e-26	4.25174e-28	0.236724	0.0132655	0	0.1	0.00760337
-1.6951	2.2335	1.42249	2.88908e-15	6.73625e-16	3.15158e-15	-1.24564e-31	-1.12584e-32	-1.7286e-32	0.236581	0.0132416	0	0.1	0.0136248
2.0681	0.361784	-0.48457	2.44996e-11	-4.15811e-11	-1.98662e-11	7.47018e-27	2.90855e-26	-5.18371e-26	0.236557	0.0132376	0	0.1	0.0129549
1.00741	-0.536338	-0.61019	2.97511e-15	6.6854e-16	3.0265e-15	3.87428e-32	-1.55058e-31	-1.66915e-31	0.236548	0.013236	0	0.1	0.00841409
0.190879	4.00554	-1.94732	3.0423e-15	8.25892e-16	3.28653e-15	-5.80991e-32	-1.51508e-32	5.56709e-33	0.236448	0.0132192	0	0.1	0.00638279
0.449249	-2.96869	0.881943	1.83254e-11	2.13445e-11	3.17432e-11	-1.12597e-25	4.34519e-26	3.54836e-26	0.236428	0.013216	0	0.1	0.0091308
-1.74256	1.40372	-1.59668	3.14377e-15	8.12582e-16	3.16515e-15	1.14445e-32	5.44741e-32	-9.94619e-33	0.236339	0.0132009	0	0.1	0.0109524
-2.05484	0.346657	1.94284	3.05421e-11	-2.59467e-11	1.46718e-10	-1.03325e-25	-9.25855e-26	4.9362e-27	0.236332	0.0131998	0	0.1	0.00615293
-0.189451	3.26467	1.17421	3.06319e-15	8.18698e-16	3.35341e-15	-9.3288e-35	6.85056e-33	-2.06664e-33	0.236114	0.0131634	0	0.1	0.0153641
1.03628	3.85264	-0.011324	2.94779e-11	-1.1365e-11	-3.47871e-11	-4.77905e-26	-2.94588e-26	-5.28117e-26	0.236071	0.0131561	0	0.1	0.00766131
-1.99765	4.03703	0.227485	3.43387e-11	2.60923e-11	-3.07152e-11	1.43104e-26	-6.34565e-27	1.26523e-26	0.235985	0.0131418	0	0.1	0.00904638
2.32185	-2.26171	-2.48754	2.86449e-15	7.99207e-16	3.10977e-15	7.70968e-32	-2.23358e-32	-4.70476e-33	0.235952	0.0131362	0	0.1	0.0187936
-1.93576	3.25742	-1.4959	3.12093e-15	6.68052e-16	3.46423e-15	4.05879e-32	1.84584e-32	1.17056e-31	0.235904	0.0131283	0	0.1	0.00645392
0.00696189	1.44005	-2.46978	3.1165e-15	6.91847e-16	3.33449e-15	6.96761e-34	-2.07456e-32	-2.11326e-33	0.235895	0.0131268	0	0.1	0.0106097
-1.22987	-1.95479	0.843059	3.05021e-15	8.03981e-16	3.30779e-15	-2.12301e-33	-7.49386e-33	5.74211e-33	0.235839	0.0131174	0	0.1	0.0179941
-1.63258	0.893863	-1.57321	3.0542e-15	9.02304e-16	3.14168e-15	-1.4515e-32	-2.71044e-32	2.46595e-32	0.235733	0.0130998	0	0.1	0.00928859
-1.66361	-2.13797	0.922163	2.48999e-11	-1.48808e-11	-8.02691e-12	-1.11711e-26	-4.87286e-26	5.55228e-26	0.235687	0.013092	0	0.1	0.00895012
0.882694	2.69565	-0.469505	8.52241e-11	7.06766e-12	-6.36365e-11	4.08969e-26	3.96575e-28	-6.51298e-26	0.235674	0.0130899	0	0.1	0.0110233
2.25533	1.76487	-1.34591	3.21919e-15	6.4921e-16	3.24371e-15	2.97931e-31	6.82613e-32	-1.53869e-31	0.235637	0.0130837	0	0.1	0.0113836
2.48328	3.9758	-1.16909	-3.07049e-11	-8.0288e-13	4.47572e-12	2.31114e-28	2.28736e-26	5.81813e-27	0.235489	0.013059	0	0.1	0.00740352
1.87002	1.44456	2.02536	-2.76928e-11	-2.09757e-11	3.16054e-11	-1.1857e-25	1.12255e-25	-3.02265e-26	0.235458	0.0130539	0	0.1	0.0133821
-0.103965	-0.375149	-0.147738	-3.79199e-11	1.55976e-11	-6.49215e-12	-1.77218e-27	2.06328e-26	6.15331e-26	0.235403	0.0130448	0	0.1	0.00557235
2.48655	2.79218	-1.71896	3.20455e-15	1.11033e-15	3.16173e-15	-2.61718e-32	-1.72056e-31	2.04575e-31	0.235218	0.013014	0	0.1	0.00719378
-2.0676	0.880732	-1.39328	3.08411e-15	4.83996e-16	3.18548e-15	9.94641e-32	-1.58393e-32	1.73421e-32	0.235211	0.0130128	0	0.1	0.00738209
-0.752344	-1.42641	2.24949	3.07816e-15	1.04357e-15	2.97713e-15	2.33342e-32	-5.0275e-33	-2.40301e-32	0.235173	0.0130065	0	0.1	0.00957831
1.57569	2.8419	-1.86224	2.93559e-15	6.30629e-16	3.21255e-15	-1.76754e-31	1.18546e-31	9.74575e-32	0.235071	0.0129896	0	0.1	0.00684282
-2.11414	-3.90601	0.900209	2.83387e-15	8.8049e-16	3.19412e-15	-1.66926e-31	3.47346e-32	-5.25886e-31	0.235068	0.0129891	0	0.1	0.00619574
0.796762	4.50151	-1.05627	-1.40366e-12	6.48633e-11	8.36443e-12	-1.0586e-26	-1.05586e-27	6.51253e-27	0.235066	0.0129887	0	0.1	0.00555447
-1.98405	2.27848	-2.48688	3.15785e-15	5.2583e-16	3.36961e-15	4.00978e-32	-1.1391e-32	-5.9862e-32	0.235014	0.0129802	0	0.1	0.00744639
1.06082	3.98816	-1.53368	3.15278e-15	8.08491e-16	3.15557e-15	1.39304e-33	4.96738e-32	3.02565e-32	0.234906	0.0129623	0	0.1	0.00754948
1.23273	-1.18077	-1.99329	2.87837e-15	6.00428e-16	3.49811e-15	1.06229e-31	2.58744e-32	7.38991e-32	0.234887	0.0129591	0	0.1	0.00936405
0.587339	-2.89404	-0.630746	3.06676e-15	3.8107e-16	3.02513e-15	-3.81267e-32	-1.31205e-31	-3.0097e-32	0.234874	0.012957	0	0.1	0.0074103
1.56138	0.2973	2.11083	-4.42585e-12	3.02632e-12	-5.36826e-11	4.28287e-27	1.94801e-26	6.98484e-28	0.234781	0.0129416	0	0.1	0.00868703
-0.611987	-2.73517	-1.42999	-2.1275e-11	-6.81943e-12	1.70365e-11	2.06941e-26	-1.7454e-25	-4.45005e-26	0.23474	0.0129349	0	0.1	0.00773119
0.504472	-2.70627	0.322379	2.99048e-15	8.50434e-16	3.50107e-15	2.64538e-33	-1.49168e-32	1.81308e-31	0.234707	0.0129295	0	0.1	0.00728449
-1.55637	-2.9394	0.0141911	2.23031e-11	1.60274e-11	8.97469e-12	5.39601e-27	2.76706e-26	-6.20254e-26	0.234553	0.012904	0	0.1	0.00933399
2.36551	0.102713	-0.75636	3.09604e-15	6.37992e-16	3.4092e-15	1.96644e-32	3.01133e-33	-9.45778e-33	0.234546	0.0129028	0	0.1	0.0140793
-0.0946312	3.8524	2.47736	2.90585e-15	5.7057e-16	3.08007e-15	1.3982e-32	3.13595e-33	4.72332e-32	0.234417	0.0128816	0	0.1	0.0116151
1.99809	1.57366	1.1596	3.0028e-15	8.26271e-16	3.28278e-15	-5.10272e-32	4.39642e-32	-6.41165e-33	0.234416	0.0128814	0	0.1	0.00508732
1.89765	-0.563195	-1.85199	1.21486e-11	2.59291e-11	-2.0977e-12	1.57418e-26	-1.02721e-26	-3.63937e-26	0.234121	0.0128328	0	0.1	0.00978734
1.56206	-2.65166	0.760453	3.17541e-15	9.31419e-16	3.36129e-15	1.83346e-32	-1.38913e-32	2.58913e-33	0.234027	0.0128173	0	0.1	0.0122605
-2.18318	-0.404485	1.14771	3.1626e-15	8.18538e-16	3.38868e-15	-6.60474e-33	2.5058e-31	-1.38983e-31	0.233823	0.0127839	0	0.1	0.00627102
2.39163	3.47259	-1.26576	5.17533e-12	2.36328e-11	2.83991e-11	6.82829e-26	-7.14441e-26	1.50815e-26	0.233771	0.0127752	0	0.1	0.00562417
0.0468023	2.19376	-0.015891	3.06373e-15	7.95918e-16	3.29018e-15	6.25464e-33	4.72462e-32	-1.76159e-32	0.233759	0.0127733	0	0.1	0.0125681
-2.01998	4.23083	0.773096	3.02021e-15	9.27119e-16	3.69796e-15	1.34106e-32	1.39781e-32	-4.07369e-31	0.233739	0.01277	0	0.1	0.0122023
-1.95444	4.26782	1.8621	2.88524e-15	7.823e-16	3.29596e-15	6.41532e-32	-1.67771e-31	1.88598e-31	0.233693	0.0127626	0	0.1	0.00935465
2.2056	3.54005	-0.824024	3.04101e-11	-1.56725e-11	2.97448e-11	-1.45631e-26	2.18253e-26	2.47073e-26	0.233641	0.012754	0	0.1	0.00580759
-0.910512	3.79392	0.246911	3.54139e-11	-1.10088e-12	-1.76256e-11	-1.03262e-27	-4.02119e-26	4.39759e-28	0.233637	0.0127534	0	0.1	0.00735726
-2.05079	3.36191	-0.373783	2.93684e-15	9.77276e-16	3.66764e-15	1.47331e-31	9.81467e-32	7.37531e-32	0.233588	0.0127454	0	0.1	0.00517075
-2.25331	-2.69767	0.21309	2.51795e-15	7.39992e-16	3.53281e-15	-8.65214e-32	8.78845e-32	5.28522e-32	0.233503	0.0127314	0	0.1	0.00832774
0.937856	2.2242	1.87429	3.12721e-15	8.4234e-16	3.26449e-15	8.96143e-32	-1.05539e-31	-3.20352e-34	0.233321	0.0127016	0	0.1	0.00586856
-1.37175	-0.407439	2.19822	3.10886e-15	9.1355e-16	3.17584e-15	-6.35106e-33	1.82469e-31	-1.28858e-31	0.23328	0.0126951	0	0.1	0.00597047
-1.01198	1.91164	1.7658	2.95132e-15	8.10076e-16	3.3867e-15	-9.67897e-34	-4.72112e-32	-2.87997e-33	0.233259	0.0126916	0	0.1	0.0121427
2.13743	-0.890272	-2.36495	3.07417e-15	1.11954e-15	3.26178e-15	-2.35907e-32	1.5923e-32	8.96599e-32	0.233106	0.0126666	0	0.1	0.0140299
-0.129912	3.62129	-1.94597	3.06083e-15	7.99868e-16	3.28776e-15	-6.9433e-33	-1.38921e-32	-5.39014e-32	0.232841	0.0126235	0	0.1	0.00781487
-2.14062	-4.2611	2.25963	2.85433e-15	3.0578e-16	3.20964e-15	-2.8214e-31	1.65048e-31	-2.619e-31	0.232681	0.0125974	0	0.1	0.0103966
1.61176	-3.42957	0.944189	3.19773e-15	1.13449e-15	3.34649e-15	-8.81424e-32	1.60516e-31	-1.91653e-31	0.232555	0.0125769	0	0.1	0.00779376
0.0130286	2.77011	0.00271787	3.12266e-15	7.85584e-16	3.28574e-15	5.37e-32	1.11831e-31	2.18524e-31	0.232387	0.0125497	0	0.1	0.00775479
-1.63106	-0.527813	-0.902564	3.01302e-15	8.68757e-16	3.04649e-15	-2.2515e-32	-2.52337e-33	-1.64077e-32	0.232202	0.0125198	0	0.1	0.00939036
-1.93597	2.25257	-0.481778	2.92176e-15	8.37533e-16	3.53472e-15	1.45092e-31	1.0209e-31	3.09275e-32	0.232182	0.0125166	0	0.1	0.00904385
1.83444	3.67597	-0.577368	2.64305e-15	3.95031e-16	3.75468e-15	-6.83621e-33	3.94143e-32	-1.03849e-31	0.232173	0.0125152	0	0.1	0.00844376
-2.32207	-2.38805	-1.07738	3.05062e-15	9.48115e-16	2.9935e-15	-5.21051e-32	2.9716e-33	7.5381e-33	0.232073	0.0124989	0	0.1	0.00934417
1.25085	-3.61486	2.29168	-4.7054e-12	3.67576e-11	-4.73343e-11	-1.26293e-26	4.98375e-27	5.2643e-27	0.232036	0.012493	0	0.1	0.00721739
0.750806	-1.94799	1.58717	2.73223e-15	7.92412e-16	3.38968e-15	-2.10006e-31	-1.50367e-32	-1.70139e-31	0.231892	0.0124697	0	0.1	0.00575675
2.3502	3.04682	1.74819	3.07276e-15	7.92424e-16	3.51677e-15	1.51701e-33	1.07623e-33	2.29743e-34	0.231874	0.0124668	0	0.1	0.00807481
-2.38554	3.37636	-2.41022	3.18113e-15	6.91691e-16	3.98294e-15	-8.80446e-32	-4.06911e-31	6.99127e-31	0.231344	0.0123816	0	0.1	0.00573485
-0.750419	-3.38584	1.38951	2.94089e-15	1.2958e-15	3.16955e-15	-9.43317e-32	-1.1253e-31	2.00356e-31	0.231199	0.0123583	0	0.1	0.00602099
0.934105	-0.947928	-0.82007	2.99362e-15	6.75727e-16	3.06559e-15	9.20024e-32	-2.69234e-32	5.19219e-34	0.231144	0.0123494	0	0.1	0.00586327
-1.72977	0.180748	0.274211	-4.86579e-12	-3.41814e-11	-3.90689e-12	1.33028e-26	-4.59449e-27	2.30868e-26	0.231109	0.0123439	0	0.1	0.00878491
-1.61203	-0.526438	-2.42177	4.23333e-11	-2.65908e-11	6.63603e-12	-4.04926e-28	2.40436e-26	9.9757e-26	0.231077	0.0123387	0	0.1	0.00530409
1.96024	-2.46907	-0.644871	2.88276e-15	7.3023e-16	3.26929e-15	-8.52864e-32	2.16811e-32	-8.24241e-32	0.23103	0.0123312	0	0.1	0.0068467
-0.413018	-1.33622	-1.13376	2.94664e-15	9.74404e-16	3.01391e-15	-4.04928e-32	9.33413e-33	-2.32629e-32	0.230978	0.0123228	0	0.1	0.0106879
2.24108	0.224015	1.19844	2.71368e-15	7.01447e-16	3.32588e-15	5.76865e-33	8.91074e-33	5.79775e-32	0.230773	0.0122902	0	0.1	0.00998601
-0.516805	-2.17815	-2.43082	3.05478e-15	8.63293e-16	3.32872e-15	7.40714e-33	-2.90283e-34	3.14144e-34	0.23074	0.0122848	0	0.1	0.00533555
0.374774	-0.810283	1.62442	3.1609e-15	1.04434e-15	3.47097e-15	4.08595e-32	-2.42422e-32	5.96764e-32	0.230721	0.0122818	0	0.1	0.00826981
-0.259528	-2.62219	-1.71213	2.26433e-11	7.25757e-12	-1.81204e-11	2.20529e-26	-1.91146e-25	-4.8635e-26	0.230658	0.0122717	0	0.1	0.0061146
-1.60726	0.860611	0.810519	3.01457e-15	8.24065e-16	3.28558e-15	3.45806e-33	7.24567e-32	-8.89169e-33	0.23065	0.0122704	0	0.1	0.00644061
1.74444	4.16616	-1.91616	2.88417e-15	5.88602e-16	3.39704e-15	-3.27442e-31	-3.88898e-31	1.06405e-31	0.230594	0.0122616	0	0.1	0.00657415
-2.10642	-4.42951	-0.0299077	3.05455e-15	7.76052e-16	3.34288e-15	4.50944e-33	7.4656e-33	5.17935e-32	0.23028	0.0122115	0	0.1	0.00853334
-1.89272	-0.626962	2.04593	3.12439e-15	8.25107e-16	2.89289e-15	3.66044e-32	8.38269e-32	-4.11829e-32	0.230137	0.0121888	0	0.1	0.00789329
-2.06547	-3.33562	-1.2438	-3.71745e-11	5.4679e-11	2.05184e-11	-6.24281e-26	3.78295e-27	-1.22843e-25	0.230074	0.0121787	0	0.1	0.00826778
1.49798	-3.53834	-1.66281	3.15919e-15	8.4722e-16	3.31364e-15	-6.22004e-32	-4.62302e-33	-1.04673e-32	0.230022	0.0121704	0	0.1	0.0138907
-1.27026	1.18459	-1.54026	3.09094e-15	8.37889e-16	3.31296e-15	-1.26242e-33	-9.34324e-34	1.63324e-32	0.229978	0.0121635	0	0.1	0.0209227
0.48753	-4.18764	-0.922806	-1.36262e-11	-5.80233e-11	3.09382e-11	4.57699e-27	-1.16047e-26	-2.01616e-26	0.229971	0.0121624	0	0.1	0.00548656
2.2663	-4.33558	-0.635481	3.03442e-15	1.05327e-15	3.46384e-15	1.12007e-31	3.26421e-31	-2.26234e-32	0.229821	0.0121387	0	0.1	0.00853985
-1.90093	3.53496	-1.12347	-1.07682e-11	1.15109e-11	-2.60116e-11	1.31388e-26	-5.76364e-26	-3.04712e-26	0.229809	0.0121367	0	0.1	0.0065944
1.20774	1.91401	1.33041	3.13732e-15	6.49667e-16	3.0116e-15	-1.6599e-31	-1.87121e-31	-2.14241e-31	0.229766	0.0121298	0	0.1	0.00834157
-1.87313	4.24984	-0.167945	3.06829e-15	8.07592e-16	3.25851e-15	-3.01307e-32	-1.28157e-32	2.53888e-33	0.229731	0.0121244	0	0.1	0.00970695
0.785361	-0.0725317	-1.21989	3.02242e-15	8.87806e-16	3.3202e-15	-3.02246e-32	2.95471e-34	-5.3281e-32	0.229708	0.0121207	0	0.1	0.0072208
0.687018	0.874449	0.564627	2.84033e-15	1.0076e-15	2.57591e-15	3.94291e-32	-3.17303e-32	4.1296e-32	0.229632	0.0121088	0	0.1	0.0111913
1.9174	-3.56704	-0.188396	3.11762e-15	7.83864e-16	3.32853e-15	6.29039e-32	-7.14949e-32	-1.20485e-32	0.229528	0.0120922	0	0.1	0.00835501
0.936131	1.4449	-0.339143	2.96972e-15	6.86476e-16	3.42433e-15	-5.52486e-32	7.66818e-32	1.49527e-31	0.229389	0.0120703	0	0.1	0.00869931
2.46296	-3.26069	2.46115	2.91287e-15	1.03508e-15	3.56613e-15	-2.34163e-32	3.31974e-31	5.06075e-33	0.229385	0.0120697	0	0.1	0.00767152
2.27018	1.76574	0.83655	3.09851e-15	7.4876e-16	3.2869e-15	-2.43813e-32	3.49854e-32	-2.47434e-32	0.229369	0.0120672	0	0.1	0.00679438
1.17353	-1.30759	1.17262	3.08858e-15	8.16357e-16	3.19947e-15	4.01478e-31	2.73027e-31	-5.39915e-31	0.229259	0.0120497	0	0.1	0.00640024
1.1496	2.07069	-0.892095	3.15734e-15	7.4909e-16	3.39841e-15	7.90817e-33	1.814e-33	3.57054e-33	0.229194	0.0120396	0	0.1	0.0109643
-1.38419	-2.53951	-1.33447	3.04983e-15	8.04593e-16	3.30971e-15	-1.1651e-42	1.44169e-42	-8.53941e-43	0.229172	0.0120361	0	0.1	0.0143021
2.24802	3.11482	-1.95299	3.27569e-15	1.28564e-15	3.26953e-15	-1.27888e-31	-3.38175e-32	1.14229e-33	0.229117	0.0120275	0	0.1	0.00597571
-1.13108	-0.0520479	-0.396954	-8.48619e-12	-8.41925e-12	-4.49635e-11	4.41007e-26	-4.0054e-26	-9.15945e-28	0.229068	0.0120196	0	0.1	0.00539021
0.130853	4.33105	1.263	3.32123e-11	-1.35294e-11	-2.51753e-11	9.07367e-27	5.52197e-26	-1.6969e-26	0.229065	0.0120193	0	0.1	0.0140091
-0.507229	4.42321	-1.30149	3.11343e-15	9.84599e-16	3.37762e-15	1.43974e-32	2.04156e-32	-4.29128e-33	0.229019	0.012012	0	0.1	0.00553959
0.117434	-3.22837	-0.390979	-3.60679e-11	2.30793e-11	1.74139e-12	-4.542e-27	-1.47513e-27	-7.60706e-26	0.228976	0.0120053	0	0.1	0.00784963
2.4157	-3.47178	0.383019	2.73702e-15	1.51495e-15	2.96652e-15	-3.86e-31	-2.02673e-31	1.94321e-32	0.228953	0.0120016	0	0.1	0.00952407
0.756194	-2.32849	-1.09899	2.86693e-15	5.62774e-16	3.11118e-15	-2.13927e-32	5.6465e-32	-1.86247e-31	0.228804	0.0119781	0	0.1	0.00750301
-1.42144	1.60354	0.554347	3.12048e-15	7.06916e-16	3.31376e-15	-3.49393e-32	-7.85244e-32	-1.11978e-33	0.228768	0.0119725	0	0.1	0.00783131
1.08156	-3.2399	2.08336	2.97311e-15	8.81904e-16	3.26377e-15	6.7617e-33	-1.23609e-32	-1.21076e-32	0.228747	0.0119692	0	0.1	0.00762494
-0.823248	-3.31865	0.940164	2.44309e-15	9.97194e-16	3.14336e-15	-8.70615e-31	-1.05866e-32	-1.53757e-31	0.228687	0.0119598	0	0.1	0.00667358
2.26136	-0.937804	-1.00588	2.98086e-15	1.15505e-15	3.25647e-15	3.42613e-31	-5.80828e-31	3.07184e-31	0.228552	0.0119387	0	0.1	0.00993967
-1.11712	2.39352	2.36471	3.20655e-15	6.33606e-16	3.54474e-15	9.29453e-32	1.85157e-31	4.49035e-32	0.228486	0.0119283	0	0.1	0.00912107
1.53189	2.71112	-2.44313	3.17797e-15	7.78357e-16	3.39309e-15	-2.10748e-31	1.76312e-32	2.48629e-31	0.228441	0.0119212	0	0.1	0.0062603
0.634114	3.27663	2.42233	2.99393e-15	9.73737e-16	3.23814e-15	-4.57602e-32	-1.07148e-31	-1.31659e-31	0.228345	0.0119063	0	0.1	0.00664965
-1.55624	2.45254	2.47607	3.13947e-15	6.03459e-16	3.35524e-15	-4.7689e-32	-1.25686e-31	-3.61033e-33	0.228247	0.011891	0	0.1	0.0073302
1.26377	-2.46579	0.425783	-3.6361e-12	-4.79191e-12	3.3772e-11	2.26112e-27	-1.13131e-26	-1.38589e-27	0.228176	0.0118798	0	0.1	0.0119637
2.13864	-2.73229	-2.33621	3.15149e-15	7.69834e-16	3.29167e-15	-2.28176e-33	-1.75252e-32	2.19158e-32	0.228087	0.011866	0	0.1	0.0114706
1.06427	1.7983	1.74978	2.41094e-15	7.42829e-16	2.84618e-15	-2.73492e-31	5.29387e-31	-1.46432e-31	0.228051	0.0118603	0	0.1	0.00724395
-1.41868	1.18861	0.200466	3.24924e-15	1.03735e-15	3.675e-15	-6.72608e-32	-2.06895e-31	-3.39585e-31	0.227993	0.0118513	0	0.1	0.00613538
1.86288	3.38084	-1.87315	3.15409e-15	8.51271e-16	3.44372e-15	-1.72287e-31	7.17885e-32	-9.36682e-32	0.227935	0.0118422	0	0.1	0.00447306
1.07087	-3.87077	1.95472	3.04972e-15	7.86229e-16	3.34261e-15	1.3899e-31	9.83099e-34	9.83891e-32	0.227766	0.0118159	0	0.1	0.00780224
0.151494	-4.38017	-0.67893	-3.0013e-13	6.16497e-11	-1.36721e-11	-4.31945e-27	5.48281e-28	2.51107e-27	0.227682	0.0118028	0	0.1	0.0056929
-1.75471	3.67716	0.597294	3.33785e-15	1.45636e-15	3.10014e-15	-5.99285e-32	-7.9963e-32	7.20612e-33	0.227633	0.0117953	0	0.1	0.00641556
0.574503	-1.30659	-0.34602	3.16198e-15	9.39133e-16	3.13787e-15	1.0243e-31	-1.701e-32	-3.84162e-32	0.227494	0.0117735	0	0.1	0.00484928
-1.28293	3.31032	-2.23802	2.84631e-15	7.84269e-16	3.45419e-15	4.01529e-31	-3.07997e-32	-5.10856e-32	0.22746	0.0117684	0	0.1	0.0072008
-1.54077	-2.40613	-1.77964	2.65195e-15	5.01279e-16	3.48746e-15	-1.11139e-32	-9.43372e-32	-1.76181e-32	0.227458	0.011768	0	0.1	0.0088384
1.5241	0.353629	0.196061	3.27422e-15	6.1056e-16	2.90874e-15	1.53257e-31	5.56804e-32	-6.69798e-32	0.227364	0.0117535	0	0.1	0.00678703
1.87052	1.33552	1.53412	2.94848e-15	8.08826e-16	3.26526e-15	-4.64976e-32	6.86925e-33	-3.89871e-32	0.227272	0.0117392	0	0.1	0.00522304
1.71401	-1.96281	-1.77474	3.27803e-15	1.11892e-15	3.16133e-15	9.56325e-31	-3.93959e-32	-2.51685e-31	0.227267	0.0117384	0	0.1	0.00658283
-2.04657	-1.90906	1.04569	-2.76855e-11	1.65513e-11	8.93452e-12	-1.35758e-26	-5.65072e-26	6.35377e-26	0.227257	0.0117368	0	0.1	0.00840327
0.830326	-3.73699	2.43035	2.89103e-15	1.08321e-15	3.46125e-15	-2.72264e-31	-7.03844e-31	4.85833e-31	0.227235	0.0117334	0	0.1	0.00666863
0.169693	0.732285	-0.460616	-3.16682e-11	-5.66893e-11	2.36659e-11	-6.68201e-27	3.06327e-26	6.72638e-26	0.227121	0.0117158	0	0.1	0.00687743
-2.04175	-0.146793	1.77078	2.90887e-15	7.46579e-16	3.19125e-15	-4.22896e-32	8.49058e-32	1.05572e-32	0.227041	0.0117034	0	0.1	0.00672552
-0.608689	-2.42088	-1.9639	3.05524e-15	6.47887e-16	2.93281e-15	8.92416e-33	-9.94079e-32	3.46845e-32	0.227022	0.0117005	0	0.1	0.00524594
-2.05521	-1.37722	-2.23663	-6.67816e-12	-9.12622e-12	-3.04535e-11	7.28027e-26	1.68362e-26	-2.12362e-26	0.22694	0.0116877	0	0.1	0.0133232
-1.20506	2.83361	-2.21499	3.09646e-15	1.35115e-15	3.45722e-15	7.71867e-31	3.13567e-32	-5.78928e-31	0.226875	0.0116778	0	0.1	0.00555726
0.556723	1.87126	-1.11289	-2.35067e-11	-3.96705e-11	1.76911e-11	4.40925e-27	8.57969e-27	1.30799e-27	0.226667	0.0116456	0	0.1	0.00492497
-1.95443	-2.99366	1.39256	3.01257e-15	3.58525e-16	3.60093e-15	-7.47554e-32	3.28633e-35	-9.12349e-33	0.226615	0.0116377	0	0.1	0.0114301
-1.23779	0.834576	0.538904	3.02389e-15	8.06136e-16	3.23608e-15	-7.69354e-34	-2.15549e-32	-1.54419e-34	0.226596	0.0116348	0	0.1	0.0062276
2.14242	1.65087	1.71454	1.38993e-13	5.86048e-11	6.9363e-12	4.91395e-26	2.80817e-25	-1.7575e-26	0.226464	0.0116144	0	0.1	0.00617699
0.182346	-0.132328	-0.434636	3.07855e-15	7.521e-16	3.25e-15	8.32164e-32	9.72703e-33	2.94746e-32	0.226461	0.0116139	0	0.1	0.0115833
-2.38373	-3.13143	0.0624539	2.89168e-15	1.29901e-16	3.28949e-15	4.61996e-32	-1.81889e-30	-3.40527e-31	0.226445	0.0116114	0	0.1	0.00497598
1.90951	0.893502	1.43797	3.32949e-15	8.53742e-16	3.14434e-15	5.84615e-32	-8.94614e-32	-9.61728e-32	0.2264	0.0116046	0	0.1	0.00792604
2.37054	1.41239	1.40442	5.31833e-11	7.6887e-13	-9.12426e-12	2.17615e-25	2.21819e-25	-5.95423e-26	0.226393	0.0116035	0	0.1	0.013206
0.0411961	-3.4401	-0.922391	3.00369e-15	7.0776e-16	3.42182e-15	1.10327e-31	-3.4909e-31	2.58099e-31	0.226276	0.0115855	0	0.1	0.00607602
1.10241	0.301303	1.98235	3.02346e-15	4.10044e-16	3.64275e-15	5.90426e-32	6.16315e-32	2.44369e-31	0.226241	0.0115802	0	0.1	0.0071275
-0.157039	-2.45826	-2.36788	2.37713e-15	6.29642e-16	3.18162e-15	3.19656e-31	2.20727e-32	-1.45148e-32	0.226081	0.0115556	0	0.1	0.00598943
0.932873	-1.12804	-1.64729	2.73788e-15	8.25713e-16	3.34844e-15	-6.93549e-32	-1.79678e-31	4.02528e-32	0.225946	0.0115349	0	0.1	0.0070326
2.34321	-0.448572	-1.85757	3.09277e-15	1.27164e-15	3.30588e-15	-8.86121e-32	-1.08784e-31	-2.4595e-32	0.225943	0.0115345	0	0.1	0.00943792
0.173138	2.8923	-2.454	3.02812e-15	8.06979e-16	3.3284e-15	-2.02847e-33	7.22233e-33	-2.97945e-33	0.225919	0.0115307	0	0.1	0.00866494
-1.99911	3.75169	-0.135742	3.08273e-15	1.11197e-15	3.44592e-15	1.0221e-31	-1.79063e-32	4.60517e-31	0.225909	0.0115292	0	0.1	0.0056829
2.45118	-1.5172	0.464764	3.19311e-15	9.82229e-16	3.26435e-15	9.79666e-31	-8.33383e-32	-6.51899e-31	0.225904	0.0115285	0	0.1	0.00476263
0.000975085	2.00942	1.80972	3.0861e-15	8.0404e-16	3.31879e-15	-3.37174e-33	-1.13986e-32	-1.16444e-32	0.22567	0.0114927	0	0.1	0.00707752
-2.36076	-0.709714	-2.07686	2.46304e-15	5.79357e-16	3.26207e-15	-4.74502e-31	-4.36607e-31	-1.80835e-31	0.225613	0.011484	0	0.1	0.00713659
-0.951508	4.14431	-1.31585	2.86002e-15	8.96325e-16	3.41672e-15	5.11264e-32	1.49915e-31	4.49167e-32	0.225601	0.0114821	0	0.1	0.00745394
0.888174	-3.70603	-1.67876	3.66618e-15	7.1736e-16	3.14182e-15	3.85209e-32	2.87663e-33	-1.17916e-31	0.225545	0.0114736	0	0.1	0.00737499
-2.06082	3.98773	-1.23548	3.55151e-11	9.3021e-13	-5.16848e-12	2.46877e-28	2.81007e-26	6.9026e-27	0.225381	0.0114486	0	0.1	0.00483974
0.984482	-0.886523	-1.26951	3.18192e-15	1.1228e-15	3.13444e-15	-8.5064e-33	-5.05199e-32	-2.44753e-31	0.225173	0.0114169	0	0.1	0.00781782
-1.98983	4.3302	-1.51949	2.63326e-15	7.35665e-16	3.21404e-15	-2.49089e-31	5.73282e-32	-3.67112e-32	0.225111	0.0114075	0	0.1	0.00654329
0.869099	-2.18486	2.40609	3.17459e-15	6.16406e-16	3.6671e-15	-1.49749e-32	-8.8748e-34	-6.62021e-32	0.225109	0.0114072	0	0.1	0.009646
1.44854	0.544727	-1.574	3.05599e-15	7.55718e-16	3.44211e-15	2.72592e-32	1.73445e-32	5.68235e-33	0.225014	0.0113927	0	0.1	0.0133357
