-1.44523	1.27975	2.14968	0.00193167	-0.00338972	0.00962828	2.27633e-18	-9.33277e-19	1.31322e-19	0.514609	1.33077	0.514601	0.1	0.0311299
-0.223018	-1.10114	-1.51019	0.00999766	-0.00210952	-0.00594971	6.94942e-19	-6.28188e-22	-1.12712e-18	0.513597	1.32294	0.513589	0.1	0.034504
1.76994	-1.66875	-2.09781	-0.00542708	0.000630753	-0.00361073	2.23536e-18	4.92549e-19	-3.26866e-19	0.511205	1.30454	0.511198	0.1	0.0303909
0.870375	0.597789	-2.03806	-0.00780725	0.00374977	0.00247621	-3.6155e-19	2.43621e-20	-4.28406e-20	0.510967	1.30272	0.51096	0.1	0.0323066
2.38794	-3.65951	2.29994	-0.0103601	-0.00349478	0.00960956	6.42546e-19	-4.24756e-19	1.2205e-19	0.510721	1.30084	0.510714	0.1	0.0329825
-1.5996	-0.404146	0.0876049	0.0114392	0.0105012	0.00318627	-2.30467e-19	9.33848e-19	-4.08786e-19	0.509941	1.29489	0.509934	0.1	0.0254298
-0.753819	0.425066	-1.87627	-0.00472762	-0.00510691	-0.00179953	-1.72566e-18	-8.29728e-20	1.28382e-18	0.509877	1.2944	0.509869	0.1	0.0218539
-0.436801	0.264496	1.86286	0.00672493	-0.00293251	-0.0019925	1.8243e-20	4.06492e-20	-7.79106e-20	0.509695	1.29302	0.509688	0.1	0.0296498
1.61553	-1.28324	1.14505	-0.00242068	-0.0187086	-0.00779316	-1.68129e-19	-5.13608e-19	-2.16949e-19	0.508734	1.28571	0.508726	0.1	0.0278846
-0.347033	3.49416	-0.521217	0.00507555	-0.00783794	-0.016022	7.79049e-19	-2.98425e-19	-1.74426e-19	0.508678	1.28529	0.508671	0.1	0.0386329
0.0346981	-0.211819	-1.94093	0.00976724	0.00504424	-0.00726316	-4.85516e-20	8.40058e-19	1.74566e-18	0.508547	1.2843	0.50854	0.1	0.0271272
-0.738944	-0.508782	2.47285	0.000502083	-0.0058074	-0.00813897	-1.41745e-19	-1.22449e-18	8.41933e-20	0.508348	1.28279	0.508341	0.1	0.0331021
-0.793474	-4.05292	-0.633962	0.0114905	0.00203672	0.0062875	-6.00264e-19	-2.95193e-19	4.63132e-20	0.508188	1.28158	0.50818	0.1	0.0214243
1.63677	-0.533064	2.15294	-0.000102042	0.00264995	0.0038493	-1.06535e-19	1.01671e-19	1.09726e-19	0.50812	1.28107	0.508113	0.1	0.0347053
0.732876	-2.41182	-1.37137	0.00630299	0.00570176	0.00887276	-1.69244e-18	-1.26245e-18	-5.68585e-19	0.507879	1.27924	0.507871	0.1	0.0338157
1.46849	2.15881	-2.23305	-0.015478	-0.00571509	-0.00589774	-7.22966e-19	-3.07182e-19	7.13494e-19	0.507786	1.27854	0.507779	0.1	0.0301193
1.61606	3.84464	1.89767	0.00496193	-0.0145756	-0.0260024	8.83106e-19	-6.13706e-19	1.83985e-18	0.507055	1.27303	0.507048	0.1	0.0300949
-0.667552	1.83126	-2.39373	-0.012343	0.00737505	0.0104193	4.77157e-19	6.85455e-19	-9.30355e-19	0.506649	1.26997	0.506641	0.1	0.0265664
1.42704	0.892343	0.422648	-0.00607235	0.00318372	-0.00128598	-2.16494e-19	-6.82984e-19	-4.39378e-19	0.506566	1.26935	0.506559	0.1	0.0269148
2.46215	-0.111961	0.340177	0.00118969	0.0123031	0.00877361	-7.06061e-19	3.71567e-19	1.30045e-20	0.506473	1.26865	0.506466	0.1	0.0193083
1.09629	-2.31288	1.7602	-0.00111994	0.013421	-0.0114943	-3.28368e-19	-1.71422e-20	3.27998e-20	0.505817	1.26373	0.50581	0.1	0.0325854
-0.192272	-2.35055	0.0202598	-0.00853326	-0.00276297	0.000998537	-6.18622e-19	-9.16223e-19	-1.02463e-18	0.50565	1.26247	0.505643	0.1	0.0271958
-1.73188	1.56108	1.21561	-0.00381351	-0.00440648	0.00426333	-3.07734e-18	1.93502e-18	-7.2276e-19	0.505302	1.25987	0.505295	0.1	0.0224568
-1.74478	-1.45345	-0.186561	-0.00123688	-0.00388811	-0.00685575	4.49405e-19	3.53958e-19	-1.40641e-19	0.502935	1.24224	0.502927	0.1	0.0272236
-1.68748	-0.44919	2.08683	-0.00118732	-0.00134957	-0.00138352	4.97234e-19	4.95919e-19	-3.06489e-19	0.502832	1.24149	0.502825	0.1	0.0206299
1.42244	0.279124	-0.38865	-0.00310967	-0.00405933	-0.00133157	-1.84132e-19	1.48005e-18	1.11978e-18	0.502753	1.2409	0.502746	0.1	0.02376
-0.574862	-0.230433	-1.12847	0.00363519	-0.00122125	0.00381844	-2.18224e-18	2.25801e-18	1.70516e-18	0.502744	1.24083	0.502737	0.1	0.0309472
-2.31702	2.15133	0.649443	0.0115483	0.0275171	0.00253451	5.04707e-19	-3.84407e-19	1.00749e-18	0.502427	1.23849	0.50242	0.1	0.0345528
-1.38404	-2.15533	-1.3611	-0.00997207	-0.00371784	0.00399311	-6.48167e-21	-1.44417e-20	-1.70175e-19	0.501709	1.23319	0.501702	0.1	0.0342303
-2.3897	3.19359	-1.80661	0.00139763	0.0164565	0.00868629	1.46225e-18	7.9159e-19	-3.12028e-19	0.501298	1.23016	0.501291	0.1	0.0218022
-1.10795	-3.17814	-1.40639	-0.00167736	0.0239099	0.00322851	9.53837e-19	-1.29511e-18	6.16936e-19	0.501223	1.2296	0.501215	0.1	0.0259543
2.12869	1.18666	-2.32909	0.0115945	-0.0121812	-0.00333508	2.27778e-19	-2.65408e-19	8.47212e-20	0.500774	1.2263	0.500766	0.1	0.043607
2.3805	3.92013	-0.541896	0.00316981	-0.00016479	-0.00074236	-6.34807e-19	-2.924e-19	9.19452e-20	0.500137	1.22163	0.50013	0.1	0.0295887
1.45653	2.58008	1.85227	0.0139514	0.0123301	-0.00360301	-1.1595e-18	-1.61627e-19	1.01854e-18	0.500111	1.22144	0.500104	0.1	0.032298
-2.45389	-1.58001	-0.909004	0.00614873	-0.0026752	-0.00543396	5.56905e-19	2.9257e-19	4.78663e-19	0.5	1.22063	0.499993	0.1	0.0214196
0.630938	-3.47274	-2.14858	0.00931372	-0.0110337	0.0081459	1.05578e-18	-4.75737e-19	3.44335e-18	0.499138	1.21432	0.49913	0.1	0.02452
0.642357	3.5143	2.05139	0.000366503	0.00815532	0.000780767	1.42703e-18	-9.59389e-19	-1.22461e-18	0.498076	1.20659	0.498069	0.1	0.0239071
0.935176	-3.88538	0.418352	0.00530817	-0.0081525	-0.012869	1.81244e-19	1.05654e-19	-1.40656e-18	0.497632	1.20336	0.497624	0.1	0.0192318
2.3777	-4.21861	1.20724	0.00828079	-0.0201936	-0.00571379	6.55434e-19	1.59901e-19	3.98349e-19	0.497507	1.20246	0.4975	0.1	0.0227979
2.49373	2.62078	2.38436	-0.0103939	0.00206468	0.0135929	-6.7422e-19	-3.54548e-19	1.46746e-19	0.497264	1.2007	0.497257	0.1	0.0296829
0.843326	-1.49991	-0.583314	-0.010415	-0.00898253	-0.0205067	5.92271e-19	7.89314e-19	1.53084e-18	0.49719	1.20016	0.497182	0.1	0.0290709
1.19303	2.74893	-0.540493	-0.00182673	0.00961965	0.0155988	-2.81261e-18	-2.28727e-19	-4.94845e-20	0.496816	1.19745	0.496809	0.1	0.0372065
1.72324	-1.94442	-0.485851	0.000601831	-0.00837865	-0.00350021	-1.02332e-18	3.55097e-19	1.19473e-18	0.495735	1.18965	0.495727	0.1	0.0347517
0.546247	0.801914	2.03356	-0.0110616	-0.0107328	-0.00364212	4.43975e-20	-4.15829e-19	-5.83429e-20	0.495391	1.18718	0.495383	0.1	0.0303558
-1.12791	-0.660963	0.934933	0.00157551	0.00930416	0.0151048	-8.77217e-19	1.11928e-18	-4.82734e-19	0.494827	1.18313	0.49482	0.1	0.0253748
0.258529	-2.92783	-0.657999	-0.00463462	-0.0139	-0.00518772	-3.43853e-19	-6.4954e-19	-3.92277e-19	0.494336	1.17961	0.494328	0.1	0.0220423
-1.84496	3.66013	0.590971	0.00841144	-0.00540142	0.00161987	1.86645e-19	9.37712e-20	3.8846e-20	0.493525	1.17382	0.493518	0.1	0.0318279
-2.26605	-3.66353	-0.218788	0.0104853	0.00408297	-0.01338	-9.43837e-19	5.53483e-18	-6.12192e-19	0.493322	1.17237	0.493314	0.1	0.0335858
-0.876786	3.22232	0.280363	0.00175595	0.00800374	-0.00387095	-5.82973e-19	-1.67832e-18	-1.18499e-18	0.49235	1.16545	0.492343	0.1	0.0334245
2.12075	-1.45131	1.99051	0.014004	0.0127959	-0.00641996	-1.28654e-20	-5.46437e-20	-6.69042e-20	0.491792	1.16149	0.491784	0.1	0.032085
-0.345013	3.56887	2.21392	-0.00999678	0.00112265	-0.00159431	-1.4295e-18	1.66731e-19	4.67255e-20	0.491338	1.15828	0.491331	0.1	0.0268943
0.896442	-3.14947	1.26423	-0.00875197	0.000787666	-0.00173189	1.69491e-18	4.97596e-19	3.12935e-19	0.489121	1.14267	0.489114	0.1	0.0186934
1.58964	-0.673989	-0.595135	-0.0187058	-0.0164975	0.0219621	8.25892e-19	-8.37523e-19	-9.78694e-19	0.489109	1.14259	0.489102	0.1	0.0194895
1.78502	-3.7387	-0.46692	0.00273038	0.00336983	0.00380366	-2.00366e-18	4.36878e-20	-4.4816e-20	0.488813	1.14051	0.488806	0.1	0.024715
2.14285	-2.41078	1.79742	0.011571	0.00425372	0.00127334	5.23203e-19	-1.46872e-19	-3.98536e-20	0.488488	1.13824	0.488481	0.1	0.0303474
2.37792	0.81016	0.695319	0.00537408	0.019484	0.0105432	-5.51235e-19	-2.01342e-19	5.57076e-19	0.48745	1.131	0.487443	0.1	0.0215642
-1.63122	2.85904	-0.246126	0.000173911	-0.00417943	0.0114201	2.08416e-19	-3.64342e-20	7.07778e-20	0.483401	1.10305	0.483394	0.1	0.0363748
-1.64201	2.98481	-1.20331	0.00998986	0.00224814	0.00611174	1.33895e-19	5.0164e-19	5.25077e-19	0.483394	1.103	0.483387	0.1	0.0320933
-1.3081	-1.17412	-1.50006	0.00910201	-0.00155581	-0.00754363	3.19642e-19	-1.13442e-18	1.00878e-18	0.483389	1.10297	0.483382	0.1	0.0246359
-1.89861	2.79136	1.63725	-0.00541048	0.00626104	0.00510484	-7.64049e-19	-2.13622e-18	1.60866e-19	0.482988	1.10022	0.482981	0.1	0.0464196
0.559972	1.75944	1.84049	0.000845901	-0.00278669	0.00432228	-3.59194e-19	2.4692e-19	-5.42875e-19	0.482749	1.09859	0.482742	0.1	0.0274948
-1.37778	0.146287	-0.706665	0.00118058	0.0148558	-0.00804767	6.00638e-19	-1.50183e-20	3.76496e-19	0.482635	1.09782	0.482628	0.1	0.0232341
1.43484	1.31085	-1.64937	0.010945	0.00268211	-0.00574337	-2.12748e-18	4.18118e-19	-6.5758e-19	0.480489	1.08324	0.480482	0.1	0.0272508
-0.0158294	0.697598	-0.621765	-0.0136089	0.0119442	-0.00609532	4.53216e-19	-2.18282e-19	-1.54251e-19	0.480419	1.08276	0.480412	0.1	0.0236927
2.18939	-3.50523	0.568056	-0.00818033	-0.0164487	-0.0193593	8.56669e-19	3.31677e-18	-1.45736e-18	0.479254	1.0749	0.479247	0.1	0.0277869
-0.123006	1.50935	0.0801693	0.00872691	-0.000294711	0.000413516	-5.31708e-19	-6.92359e-19	-3.17481e-19	0.479251	1.07488	0.479244	0.1	0.0205768
-2.09825	2.25547	-1.63362	0.00962181	-0.00281282	-0.00264863	5.2775e-19	1.08453e-18	1.09129e-18	0.478939	1.07278	0.478932	0.1	0.022038
-1.31907	1.77511	-0.053978	-0.000173445	0.0104544	-0.00549477	-1.29848e-18	-1.8584e-18	1.77225e-18	0.47887	1.07232	0.478863	0.1	0.017797
-1.52615	3.81252	-0.31612	-0.00376102	-0.00261501	-0.00381887	-5.79201e-19	7.63705e-20	1.02972e-19	0.47836	1.0689	0.478353	0.1	0.0315862
-0.0822858	-3.97042	2.40317	-0.00986753	0.00751338	0.00961053	-1.12038e-19	-9.39079e-19	-9.31373e-21	0.477978	1.06634	0.477971	0.1	0.0249056
2.28857	2.99704	-0.847682	0.00537499	-0.00836797	-0.00544652	-2.01991e-19	4.41056e-19	1.95927e-19	0.477415	1.06258	0.477408	0.1	0.0308711
0.63578	0.116477	1.1015	0.00245455	-0.000910481	0.00686799	3.82845e-19	-1.0137e-19	1.43409e-19	0.477123	1.06063	0.477116	0.1	0.0320028
-2.24879	-1.56614	-2.09205	0.00481495	0.000173433	-0.00953015	8.78828e-20	1.78437e-19	-5.35916e-19	0.47635	1.05548	0.476343	0.1	0.0257973
-1.96377	-3.21749	-1.87543	-0.000110367	-0.0171669	-0.0117047	1.70826e-19	-2.02616e-19	-6.64801e-19	0.4761	1.05382	0.476093	0.1	0.0394213
0.4542	1.70016	-1.36638	-0.00813824	-0.00270634	-7.66237e-05	-2.05887e-18	1.0958e-19	-8.14094e-19	0.47575	1.0515	0.475743	0.1	0.0259029
2.07203	1.90706	-0.889061	0.00913501	-0.00424053	-0.00571723	3.04421e-18	-1.54787e-18	-1.456e-18	0.475524	1.05	0.475517	0.1	0.023807
-0.367736	1.24593	-1.49906	-0.000896519	-0.00442799	-0.0130466	7.39163e-19	-4.54981e-19	-3.68322e-19	0.475318	1.04864	0.475311	0.1	0.0231532
0.888609	-2.13488	-2.29945	-0.00170091	0.00905235	-0.00670128	-2.35829e-18	-8.34189e-19	-1.69753e-18	0.475317	1.04863	0.47531	0.1	0.0251444
-0.672418	1.62478	1.63866	0.0078241	-0.00743203	-3.41435e-05	1.90079e-19	-1.88298e-19	2.89593e-18	0.475244	1.04815	0.475237	0.1	0.0311433
0.112599	-2.6526	-2.09575	-0.000406785	-0.0118148	0.00991106	-1.34899e-18	5.93586e-19	1.88181e-18	0.474921	1.04601	0.474914	0.1	0.02071
-0.758454	1.82488	0.715793	-0.00143727	0.00624343	-0.00314284	-4.27744e-19	1.00573e-18	-6.84367e-20	0.474525	1.0434	0.474518	0.1	0.0244243
0.51709	0.150815	-0.0514187	-0.0105499	0.0118973	0.00412029	-2.49698e-19	6.52368e-19	4.25069e-19	0.474225	1.04142	0.474218	0.1	0.0233891
-0.488576	-2.02617	-1.72036	-0.0111412	0.00199675	-0.00997915	-1.01375e-18	2.16102e-18	-3.62332e-18	0.473528	1.03684	0.473521	0.1	0.0265509
-0.26492	-3.48353	-1.77899	-0.00694405	-0.0071905	-0.00806993	4.38471e-19	-6.89971e-19	5.18168e-19	0.472151	1.02782	0.472144	0.1	0.0221297
1.80584	4.19688	-1.27422	0.00338586	0.00559306	-0.00726775	1.3918e-19	-4.12903e-19	-3.80458e-19	0.471839	1.02578	0.471832	0.1	0.0190422
0.153404	3.33429	-1.99494	0.000600336	-0.00348038	0.00129576	-2.99546e-21	5.29667e-19	3.6996e-19	0.471587	1.02414	0.471581	0.1	0.0371464
-0.838445	2.34343	-0.723259	-0.00152844	0.00137845	-0.000627232	-1.61891e-20	-1.27416e-20	1.0814e-19	0.471395	1.02289	0.471388	0.1	0.0362814
-0.867511	1.24543	-0.698368	-0.000686017	-0.020843	0.00665304	1.87545e-18	-7.48763e-19	2.15074e-18	0.471362	1.02267	0.471355	0.1	0.0248897
2.30845	-0.597359	1.17094	-0.00503914	-0.00659677	0.00439169	-7.30875e-19	-2.4061e-18	4.89721e-18	0.471322	1.02241	0.471315	0.1	0.0252704
1.68756	-0.881607	-1.52433	0.0153124	0.000356134	-0.00444196	3.43786e-18	6.51388e-19	-7.99385e-19	0.47121	1.02168	0.471203	0.1	0.0319774
-1.39413	2.64298	0.845495	0.000650486	0.00464047	-0.000760108	-4.53589e-19	-7.47314e-19	-6.07801e-19	0.470647	1.01803	0.47064	0.1	0.0364569
1.92235	-1.20224	0.220022	-0.00618779	0.0122692	0.00320897	1.35161e-18	8.38959e-19	-1.83693e-18	0.470474	1.0169	0.470467	0.1	0.0254513
0.431124	3.68716	1.12057	0.00453566	0.00183799	0.000943918	-3.58891e-19	-3.06482e-19	-2.89897e-18	0.4701	1.01448	0.470093	0.1	0.020793
0.0981537	-3.82338	-0.979113	0.00845652	-0.0103137	-0.00773623	4.81656e-19	-1.27108e-19	-5.03217e-19	0.469881	1.01306	0.469875	0.1	0.0207055
0.193042	-1.91177	1.2268	-0.00117455	0.0124004	0.00472698	2.44491e-19	-1.89928e-18	9.5095e-19	0.469548	1.01091	0.469541	0.1	0.0152964
-1.02992	3.91582	-1.44773	0.0033765	-0.00234544	-0.000886747	-2.00991e-19	3.18225e-19	2.32025e-19	0.469002	1.00738	0.468995	0.1	0.0406094
-2.4837	-0.781011	-0.365028	0.00741899	0.0063634	-0.00587347	-1.93816e-18	8.87447e-19	-1.71294e-18	0.468609	1.00486	0.468603	0.1	0.0194581
-1.97142	-2.41981	-2.38125	-0.000193869	-0.00960333	-0.0198294	-8.95211e-20	1.37974e-18	4.40069e-19	0.467836	0.999893	0.467829	0.1	0.0294478
1.44013	-1.97286	0.432411	0.00245474	0.0133456	0.00820543	-2.03485e-18	-2.41604e-19	1.05566e-18	0.466844	0.993547	0.466837	0.1	0.0353055
-2.16014	0.405322	2.02944	0.0166703	0.00139916	0.0231284	2.22459e-18	-1.59854e-19	-2.35436e-18	0.465865	0.987306	0.465858	0.1	0.0283865
0.529096	-1.8	0.36381	-0.00364358	0.00311225	-0.00483579	-7.50364e-19	-1.71738e-18	-2.7886e-18	0.465684	0.986161	0.465678	0.1	0.0236603
2.14985	0.893952	-0.225622	0.0044126	0.0030214	-0.00125832	-4.05997e-19	-1.74282e-18	1.43773e-18	0.465656	0.985981	0.465649	0.1	0.0187303
-2.04849	4.05972	-2.09227	0.00327117	-0.00088596	0.0151911	-1.18024e-19	6.55882e-19	-4.56088e-19	0.465406	0.984392	0.465399	0.1	0.0230057
-1.87478	-0.0609702	-1.98369	-0.0226749	-0.0152011	0.0016506	1.36013e-19	-7.87121e-19	-1.39506e-19	0.464999	0.981814	0.464992	0.1	0.024197
0.933941	0.766665	-1.06358	-0.00901379	-0.00296497	-0.00813777	-9.78444e-19	1.53153e-18	6.80652e-19	0.463871	0.974687	0.463865	0.1	0.0252576
-0.177617	4.14386	0.188856	0.00081769	-0.00736804	-0.00920571	9.64512e-19	-4.92118e-19	3.528e-19	0.463503	0.972366	0.463496	0.1	0.0243423
1.47507	3.00044	0.737819	0.00304132	0.00605885	0.00386112	-1.14618e-18	1.59052e-18	-3.32967e-19	0.463413	0.971804	0.463407	0.1	0.034072
1.80495	2.19257	1.04428	-0.00196268	-0.00825236	-0.00652453	7.32951e-20	-5.19664e-20	5.2181e-19	0.463004	0.969231	0.462997	0.1	0.0322506
-0.103591	3.01283	1.47713	-0.0147286	0.0012196	-0.0124975	7.98985e-19	3.51558e-20	-1.57416e-19	0.462761	0.967708	0.462755	0.1	0.0230013
-0.724283	-3.13366	-0.176894	-0.00208268	-0.0106829	-0.00361744	-4.00004e-19	2.42244e-19	1.48578e-18	0.462559	0.96644	0.462553	0.1	0.0243423
2.22489	3.71998	0.385736	-0.00245733	0.00868786	0.0115066	3.19529e-19	3.26193e-19	-1.20471e-19	0.461667	0.960857	0.46166	0.1	0.0310997
1.59767	-0.0101907	-1.8354	0.0111363	0.0183764	-0.00679676	-4.67003e-19	-2.82872e-19	-2.98884e-19	0.461078	0.957188	0.461072	0.1	0.0361476
1.247	3.92569	-1.96945	-0.00475256	0.00791207	-0.00855146	-1.21321e-18	-1.45049e-19	7.66516e-20	0.460933	0.95628	0.460926	0.1	0.0229567
2.08749	2.86818	0.0604089	0.00872055	0.00390217	0.00266267	4.54826e-19	6.36637e-19	-2.89261e-19	0.460688	0.95476	0.460682	0.1	0.0345028
1.22437	0.797716	1.36186	0.00780324	0.000594897	0.00860292	-2.2416e-19	1.30479e-19	4.03376e-20	0.460507	0.95363	0.4605	0.1	0.0405269
1.26238	2.15878	-1.28708	-0.00546851	0.00681053	0.00688374	-3.99074e-18	2.31103e-18	-3.00585e-18	0.459664	0.948403	0.459657	0.1	0.020325
-0.0203683	-2.80727	1.31899	0.00397046	0.00773015	0.0125924	1.07314e-18	-2.19979e-18	5.44484e-19	0.459216	0.945634	0.459209	0.1	0.0274118
-0.453548	-4.20207	1.53484	-0.021319	0.0125035	-0.0021924	5.48579e-19	1.18761e-18	5.45633e-20	0.459025	0.944455	0.459018	0.1	0.0274889
-1.87022	2.07008	-0.745617	0.0124833	0.0192191	-0.00242519	-6.85652e-19	3.34983e-18	2.10433e-19	0.45887	0.943496	0.458863	0.1	0.0223472
-1.48713	-4.05025	1.83845	-0.00825978	0.00212341	-0.00109216	5.61012e-19	3.28219e-19	-4.90335e-19	0.458279	0.939861	0.458273	0.1	0.0268866
-0.935661	-1.78319	-0.583371	0.00734209	-0.0130807	0.00799807	2.39179e-19	4.66479e-19	-3.25703e-19	0.457943	0.937795	0.457937	0.1	0.0265765
-1.0452	-3.60038	0.837225	-0.000940299	-0.00496546	-0.00902339	2.15384e-18	-1.0478e-18	-4.27686e-18	0.457671	0.93612	0.457664	0.1	0.0240634
0.394106	1.41221	-2.25155	-0.00356616	0.0103827	-0.0116205	-5.52474e-19	6.12805e-20	2.41326e-19	0.457607	0.935732	0.457601	0.1	0.0255618
-0.616121	-1.89812	0.775485	-0.00445616	-0.0114431	0.0009538	1.39068e-19	-2.42886e-19	1.47235e-18	0.457515	0.935165	0.457508	0.1	0.0217132
-2.24437	-0.85109	-1.49433	-0.00186209	0.00839189	-0.00391852	-3.65229e-19	-8.6376e-19	-3.38209e-19	0.457325	0.934001	0.457318	0.1	0.0281641
1.02112	3.58239	0.144358	-0.00356944	0.0149242	-0.00124588	-8.89008e-20	3.3516e-20	1.2135e-19	0.456951	0.931713	0.456945	0.1	0.0251426
0.546824	-3.90403	1.71426	-0.00225097	-0.00579152	0.00352689	-1.92221e-19	2.79974e-19	5.40602e-19	0.456679	0.930051	0.456673	0.1	0.0185446
0.85143	-2.98348	0.0809825	0.00573615	0.00907448	0.000441687	-3.50608e-19	9.16675e-19	6.68839e-19	0.456516	0.929056	0.45651	0.1	0.0297223
-1.50671	-2.7397	1.11863	-0.00597153	0.0211682	0.000247413	1.55744e-19	-1.15324e-18	-7.27543e-20	0.455867	0.925099	0.455861	0.1	0.0380007
-1.4566	-2.71343	-0.532896	-0.00484549	0.00810863	-0.00115474	6.04261e-21	7.27235e-19	8.39759e-19	0.455267	0.921447	0.45526	0.1	0.0320531
0.203706	-0.685919	0.176826	-0.00346109	0.000603413	0.00330947	-5.64568e-19	-1.49769e-18	2.72575e-18	0.451543	0.899021	0.451536	0.1	0.0173235
-0.765396	0.700684	0.992386	0.00634375	-0.00843949	0.0034721	7.46253e-19	3.54254e-19	-6.26001e-19	0.45126	0.897335	0.451254	0.1	0.0252222
-0.249039	-1.10274	1.2647	-0.0196939	0.00186631	0.0242577	-2.31596e-19	1.08992e-18	-2.29795e-19	0.450897	0.895168	0.45089	0.1	0.0201047
-1.71047	2.12243	-2.46531	0.0164504	0.0163272	-0.00915209	-2.43996e-19	-2.83831e-19	-2.10325e-20	0.450556	0.89314	0.45055	0.1	0.030104
0.199815	-2.24277	2.08162	-0.000872117	0.00311039	0.00918237	-1.83459e-18	-2.97393e-19	5.61945e-20	0.449902	0.889257	0.449896	0.1	0.0181776
1.61215	-2.80684	0.762096	-0.000625542	-0.00131031	-0.0165292	1.04959e-18	1.84181e-18	-1.90078e-18	0.449861	0.88901	0.449854	0.1	0.0278281
1.68564	-2.60658	-2.26445	-0.00694155	-0.0154185	0.0101149	-4.11699e-18	-3.82974e-18	-4.11353e-19	0.449844	0.888913	0.449838	0.1	0.0225499
-2.06706	-3.17432	1.67816	-0.00738747	0.00853241	0.00838248	2.7361e-18	-1.14404e-18	2.1666e-18	0.449477	0.886735	0.44947	0.1	0.0293998
0.904692	2.26534	0.419648	-0.00308177	-0.00585427	-0.00199603	9.57874e-19	-1.0111e-19	-6.0714e-20	0.449229	0.885271	0.449222	0.1	0.0357406
-0.170377	-0.283183	0.886704	-0.0105424	0.00718222	0.0122349	-9.48153e-19	-2.27803e-18	7.8118e-19	0.448858	0.883077	0.448851	0.1	0.0227097
1.16279	-1.34645	1.9851	-0.00120444	-0.00425428	0.000840965	-6.71841e-20	-2.37252e-19	1.82622e-19	0.448589	0.881493	0.448583	0.1	0.0223463
-1.13635	2.99394	2.12977	0.011984	-0.0111519	-0.00211188	-3.02079e-19	2.42139e-19	3.25597e-19	0.447555	0.875412	0.447549	0.1	0.0311333
1.36477	-0.401852	0.869041	-0.00118726	0.000562009	-0.0028291	-1.91741e-19	-8.83816e-20	-1.3565e-20	0.447165	0.873127	0.447159	0.1	0.0267204
-2.22523	-1.0014	0.494262	0.0117877	0.000778924	0.00203652	2.51478e-18	2.95351e-18	1.03434e-18	0.446923	0.871709	0.446917	0.1	0.0192507
1.32725	-3.11539	-1.62021	-0.000938635	-0.00709071	0.0353142	-1.53267e-18	-1.0447e-18	1.43215e-18	0.446897	0.871554	0.44689	0.1	0.0231904
2.06809	0.739054	-1.27304	-0.00303963	-0.00984885	-0.0155933	-7.24204e-19	3.33512e-19	-6.23871e-20	0.446843	0.871239	0.446836	0.1	0.0255541
0.199493	2.30082	-0.273942	0.00397871	0.00722035	-0.0023798	9.1261e-20	-1.14946e-19	-5.27664e-19	0.446785	0.8709	0.446778	0.1	0.0329163
0.827803	-0.564957	-1.54867	0.00291073	0.00129448	0.020066	7.07407e-19	1.69468e-18	1.86598e-18	0.446308	0.868116	0.446302	0.1	0.0184384
2.40363	3.55903	2.34734	0.00910558	0.00446028	-0.00340618	2.61583e-18	1.85831e-18	1.10902e-18	0.445736	0.864781	0.44573	0.1	0.0243665
-1.59542	0.590849	1.34101	-0.0053908	-0.00996238	-0.00447372	-1.44809e-19	3.63199e-19	6.8307e-19	0.444534	0.857801	0.444527	0.1	0.0246144
0.198481	3.08315	0.476098	-0.00477102	-0.00189064	-0.00327061	-3.19852e-20	1.23921e-20	-1.71195e-19	0.443809	0.853612	0.443802	0.1	0.0330821
0.76298	2.85296	1.2763	-0.00938464	-0.0161428	-0.00557501	-2.16123e-19	-1.04564e-18	2.0175e-19	0.443075	0.849385	0.443069	0.1	0.0223038
-1.26194	0.358076	2.32754	0.00188661	-0.00470215	0.000232433	-1.25849e-18	1.75138e-18	4.43041e-19	0.442939	0.848605	0.442933	0.1	0.0195604
-0.112278	-2.09638	-0.889897	0.00973075	-0.00461986	-0.0075792	2.63874e-18	5.07467e-19	4.62422e-19	0.442365	0.845308	0.442359	0.1	0.0271674
0.415236	-1.38115	2.47134	-0.0124772	0.0135731	-0.00365593	3.12732e-19	3.07499e-20	-1.36775e-18	0.442359	0.845275	0.442353	0.1	0.0260508
1.72294	3.31785	-1.50269	-0.00920831	0.00233039	0.00271722	-4.18253e-20	-1.99369e-19	-6.14921e-19	0.442295	0.844905	0.442288	0.1	0.0133151
-1.93204	-3.47395	0.829482	-0.00524225	0.0110323	0.00633554	1.00574e-19	1.55104e-18	8.39901e-19	0.441673	0.841344	0.441666	0.1	0.0201416
-0.0436093	-1.46683	-0.275769	-0.00602491	0.00391987	0.00205935	4.76116e-19	-5.73935e-19	-9.73222e-19	0.441122	0.838205	0.441116	0.1	0.0185802
2.20181	-0.219821	-1.17822	-0.0110326	0.0167206	-0.000288021	-8.4763e-19	9.33259e-19	-5.47591e-19	0.440836	0.836575	0.44083	0.1	0.0233928
-1.21964	-1.51035	1.31273	-0.00441676	-0.00307548	0.00317275	-4.8964e-19	-3.22068e-20	-1.8e-19	0.440233	0.833143	0.440226	0.1	0.0253093
-1.40312	-3.79554	-2.30483	0.00424383	0.00018423	0.00235535	-1.00287e-19	-7.19276e-19	6.09375e-19	0.440097	0.832371	0.44009	0.1	0.0320026
0.683314	-1.17444	1.02826	-0.00472303	0.0199536	-0.000912222	-6.88617e-19	6.19323e-19	1.90653e-18	0.439956	0.831572	0.43995	0.1	0.0226447
2.48649	1.20271	1.79917	0.0145165	-0.00618357	-0.0104334	-3.39509e-19	-1.52413e-18	-4.32487e-18	0.439381	0.828316	0.439374	0.1	0.0297844
-1.69463	-0.715055	-0.8021	0.0103427	0.00292797	-0.0038094	1.28346e-18	-1.34691e-18	5.61866e-20	0.438392	0.822734	0.438385	0.1	0.0273831
-1.23539	3.61146	1.50499	0.0038294	0.00419985	-0.000892512	-3.01264e-20	1.16924e-18	-4.01678e-19	0.438111	0.821153	0.438104	0.1	0.0263551
-2.42766	1.68713	-0.158707	0.0126609	0.00574414	0.00552041	2.00557e-18	1.2115e-18	-1.26813e-18	0.437937	0.820178	0.437931	0.1	0.0228132
0.106052	-0.718603	-0.705432	0.0219748	0.00229651	0.000415085	2.27472e-18	1.67783e-18	-3.21525e-19	0.43765	0.818565	0.437644	0.1	0.0210103
-2.11874	-1.60587	1.12913	0.0002362	-0.0119986	0.00454188	-2.27234e-20	-1.72526e-19	5.01359e-19	0.436963	0.814718	0.436957	0.1	0.0288273
0.135381	2.28454	-2.17961	-0.00852023	0.0100954	0.00875213	4.74783e-19	-1.98161e-19	-4.04813e-19	0.436324	0.811148	0.436318	0.1	0.0295694
-1.07591	-2.32871	-2.34184	0.00115931	-0.0124418	-0.0229102	-5.89919e-19	2.40215e-18	-1.32958e-18	0.435942	0.809021	0.435936	0.1	0.0296074
-1.83495	-1.35873	1.91542	-0.00358832	-0.0125739	0.0119054	4.84316e-20	-7.20184e-19	-8.15315e-20	0.435567	0.806933	0.435561	0.1	0.0214691
1.06013	1.69373	1.07508	-0.00377326	-0.0168099	-0.00315833	2.0272e-19	2.07742e-19	1.44665e-19	0.43492	0.80334	0.434913	0.1	0.0329028
-2.27421	0.0725453	-0.544905	-0.000758168	-0.00232765	-0.00235675	1.21639e-18	-9.96814e-19	-1.35534e-18	0.433782	0.797056	0.433776	0.1	0.0163288
-0.877961	1.00691	0.171958	-0.0010859	0.00461238	-0.00248542	7.73146e-21	2.2602e-19	-2.20193e-19	0.432781	0.791545	0.432774	0.1	0.0238404
-1.64287	-3.74651	-0.895977	0.000823455	-0.0200852	-0.024152	1.2337e-18	-1.76453e-18	-1.86974e-18	0.432526	0.790152	0.43252	0.1	0.0267849
0.737258	1.01486	-0.198756	-0.0197716	0.018902	0.0100811	4.43113e-18	2.17531e-18	4.52766e-19	0.431984	0.787182	0.431978	0.1	0.0214467
1.5503	-3.09132	2.01717	-0.0157087	-0.00311444	-0.000627025	-1.40214e-18	9.23987e-19	1.65788e-18	0.431775	0.786039	0.431768	0.1	0.0211155
-0.766378	-2.76152	0.633678	0.00139167	-0.0248104	0.0081032	-3.04214e-19	-2.50845e-18	-1.90023e-18	0.431679	0.785517	0.431673	0.1	0.0342634
2.47594	-2.47832	-0.554533	0.0107446	-0.0157626	0.0252013	-7.61469e-19	-8.1924e-19	1.0039e-18	0.431628	0.785239	0.431622	0.1	0.0280958
-1.29977	3.8074	2.47183	0.00459645	-0.00150705	0.00463886	7.26349e-19	7.5731e-19	4.55185e-19	0.431608	0.785131	0.431602	0.1	0.0254018
2.03081	2.50554	-1.56727	-0.000826369	-0.00484097	-0.0156694	-2.26416e-19	2.69147e-18	-3.42268e-19	0.431593	0.785049	0.431587	0.1	0.0172804
-2.01534	0.770914	-1.66369	-0.0169967	0.011546	0.0109887	-7.60386e-19	-1.73272e-18	1.2995e-18	0.430782	0.780629	0.430776	0.1	0.024183
-2.27356	-2.71371	0.469177	9.14993e-06	9.32786e-06	-1.88984e-06	1.71538e-22	-9.66127e-24	-1.77944e-22	0.43043	0.778718	0.430424	0.1	0.0357757
1.71978	-3.58455	1.33675	-0.0066547	-0.0169406	-0.000248858	-5.4447e-18	-7.23549e-19	-2.57536e-18	0.428696	0.769343	0.428689	0.1	0.0219052
0.683768	-0.460156	2.43007	0.00015577	-0.00876656	-0.0213448	6.69994e-19	-3.35352e-19	5.49058e-20	0.428406	0.767786	0.4284	0.1	0.0237464
0.469409	2.55955	-1.08469	-0.00325022	0.00498105	0.00478953	-4.71126e-19	5.36308e-19	-1.5027e-19	0.42831	0.76727	0.428304	0.1	0.0206397
-0.537319	-1.10836	0.385702	-0.0144175	-0.00393021	-0.00356225	-9.72708e-19	-2.25642e-18	-1.30287e-18	0.428186	0.766601	0.42818	0.1	0.0147125
2.02985	1.88616	2.07003	-0.00148222	-0.00440724	-0.00603586	-4.61453e-18	-6.39756e-19	4.65439e-19	0.428109	0.766189	0.428103	0.1	0.0273631
2.40476	-2.58068	-1.76589	0.0047419	-0.00138199	0.0144819	1.5149e-18	2.69366e-19	-6.0975e-19	0.427828	0.764678	0.427821	0.1	0.0180527
1.45037	1.37552	-0.510727	0.00732885	-0.00514047	0.00806335	1.66639e-18	1.32776e-19	4.03104e-18	0.426212	0.756049	0.426206	0.1	0.0229963
-1.75876	1.20455	-0.602308	-0.00413449	0.000986181	-0.00843924	2.08277e-19	9.86248e-19	1.21604e-18	0.426143	0.755682	0.426137	0.1	0.0173548
-0.844766	-1.5778	2.30491	-0.00660586	0.00175502	-0.0088032	2.24645e-19	-3.66031e-19	4.77834e-19	0.42497	0.749456	0.424963	0.1	0.0191986
-1.51557	3.10286	-2.09384	0.00699265	-0.0105173	0.00192428	-4.1806e-19	-8.86273e-19	6.22302e-19	0.424877	0.748969	0.424871	0.1	0.0233955
0.406806	-3.09251	2.03439	0.000106264	-0.00908024	0.0192307	6.27834e-19	-5.74271e-19	4.56143e-19	0.42437	0.746289	0.424364	0.1	0.0206337
1.24293	-3.84566	2.27407	0.0180394	-0.0193228	0.00700447	4.44129e-18	9.31678e-19	5.07406e-18	0.423982	0.744242	0.423976	0.1	0.0219671
0.166293	-3.93756	0.921075	-0.0043287	0.00145783	-0.0015207	1.424e-19	3.05057e-18	-1.27688e-18	0.423802	0.743293	0.423795	0.1	0.0182323
-1.05788	-3.29774	1.67977	-0.00270647	0.00353705	0.021432	-2.19063e-19	-1.49486e-18	-2.46695e-19	0.42372	0.742865	0.423714	0.1	0.0263587
0.590388	2.60339	2.16696	0.00970552	0.00204378	0.00513271	6.95128e-19	7.23172e-19	-7.06335e-19	0.423586	0.742161	0.42358	0.1	0.0255632
-0.165906	2.28361	1.97118	-0.00262828	0.00508852	0.00568993	-4.2315e-18	3.83659e-19	1.33448e-18	0.422776	0.737911	0.42277	0.1	0.0205384
0.973933	-1.54915	-1.62291	-0.00408426	0.0107452	-0.000773437	-1.38284e-18	6.40801e-20	4.74227e-19	0.421616	0.731854	0.42161	0.1	0.0245904
0.503467	4.12363	-0.652349	0.0209685	-0.0103931	-1.54974e-05	3.46933e-18	2.19439e-18	-1.83654e-18	0.257304	0.166347	0.257301	0.1	0.0221481
0.970115	4.16915	1.05916	0.0198962	-0.0145316	-0.00989507	-1.97566e-18	-1.94281e-18	-4.89432e-18	0.256798	0.165367	0.256795	0.1	0.00974242
-1.91617	-1.59057	-1.44005	0.0139431	-0.0214639	-0.00651604	1.15893e-19	3.56409e-18	6.33438e-18	0.2567	0.165177	0.256696	0.1	0.00820555
0.557459	-0.193484	-0.694314	0.0304586	-0.00068741	0.00825324	6.01773e-18	-1.20717e-18	8.05475e-18	0.256406	0.164611	0.256403	0.1	0.00694151
1.54437	-0.148942	1.49948	-0.00131788	0.0029643	0.00050583	-3.15878e-18	3.15725e-19	-1.98712e-19	0.255786	0.163419	0.255782	0.1	0.012295
0.0725639	-0.0174224	-0.793547	0.0064382	-0.00106549	0.00467736	5.10867e-19	1.53186e-19	7.95891e-19	0.255704	0.163262	0.2557	0.1	0.0073882
-1.79086	-0.995514	1.04711	0.00301608	-0.00656238	0.0195111	-1.23728e-20	2.32076e-19	-2.84761e-18	0.255603	0.163068	0.255599	0.1	0.0120096
0.82054	1.84071	-0.735208	0.00708491	0.0202694	0.00179691	-2.65032e-20	2.91066e-20	1.19384e-19	0.255484	0.16284	0.25548	0.1	0.0199013
1.30039	-1.8132	-1.09215	0.00493894	-0.014091	-0.0155172	-2.68325e-19	8.02387e-18	3.24886e-18	0.255372	0.162626	0.255368	0.1	0.01913
1.22736	-3.81361	-1.27694	-0.00592889	0.004703	-0.000134767	5.10111e-20	1.3167e-20	-6.88213e-19	0.255361	0.162605	0.255357	0.1	0.00845458
1.91203	-3.02341	-0.30471	0.0246705	0.00645264	-0.011178	-6.61834e-19	1.71514e-18	4.11534e-19	0.255314	0.162517	0.255311	0.1	0.0189663
-0.22789	0.502746	-2.42544	0.00240961	0.00618433	-0.0038771	3.08465e-19	3.38595e-19	-6.29568e-19	0.255304	0.162496	0.2553	0.1	0.0116713
-1.14649	1.12001	1.41314	-0.00166734	-0.010848	0.0119728	-1.22918e-17	-4.25416e-18	1.24195e-17	0.25497	0.161861	0.254967	0.1	0.00640279
-0.268994	-3.71108	-0.198163	0.00116643	0.0125766	0.0119639	5.8807e-18	-2.49245e-19	2.60289e-19	0.254938	0.1618	0.254935	0.1	0.0152052
-2.04683	-2.81765	-0.910741	-0.00344782	9.2201e-05	-0.0104715	2.01656e-18	8.3015e-19	2.57446e-18	0.254848	0.161627	0.254844	0.1	0.015277
1.12022	-1.29108	-2.24194	-0.00772107	-0.00220487	-0.0206289	-3.50517e-18	-3.90571e-18	-5.943e-18	0.254794	0.161526	0.254791	0.1	0.0140404
-0.638976	2.53686	1.45445	-0.0106189	-0.0090254	-0.000795405	1.44788e-19	-1.82782e-20	-1.6462e-18	0.254367	0.160714	0.254363	0.1	0.0271289
-1.58212	2.03459	1.84123	0.00165419	-0.000472375	-0.00713667	-3.8534e-19	-1.02677e-18	1.03357e-20	0.254339	0.160662	0.254336	0.1	0.0230804
-0.658136	1.08785	-2.24118	0.00862743	-0.0140079	-0.0452551	-2.23211e-18	-6.72517e-19	2.53454e-18	0.254274	0.160538	0.25427	0.1	0.0139602
-2.41082	2.39667	-0.414417	0.00234683	0.00723123	-0.00534398	2.20277e-18	2.88812e-18	-3.17841e-18	0.254239	0.160473	0.254236	0.1	0.012162
1.73682	0.323883	1.5131	0.00919372	0.00125213	0.00228238	3.59136e-19	-4.64706e-19	-1.41254e-18	0.254174	0.160349	0.25417	0.1	0.0114865
-0.591125	2.60083	-0.0180574	0.00780221	0.00585048	-0.00270602	-1.07268e-18	3.07142e-19	9.32518e-19	0.254094	0.160197	0.25409	0.1	0.0227924
-0.180351	-1.70487	2.32341	0.00253217	-0.00217652	0.0130253	-4.3655e-19	-1.56337e-18	-6.7214e-19	0.25406	0.160133	0.254056	0.1	0.0122676
-0.173292	-1.70295	1.81444	-0.010045	0.010592	0.00318115	2.87173e-19	-1.86484e-18	1.21023e-19	0.254037	0.160089	0.254033	0.1	0.010864
-1.80649	-4.12883	0.142861	0.014844	-0.00958122	-0.0162161	-1.82892e-18	5.96949e-19	-1.60931e-18	0.253939	0.159905	0.253936	0.1	0.00798113
-0.546844	-3.35823	2.11984	0.00973405	-0.00478553	0.00963353	-2.91179e-19	-2.16728e-18	-2.60725e-19	0.253893	0.159818	0.253889	0.1	0.0182886
1.13548	-3.19648	-0.896026	0.00418512	0.00147027	-0.00602938	-3.19501e-19	1.20614e-18	-8.3006e-20	0.253833	0.159705	0.25383	0.1	0.0129048
0.839265	4.1028	2.47226	-0.0275967	0.00214321	0.0198023	6.48475e-18	7.24906e-18	8.68728e-18	0.253528	0.159129	0.253524	0.1	0.0127507
2.36391	3.98817	-1.68862	-0.0186059	0.000251349	0.00957125	-7.78239e-19	3.40875e-18	7.65336e-19	0.253324	0.158746	0.253321	0.1	0.0145355
-2.31333	1.299	-0.983179	0.0101184	0.00939249	-0.0331571	-9.66118e-20	2.85838e-18	-2.21604e-19	0.253285	0.158672	0.253281	0.1	0.013032
1.00112	-2.81295	-0.591419	0.00171978	0.0081924	-0.00475833	1.46162e-19	6.53202e-19	4.31156e-19	0.253283	0.158669	0.253279	0.1	0.0183098
0.728217	-3.78916	-1.4754	-0.00519138	-0.00255716	0.0109909	2.95451e-18	-2.94197e-19	-2.25108e-19	0.253237	0.158581	0.253233	0.1	0.0093123
-0.628555	-3.14218	1.18145	0.0103264	0.000964339	0.00719088	4.47916e-18	-4.36203e-17	7.4259e-18	0.252909	0.157966	0.252905	0.1	0.0129733
2.48714	-2.08253	0.133032	0.00118845	0.000445387	-0.00318967	-2.50025e-19	-3.66388e-20	-8.84386e-20	0.252825	0.157809	0.252821	0.1	0.0201138
-1.46699	1.95983	0.633608	-0.0114204	0.00252906	-0.00210654	-4.93436e-17	2.5287e-17	-1.2148e-17	0.252651	0.157484	0.252647	0.1	0.00694063
-0.463353	-0.554039	-0.00477747	-0.00352485	0.000375484	-0.00314377	5.89596e-19	2.87573e-19	5.1693e-19	0.252361	0.156943	0.252358	0.1	0.0144905
0.0468744	0.661773	-1.34969	0.000633718	-0.000321296	-0.0098515	1.2458e-20	-2.34413e-19	7.45304e-21	0.251467	0.155281	0.251464	0.1	0.0247159
1.97245	4.09091	-2.40664	-1.27004e-05	0.000113237	0.000103979	-6.20286e-21	-1.3319e-20	-6.89204e-21	0.251416	0.155186	0.251412	0.1	0.0150718
-1.15189	-2.17401	1.77707	0.000676839	-0.000713815	-0.00157844	-2.32615e-19	-5.71001e-20	-4.20559e-20	0.251377	0.155112	0.251373	0.1	0.0198225
-1.79574	3.68376	-1.36874	0.00373314	0.00860191	0.0103688	4.24282e-19	-2.42159e-19	-4.26597e-19	0.251372	0.155104	0.251368	0.1	0.0104898
-1.29163	0.96217	-1.82208	-0.00452901	0.0133673	0.0369786	2.37734e-18	2.13794e-19	-2.25359e-18	0.251213	0.154811	0.25121	0.1	0.00887679
1.4339	0.577619	2.39852	1.01993e-06	-9.75536e-07	9.98968e-07	0	0	0	0.250855	0.154148	0.250851	0.1	0.0297819
2.10938	0.0766306	1.88049	-0.00941726	-0.00191998	0.0206747	-1.34175e-18	-8.92053e-20	4.66395e-19	0.250853	0.154145	0.250849	0.1	0.0156447
-0.450897	-4.14776	-1.99347	-0.0120125	-0.0174399	0.00805382	-1.75276e-18	9.57192e-19	1.59107e-19	0.250722	0.153904	0.250718	0.1	0.018673
1.18451	1.58363	0.231366	-0.00381124	0.00814876	-0.00339786	3.43351e-19	5.555e-19	-8.40859e-19	0.250694	0.153852	0.25069	0.1	0.0207096
0.272661	-1.04792	1.88025	-0.013142	0.00474679	-0.0197786	6.74678e-18	1.64062e-18	2.98267e-18	0.250649	0.15377	0.250646	0.1	0.0166235
1.93853	0.144225	0.823899	-0.00882073	-0.000415557	0.00855375	-2.0471e-19	-1.92482e-19	8.33551e-19	0.250611	0.1537	0.250608	0.1	0.0117633
-2.25246	4.09778	0.086322	0.00553967	0.00715207	0.000784176	6.97099e-19	2.48153e-18	1.626e-18	0.250442	0.153388	0.250438	0.1	0.0118768
-0.277423	-2.72146	2.28688	0.00165902	-0.00104349	-0.00724016	-1.77078e-19	-2.27072e-18	-1.92125e-19	0.250387	0.153288	0.250383	0.1	0.0183852
0.679217	-3.52684	-0.532673	0.00644002	-0.012326	-0.00949828	-2.01615e-18	-9.11983e-19	-8.77969e-18	0.250069	0.152704	0.250065	0.1	0.0108931
-1.02737	-0.889583	-0.0284518	-0.00130982	-0.00557313	-0.0243498	-9.6623e-19	5.56217e-18	2.48938e-18	0.250056	0.15268	0.250052	0.1	0.0157761
-1.29077	-3.13613	-2.13636	0.00755254	0.00846962	-0.00104527	7.13334e-19	4.08456e-19	-6.48355e-19	0.25	0.152579	0.249997	0.1	0.0146074
-1.19014	-3.58569	0.1138	0.010404	0.00104997	0.0183396	5.06007e-19	-8.25358e-18	-1.25318e-18	0.249983	0.152548	0.24998	0.1	0.00954346
-1.57894	-3.38738	-0.145736	0.00999932	0.0128767	-0.00482074	-2.49674e-19	9.0496e-19	3.59592e-18	0.249569	0.15179	0.249565	0.1	0.0180072
1.76886	0.211961	0.274873	0.00356591	0.0128942	0.00157351	1.83492e-19	1.54195e-19	-1.9228e-18	0.249159	0.151044	0.249156	0.1	0.0103166
-0.229719	-0.205393	-0.377751	-0.00101381	0.00483105	5.21359e-05	5.5504e-19	-2.64812e-20	1.14695e-18	0.249049	0.150844	0.249046	0.1	0.0128274
-2.17288	0.724014	-0.374213	0.0133638	-0.0112225	0.0213345	7.62248e-18	7.08302e-18	4.72511e-18	0.249038	0.150824	0.249035	0.1	0.00667089
-1.3689	-2.74567	1.90156	-0.0150965	0.0267986	0.0108878	-1.92419e-18	-8.77368e-19	-5.28701e-19	0.248816	0.15042	0.248812	0.1	0.0226533
-0.245834	1.746	-0.981192	0.000217112	0.020654	-0.0149163	-3.48195e-18	-4.10151e-19	5.11225e-19	0.248765	0.150328	0.248761	0.1	0.0124416
-1.79723	0.664374	-1.00558	-0.014879	0.00936947	-0.0217003	3.69799e-18	-3.76603e-18	-4.41393e-18	0.248754	0.150308	0.24875	0.1	0.00985483
1.51257	4.14368	0.212545	0.00385489	-0.0266791	-0.00486935	-1.13751e-18	5.73169e-19	-8.46151e-19	0.248668	0.150153	0.248665	0.1	0.0182491
-0.754854	-1.56891	-1.23079	0.00715265	7.12793e-05	0.0105444	-9.29575e-18	-2.6642e-18	2.20551e-18	0.248632	0.150087	0.248628	0.1	0.0129284
1.91106	-1.6302	-1.34935	0.0012394	0.000289878	0.00673939	3.78682e-20	3.17664e-20	-1.88736e-20	0.24861	0.150048	0.248607	0.1	0.0158802
0.457547	3.99806	0.47449	0.0161066	-0.0196096	-0.0207566	3.30542e-18	-4.9575e-18	-5.53473e-18	0.248595	0.15002	0.248591	0.1	0.00938514
-2.2377	4.13911	2.22702	0.019507	0.0067477	0.00210396	-1.1181e-18	-3.89908e-18	-1.16106e-17	0.248416	0.149696	0.248412	0.1	0.0125478
-0.899103	4.07683	1.01356	0.00452162	-0.0182592	-0.0181801	9.32452e-19	2.1909e-18	-5.97408e-18	0.248408	0.149682	0.248404	0.1	0.0157074
2.46301	3.27156	1.45796	0.0231787	-0.0283087	-0.00278767	3.01449e-19	3.94269e-19	3.02469e-19	0.248139	0.149196	0.248136	0.1	0.0274725
-1.8633	3.88299	1.50086	-0.00275073	-0.0226506	-0.020961	9.17032e-18	3.43916e-18	-1.05003e-17	0.24801	0.148963	0.248006	0.1	0.0108333
0.415331	3.18189	-1.34276	0.0239007	0.00831796	-0.000962098	-4.33061e-18	5.63701e-18	3.42103e-19	0.247974	0.148899	0.24797	0.1	0.0161045
1.70762	-3.45866	-2.43249	-0.011686	0.0233612	0.000326674	3.5044e-18	-4.20741e-18	2.08904e-18	0.247867	0.148707	0.247864	0.1	0.00999443
2.12523	0.353668	-0.698844	-0.00677118	-0.00564553	-0.00942037	-1.14897e-18	2.18947e-19	1.63246e-19	0.247725	0.148451	0.247722	0.1	0.00818106
-1.86114	0.553261	-2.34196	-0.000597177	0.0247047	0.04296	3.24572e-18	-7.73113e-18	-1.38116e-17	0.247703	0.148411	0.2477	0.1	0.0136711
0.768537	-0.955324	-2.11818	0.000147935	0.00310563	0.00878661	1.08001e-18	5.21974e-19	-4.97283e-18	0.247695	0.148397	0.247692	0.1	0.00890535
-0.169308	-3.21827	2.41855	0.0105739	0.00350591	0.0084675	-7.19454e-19	-2.50706e-20	6.61052e-19	0.247423	0.147909	0.24742	0.1	0.0109274
2.15913	-2.93731	2.30974	0.00254379	-0.00432044	0.010159	4.65674e-18	-1.14368e-18	4.10779e-19	0.247414	0.147892	0.24741	0.1	0.00968958
-2.4008	-0.1094	1.60429	0.0179092	-0.00826227	-0.00094365	-2.45178e-17	1.62879e-17	-1.55465e-17	0.247207	0.147521	0.247203	0.1	0.00875603
-0.0777389	1.04512	2.37168	0.000657048	-9.52613e-06	-0.00310738	4.02097e-20	-3.98575e-19	1.2664e-21	0.247168	0.147451	0.247164	0.1	0.0183767
-1.43883	-1.43381	-2.39571	0.00508819	-0.00666286	-0.00591301	-3.48725e-19	1.24172e-18	-2.65578e-19	0.246763	0.146727	0.246759	0.1	0.0153828
-2.23221	0.336045	1.26311	-0.00679127	-0.0185779	-0.00655312	3.5255e-19	-1.42714e-18	2.65693e-18	0.246662	0.146549	0.246659	0.1	0.00758351
1.95384	3.83703	-1.92966	-0.00485797	-0.00306922	-0.00548774	-3.74535e-19	1.05086e-18	-4.39482e-20	0.246661	0.146546	0.246657	0.1	0.0109184
1.21789	-0.706239	1.51758	-0.0130537	-0.00280269	0.00255309	1.25286e-19	2.53452e-19	7.74367e-20	0.246529	0.146311	0.246525	0.1	0.0116482
0.971471	0.297379	0.487345	0.0106126	-0.0158096	0.000563509	2.8012e-18	1.84568e-18	-3.12738e-18	0.246521	0.146297	0.246517	0.1	0.0146863
-1.94738	-0.720944	-2.26576	-0.0247498	0.00214221	-0.000477928	-1.29601e-19	2.63124e-18	-1.7354e-19	0.246352	0.145996	0.246349	0.1	0.0129382
0.665317	-2.72927	0.707831	-0.0173298	0.0120602	0.000840124	-3.05219e-18	5.15672e-19	9.11957e-20	0.246175	0.145682	0.246172	0.1	0.0166998
-0.621348	3.44273	1.25735	-0.00181475	0.032846	-0.0460341	5.3632e-18	-2.775e-18	-4.83248e-18	0.246132	0.145605	0.246128	0.1	0.0151153
1.87826	2.92231	-2.07876	0.00103263	0.00671169	-0.0167926	2.51958e-18	8.92121e-19	-4.99938e-19	0.245896	0.145186	0.245892	0.1	0.0132214
-1.68843	-1.11239	-2.11866	0.00620232	0.0108264	-0.0125547	-5.77681e-19	-3.69037e-18	-4.95155e-18	0.245669	0.144785	0.245665	0.1	0.00974012
-1.26672	0.0608515	-1.45555	-0.0097025	-0.00175196	0.00799895	-1.65494e-18	-4.97031e-19	-9.28531e-19	0.245667	0.144781	0.245663	0.1	0.0127967
1.06422	1.47422	-1.05038	0.0192899	0.0217354	0.00461968	-2.78417e-18	2.85725e-17	8.45993e-18	0.245625	0.144707	0.245621	0.1	0.00622312
-2.12163	-2.04521	-1.38782	-0.0116867	-0.0139456	-0.0181009	-4.82259e-19	-9.84205e-19	3.61444e-18	0.245621	0.144701	0.245618	0.1	0.0119055
2.4785	1.62767	-1.46718	0.0093793	0.00477773	-0.00234507	2.91353e-19	-2.33443e-20	7.35731e-19	0.245475	0.144443	0.245472	0.1	0.0104553
-1.24435	-4.07173	0.0300743	0.00928188	-0.00373769	0.0120795	-5.75189e-19	1.79487e-18	1.21486e-18	0.245452	0.144401	0.245448	0.1	0.0138743
0.677465	1.36233	-0.773704	0.0136472	0.0131309	-0.000653809	-1.34854e-17	-6.38716e-18	2.21885e-18	0.245421	0.144347	0.245417	0.1	0.0070564
-0.881593	-0.968594	1.56099	0.0182149	-0.0111749	0.0050839	2.88182e-18	6.59659e-19	2.55074e-18	0.245307	0.144145	0.245303	0.1	0.00801777
-0.9424	-1.49876	-2.03823	0.0251183	-0.0246619	0.00745966	2.77068e-18	-7.2072e-18	1.55993e-18	0.244659	0.143007	0.244656	0.1	0.0119256
-0.791263	0.908241	1.69403	0.00892237	0.0147576	0.025833	-2.5101e-18	4.24812e-18	6.90545e-18	0.24456	0.142834	0.244557	0.1	0.0128258
2.27605	-1.38141	-1.57371	-0.00700413	0.00412052	-0.00781259	-2.34464e-18	-1.04386e-18	2.8569e-19	0.244554	0.142823	0.244551	0.1	0.00798936
1.40263	2.72895	-1.67653	-0.0098254	-0.00654557	-0.00338492	5.34339e-19	-2.69207e-19	-2.35997e-18	0.244406	0.142564	0.244403	0.1	0.00620274
2.41695	0.648135	1.40633	0.00113102	-0.0209614	0.00780218	5.94705e-19	3.48785e-19	2.21781e-18	0.244258	0.142304	0.244254	0.1	0.00807062
-2.36445	-1.6748	0.388238	-0.00146848	-8.80385e-05	0.000230749	-4.53876e-20	1.31728e-20	-2.5777e-19	0.244244	0.14228	0.24424	0.1	0.013268
-1.08867	-3.87387	-1.70298	0.00523485	0.00504916	0.00557797	7.20309e-19	-9.93024e-19	2.59644e-20	0.244042	0.141927	0.244038	0.1	0.0150876
-1.40631	2.29728	-1.22121	0.023264	0.00143284	-0.00831197	-6.58534e-19	1.01933e-18	1.56712e-18	0.24399	0.141836	0.243986	0.1	0.00957853
0.88956	-0.176199	1.85742	0.00682745	0.0090108	-0.0189393	-2.41921e-19	-4.51127e-19	-5.83835e-19	0.243725	0.141375	0.243721	0.1	0.0163316
-0.207285	2.14966	1.04166	0.00432332	0.000603412	0.00395623	-1.0317e-19	4.32943e-19	-5.48058e-19	0.243715	0.141358	0.243712	0.1	0.0214249
0.160398	3.96604	1.71774	-0.0197931	-0.000793556	0.000674162	3.66196e-18	3.49962e-18	-1.12912e-17	0.243172	0.140415	0.243168	0.1	0.00939799
-0.363585	0.997054	1.47834	0.00980605	-0.0114201	0.00863817	8.82496e-20	1.03673e-18	-7.38334e-19	0.242966	0.140059	0.242963	0.1	0.0150613
1.98526	-3.0979	-1.83118	0.000576125	0.000146649	0.0221548	4.33642e-20	3.48352e-18	1.04629e-18	0.242866	0.139886	0.242863	0.1	0.0137565
1.34989	-0.276482	-1.20458	0.0101109	0.00558535	0.00682996	5.76635e-19	8.29894e-19	1.32448e-19	0.242779	0.139735	0.242775	0.1	0.0131808
-2.26396	0.787414	-0.917895	-0.0129479	0.00293232	0.00211799	-3.9403e-19	-6.15043e-19	1.91188e-19	0.241843	0.138125	0.24184	0.1	0.0101831
-0.404212	4.03886	0.866763	0.00163005	-0.0275209	0.00585879	-5.2425e-19	2.25258e-19	-1.43982e-19	0.241701	0.137882	0.241697	0.1	0.0149126
1.90947	-0.513667	0.0399552	-0.0181233	0.0186079	0.0207983	-4.7783e-18	3.31267e-17	-9.72613e-18	0.241697	0.137875	0.241694	0.1	0.00909284
2.44931	-4.01975	-1.07794	0.00897744	0.00452524	0.00131275	-3.01026e-19	1.40968e-19	-3.0726e-20	0.241695	0.137871	0.241691	0.1	0.0259202
-1.24064	-1.04313	2.3171	-0.01261	-0.00246954	0.00714737	1.01563e-18	1.46011e-18	2.12511e-18	0.241514	0.137562	0.24151	0.1	0.00975694
0.932533	2.72119	-1.54336	-0.00514131	0.00304659	-0.00485782	-5.61335e-20	-4.55695e-19	-5.49742e-19	0.241494	0.137528	0.24149	0.1	0.0133288
0.820002	-3.85677	-0.992821	-0.00800606	-0.00671541	0.00253336	6.54126e-19	3.71895e-19	-1.07322e-18	0.241375	0.137324	0.241371	0.1	0.00906285
-1.37878	1.35448	-1.25451	0.000126209	-0.00145236	0.00128377	-1.0702e-19	5.25409e-19	-3.36618e-19	0.241318	0.137227	0.241314	0.1	0.0121109
-1.12308	-0.0272218	1.78012	-0.00217516	-0.00162559	0.00196483	-2.23981e-19	-9.45916e-20	2.02339e-22	0.240928	0.136564	0.240925	0.1	0.00955214
-1.813	-3.16144	-1.17845	-0.0105823	-0.0169213	-0.00147756	3.86e-18	-9.09948e-18	9.40053e-18	0.240749	0.136259	0.240745	0.1	0.0139509
-0.239047	1.15341	1.0389	0.009168	0.00263704	0.00424091	7.96477e-19	-1.08769e-18	3.34081e-19	0.240292	0.135485	0.240288	0.1	0.0116993
1.90535	-3.87639	-2.16785	-0.0119332	-0.00870386	0.0129711	-9.9792e-19	1.49952e-18	1.21e-19	0.240245	0.135405	0.240241	0.1	0.0170237
0.27682	1.39691	-0.505215	0.00291647	0.0449744	-0.011853	3.28729e-19	2.70947e-18	2.73799e-20	0.24021	0.135345	0.240206	0.1	0.0110927
2.16994	0.570384	1.81778	-0.00759735	-0.00110606	0.00802527	6.6727e-19	-9.00108e-19	-4.63937e-20	0.239732	0.13454	0.239729	0.1	0.0167812
-0.103213	1.54544	0.798607	0.00311819	0.00760109	0.00202482	2.0583e-18	-2.29751e-20	8.85839e-19	0.239627	0.134363	0.239623	0.1	0.0141364
0.873835	-0.65566	-0.72679	-0.0203581	-0.00104017	-0.00706867	-4.78626e-19	-9.09028e-19	-3.08772e-19	0.239625	0.13436	0.239622	0.1	0.00957867
2.48889	-2.26091	-1.18851	0.0126133	-0.00824924	0.0242383	-3.05388e-18	-7.02046e-18	4.72981e-18	0.239469	0.134098	0.239466	0.1	0.0112892
0.954835	0.0179131	-0.900689	0.0161799	0.00621404	-0.0298308	4.17233e-19	5.08652e-18	3.13069e-20	0.239435	0.13404	0.239432	0.1	0.0118038
1.81486	3.59189	-0.886008	-0.0135804	0.00564123	0.0100262	-4.63665e-18	-9.69372e-18	5.76208e-18	0.23918	0.133612	0.239176	0.1	0.00909934
-2.44059	-2.9464	-2.33529	-0.00993541	-0.0154814	-0.00476115	2.61012e-19	1.56476e-19	1.13482e-18	0.238989	0.133292	0.238985	0.1	0.0103542
1.60729	-2.7502	1.44533	0.00407376	-0.00254037	-0.00593273	3.13192e-17	-2.60222e-17	1.9921e-17	0.238726	0.132852	0.238722	0.1	0.0111715
-0.46369	-3.96038	0.724224	-0.00841119	-0.027882	0.00599206	1.12918e-17	9.02056e-18	-3.30853e-17	0.238707	0.132822	0.238704	0.1	0.0143964
-1.01944	3.22459	0.995941	0.0230296	-0.00539126	0.0065069	5.21473e-18	-5.28102e-18	2.63002e-18	0.238662	0.132746	0.238658	0.1	0.0117064
-0.177696	1.02896	-2.15054	0.00539247	-0.0117205	0.000118883	1.0638e-18	1.33335e-18	-7.1362e-19	0.238562	0.132579	0.238558	0.1	0.00903331
-0.664307	-0.557995	-1.78626	-0.00167894	-0.0082628	-0.00434132	-9.93847e-19	8.4846e-20	4.75231e-19	0.238228	0.132024	0.238225	0.1	0.0106771
1.1157	-3.84429	1.23127	-0.0194316	-0.00353184	0.00383014	-5.65696e-18	2.46043e-18	9.43543e-19	0.238175	0.131935	0.238172	0.1	0.00828442
-1.11877	1.29045	-2.14697	-0.00756319	-0.00677784	-0.000549803	7.11914e-19	3.97222e-19	2.95748e-18	0.23805	0.131728	0.238047	0.1	0.00741237
0.634666	-0.522418	-0.334496	0.0204708	-0.00208931	0.0168218	1.32729e-18	-3.30945e-19	2.96935e-18	0.237875	0.131437	0.237871	0.1	0.00739982
0.979653	2.89008	0.146977	-0.0102773	0.00962631	0.017648	-4.6411e-19	-3.62992e-18	2.07501e-18	0.237803	0.131319	0.2378	0.1	0.00781602
-0.18165	1.41096	-0.635013	-0.0052434	0.0216196	-0.010432	-2.62228e-18	1.13071e-18	5.26652e-18	0.237762	0.13125	0.237759	0.1	0.00761252
-2.16847	-0.953687	2.33933	-0.00669811	-0.00513976	0.00404509	-7.90687e-20	-2.55738e-20	-1.66684e-19	0.237704	0.131155	0.237701	0.1	0.013797
-0.0101432	-2.55295	-1.40132	-0.00285348	0.00220846	0.0158534	-1.23495e-19	1.52846e-19	-2.69052e-19	0.237659	0.131079	0.237655	0.1	0.00849839
0.125564	1.44017	1.35802	-0.00217687	-0.00165475	-0.00234817	-4.15805e-20	4.54034e-19	-3.06848e-19	0.237659	0.131079	0.237655	0.1	0.0200762
1.99857	-1.26481	-0.486114	0.015006	-0.00635346	-0.012507	3.8913e-19	-1.75314e-19	-2.19419e-18	0.237622	0.131018	0.237618	0.1	0.0100864
-0.560005	-1.99923	1.87964	0.0107286	-0.0231631	0.00936391	-6.35768e-18	-3.6977e-18	1.37838e-18	0.23746	0.130751	0.237457	0.1	0.0133553
0.269262	-3.50873	0.361324	-0.00325713	-0.00234582	-0.00290188	3.21791e-20	-5.76594e-20	-8.54801e-20	0.237262	0.130425	0.237259	0.1	0.0255664
0.285298	0.118161	2.02642	0.0116167	-0.0228905	-0.0196645	2.373e-19	1.83097e-18	2.23468e-18	0.237113	0.130178	0.237109	0.1	0.0157987
0.559488	2.86113	-0.119882	0.00562421	0.00874885	0.00231419	-1.27136e-19	-4.77176e-19	1.76971e-18	0.236764	0.129604	0.236761	0.1	0.0114097
-1.28988	-0.41996	-1.49663	-0.000498529	-0.00612711	-0.000358577	-1.79259e-19	6.36603e-21	-2.26978e-19	0.236617	0.129363	0.236613	0.1	0.0153184
-0.859843	-2.05196	0.141478	-0.0148453	-0.00960242	-0.00178586	-1.89458e-18	8.74476e-19	-9.61687e-19	0.236421	0.129042	0.236418	0.1	0.0130151
0.158476	-0.269698	-1.20714	0.00954095	0.0107548	-0.000456991	-3.01618e-18	-2.26578e-18	2.35032e-18	0.236269	0.128794	0.236266	0.1	0.00766735
2.40662	2.08618	-2.12121	-0.0114352	0.00593186	0.0113845	-2.10256e-18	-1.31196e-18	1.09221e-18	0.236075	0.128477	0.236072	0.1	0.00966546
-1.28001	-1.85435	0.227225	-0.00970066	0.00398204	0.001672	-2.20708e-19	-2.73576e-19	-9.09949e-19	0.23602	0.128386	0.236016	0.1	0.0265275
2.32697	-2.46293	1.09963	-0.0144194	-0.00635246	-0.010509	1.71951e-18	5.46994e-19	-3.55239e-18	0.235919	0.128222	0.235916	0.1	0.0123799
1.5411	-3.75724	-1.69839	-0.0178883	-0.0212422	-0.0332726	-8.64915e-20	4.34284e-18	6.74694e-18	0.235794	0.128018	0.23579	0.1	0.0092749
2.25669	0.196368	1.43276	-0.0200578	-0.0192395	0.0105383	2.31641e-18	4.4769e-18	-1.066e-20	0.235697	0.127861	0.235694	0.1	0.0070252
-0.574172	3.07413	0.937413	0.0205779	-0.00886083	-0.00362173	2.12751e-19	-5.30154e-19	-2.19299e-18	0.235681	0.127834	0.235678	0.1	0.0150584
1.51521	1.60903	0.591206	0.00152848	0.0115117	-0.00727324	-1.27193e-18	8.92578e-19	-5.89945e-19	0.235661	0.127801	0.235657	0.1	0.0117133
-1.63388	-4.03554	0.590788	0.0133378	0.0098953	-0.0132677	1.20709e-18	-8.68939e-19	-3.06172e-18	0.235605	0.12771	0.235602	0.1	0.00651867
0.954155	4.00081	1.60104	0.00119351	-0.00334479	-0.0170935	6.28077e-19	-2.40453e-18	3.03402e-18	0.235455	0.127466	0.235451	0.1	0.0105588
-0.773138	-1.04725	-2.01554	-0.00435661	-0.0048396	0.0022034	-1.26681e-18	-2.58e-18	5.70734e-19	0.23535	0.127296	0.235347	0.1	0.011441
-2.18942	0.98002	1.24736	0.0500213	-0.0564931	0.00352498	-5.3426e-18	-2.7283e-18	6.44624e-19	0.235324	0.127253	0.23532	0.1	0.00723595
-0.447225	2.86658	2.36655	0.000916209	-0.00512104	0.0015561	-7.58364e-20	3.84529e-20	8.40022e-19	0.235237	0.127113	0.235233	0.1	0.0174353
-1.46356	0.855754	-1.29669	0.00697353	0.00348288	-0.0038593	5.53649e-19	1.67534e-18	1.97323e-19	0.235178	0.127018	0.235175	0.1	0.0104679
0.670659	1.23099	1.36202	-0.00953202	-0.0145711	0.00493609	-8.10285e-20	1.46304e-18	1.93511e-18	0.23505	0.12681	0.235047	0.1	0.0178889
-0.51284	2.72047	-1.22367	0.00228742	0.00268957	-0.00355416	1.04357e-18	-4.55348e-19	-2.75148e-20	0.234941	0.126633	0.234937	0.1	0.0290807
-2.39253	-2.83051	1.18479	-0.000135126	-0.00301061	-0.0106348	3.97885e-19	-1.87145e-18	-5.55945e-18	0.234781	0.126374	0.234777	0.1	0.017297
1.96886	1.72427	0.553982	0.00963457	0.00382418	-0.0188453	-7.98356e-19	-1.5543e-18	4.38144e-19	0.234774	0.126364	0.234771	0.1	0.0177539
-0.644194	1.80255	-0.314331	-0.000930763	0.0015774	0.00915787	5.56688e-18	-3.09447e-19	-6.48283e-20	0.234643	0.126152	0.23464	0.1	0.00599478
-0.199336	2.6159	-1.70291	-0.0116174	0.0117584	0.0164796	-3.4945e-18	-2.04797e-18	4.18258e-19	0.234501	0.125923	0.234497	0.1	0.018363
-1.97108	3.8178	-0.873067	0.00138635	-0.000795217	-0.0170091	-2.53782e-19	-3.08876e-19	-3.25941e-19	0.234305	0.125607	0.234301	0.1	0.0124785
-2.19997	1.79699	1.73605	-0.00958427	0.0130329	-0.000658043	-1.18727e-18	-6.63543e-19	3.0831e-18	0.234198	0.125437	0.234195	0.1	0.0143453
0.707125	-2.80227	-2.45749	0.013497	-0.00561032	0.0154686	-3.36086e-18	1.82193e-18	-9.84038e-19	0.234191	0.125425	0.234188	0.1	0.0139124
-1.7923	-2.30723	1.9408	0.00622239	0.00529661	0.00369059	2.82844e-19	6.03387e-19	1.24421e-19	0.23412	0.125311	0.234117	0.1	0.0106986
-1.49861	1.54975	-2.00419	-0.0025774	0.00133796	0.000687603	-6.54265e-20	-2.42839e-19	5.10061e-20	0.234057	0.125209	0.234053	0.1	0.015801
2.12586	-0.208092	-0.472315	-0.0129335	-0.00273761	-0.00870165	6.52174e-18	-6.03063e-18	-1.97245e-17	0.233918	0.124987	0.233915	0.1	0.00661452
0.492735	-1.12721	-1.7632	-0.0172802	0.00337468	0.00438571	-3.37456e-19	-2.27324e-18	1.80706e-19	0.233748	0.124714	0.233745	0.1	0.0124371
0.69239	-2.28588	0.887237	0.00854018	0.0119068	0.0086314	4.86264e-19	1.26584e-18	-1.1718e-18	0.233422	0.124193	0.233419	0.1	0.0148591
-1.17879	-1.25162	0.318628	-0.0189481	-0.00429145	-0.00203004	2.36593e-19	-5.80627e-19	8.36036e-19	0.233417	0.124185	0.233414	0.1	0.0172323
-1.11054	-3.37794	-0.701309	-0.00508765	-0.0026073	-0.0115579	-1.2491e-18	-3.68177e-18	3.73698e-18	0.233291	0.123984	0.233288	0.1	0.00829274
-1.4932	0.846193	-2.24596	0.00988021	0.0163508	0.0302179	-5.78154e-18	-1.21445e-17	-1.08018e-17	0.233276	0.123961	0.233273	0.1	0.00855199
-1.03257	2.30817	-1.87467	0.00492911	-0.00593225	-0.00487927	-8.05277e-19	4.7395e-20	-7.75539e-20	0.233268	0.123947	0.233264	0.1	0.0167012
-1.63623	-3.68905	0.263394	-0.0126271	0.00190541	-0.00738413	-2.34186e-18	-4.28446e-18	-9.48038e-18	0.23313	0.123727	0.233126	0.1	0.00761801
-0.188524	3.9504	-1.44649	1.01993e-06	-9.75536e-07	9.98968e-07	0	0	0	0.232932	0.123413	0.232929	0.1	0.0186828
-0.798836	-0.373334	1.74743	-0.00138904	-0.00440912	-0.00921382	1.81248e-19	2.33273e-19	-1.38368e-18	0.232855	0.123291	0.232852	0.1	0.0138297
2.13796	0.197694	-0.245426	0.00250363	0.00406575	-0.000504224	8.03456e-18	8.55397e-18	2.08313e-18	0.232842	0.12327	0.232839	0.1	0.00561729
0.284598	3.10649	-0.539391	0.0158929	-0.00990666	-0.000715679	-1.63979e-19	-5.41104e-20	-2.72436e-18	0.232828	0.123248	0.232825	0.1	0.0200614
1.10521	3.52018	1.01498	0.0139441	0.0168941	0.00832683	4.3763e-18	4.66245e-18	2.10575e-18	0.232703	0.123049	0.2327	0.1	0.0179635
-2.1524	4.16257	1.75826	0.0245429	-0.0035014	-0.00633186	2.90102e-17	-2.00359e-18	-6.0874e-18	0.232636	0.122942	0.232632	0.1	0.00628236
1.3756	-3.44353	0.792546	-0.00393878	-0.000592168	-0.00527486	8.02937e-19	-1.02283e-17	-2.25165e-17	0.2325	0.122727	0.232496	0.1	0.00992527
1.76563	0.563649	0.991381	-0.0023323	0.00687943	0.00626382	6.17923e-19	3.43545e-19	7.20031e-19	0.232448	0.122645	0.232444	0.1	0.0113368
0.247009	3.89111	-0.302181	-0.00328592	-0.00411946	-0.00950754	-2.21533e-18	-4.07304e-18	-1.32394e-18	0.232238	0.122313	0.232235	0.1	0.0133304
0.450788	0.0919854	-1.25904	0.0104429	0.00979549	-0.0144582	-1.69362e-18	-9.68858e-19	6.44631e-18	0.231942	0.121846	0.231939	0.1	0.0142247
0.443901	0.515319	0.548374	0.00299564	0.0119331	0.010881	-7.55739e-19	-1.08596e-18	1.73534e-19	0.231936	0.121836	0.231932	0.1	0.0136643
-2.17665	-2.57081	1.96818	0.0168523	-0.00912762	-0.0195461	3.24294e-19	-1.6559e-18	4.72562e-18	0.231773	0.12158	0.23177	0.1	0.0091825
0.241591	3.41662	-0.962918	0.0261075	0.0139853	0.00149505	-6.36223e-18	1.16806e-17	-1.00608e-17	0.231751	0.121546	0.231748	0.1	0.0151479
0.635298	-4.21198	-1.82479	0.000241198	0.00694209	-0.000753562	2.56174e-20	-8.27826e-21	4.53839e-20	0.231707	0.121475	0.231703	0.1	0.0127374
-2.23194	3.8761	-1.44439	-0.00430863	0.00107694	0.00950833	1.13233e-19	-1.26363e-18	-2.49076e-19	0.231502	0.121154	0.231499	0.1	0.0102564
0.51722	-2.23896	-0.686363	-0.0026064	-0.00530199	0.0186991	-8.6322e-18	-9.0711e-18	-1.05285e-18	0.231422	0.121028	0.231418	0.1	0.0123521
0.57899	-3.28738	0.632708	-0.00181725	-0.00764756	-0.00713809	-2.82816e-18	5.28347e-19	-6.99612e-19	0.231381	0.120963	0.231377	0.1	0.00715649
-0.367188	1.08126	0.590893	0.00900393	-0.00710416	0.00179441	-3.77535e-18	-3.06081e-19	-2.13172e-18	0.231312	0.120856	0.231309	0.1	0.00749482
1.27409	-0.954779	0.112375	-0.00840941	0.00350068	-0.00157009	3.68801e-19	2.17722e-20	-1.23617e-18	0.23128	0.120805	0.231276	0.1	0.020918
0.676082	-0.348414	0.537859	0.00315999	0.00231807	0.00258312	2.43125e-19	-6.92338e-19	2.56489e-19	0.230833	0.120107	0.23083	0.1	0.0164767
-1.6976	4.12627	1.12439	0.0094373	0.00868802	0.00190617	3.91106e-18	-2.18016e-18	2.66434e-18	0.230636	0.119799	0.230632	0.1	0.00690565
2.23444	1.22363	-0.831503	0.0137981	-0.00894653	-0.0157122	-4.81992e-18	5.56501e-18	6.47908e-18	0.230539	0.119648	0.230536	0.1	0.00838783
1.90635	-3.43514	-1.10983	3.29442e-05	9.34625e-05	-0.000168554	-7.55481e-21	9.50849e-21	6.26232e-21	0.230534	0.119641	0.230531	0.1	0.0311243
-1.94286	1.56806	-1.53616	0.000452562	-0.004761	0.000162143	1.3276e-19	-1.84046e-19	7.91683e-19	0.230466	0.119535	0.230463	0.1	0.0135998
-1.34939	-1.9716	2.16746	-0.0122273	0.0053731	-0.0117157	-2.66364e-18	3.66881e-19	2.96621e-18	0.230344	0.119345	0.230341	0.1	0.0114454
0.510358	0.269427	-0.832473	-0.0125982	-0.00607039	-0.000151994	2.70564e-18	9.51637e-18	1.35199e-17	0.230281	0.119247	0.230278	0.1	0.00636785
-0.7878	-2.58303	-0.635262	0.00157154	0.000372147	-0.000280141	6.41101e-21	3.1096e-20	-4.77385e-22	0.230253	0.119204	0.23025	0.1	0.0203559
-0.75019	3.65116	-2.1954	0.00376942	-0.00162421	0.0153105	-3.77868e-19	-1.02396e-18	4.69769e-19	0.229832	0.11855	0.229828	0.1	0.0207182
1.37421	3.59995	-0.479398	-5.25664e-06	4.08268e-05	6.82032e-05	-9.83777e-20	6.69377e-21	-6.47402e-21	0.229824	0.118538	0.229821	0.1	0.0223101
-2.1126	-3.84868	1.63697	-0.0102223	-0.000452132	-0.0122439	5.1281e-18	-1.20501e-18	2.54409e-18	0.229608	0.118204	0.229605	0.1	0.00824878
-2.37084	-1.89226	1.69465	0.00581106	0.0044151	-0.00148511	4.90365e-19	-1.13855e-19	1.40893e-18	0.229545	0.118107	0.229542	0.1	0.0117835
1.41026	3.3583	-0.868148	-0.0165933	0.0066319	-0.00680776	7.51059e-19	9.83205e-19	-5.24304e-18	0.229512	0.118057	0.229509	0.1	0.0096061
-1.89123	3.50336	-2.481	-0.000569982	-0.000621509	-0.000115536	2.16633e-20	-6.03689e-20	-2.17795e-20	0.229435	0.117937	0.229431	0.1	0.0163186
0.371386	-1.99278	-0.326049	-0.00286708	-0.00816668	0.0289994	2.73351e-18	2.59208e-18	1.30234e-18	0.229379	0.117852	0.229376	0.1	0.00977177
1.31392	3.7122	-1.1425	-0.00808914	0.00938305	-0.00551362	-4.23691e-19	-1.09367e-19	-6.32646e-19	0.22914	0.117483	0.229136	0.1	0.0152209
-0.326745	-3.40471	1.48009	-0.00819415	-0.000402558	-0.0043902	-2.39032e-19	-3.86146e-19	-5.01691e-19	0.229125	0.11746	0.229122	0.1	0.0129071
-1.19087	0.21077	0.0892126	0.0154868	0.0137109	0.0152607	-1.05007e-19	-1.04814e-18	-1.39798e-18	0.228972	0.117224	0.228968	0.1	0.017935
0.330943	-0.630369	1.18902	-0.00724702	0.0185182	0.00032846	7.09522e-19	-9.00985e-19	-1.90512e-19	0.228835	0.117015	0.228832	0.1	0.010305
1.68177	-3.86367	0.231322	-0.0297701	-0.010933	0.00159795	4.91206e-19	2.62105e-18	-2.01971e-18	0.228804	0.116966	0.2288	0.1	0.011814
-0.208089	0.711508	0.0606333	-0.00079112	0.000100258	0.00257389	1.49769e-21	3.23255e-19	-1.98877e-20	0.228757	0.116896	0.228754	0.1	0.0168742
-2.39607	3.76811	1.73698	0.00241576	0.00223925	-0.00708957	-8.49298e-19	-1.86399e-19	-3.24994e-19	0.228662	0.11675	0.228659	0.1	0.0111049
-1.48225	0.504772	-1.93933	-0.0204706	-0.00768019	-0.00559531	-3.73326e-17	-4.86261e-17	1.23011e-17	0.228621	0.116686	0.228617	0.1	0.00635762
-0.55169	-3.58402	-1.14811	0.00263444	0.0092644	0.00353094	-4.34622e-18	-1.56679e-17	-9.78337e-18	0.228586	0.116633	0.228582	0.1	0.00871037
-0.753758	-1.23217	-0.219568	0.011836	-0.00545219	-0.0214168	5.17532e-19	2.75339e-18	-9.40722e-18	0.228476	0.116464	0.228472	0.1	0.0177462
-0.763736	2.52769	-2.18163	0.00706654	0.0196308	0.0033421	-1.14297e-18	2.13564e-19	-6.94453e-19	0.22834	0.116256	0.228336	0.1	0.011373
-1.99433	0.360439	0.847907	-0.00499335	-0.00135158	-0.0058377	9.43224e-19	-7.53788e-19	2.81387e-19	0.228258	0.116132	0.228255	0.1	0.0152246
0.0159464	-0.519733	1.50032	-0.00618093	0.00866463	0.00687453	5.76522e-19	-1.43857e-18	9.86886e-19	0.228012	0.115756	0.228008	0.1	0.0153389
-1.54172	-0.943642	1.45813	0.00689519	0.00313808	0.0191846	-1.31299e-18	5.07436e-18	4.26795e-20	0.227934	0.115637	0.22793	0.1	0.00982412
-1.68612	-1.94628	1.50742	0.00279081	-0.0132294	0.0106318	2.84375e-18	4.09589e-18	4.92307e-19	0.227917	0.115612	0.227914	0.1	0.0126181
1.08028	-3.7074	-0.348488	0.00949035	-0.00861008	0.0124624	4.86751e-19	-3.49744e-18	-6.97987e-19	0.227876	0.11555	0.227873	0.1	0.00934197
-1.65598	0.792739	-0.104181	-0.0164043	0.00326412	0.00410443	-9.41222e-19	1.45533e-18	1.33804e-18	0.227633	0.115181	0.22763	0.1	0.00961784
-1.25638	0.584445	-0.163175	-0.0129501	0.0034437	0.00858969	8.90679e-18	2.80848e-18	1.11338e-18	0.227422	0.114861	0.227419	0.1	0.00927514
0.999828	-1.81246	0.950719	-0.00450218	0.00196031	0.00551044	5.19776e-19	2.28498e-18	1.58915e-19	0.227052	0.114301	0.227049	0.1	0.0113853
0.434133	-3.40579	-1.42823	0.000902338	0.00697092	-0.00384161	1.508e-18	-4.4737e-19	-2.1967e-19	0.226965	0.114169	0.226962	0.1	0.0105409
2.29318	-2.15292	0.565994	-0.0103884	-0.00225569	-0.0085719	-3.67481e-20	2.26598e-18	-3.5343e-19	0.22668	0.113739	0.226676	0.1	0.0139303
-1.86248	-0.070663	0.907118	0.000428061	-0.0016233	0.000144636	-4.30143e-20	5.46225e-21	1.04683e-19	0.226208	0.113031	0.226205	0.1	0.0180013
0.39496	3.88706	-1.38595	-0.00779088	0.00342728	0.0135317	-1.53874e-19	-6.31316e-19	-1.06181e-19	0.226139	0.112928	0.226136	0.1	0.0180323
-0.0835035	-3.64963	1.77691	-0.0034889	0.00124387	0.00071487	1.06776e-18	-8.43225e-19	1.65351e-18	0.225771	0.112378	0.225768	0.1	0.00898088
-0.670549	-1.8577	1.45401	0.00391792	0.00312674	0.00963183	-9.13392e-19	-6.12299e-20	4.50264e-19	0.22563	0.112167	0.225627	0.1	0.00948457
-0.812125	0.148273	-0.155035	0.00321011	0.00240747	-0.00554289	-6.78636e-20	-9.28561e-19	-1.54781e-19	0.225448	0.111896	0.225445	0.1	0.0155075
-1.32738	-4.21902	0.882586	0.00176162	-0.00170475	-0.00461207	6.84627e-20	-2.09512e-18	-6.6173e-19	0.225352	0.111752	0.225349	0.1	0.0112979
-2.31751	0.266974	-1.37332	-0.00722495	-0.00583856	0.00460847	1.5129e-18	-1.28335e-18	-2.79312e-19	0.22535	0.11175	0.225347	0.1	0.0113069
2.47451	1.17486	-1.59602	-0.034734	0.0280725	0.00424805	6.54347e-19	2.86691e-19	-7.1627e-18	0.225293	0.111665	0.22529	0.1	0.00921406
1.13226	1.23394	2.3973	1.01993e-06	-9.75536e-07	9.98968e-07	0	0	0	0.225278	0.111643	0.225275	0.1	0.0248597
-1.76802	0.356438	-0.151958	-0.00237794	-0.00513584	0.00185165	9.52377e-20	-1.71244e-19	8.15506e-19	0.225237	0.111581	0.225234	0.1	0.00893732
-0.694379	0.325755	-0.673345	0.00220378	0.00323644	0.00202073	6.30759e-19	7.69419e-20	-1.32057e-19	0.225147	0.111447	0.225144	0.1	0.014314
-0.156282	-1.54513	-2.2255	-0.00628319	0.00210695	0.013974	9.76893e-19	-4.02056e-19	-6.13777e-19	0.224951	0.111157	0.224948	0.1	0.0188799
-2.04147	-4.1296	0.786988	0.0052933	0.00543257	-0.0095708	-1.4216e-19	-9.05668e-18	-6.39677e-19	0.224941	0.111143	0.224938	0.1	0.00839387
2.07701	1.40241	-1.37413	0.0134193	-0.0115211	-0.00298092	5.44174e-18	-4.53219e-19	1.91815e-19	0.22493	0.111126	0.224927	0.1	0.00730528
-0.801561	3.95424	-0.0524014	-0.00540159	-0.00694345	0.00450574	-1.05132e-18	4.34028e-19	3.76949e-19	0.224922	0.111114	0.224919	0.1	0.0125556
0.355169	3.71561	0.108429	-0.0105041	-0.0319431	-0.00889655	-5.93325e-18	2.29379e-19	-4.35042e-18	0.224812	0.110952	0.224809	0.1	0.00988813
-2.00296	-0.543811	0.9543	-4.76547e-06	1.13052e-05	3.75351e-06	6.03938e-22	9.4634e-22	-1.74329e-21	0.224738	0.110842	0.224735	0.1	0.0128191
0.0167517	4.07256	-1.97786	1.01993e-06	-9.75536e-07	9.98968e-07	0	0	0	0.224615	0.110659	0.224611	0.1	0.0144752
-1.5814	-3.54459	1.39026	0.00396549	0.00926941	0.001154	3.9257e-18	4.38787e-18	2.2937e-18	0.224429	0.110385	0.224426	0.1	0.00719773
-0.0421215	-1.54273	0.691491	-0.0235967	0.0198452	0.0072327	-2.22764e-17	-9.5368e-18	-8.55707e-18	0.224388	0.110325	0.224385	0.1	0.00663966
-2.27018	-1.74141	2.23036	-0.00253411	-0.0325568	-0.00383544	-2.2281e-18	-2.89481e-18	-1.55341e-18	0.224295	0.110187	0.224291	0.1	0.0116019
-1.20888	-0.0739816	-2.16555	-0.0103075	-0.0247168	0.00922823	8.41039e-18	1.25084e-19	-7.33226e-18	0.224291	0.110182	0.224288	0.1	0.00999189
1.23381	3.96059	0.66879	0.00582693	0.00288141	0.0108648	-6.24747e-19	1.31399e-18	-7.29794e-19	0.224137	0.109955	0.224134	0.1	0.0136845
-2.31969	1.90649	2.16365	0.00510637	0.0134168	0.00604937	-9.09689e-20	5.90709e-20	3.75954e-19	0.223911	0.109623	0.223908	0.1	0.0104584
-1.86617	1.03992	0.209272	0.0053437	0.00808425	0.0237746	3.19395e-18	4.87235e-18	-2.25168e-19	0.223778	0.109426	0.223774	0.1	0.0166955
1.32764	-3.19182	-0.455979	-0.00353789	0.00301326	-0.000179042	5.58548e-19	3.39583e-18	-7.03704e-19	0.223739	0.10937	0.223736	0.1	0.00779279
-1.96188	-2.51363	1.56908	-0.0146137	0.011724	0.00782465	-7.39676e-19	-1.09969e-18	-2.00156e-18	0.223583	0.109141	0.223579	0.1	0.0107044
0.0295743	0.128508	2.4114	0.0234927	0.0157922	-0.00879714	3.68688e-18	1.54468e-18	-8.45826e-19	0.223557	0.109103	0.223553	0.1	0.011963
-2.01465	-4.17157	-1.44184	-0.00151995	0.00759591	0.0191608	6.66242e-19	2.48564e-20	-2.0081e-19	0.223462	0.108964	0.223458	0.1	0.0146109
1.62338	3.31449	2.41115	0.033755	0.0115924	-0.00302037	-8.44381e-19	-4.23661e-18	1.60231e-18	0.223448	0.108944	0.223445	0.1	0.0145255
0.59431	-1.7857	1.78262	-0.00935172	0.0126438	0.00701508	1.06517e-18	6.92994e-19	7.02866e-18	0.223421	0.108905	0.223418	0.1	0.00747141
1.36316	0.186641	1.99371	0.0031107	0.0022775	-0.00342719	-9.89649e-20	7.33255e-19	1.99728e-19	0.223392	0.108862	0.223389	0.1	0.0142891
-1.69395	-0.713511	-1.86929	0.0012169	-0.0116143	-0.0173973	8.96184e-19	5.74089e-18	-6.14546e-18	0.22317	0.108537	0.223167	0.1	0.00869615
0.672254	-1.06041	-1.12686	-0.0456573	-0.0118366	-0.0147372	-6.93801e-18	6.2761e-18	1.07972e-17	0.223154	0.108515	0.223151	0.1	0.0120183
0.186392	0.759742	-2.34608	-0.00298942	-0.000596675	0.00469908	6.44904e-20	6.1294e-19	1.07633e-19	0.223131	0.108481	0.223128	0.1	0.00895273
-0.722765	2.14216	-0.0136101	0.00768168	0.0019458	0.00879368	-3.90039e-18	-3.41534e-19	6.21929e-18	0.223078	0.108403	0.223075	0.1	0.00949006
-0.105767	-3.03807	-1.26658	-0.00353959	0.00148141	-0.00428914	-2.28263e-19	4.53248e-19	3.48597e-19	0.223	0.10829	0.222997	0.1	0.0120182
-2.37554	1.44368	0.897933	-0.0132577	0.0272768	-0.00943876	3.40934e-18	2.55535e-18	-1.12636e-18	0.222868	0.108098	0.222865	0.1	0.00982497
-0.0812907	2.56824	0.879532	0.00111102	0.00341478	-0.00123801	2.82681e-20	6.04575e-20	-3.39259e-21	0.222854	0.108077	0.222851	0.1	0.0230183
1.59746	-2.64292	-0.249329	0.00691418	0.0331195	-0.0135579	-3.11472e-18	-1.00613e-18	7.98049e-19	0.222837	0.108052	0.222833	0.1	0.0178433
-2.44872	-2.77054	-1.1628	-0.0188533	-0.0116834	0.023145	9.51344e-19	-4.02506e-18	2.70537e-19	0.222692	0.107842	0.222689	0.1	0.0203351
0.435667	1.78617	0.447665	-0.00781749	-0.0080331	0.000415745	1.23326e-20	-6.77288e-20	-1.94304e-18	0.222292	0.107262	0.222289	0.1	0.0258071
2.27088	-0.364707	1.82811	0.0139837	0.00227404	0.0158884	1.80997e-18	-1.64228e-18	2.279e-19	0.222267	0.107225	0.222264	0.1	0.00577041
1.95057	1.7345	-1.8689	0.0094599	0.00357193	-0.00107041	8.62422e-19	-3.28564e-19	-5.04212e-20	0.221904	0.106701	0.221901	0.1	0.0105971
-1.14049	1.2688	0.897408	0.00431044	-0.00281298	-0.00426771	-1.0374e-18	-7.15735e-19	1.02916e-18	0.221747	0.106474	0.221744	0.1	0.00943418
0.743272	-3.11951	-1.15327	-0.000397428	-0.00151166	-0.00865558	-2.83059e-19	-6.12039e-20	2.34922e-19	0.22159	0.106249	0.221587	0.1	0.00873683
1.57507	3.27103	-2.1488	-0.00906274	0.00485943	-0.00403943	-6.44001e-19	1.95209e-18	-1.82207e-18	0.221538	0.106173	0.221534	0.1	0.00836733
1.54998	3.25279	-0.1747	0.0203774	0.0328827	-0.0269097	-2.68153e-18	-7.1699e-18	2.27431e-18	0.22147	0.106076	0.221466	0.1	0.0101436
2.18271	1.46922	0.865701	-0.0215284	0.0195308	0.0147619	-3.57536e-18	-1.55047e-18	-3.70658e-18	0.221361	0.105919	0.221357	0.1	0.0168181
1.666	-0.606287	1.42838	-0.00941792	-0.0014865	0.00408853	1.60705e-18	-2.96978e-18	-8.13795e-19	0.2213	0.105832	0.221297	0.1	0.00533858
0.272732	-3.3046	0.962944	-0.0119306	0.00507388	-0.00969484	1.84872e-17	-1.82986e-17	3.04505e-18	0.221183	0.105664	0.221179	0.1	0.0127604
-1.77223	-1.35524	-0.973133	0.0134092	0.00428691	-0.00120793	1.10467e-19	-5.05657e-20	7.94459e-19	0.22118	0.105659	0.221176	0.1	0.0102965
1.29821	3.2293	2.11776	-0.0154404	-0.00305914	0.0394931	3.17875e-17	3.46961e-18	5.19342e-18	0.221147	0.105613	0.221144	0.1	0.00803065
-0.0422327	1.74487	-1.85426	-0.00106899	0.0069808	0.00270388	1.57864e-18	1.107e-17	1.89592e-17	0.220983	0.105378	0.22098	0.1	0.00568877
-1.57664	3.66749	-1.78722	0.00549284	-0.0110099	0.00789994	5.55964e-18	1.78979e-18	-5.43406e-18	0.220954	0.105336	0.220951	0.1	0.00844458
1.18696	3.00057	-1.27643	-0.00852886	-0.00322359	0.00746683	1.51957e-18	-2.18496e-18	5.00293e-19	0.220943	0.10532	0.220939	0.1	0.0130926
0.690852	-0.897626	1.62789	0.00101448	0.00545288	0.0118796	-9.86249e-19	1.61498e-19	-3.37391e-20	0.220836	0.105168	0.220833	0.1	0.00929877
1.47246	-1.30489	-0.295444	-0.0128266	-0.00747317	0.00838104	1.5986e-17	-1.34278e-18	1.03784e-17	0.220644	0.104894	0.220641	0.1	0.0079984
-0.737866	2.51579	2.37072	0.0108277	-0.0179807	0.00200995	1.9798e-18	1.10537e-18	-2.09842e-19	0.220614	0.104851	0.220611	0.1	0.0114959
-0.291858	1.95193	-0.561075	0.00186699	-0.00168727	0.00173425	-9.28594e-19	-4.28149e-19	-4.56715e-19	0.220561	0.104776	0.220558	0.1	0.00633464
-0.0155288	0.358152	0.771218	0.00107632	0.00564487	-0.000827094	-1.33119e-19	1.70874e-20	-3.30077e-19	0.220418	0.104572	0.220415	0.1	0.0185279
2.45154	3.53446	1.06152	-0.0198359	-0.0269195	-0.014388	1.41275e-18	-1.43221e-17	9.22716e-18	0.220211	0.104278	0.220208	0.1	0.0143902
2.27774	-2.18241	-2.26955	0.00684304	-0.00530248	-0.00585054	3.06734e-18	9.48553e-19	1.13186e-18	0.22019	0.104247	0.220187	0.1	0.0130451
2.16012	2.45597	1.76832	0.0190466	-0.00438802	-0.00646831	-2.02081e-19	5.45268e-19	8.28763e-19	0.220116	0.104143	0.220113	0.1	0.0191316
0.679652	-3.9027	-0.251207	-0.0100412	-0.0181243	-0.0148902	-4.30567e-18	1.54747e-19	5.48681e-20	0.220103	0.104123	0.220099	0.1	0.0164027
1.08444	-3.89375	-1.77372	0.0222424	0.0057023	0.0191837	-4.84024e-18	-5.4275e-18	2.80262e-18	0.22005	0.104049	0.220047	0.1	0.00786518
-2.40905	1.6704	-2.06096	0.00679447	-0.000335135	0.00534988	6.95304e-19	6.52951e-20	-8.81757e-19	0.220048	0.104046	0.220045	0.1	0.0142861
1.16067	2.32642	1.22412	-0.0068165	-0.0127867	0.00223372	2.3147e-20	8.68587e-19	-3.77471e-18	0.219978	0.103947	0.219975	0.1	0.0102422
0.392019	2.38004	1.55749	-0.0279691	-0.00318175	0.00459972	1.52992e-18	5.01603e-19	-1.88564e-19	0.219733	0.1036	0.21973	0.1	0.0141029
0.612854	3.79449	-1.76297	-0.00435681	0.00532031	0.00994224	-7.18192e-19	-1.91204e-18	5.36981e-18	0.21969	0.10354	0.219687	0.1	0.0113174
0.222004	0.914913	0.205099	0.0055552	-0.00795858	0.000358315	1.95064e-19	-7.5947e-19	-6.12561e-19	0.219679	0.103523	0.219675	0.1	0.0106789
2.14552	-3.12692	-2.26369	-0.0154944	-0.00353497	0.0159169	8.83861e-18	6.73986e-18	3.68887e-18	0.219414	0.10315	0.219411	0.1	0.00685429
-0.957809	0.775739	-1.23913	-0.000235659	-9.12695e-05	8.76932e-05	3.9417e-20	9.05296e-20	2.7236e-20	0.21935	0.103058	0.219346	0.1	0.01448
-1.60426	-2.05144	-0.681963	0.000114533	0.00210528	0.0120783	2.37304e-20	-1.12391e-18	1.26996e-19	0.219196	0.102842	0.219193	0.1	0.0099108
-0.386523	-2.70564	-1.6143	-0.000712427	-0.0014977	-0.000313876	1.1091e-19	-5.69317e-20	-3.55853e-19	0.219104	0.102713	0.219101	0.1	0.0130008
-1.07334	2.30916	0.332762	-0.00401858	0.00633488	-0.00492554	1.18084e-18	-1.6249e-19	-6.82696e-19	0.219055	0.102644	0.219052	0.1	0.0111272
-0.127853	3.23528	-1.22584	-0.000102661	-6.16872e-05	-0.000105811	1.0201e-19	-4.24811e-19	1.44132e-19	0.218969	0.102522	0.218965	0.1	0.0198666
-2.20835	1.07531	-0.0685437	0.00413463	-0.00136926	0.0167886	1.72749e-18	1.27254e-18	2.14757e-19	0.218825	0.102321	0.218822	0.1	0.00737346
-1.43074	1.44017	0.566764	0.00206268	-0.00153089	-0.00347474	1.16006e-19	2.62971e-19	1.45199e-19	0.218552	0.101938	0.218549	0.1	0.00898009
-0.537656	-3.26546	-0.834655	-0.011673	0.0183245	-0.000323939	1.70662e-18	1.86568e-18	7.72207e-19	0.218482	0.10184	0.218478	0.1	0.0104337
0.117234	-1.08622	0.706388	-0.0168712	-0.00720301	0.0136696	1.91731e-17	-2.92153e-18	1.87274e-17	0.218306	0.101594	0.218303	0.1	0.00644718
1.09008	3.10808	2.48473	-0.0162057	-0.0095249	0.0292386	-3.06878e-18	1.00327e-17	1.44337e-18	0.218162	0.101394	0.218159	0.1	0.015131
-0.782488	-0.0759788	0.717362	-0.00624895	0.0118986	-0.00538313	7.00119e-20	-9.71179e-19	7.36608e-19	0.21812	0.101335	0.218117	0.1	0.0168598
2.45118	0.0726325	1.04098	0.0137201	0.00557083	0.0144438	2.95168e-18	6.74417e-18	-7.26348e-19	0.218061	0.101253	0.218058	0.1	0.00667054
-1.98719	-1.92659	0.300026	0.000690779	-0.00341312	0.0017422	-1.19658e-18	3.37667e-19	-3.49147e-19	0.217991	0.101155	0.217988	0.1	0.0231209
-0.644564	0.0733014	1.1922	-0.0531426	-0.0254452	-3.33912e-05	7.8465e-18	8.01857e-18	-1.10652e-17	0.217971	0.101128	0.217968	0.1	0.0115792
-1.99922	3.38314	-0.750365	-0.00262959	0.00201523	0.0036747	7.21038e-19	2.212e-19	6.89758e-20	0.2178	0.100889	0.217797	0.1	0.0131398
-2.30746	-0.544736	1.73826	-0.0210353	-0.0198842	0.0237361	-5.00476e-18	2.37551e-17	1.00028e-17	0.217795	0.100883	0.217792	0.1	0.010648
-2.40491	-0.466268	2.15341	0.00409789	0.0203231	0.0190574	-1.32158e-19	4.30874e-18	-3.68406e-18	0.217783	0.100867	0.21778	0.1	0.0166544
-1.46588	-0.0436471	1.47683	-0.00282029	-0.0135032	-0.00207898	-5.95549e-19	-1.41733e-19	1.60477e-19	0.217514	0.100493	0.217511	0.1	0.0156645
1.11725	-0.915387	-1.06618	-0.00658033	-0.031061	0.00309466	3.1349e-18	-1.08642e-17	-5.08372e-18	0.21747	0.100432	0.217467	0.1	0.00819755
1.97345	-3.98865	1.77198	0.00556077	-0.00905721	0.00960451	2.33616e-18	-4.18554e-19	-1.76302e-18	0.21746	0.100418	0.217457	0.1	0.0106443
1.77275	-3.48182	-1.97281	0.00982676	0.00378809	0.00906788	-5.23025e-18	-6.20127e-19	-1.17891e-18	0.217326	0.100233	0.217323	0.1	0.0089266
-1.80216	1.68528	0.447813	-0.00900061	-0.0105931	-0.00391732	-5.1545e-19	-1.76676e-18	3.95845e-18	0.217056	0.0998588	0.217053	0.1	0.00947825
-1.61423	1.74645	-1.29089	0.000334587	0.00146178	-0.000344155	-1.9971e-19	-6.51609e-19	-2.72181e-19	0.216891	0.0996319	0.216888	0.1	0.00827696
1.17085	-3.66105	1.66596	-0.0143223	-0.0196761	0.00804613	8.63223e-18	6.93258e-17	1.15411e-17	0.21677	0.0994646	0.216767	0.1	0.00711931
0.747485	-0.117451	-2.02899	0.0174659	-0.0129786	-0.012651	2.15732e-17	5.65713e-18	-9.91278e-18	0.216751	0.0994395	0.216748	0.1	0.0083987
2.47486	1.79915	-2.46323	0.00331213	0.0013197	0.00163871	-2.12411e-18	4.66252e-18	3.03961e-18	0.21639	0.0989432	0.216387	0.1	0.00789513
-0.955889	-3.32894	-2.41717	0.00501882	0.00379244	-0.00443432	4.70267e-19	2.28722e-19	-5.52672e-19	0.216263	0.098769	0.21626	0.1	0.016668
-0.919135	2.89503	-1.98663	0.0203369	0.0206748	0.0228794	9.48033e-19	3.93075e-18	-9.89607e-19	0.21626	0.0987639	0.216256	0.1	0.0224338
-2.17014	3.68254	1.21982	-0.0106666	-0.0368513	0.00435448	7.50866e-18	-1.68001e-17	2.21765e-17	0.216029	0.0984481	0.216026	0.1	0.00885275
-1.95843	0.999177	0.825923	0.0233677	-0.00791348	-0.00557189	2.37262e-18	-2.10065e-18	2.26201e-20	0.216	0.0984085	0.215997	0.1	0.0120483
1.13562	4.1947	-1.08784	-3.68014e-05	2.11386e-06	9.85044e-06	8.59141e-22	8.80269e-21	-7.98403e-22	0.215992	0.0983978	0.215989	0.1	0.0169464
1.59975	0.829869	-0.813515	-0.000105251	-0.00671709	-0.00782661	-9.08351e-19	5.71716e-21	1.98853e-19	0.215901	0.0982731	0.215898	0.1	0.0086757
-1.76219	2.27992	0.123532	-0.00281436	-0.000185208	0.0187291	-3.98566e-18	2.24857e-18	3.68384e-21	0.215887	0.0982548	0.215884	0.1	0.00968417
1.07595	-1.68022	1.41715	-0.0420064	0.0149286	-0.0142451	-8.62631e-18	-5.93485e-18	-1.63541e-17	0.21584	0.0981897	0.215836	0.1	0.00818515
-2.12833	0.522081	0.0420025	0.00228032	-0.0127111	0.0269353	-2.02634e-18	2.77397e-19	7.88792e-19	0.215814	0.0981548	0.215811	0.1	0.01163
1.22456	-0.440508	-2.21256	0.00253741	4.16167e-05	0.00153682	1.24082e-20	7.70091e-20	-2.53274e-20	0.215804	0.0981413	0.215801	0.1	0.0121199
2.1707	-1.89544	1.03453	1.01993e-06	-9.75536e-07	9.98968e-07	0	0	0	0.215797	0.0981311	0.215794	0.1	0.0206458
-1.21239	1.48112	-1.66074	0.000841239	0.000489304	-0.00149273	-2.12207e-19	8.11912e-19	1.89338e-19	0.215754	0.0980725	0.215751	0.1	0.0135907
1.62995	-0.230701	0.264066	-0.0324617	0.0102445	0.0204872	-8.79662e-19	1.4548e-18	-8.86751e-18	0.215734	0.0980458	0.215731	0.1	0.0135702
-1.9499	-3.98062	1.24525	0.00312807	0.011905	-0.0112281	-1.25728e-18	2.35308e-19	-6.30252e-19	0.215448	0.0976566	0.215445	0.1	0.0056233
-2.08033	-2.82067	-0.232437	0.0272304	-0.0213826	0.0206446	-7.81307e-18	-9.35061e-18	-8.77208e-19	0.215391	0.0975787	0.215388	0.1	0.0170215
1.7572	-2.60465	-1.60194	0.00431585	0.00689707	0.0222283	-4.03398e-20	-4.07771e-19	2.76469e-18	0.215215	0.0973397	0.215212	0.1	0.0256653
1.20952	3.23946	-1.91187	-0.00978151	-0.00161138	0.0049517	-2.25356e-19	4.14995e-18	-5.87767e-21	0.215162	0.097268	0.215159	0.1	0.0119623
-0.787406	-3.0414	-2.14419	0.00187799	0.00311504	0.00283796	1.86244e-19	-1.95579e-19	1.04611e-19	0.214791	0.096765	0.214787	0.1	0.0113095
-0.755081	-3.77867	0.0363836	-7.65044e-06	-0.00815234	0.0131937	-4.98856e-19	-2.79073e-19	3.70068e-19	0.214611	0.0965221	0.214608	0.1	0.0103606
-0.425074	1.90084	-1.71853	-0.00253824	0.00410642	0.0122385	7.80728e-19	1.01607e-19	7.33987e-19	0.214518	0.0963976	0.214515	0.1	0.016498
2.12594	2.44594	-0.463477	-0.00389573	-0.00619619	0.00510392	2.82149e-17	-5.42406e-18	3.81785e-18	0.214492	0.0963621	0.214489	0.1	0.0113798
-2.03871	-0.0692207	-1.32478	-0.000841041	-0.00309555	0.0116133	-2.23292e-19	-1.01654e-18	5.16805e-20	0.214465	0.0963252	0.214462	0.1	0.0144923
1.29848	-3.46753	-0.0399926	-0.021655	0.0139158	-0.0375132	-3.88764e-18	2.55116e-18	1.38354e-18	0.214441	0.0962939	0.214438	0.1	0.00464227
-0.611711	-1.16605	1.87565	0.0349832	0.00297881	0.00535163	9.66352e-18	4.83493e-18	-2.43751e-18	0.214356	0.0961794	0.214353	0.1	0.015002
1.57647	-4.20107	1.22794	-0.00820135	-0.0356335	-0.00618438	3.80512e-19	3.08643e-19	-1.97253e-19	0.214349	0.0961691	0.214346	0.1	0.0178248
1.68345	-3.36198	0.116595	-0.0296912	0.0130394	0.0110836	-3.88805e-17	-2.26589e-17	2.16792e-18	0.214348	0.0961678	0.214345	0.1	0.00633163
-0.582424	-1.73263	-0.0139445	-0.00463984	0.00103818	0.0204672	-1.23115e-18	4.57309e-18	-1.00739e-19	0.214239	0.0960221	0.214236	0.1	0.00714588
2.33614	1.84293	1.29295	0.000187685	-0.000531509	0.000797788	-1.12439e-19	1.30238e-21	1.55672e-19	0.214203	0.0959732	0.2142	0.1	0.0167109
1.49754	-3.03447	-0.0859095	0.00712655	0.0240449	-0.028317	-3.20483e-18	2.8487e-18	6.80728e-18	0.214155	0.0959088	0.214152	0.1	0.00445748
0.374947	-0.616482	1.74123	0.00653387	0.0241797	-0.00561547	1.37392e-18	-2.65801e-19	-1.08208e-18	0.214093	0.0958252	0.21409	0.1	0.012263
0.824899	2.90647	0.570915	-0.00431558	-0.0067404	0.0213281	-2.97748e-19	-1.19003e-18	-1.45571e-18	0.214055	0.0957736	0.214051	0.1	0.00702857
1.8899	1.75168	-0.2336	0.00493697	0.0039895	0.00396566	-6.56112e-19	9.51288e-19	-3.85305e-19	0.213994	0.0956928	0.213991	0.1	0.0219553
0.104604	2.27672	-1.53065	-0.00975094	-0.0010439	0.00901336	1.41803e-18	1.31335e-18	-2.65441e-18	0.213914	0.0955848	0.213911	0.1	0.00999637
1.08025	2.76744	-2.0249	1.01993e-06	-9.75536e-07	9.98968e-07	0	0	0	0.213853	0.0955035	0.21385	0.1	0.0155754
-2.16056	2.28554	-0.0356407	0.007299	0.00780701	-0.00657178	5.3106e-18	4.45383e-18	3.52311e-18	0.213625	0.0951981	0.213622	0.1	0.00875432
-1.10088	-0.832247	1.93906	-0.00770132	-0.00849358	-0.00469604	-4.2811e-18	-3.75566e-18	5.57511e-18	0.213592	0.0951547	0.213589	0.1	0.00758287
0.523892	-1.23497	-0.00935404	0.0253771	0.0115559	-0.00291455	-1.62279e-17	6.38825e-18	2.00514e-18	0.213517	0.0950544	0.213514	0.1	0.00987416
1.65853	3.39473	0.221074	0.000944077	0.00438088	-0.0111303	-2.19906e-17	3.46479e-18	-1.48937e-17	0.21337	0.094858	0.213367	0.1	0.00755106
1.16244	-3.6478	-0.778374	-0.00249668	-0.00170929	-0.000345666	1.98704e-18	5.01733e-18	-1.17649e-19	0.213288	0.0947483	0.213285	0.1	0.00632582
2.31042	-0.7827	2.09819	-0.00116936	0.00425281	0.000299139	1.43823e-18	-4.61625e-20	-1.88679e-18	0.213154	0.0945699	0.213151	0.1	0.0135405
2.27535	-1.86347	-1.61025	0.00294997	-0.00129679	0.00287795	-7.08976e-19	-8.10427e-20	3.72821e-19	0.213138	0.0945487	0.213135	0.1	0.0093204
-0.117445	3.9832	-0.997866	0.00158795	-0.0103534	-0.0302696	3.59845e-18	1.57172e-19	-3.03469e-18	0.213106	0.0945062	0.213103	0.1	0.0106547
1.84562	-2.90288	0.148213	0.00833803	0.00168652	-0.00145258	-1.42233e-19	-2.98948e-18	-5.63108e-19	0.213072	0.0944602	0.213068	0.1	0.0132275
-0.406542	-2.20473	1.40801	0.00259487	-0.0035927	-0.000403433	5.65027e-21	-1.24219e-19	4.63857e-19	0.212485	0.0936821	0.212482	0.1	0.0144118
0.388437	3.98517	-2.482	-0.0154659	-0.00460644	0.0119211	-1.50696e-18	-1.90077e-19	4.27792e-18	0.212439	0.0936211	0.212436	0.1	0.010954
-0.243729	-3.4132	-0.55673	-0.00981609	-0.0143411	-0.0138775	-1.05704e-17	7.14598e-18	-1.91855e-17	0.212215	0.0933254	0.212212	0.1	0.00574683
-2.35974	3.05241	0.396176	0.0116859	0.0038857	0.00705484	2.94623e-19	-1.21401e-18	3.6984e-19	0.212185	0.0932862	0.212182	0.1	0.0271311
1.06432	1.67363	2.42067	-0.0113106	-0.013445	-0.00977357	-7.28895e-20	1.21287e-19	1.98573e-18	0.212131	0.0932152	0.212128	0.1	0.012056
1.10464	0.00260438	2.29165	0.0024116	0.0035959	0.00161612	-1.19061e-18	4.32339e-19	-1.98262e-18	0.211991	0.0930303	0.211988	0.1	0.0119948
0.0963405	0.786691	0.597504	-0.0120845	0.00864487	0.00349691	3.96511e-19	1.36925e-20	-2.5064e-18	0.211921	0.0929378	0.211918	0.1	0.0150439
2.16084	3.61682	1.48766	0.00935169	-0.0314128	-0.0190427	-6.6876e-18	1.48869e-17	-1.15797e-17	0.211902	0.0929135	0.211899	0.1	0.0150657
-1.45089	2.02259	-1.5818	0.00696317	-0.00780579	-0.00628169	3.08439e-19	-1.49907e-19	-1.95592e-18	0.211901	0.0929116	0.211898	0.1	0.0100085
0.565402	-1.35905	1.70367	-0.000546612	0.0120272	-0.00647327	2.26612e-19	-1.8973e-18	1.95699e-18	0.21186	0.0928581	0.211857	0.1	0.0071597
-2.02083	-2.12526	-0.763527	0.00308517	-0.0100262	0.00183947	-7.82853e-19	3.78856e-20	-5.50032e-20	0.211857	0.0928544	0.211854	0.1	0.011172
-2.44749	-2.12255	0.917698	0.000503038	-0.0128903	-0.0122056	-1.5823e-18	2.91269e-19	4.60346e-18	0.211793	0.0927701	0.21179	0.1	0.0106101
1.17821	1.93492	2.10606	2.73903e-05	-0.000152038	0.000217969	4.417e-19	-2.63271e-20	9.69371e-20	0.211709	0.0926599	0.211706	0.1	0.014878
-0.531237	-2.67636	-2.33027	0.00462369	-0.016796	0.00238007	-4.13033e-19	-1.44849e-18	-3.63092e-18	0.211489	0.0923705	0.211485	0.1	0.0104565
-0.0135458	2.18718	-0.885956	-0.000774888	-0.000385472	-0.002317	-1.02395e-19	3.98907e-19	-4.67e-21	0.211394	0.092246	0.21139	0.1	0.0115502
-0.477628	-0.0902715	-0.00710008	0.000699182	0.004482	0.00781827	-7.93867e-19	1.45856e-18	-6.72801e-20	0.211388	0.0922389	0.211385	0.1	0.0154014
2.31345	0.153875	-2.00298	1.02114e-06	-9.6648e-07	1.00078e-06	-1.10032e-25	1.08165e-25	-2.13585e-24	0.211057	0.0918062	0.211054	0.1	0.0387737
0.066548	-1.30891	0.344807	-0.00904867	-0.001795	0.00537695	1.00264e-17	-6.19978e-18	4.428e-18	0.21085	0.0915363	0.210847	0.1	0.00415326
-1.30516	2.52619	-1.6005	0.00285329	0.00813845	-0.0138811	-1.32224e-18	8.5267e-19	-6.25518e-19	0.210838	0.091521	0.210835	0.1	0.0111126
-0.0825112	-2.29671	0.725467	0.00378939	-0.00703015	0.00633326	-1.20301e-18	1.30798e-18	1.5488e-18	0.210837	0.0915193	0.210834	0.1	0.0118958
0.98484	-0.732376	-0.150033	0.0188271	-0.0111425	0.0103628	-1.43584e-18	2.84984e-19	3.84685e-18	0.210808	0.0914818	0.210805	0.1	0.0141647
-0.907095	-0.386171	0.292725	0.0118037	0.000591725	0.00349981	3.32644e-20	-2.43396e-19	-8.44652e-21	0.210612	0.0912266	0.210609	0.1	0.0105836
-1.58191	-4.12515	-1.41281	0.00776086	-0.0238197	-0.0326848	-5.35289e-20	9.72316e-19	-1.00085e-18	0.210563	0.0911629	0.21056	0.1	0.0122053
