0	0	8.13365	-3.72417e-05	-1.56069e-06	2.26994e-09	6.95324e-310	106487	6.95324e-310
1.00049	0	8.13284	-0.000190021	-7.84092e-06	2.26994e-09	6.95324e-310	106487	6.95324e-310
2.00097	0	8.13202	-0.000305422	-1.19018e-05	2.26994e-09	6.95324e-310	106487	6.95324e-310
3.00003	0	8.13121	-0.000410353	-1.49665e-05	2.26994e-09	6.95324e-310	106487	6.95324e-310
4.00052	0	8.13039	-0.000526855	-1.93922e-05	2.26994e-09	6.95324e-310	106487	6.95324e-310
5.001	0	8.12958	-0.000648148	-2.45389e-05	2.26994e-09	6.95324e-310	106487	6.95324e-310
6.00007	0	8.12877	-0.000775986	-2.64541e-05	2.26994e-09	6.95324e-310	106487	6.95324e-310
7.00055	0	8.12795	-0.000914099	-3.09208e-05	2.26994e-09	6.95324e-310	106487	6.95324e-310
8.00104	0	8.12714	-0.00106029	-3.68397e-05	2.26994e-09	6.95324e-310	106487	6.95324e-310
9.0001	0	8.12633	-0.00121129	-4.09056e-05	2.26994e-09	6.95324e-310	106487	6.95324e-310
10.0006	0	8.12551	-0.00137348	-4.4514e-05	2.26994e-09	6.95324e-310	106487	6.95324e-310
11.0011	0	8.1247	-0.00154038	-4.93472e-05	2.26994e-09	6.95324e-310	106487	6.95324e-310
12.0001	0	8.12389	-0.00171314	-5.49095e-05	2.26994e-09	6.95324e-310	106487	6.95324e-310
13.0006	0	8.12307	-0.00189264	-6.04022e-05	2.26994e-09	6.95324e-310	106487	6.95324e-310
14.0011	0	8.12226	-0.00207694	-6.62486e-05	2.26994e-09	6.95324e-310	106487	6.95324e-310
15.0002	0	8.12145	-0.00226575	-7.14279e-05	2.26994e-09	6.95324e-310	106487	6.95324e-310
16.0006	0	8.12063	-0.00245965	-7.75398e-05	2.26994e-09	6.95324e-310	106487	6.95324e-310
17.0011	0	8.11982	-0.00265768	-8.37792e-05	2.26994e-09	6.95324e-310	106487	6.95324e-310
18.0002	0	8.11901	-0.00286008	-9.03422e-05	2.26994e-09	6.95324e-310	106487	6.95324e-310
19.0007	0	8.11819	-0.00306595	-9.71154e-05	2.26994e-09	6.95324e-310	106487	6.95324e-310
20.0012	0	8.11738	-0.00327564	-0.000104715	2.26994e-09	6.95324e-310	106487	6.95324e-310
21.0002	0	8.11657	-0.00349283	-0.000110871	2.26994e-09	6.95324e-310	106487	6.95324e-310
22.0007	0	8.11575	-0.00371383	-0.000116736	2.26994e-09	6.95324e-310	106487	6.95324e-310
23.0012	0	8.11494	-0.00393883	-0.000123366	2.26994e-09	6.95324e-310	106487	6.95324e-310
24.0003	0	8.11413	-0.00416957	-0.000130118	2.26994e-09	6.95324e-310	106487	6.95324e-310
25.0007	0	8.11331	-0.00440621	-0.000137042	2.26994e-09	6.95324e-310	106487	6.95324e-310
26.0012	0	8.1125	-0.00464863	-0.000143928	2.26994e-09	6.95324e-310	106487	6.95324e-310
27.0003	0	8.11169	-0.00489658	-0.000150011	2.26994e-09	6.95324e-310	106487	6.95324e-310
28.0008	0	8.11087	-0.00514825	-0.000156458	2.26994e-09	6.95324e-310	106487	6.95324e-310
29.0013	0	8.11006	-0.00540486	-0.000164205	2.26994e-09	6.95324e-310	106487	6.95324e-310
30.0003	0	8.10925	-0.00566661	-0.000172136	2.26994e-09	6.95324e-310	106487	6.95324e-310
31.0008	0	8.10843	-0.00593404	-0.00018033	2.26994e-09	6.95324e-310	106487	6.95324e-310
32.0013	0	8.10762	-0.00620808	-0.000188143	2.26994e-09	6.95324e-310	106487	6.95324e-310
33.0004	0	8.10681	-0.00648582	-0.000195932	2.26994e-09	6.95324e-310	106487	6.95324e-310
34.0008	0	8.10599	-0.00676757	-0.000203814	2.26994e-09	6.95324e-310	106487	6.95324e-310
35.0013	0	8.10518	-0.00705369	-0.00021174	2.26994e-09	6.95324e-310	106487	6.95324e-310
36.0004	0	8.10437	-0.00734467	-0.000219686	2.26994e-09	6.95324e-310	106487	6.95324e-310
37.0009	0	8.10355	-0.00764179	-0.000228065	2.26994e-09	6.95324e-310	106487	6.95324e-310
38.0014	0	8.10274	-0.00794459	-0.000237181	2.26994e-09	6.95324e-310	106487	6.95324e-310
39.0004	0	8.10193	-0.00825331	-0.000246222	2.26994e-09	6.95324e-310	106487	6.95324e-310
40.0009	0	8.10111	-0.00857137	-0.000255078	2.26994e-09	6.95324e-310	106487	6.95324e-310
41.0014	0	8.1003	-0.00889101	-0.000263752	2.26994e-09	6.95324e-310	106487	6.95324e-310
42.0005	0	8.09949	-0.0092137	-0.000271605	2.26994e-09	6.95324e-310	106487	6.95324e-310
43.0009	0	8.09867	-0.00954224	-0.000279739	2.26994e-09	6.95324e-310	106487	6.95324e-310
44	0	8.09786	-0.0098818	-0.000288812	2.26994e-09	6.95324e-310	106487	6.95324e-310
45.0005	0	8.09705	-0.0102257	-0.000300412	2.26994e-09	6.95324e-310	106487	6.95324e-310
46.001	0	8.09623	-0.0105729	-0.000311018	2.26994e-09	6.95324e-310	106487	6.95324e-310
47	0	8.09542	-0.0109251	-0.000321421	2.26994e-09	6.95324e-310	106487	6.95324e-310
48.0005	0	8.09461	-0.0112837	-0.000333561	2.26994e-09	6.95324e-310	106487	6.95324e-310
49.001	0	8.09379	-0.0116469	-0.000345118	2.26994e-09	6.95324e-310	106487	6.95324e-310
50.0001	0	8.09298	-0.0120147	-0.000357269	2.26994e-09	6.95324e-310	106487	6.95324e-310
51.0006	0	8.09217	-0.0123885	-0.000369619	2.26994e-09	6.95324e-310	106487	6.95324e-310
52.001	0	8.09135	-0.0127675	-0.000383123	2.26994e-09	6.95324e-310	106487	6.95324e-310
53.0001	0	8.09054	-0.013151	-0.000397248	2.26994e-09	6.95324e-310	106487	6.95324e-310
54.0006	0	8.08973	-0.0135421	-0.000410346	2.26994e-09	6.95324e-310	106487	6.95324e-310
55.0011	0	8.08891	-0.0139398	-0.000423766	2.26994e-09	6.95324e-310	106487	6.95324e-310
56.0001	0	8.0881	-0.0143427	-0.00043636	2.26994e-09	6.95324e-310	106487	6.95324e-310
57.0006	0	8.08729	-0.0147498	-0.000449538	2.26994e-09	6.95324e-310	106487	6.95324e-310
58.0011	0	8.08647	-0.0151609	-0.000462874	2.26994e-09	6.95324e-310	106487	6.95324e-310
59.0002	0	8.08566	-0.0155787	-0.000476117	2.26994e-09	6.95324e-310	106487	6.95324e-310
60.0007	0	8.08485	-0.0160039	-0.000491691	2.26994e-09	6.95324e-310	106487	6.95324e-310
61.0011	0	8.08403	-0.0164387	-0.000504986	2.26994e-09	6.95324e-310	106487	6.95324e-310
62.0002	0	8.08322	-0.016879	-0.000517257	2.26994e-09	6.95324e-310	106487	6.95324e-310
63.0007	0	8.08241	-0.0173242	-0.000528698	2.26994e-09	6.95324e-310	106487	6.95324e-310
64.0012	0	8.08159	-0.0177733	-0.000539805	2.26994e-09	6.95324e-310	106487	6.95324e-310
65.0002	0	8.08078	-0.0182243	-0.000551112	2.26994e-09	6.95324e-310	106487	6.95324e-310
66.0007	0	8.07997	-0.0186779	-0.000563033	2.26994e-09	6.95324e-310	106487	6.95324e-310
67.0012	0	8.07915	-0.0191354	-0.000574653	2.26994e-09	6.95324e-310	106487	6.95324e-310
68.0003	0	8.07834	-0.019595	-0.000587111	2.26994e-09	6.95324e-310	106487	6.95324e-310
69.0008	0	8.07753	-0.0200624	-0.000599105	2.26994e-09	6.95324e-310	106487	6.95324e-310
70.0012	0	8.07671	-0.0205335	-0.000609774	2.26994e-09	6.95324e-310	106487	6.95324e-310
71.0003	0	8.0759	-0.0210083	-0.000619935	2.26994e-09	6.95324e-310	106487	6.95324e-310
72.0008	0	8.07509	-0.0214863	-0.000630707	2.26994e-09	6.95324e-310	106487	6.95324e-310
73.0013	0	8.07427	-0.0219665	-0.000641452	2.26994e-09	6.95324e-310	106487	6.95324e-310
74.0003	0	8.07346	-0.0224492	-0.000652497	2.26994e-09	6.95324e-310	106487	6.95324e-310
75.0008	0	8.07265	-0.0229355	-0.000664415	2.26994e-09	6.95324e-310	106487	6.95324e-310
76.0013	0	8.07183	-0.0234255	-0.00067617	2.26994e-09	6.95324e-310	106487	6.95324e-310
77.0004	0	8.07102	-0.023916	-0.000687202	2.26994e-09	6.95324e-310	106487	6.95324e-310
78.0008	0	8.07021	-0.02441	-0.000698036	2.26994e-09	6.95324e-310	106487	6.95324e-310
79.0013	0	8.06939	-0.0249126	-0.000711319	2.26994e-09	6.95324e-310	106487	6.95324e-310
80.0004	0	8.06858	-0.0254246	-0.000726694	2.26994e-09	6.95324e-310	106487	6.95324e-310
81.0009	0	8.06777	-0.0259418	-0.000740948	2.26994e-09	6.95324e-310	106487	6.95324e-310
82.0014	0	8.06695	-0.0264626	-0.000753969	2.26994e-09	6.95324e-310	106487	6.95324e-310
83.0004	0	8.06614	-0.0269873	-0.000767936	2.26994e-09	6.95324e-310	106487	6.95324e-310
84.0009	0	8.06533	-0.0275164	-0.000781722	2.26994e-09	6.95324e-310	106487	6.95324e-310
85.0014	0	8.06451	-0.028049	-0.000795266	2.26994e-09	6.95324e-310	106487	6.95324e-310
86.0005	0	8.0637	-0.0285842	-0.000809457	2.26994e-09	6.95324e-310	106487	6.95324e-310
87.0009	0	8.06289	-0.0291232	-0.000823232	2.26994e-09	6.95324e-310	106487	6.95324e-310
88	0	8.06207	-0.0296634	-0.000837137	2.26994e-09	6.95324e-310	106487	6.95324e-310
89.0005	0	8.06126	-0.0302069	-0.000850666	2.26994e-09	6.95324e-310	106487	6.95324e-310
90.001	0	8.06045	-0.0307525	-0.000863167	2.26994e-09	6.95324e-310	106487	6.95324e-310
91	0	8.05963	-0.0312993	-0.00087437	2.26994e-09	6.95324e-310	106487	6.95324e-310
92.0005	0	8.05882	-0.0318489	-0.000885717	2.26994e-09	6.95324e-310	106487	6.95324e-310
93.001	0	8.05801	-0.032402	-0.000896152	2.26994e-09	6.95324e-310	106487	6.95324e-310
94.0001	0	8.05719	-0.0329593	-0.000905662	2.26994e-09	6.95324e-310	106487	6.95324e-310
95.0006	0	8.05638	-0.033521	-0.000914666	2.26994e-09	6.95324e-310	106487	6.95324e-310
96.001	0	8.05556	-0.034086	-0.000923251	2.26994e-09	6.95324e-310	106487	6.95324e-310
97.0001	0	8.05475	-0.034653	-0.000932474	2.26994e-09	6.95324e-310	106487	6.95324e-310
98.0006	0	8.05394	-0.0352244	-0.000942322	2.26994e-09	6.95324e-310	106487	6.95324e-310
99.0011	0	8.05312	-0.0357989	-0.000952597	2.26994e-09	6.95324e-310	106487	6.95324e-310
100	0	8.05231	-0.0363768	-0.000962923	2.26994e-09	6.95324e-310	106487	6.95324e-310
101.001	0	8.0515	-0.036959	-0.00097345	2.26994e-09	6.95324e-310	106487	6.95324e-310
102.001	0	8.05068	-0.0375466	-0.000985293	2.26994e-09	6.95324e-310	106487	6.95324e-310
103	0	8.04987	-0.0381366	-0.000996879	2.26994e-09	6.95324e-310	106487	6.95324e-310
104.001	0	8.04906	-0.0387303	-0.00100824	2.26994e-09	6.95324e-310	106487	6.95324e-310
105.001	0	8.04824	-0.0393275	-0.0010197	2.26994e-09	6.95324e-310	106487	6.95324e-310
106	0	8.04743	-0.0399253	-0.00103163	2.26994e-09	6.95324e-310	106487	6.95324e-310
107.001	0	8.04662	-0.0405278	-0.00104355	2.26994e-09	6.95324e-310	106487	6.95324e-310
108.001	0	8.0458	-0.0411374	-0.00105312	2.26994e-09	6.95324e-310	106487	6.95324e-310
109	0	8.04499	-0.0417505	-0.0010638	2.26994e-09	6.95324e-310	106487	6.95324e-310
110.001	0	8.04418	-0.042368	-0.00107448	2.26994e-09	6.95324e-310	106487	6.95324e-310
111.001	0	8.04336	-0.0429872	-0.0010846	2.26994e-09	6.95324e-310	106487	6.95324e-310
112	0	8.04255	-0.043609	-0.00109425	2.26994e-09	6.95324e-310	106487	6.95324e-310
113.001	0	8.04174	-0.0442345	-0.00110358	2.26994e-09	6.95324e-310	106487	6.95324e-310
114.001	0	8.04092	-0.0448627	-0.00111295	2.26994e-09	6.95324e-310	106487	6.95324e-310
115	0	8.04011	-0.0454934	-0.00112171	2.26994e-09	6.95324e-310	106487	6.95324e-310
116.001	0	8.0393	-0.0461281	-0.00113134	2.26994e-09	6.95324e-310	106487	6.95324e-310
117.001	0	8.03848	-0.0467662	-0.00114146	2.26994e-09	6.95324e-310	106487	6.95324e-310
118	0	8.03767	-0.0474087	-0.00115125	2.26994e-09	6.95324e-310	106487	6.95324e-310
119.001	0	8.03686	-0.0480582	-0.00116048	2.26994e-09	6.95324e-310	106487	6.95324e-310
120.001	0	8.03604	-0.0487111	-0.00116945	2.26994e-09	6.95324e-310	106487	6.95324e-310
121	0	8.03523	-0.0493674	-0.00117828	2.26994e-09	6.95324e-310	106487	6.95324e-310
122.001	0	8.03442	-0.0500266	-0.00118727	2.26994e-09	6.95324e-310	106487	6.95324e-310
123.001	0	8.0336	-0.0506874	-0.001196	2.26994e-09	6.95324e-310	106487	6.95324e-310
124	0	8.03279	-0.0513485	-0.00120362	2.26994e-09	6.95324e-310	106487	6.95324e-310
125.001	0	8.03198	-0.0520166	-0.00120981	2.26994e-09	6.95324e-310	106487	6.95324e-310
126.001	0	8.03116	-0.0526962	-0.00121369	2.26994e-09	6.95324e-310	106487	6.95324e-310
127	0	8.03035	-0.0533787	-0.00121819	2.26994e-09	6.95324e-310	106487	6.95324e-310
128.001	0	8.02954	-0.0540683	-0.00122255	2.26994e-09	6.95324e-310	106487	6.95324e-310
129.001	0	8.02872	-0.0547608	-0.00122626	2.26994e-09	6.95324e-310	106487	6.95324e-310
130	0	8.02791	-0.0554555	-0.00123001	2.26994e-09	6.95324e-310	106487	6.95324e-310
131.001	0	8.0271	-0.0561551	-0.0012335	2.26994e-09	6.95324e-310	106487	6.95324e-310
132	0	8.02628	-0.0568574	-0.0012372	2.26994e-09	6.95324e-310	106487	6.95324e-310
133	0	8.02547	-0.0575659	-0.00124057	2.26994e-09	6.95324e-310	106487	6.95324e-310
134.001	0	8.02466	-0.0582801	-0.00124408	2.26994e-09	6.95324e-310	106487	6.95324e-310
135	0	8.02384	-0.0590007	-0.00124683	2.26994e-09	6.95324e-310	106487	6.95324e-310
136.001	0	8.02303	-0.0597267	-0.00124819	2.26994e-09	6.95324e-310	106487	6.95324e-310
137.001	0	8.02222	-0.0604572	-0.00124786	2.26994e-09	6.95324e-310	106487	6.95324e-310
138	0	8.0214	-0.0611906	-0.00124711	2.26994e-09	6.95324e-310	106487	6.95324e-310
139.001	0	8.02059	-0.0619273	-0.0012463	2.26994e-09	6.95324e-310	106487	6.95324e-310
140.001	0	8.01978	-0.0626679	-0.00124504	2.26994e-09	6.95324e-310	106487	6.95324e-310
141	0	8.01896	-0.0634114	-0.00124365	2.26994e-09	6.95324e-310	106487	6.95324e-310
142.001	0	8.01815	-0.0641591	-0.00124229	2.26994e-09	6.95324e-310	106487	6.95324e-310
143.001	0	8.01734	-0.0649096	-0.00124075	2.26994e-09	6.95324e-310	106487	6.95324e-310
144	0	8.01652	-0.0656658	-0.00124062	2.26994e-09	6.95324e-310	106487	6.95324e-310
145.001	0	8.01571	-0.0664266	-0.00123982	2.26994e-09	6.95324e-310	106487	6.95324e-310
146.001	0	8.0149	-0.0671881	-0.0012383	2.26994e-09	6.95324e-310	106487	6.95324e-310
147	0	8.01408	-0.0679515	-0.00123678	2.26994e-09	6.95324e-310	106487	6.95324e-310
148.001	0	8.01327	-0.068718	-0.00123605	2.26994e-09	6.95324e-310	106487	6.95324e-310
149.001	0	8.01246	-0.0694884	-0.0012356	2.26994e-09	6.95324e-310	106487	6.95324e-310
150	0	8.01164	-0.0702618	-0.0012352	2.26994e-09	6.95324e-310	106487	6.95324e-310
151.001	0	8.01083	-0.0710389	-0.00123515	2.26994e-09	6.95324e-310	106487	6.95324e-310
152.001	0	8.01002	-0.0718205	-0.00123555	2.26994e-09	6.95324e-310	106487	6.95324e-310
153	0	8.0092	-0.0726043	-0.00123644	2.26994e-09	6.95324e-310	106487	6.95324e-310
154.001	0	8.00839	-0.0733914	-0.00123715	2.26994e-09	6.95324e-310	106487	6.95324e-310
155.001	0	8.00758	-0.0741907	-0.00123628	2.26994e-09	6.95324e-310	106487	6.95324e-310
156	0	8.00676	-0.0750063	-0.00123368	2.26994e-09	6.95324e-310	106487	6.95324e-310
157.001	0	8.00595	-0.0758272	-0.00123091	2.26994e-09	6.95324e-310	106487	6.95324e-310
158.001	0	8.00514	-0.076651	-0.0012284	2.26994e-09	6.95324e-310	106487	6.95324e-310
159	0	8.00432	-0.0774815	-0.00122688	2.26994e-09	6.95324e-310	106487	6.95324e-310
160.001	0	8.00351	-0.0783229	-0.00122717	2.26994e-09	6.95324e-310	106487	6.95324e-310
161.001	0	8.0027	-0.07917	-0.00122826	2.26994e-09	6.95324e-310	106487	6.95324e-310
162	0	8.00188	-0.0800245	-0.0012301	2.26994e-09	6.95324e-310	106487	6.95324e-310
163.001	0	8.00107	-0.0808799	-0.00123205	2.26994e-09	6.95324e-310	106487	6.95324e-310
164.001	0	8.00026	-0.0817371	-0.00123099	2.26994e-09	6.95324e-310	106487	6.95324e-310
165	0	7.99944	-0.0825939	-0.00122976	2.26994e-09	6.95324e-310	106487	6.95324e-310
166.001	0	7.99863	-0.0834514	-0.00122822	2.26994e-09	6.95324e-310	106487	6.95324e-310
167.001	0	7.99782	-0.0843113	-0.00122647	2.26994e-09	6.95324e-310	106487	6.95324e-310
168	0	7.997	-0.0851737	-0.001225	2.26994e-09	6.95324e-310	106487	6.95324e-310
169.001	0	7.99619	-0.0860418	-0.00122399	2.26994e-09	6.95324e-310	106487	6.95324e-310
170.001	0	7.99538	-0.0869161	-0.00122153	2.26994e-09	6.95324e-310	106487	6.95324e-310
171	0	7.99456	-0.0877925	-0.0012209	2.26994e-09	6.95324e-310	106487	6.95324e-310
172.001	0	7.99375	-0.0886768	-0.00121941	2.26994e-09	6.95324e-310	106487	6.95324e-310
173.001	0	7.99294	-0.089566	-0.00121762	2.26994e-09	6.95324e-310	106487	6.95324e-310
174	0	7.99212	-0.0904581	-0.0012152	2.26994e-09	6.95324e-310	106487	6.95324e-310
175.001	0	7.99131	-0.0913563	-0.00121276	2.26994e-09	6.95324e-310	106487	6.95324e-310
176	0	7.9905	-0.0922588	-0.00121083	2.26994e-09	6.95324e-310	106487	6.95324e-310
177.001	0	7.98968	-0.0931663	-0.00120864	2.26994e-09	6.95324e-310	106487	6.95324e-310
178.001	0	7.98887	-0.094077	-0.00120593	2.26994e-09	6.95324e-310	106487	6.95324e-310
179	0	7.98806	-0.0949889	-0.00120326	2.26994e-09	6.95324e-310	106487	6.95324e-310
180.001	0	7.98724	-0.0959064	-0.00120053	2.26994e-09	6.95324e-310	106487	6.95324e-310
181.001	0	7.98643	-0.096829	-0.00119709	2.26994e-09	6.95324e-310	106487	6.95324e-310
182	0	7.98562	-0.097755	-0.00119365	2.26994e-09	6.95324e-310	106487	6.95324e-310
183.001	0	7.9848	-0.0986845	-0.00119013	2.26994e-09	6.95324e-310	106487	6.95324e-310
184.001	0	7.98399	-0.0996144	-0.00118622	2.26994e-09	6.95324e-310	106487	6.95324e-310
185	0	7.98318	-0.100546	-0.001183	2.26994e-09	6.95324e-310	106487	6.95324e-310
186.001	0	7.98236	-0.101483	-0.00117946	2.26994e-09	6.95324e-310	106487	6.95324e-310
187.001	0	7.98155	-0.102422	-0.00117564	2.26994e-09	6.95324e-310	106487	6.95324e-310
188	0	7.98074	-0.103364	-0.00117128	2.26994e-09	6.95324e-310	106487	6.95324e-310
189.001	0	7.97992	-0.104309	-0.00116646	2.26994e-09	6.95324e-310	106487	6.95324e-310
190.001	0	7.97911	-0.105256	-0.00116088	2.26994e-09	6.95324e-310	106487	6.95324e-310
191	0	7.9783	-0.106203	-0.0011553	2.26994e-09	6.95324e-310	106487	6.95324e-310
192.001	0	7.97748	-0.107151	-0.00115008	2.26994e-09	6.95324e-310	106487	6.95324e-310
193.001	0	7.97667	-0.108105	-0.0011453	2.26994e-09	6.95324e-310	106487	6.95324e-310
194	0	7.97586	-0.109064	-0.00114131	2.26994e-09	6.95324e-310	106487	6.95324e-310
195.001	0	7.97504	-0.110026	-0.00113665	2.26994e-09	6.95324e-310	106487	6.95324e-310
196.001	0	7.97423	-0.11099	-0.00113108	2.26994e-09	6.95324e-310	106487	6.95324e-310
197	0	7.97342	-0.111955	-0.00112528	2.26994e-09	6.95324e-310	106487	6.95324e-310
198.001	0	7.9726	-0.112924	-0.00111878	2.26994e-09	6.95324e-310	106487	6.95324e-310
199.001	0	7.97179	-0.113894	-0.00111107	2.26994e-09	6.95324e-310	106487	6.95324e-310
