697	178	-2.45893e-27	-2.81021e-27	0	2.49618e-34	9.73787e-34	-1.30278e-33	-2.49654e-34	-9.73959e-34	-7.75838e-34	2.61653e-06	0.000503145	0	0	
617	575	-1.41871e-28	1.67666e-28	-2.57948e-29	8.64016e-37	2.76959e-37	-6.91637e-37	-3.92046e-36	-1.30182e-36	-5.41887e-36	8.73115e-08	49.2302	0	0	
459	18	8.31824e-27	-4.15912e-28	0	1.71857e-33	-4.30518e-34	-2.35074e-33	-1.7172e-33	-1.84897e-32	2.13082e-33	3.99467e-06	47.8548	0	0	
670	159	-1.30466e-29	-1.30466e-29	-2.60932e-29	7.87629e-37	1.42856e-36	-1.78057e-36	6.21137e-36	-1.05356e-36	1.9023e-36	6.80092e-08	0.000503145	0	0	
574	229	5.2201e-13	-1.19682e-12	-1.10529e-13	-3.84825e-35	2.62899e-35	-4.66415e-34	1.32882e-34	-7.26056e-33	-4.20212e-34	4.3652e-06	47.4755	0	0	
488	142	-4.03695e-30	2.09646e-29	8.80789e-30	5.57556e-38	2.90085e-39	-7.02401e-39	1.8869e-39	-6.36343e-39	1.23499e-38	4.74093e-08	48.7969	0	0	
624	557	1.78619e-27	-4.16777e-27	-9.0114e-28	1.56122e-34	1.25273e-34	1.4198e-35	-1.7852e-34	-1.25273e-34	3.06833e-33	1.35584e-06	0.000503145	0	0	
583	354	-9.90622e-12	-2.30014e-12	-1.09006e-13	-8.83049e-35	4.31587e-34	-1.08197e-33	-1.1372e-34	-5.08901e-34	-1.93713e-34	5.64578e-07	0.000503145	0	0	
583	182	1.53104e-12	-1.19854e-12	3.73273e-12	1.48041e-33	5.32933e-34	-4.36097e-34	-1.48041e-33	-9.5782e-34	-6.19603e-33	2.40755e-06	0.000503145	0	0	
313	268	-3.6407e-27	1.11269e-26	1.82035e-27	-8.7563e-35	1.91877e-34	1.41668e-35	1.14715e-33	-2.58348e-34	1.05895e-32	3.39993e-06	74.472	0	0	
568	104	2.81377e-12	5.34267e-12	-1.7676e-12	-8.86313e-35	3.47195e-35	-3.61467e-35	1.06268e-34	-3.82782e-35	-2.97336e-34	2.12412e-07	0.000503145	0	0	
568	6	1.40089e-12	-2.48379e-13	4.35454e-13	2.83891e-34	9.57044e-34	-3.67409e-34	-3.12119e-34	-9.08661e-34	-2.60809e-33	1.86297e-06	0.000503145	0	0	
584	352	-6.06495e-12	-7.96648e-12	1.00712e-12	-2.59966e-34	2.59268e-34	4.85322e-34	5.88772e-33	-1.16746e-33	3.77747e-33	5.11066e-06	51.0419	0	0	
559	41	-1.19231e-32	-2.58335e-32	-1.72223e-32	-1.2245e-41	-1.42439e-41	3.02056e-41	-7.36286e-41	4.86695e-41	-6.89727e-42	7.32468e-11	0.000503145	0	0	
554	352	4.09253e-12	-9.62802e-12	-1.23364e-11	-9.44367e-34	1.43709e-35	-3.24505e-34	2.66681e-35	-6.54764e-35	-8.05085e-35	2.83872e-07	0.000503145	0	0	
530	499	1.81178e-28	8.153e-28	-3.62356e-28	1.16969e-35	-1.00375e-35	-3.15176e-35	9.3513e-35	9.77848e-36	3.15906e-35	4.58917e-07	0.000503145	0	0	
321	310	4.08491e-16	8.20476e-15	3.20245e-15	-5.51185e-37	-5.06825e-37	1.36881e-36	-1.63729e-36	-1.68354e-36	-1.28266e-36	5.08533e-08	48.4731	0	0	
524	53	6.44518e-12	-2.50795e-11	-2.04082e-11	-2.39199e-34	-6.55408e-34	7.29884e-34	-4.6794e-33	6.54943e-34	-9.45429e-34	1.79376e-06	0.000503145	0	0	
508	12	2.14096e-30	4.95097e-30	-5.3524e-31	1.17068e-39	2.25219e-41	3.66894e-39	4.50758e-39	3.63387e-37	-3.66894e-39	1.80819e-08	0.000503145	0	0	
483	106	-4.53436e-29	-2.2105e-28	3.62749e-28	-2.64786e-35	-8.47508e-36	-1.01618e-35	2.64786e-35	-9.4911e-35	1.01618e-35	3.39069e-07	0.000503145	0	0	
529	21	4.24794e-29	-4.24794e-29	4.24794e-29	-6.12241e-41	3.91804e-41	1.30082e-40	1.44541e-37	-1.3091e-37	1.07459e-37	2.78026e-07	45.8852	0	0	
442	326	1.66286e-13	-4.93565e-13	6.99834e-13	1.56926e-34	-7.59022e-35	-9.08176e-35	-2.7097e-34	-6.1924e-34	4.93228e-35	2.37904e-07	46.305	0	0	
660	260	2.05306e-29	9.55605e-29	4.96915e-28	-1.09335e-39	2.2235e-37	-4.93242e-38	-4.17498e-36	-3.03966e-37	-1.27771e-36	2.69042e-07	47.203	0	0	
326	161	-6.93116e-13	2.05585e-13	-1.55042e-12	-5.62652e-34	1.46641e-34	2.70979e-34	1.39864e-33	5.11347e-33	1.36927e-34	1.30597e-06	46.9447	0	0	
422	187	5.07748e-29	3.04649e-28	-3.04649e-28	-3.07849e-37	6.21261e-37	-6.01617e-37	2.37361e-34	1.27691e-34	1.04015e-35	4.7391e-07	48.7748	0	0	
414	345	-4.26763e-13	-6.05423e-13	-1.11033e-12	5.61348e-34	-4.95245e-35	-1.88754e-34	1.54761e-33	1.49069e-32	6.9133e-34	5.09565e-06	47.3873	0	0	
318	26	0	6.7338e-28	3.3669e-27	-9.86492e-35	6.90732e-34	-3.90411e-34	3.68217e-33	2.0725e-34	-5.63736e-34	2.04602e-06	47.6606	0	0	
472	1	1.49322e-28	-1.99095e-28	9.95477e-29	-3.3291e-36	7.97027e-36	9.51609e-36	1.48989e-35	-1.39733e-34	1.22247e-34	4.37948e-07	0.000503145	0	0	
465	373	-4.59331e-12	-1.10612e-12	2.0377e-12	8.51173e-35	1.17387e-33	8.29079e-34	-3.49819e-33	-6.68382e-34	1.30549e-33	2.25505e-06	46.1449	0	0	
654	509	2.08816e-28	-8.08319e-29	-1.684e-30	1.16346e-38	1.53232e-38	-1.07958e-37	-3.68198e-36	2.82203e-36	3.74389e-39	9.89021e-08	48.444	0	0	
466	100	-2.14828e-13	-6.25849e-13	-2.03843e-13	4.13658e-35	-1.39413e-35	-7.91784e-37	1.65228e-34	1.16353e-34	6.58344e-33	3.06772e-06	0.000503145	0	0	
448	69	6.73789e-29	-4.90028e-29	-1.96011e-28	3.73107e-36	-2.44914e-35	-1.29787e-35	-3.73107e-36	-5.68736e-36	9.65967e-36	4.20587e-07	0.000503145	0	0	
320	89	-9.02811e-28	-1.605e-27	1.605e-27	-2.58001e-34	6.94971e-34	-1.77642e-34	6.75268e-33	2.55202e-33	1.76648e-34	3.50422e-06	48.1907	0	0	
474	188	3.80821e-30	-7.44044e-30	4.49774e-30	-6.9951e-39	1.6899e-40	-4.86987e-41	-3.00023e-40	-1.33288e-38	-3.15696e-39	1.43881e-08	47.6748	0	0	
516	311	-4.15751e-12	-3.19783e-12	-1.19696e-12	3.00726e-35	-2.78961e-35	-2.99261e-35	1.19051e-33	1.24938e-33	3.17032e-35	1.84791e-06	47.2009	0	0	
415	42	1.0413e-28	-2.38011e-28	-4.76022e-28	1.4098e-37	-1.10202e-36	-7.06337e-37	-1.4098e-37	6.68132e-36	-1.04523e-35	7.44486e-07	0.000503145	0	0	
378	86	-2.44026e-13	-1.43303e-14	4.45529e-13	4.44032e-37	1.05811e-36	2.7724e-37	2.72401e-36	-1.07048e-36	-2.7724e-37	2.3827e-08	0.000503145	0	0	
369	326	-2.84826e-12	6.34913e-13	2.37386e-12	-3.95146e-35	4.11301e-36	-4.85114e-35	-1.62158e-34	-9.12334e-34	5.47329e-35	3.77399e-07	0.000503145	0	0	
584	337	7.83927e-12	-2.2956e-12	-7.33582e-12	1.88171e-34	1.86189e-34	1.42821e-34	1.5581e-34	-1.86115e-34	3.73439e-35	7.94018e-08	49.5832	0	0	
369	341	-2.40918e-13	3.93519e-14	3.69993e-13	8.9909e-35	-1.04461e-35	5.96547e-35	-5.61223e-35	4.4064e-35	9.23012e-35	7.89089e-07	0.000503145	0	0	
373	214	5.01005e-12	4.51019e-12	2.09354e-13	1.54545e-33	-1.61556e-33	-2.17951e-33	2.58462e-33	1.61136e-33	6.38285e-34	1.54256e-06	47.1425	0	0	
359	352	1.10962e-11	6.72121e-13	-1.7954e-11	-2.51377e-34	-1.32407e-33	-2.04927e-34	-4.21498e-33	1.07534e-33	-1.77761e-33	1.33e-06	0.000503145	0	0	
348	166	1.17358e-27	1.03712e-27	3.27512e-28	4.83329e-35	-9.50988e-35	-4.25955e-35	-4.83329e-35	-3.3268e-35	1.94311e-35	5.76906e-07	0.000503145	0	0	
640	44	1.36927e-28	-3.9122e-29	6.84635e-29	-4.35206e-40	-4.31661e-40	-2.30526e-39	-1.68679e-36	1.66101e-36	7.42127e-39	2.24138e-07	63.0601	0	0	
330	91	4.89895e-15	7.12444e-14	1.61471e-14	-3.17276e-39	-1.91754e-37	8.47021e-37	1.05835e-37	-2.32162e-37	-5.21617e-38	2.43769e-07	0.000503145	0	0	
315	102	1.67948e-27	0	-1.83216e-27	4.21507e-36	1.15504e-35	2.88081e-35	-2.25577e-34	-6.63281e-34	2.98944e-34	1.54645e-06	46.5491	0	0	
314	201	2.32131e-14	-6.95986e-15	5.16931e-15	4.21043e-36	4.12911e-36	-1.33479e-35	1.53461e-34	-1.58449e-34	-6.07941e-37	5.89525e-07	0.000503145	0	0	
278	111	2.62177e-28	0	-1.02313e-28	4.61391e-35	-4.32352e-35	1.31544e-35	-4.61391e-35	-5.32401e-35	-1.31544e-35	4.60203e-07	0.000503145	0	0	
377	181	-7.00613e-29	-8.00701e-29	-8.00701e-29	-8.24318e-37	-8.82198e-37	-5.7662e-37	-3.97763e-36	3.28333e-36	6.6298e-37	2.29799e-07	48.6795	0	0	
265	52	-3.17211e-31	5.07538e-31	3.12331e-31	3.38257e-41	-1.11931e-40	2.03874e-41	-3.36678e-41	-7.02104e-41	-3.2961e-40	3.38188e-09	0.000503145	0	0	
228	91	-3.64364e-15	-1.25258e-15	-1.99374e-14	1.51451e-40	2.44351e-40	-4.30297e-41	-1.51451e-40	1.17372e-40	1.33461e-40	2.62167e-09	0.000503145	0	0	
346	213	5.52529e-27	6.03206e-28	2.28014e-27	-8.11207e-37	-4.09216e-36	-7.81078e-38	1.4805e-34	-4.79015e-35	9.72008e-34	2.17772e-06	49.4316	0	0	
668	558	2.80353e-30	4.40554e-30	1.92242e-30	-9.48218e-39	5.66786e-39	3.05856e-39	9.5527e-39	-5.01016e-39	3.88998e-38	5.51344e-09	63.6535	0	0	
202	136	-5.25235e-15	5.73205e-15	7.47575e-15	-2.14399e-34	9.08019e-34	-8.46859e-34	-8.10871e-33	-9.09843e-34	1.07732e-33	2.94822e-06	0.000503145	0	0	
300	146	7.80286e-30	-1.46304e-30	2.34086e-29	-4.75249e-38	-2.82894e-39	3.4392e-38	1.51971e-37	-1.66061e-36	7.34082e-38	3.13327e-08	46.8401	0	0	
214	77	1.23854e-13	-1.26864e-15	8.80263e-13	-1.2225e-35	1.08954e-35	1.73577e-36	-9.94096e-36	-1.08791e-35	-1.72659e-36	1.5258e-08	47.6264	0	0	
229	27	7.37003e-13	1.20662e-12	-3.9738e-12	1.61391e-35	9.9325e-36	6.00919e-36	-1.98048e-36	4.67574e-36	-2.40939e-36	1.88236e-08	47.884	0	0	
440	205	3.0063e-27	-1.53922e-27	0	1.01646e-34	1.9834e-34	2.13864e-35	-2.11681e-34	-1.19471e-34	2.11407e-33	1.20118e-06	47.0856	0	0	
334	65	7.12199e-28	2.8488e-27	3.561e-27	4.84263e-34	9.78993e-34	1.22167e-33	-4.82294e-34	-9.79943e-34	9.7646e-34	2.45272e-06	48.3508	0	0	
196	22	5.50021e-29	2.84603e-28	2.51438e-29	-3.10866e-38	-1.69836e-39	-2.15795e-39	-6.84495e-37	7.4778e-36	3.97536e-36	7.18764e-07	0.000503145	0	0	
158	87	2.01898e-29	2.15358e-27	4.30716e-28	-1.46687e-37	9.49695e-36	-9.07641e-36	-1.18078e-33	-6.31277e-36	1.24778e-35	3.00039e-06	0.000503145	0	0	
311	223	6.25259e-12	-1.0928e-12	-2.66274e-12	6.21829e-34	1.40825e-33	8.82216e-34	1.24687e-33	4.60095e-34	-1.61329e-33	1.31939e-06	47.3403	0	0	
577	393	5.80061e-28	-7.87226e-28	1.65732e-28	-1.24876e-35	-8.97431e-36	-5.02398e-36	1.25099e-35	8.97057e-36	-4.71188e-35	3.47552e-07	48.9549	0	0	
135	10	2.17472e-28	-2.17472e-27	4.34944e-28	-1.85453e-35	-1.14819e-34	1.07902e-34	-1.33868e-33	1.14819e-34	-1.07902e-34	3.01223e-06	0.000503145	0	0	
423	38	-1.37921e-27	1.03441e-27	-6.89607e-28	-7.97903e-35	-5.26167e-35	-3.91683e-35	-5.41093e-35	5.30945e-35	3.89023e-35	2.26452e-06	48.8282	0	0	
604	136	-7.08557e-14	9.09091e-14	7.76364e-14	2.37149e-37	-1.85132e-36	2.38425e-36	-5.7517e-36	2.51483e-36	2.5248e-36	6.02908e-08	46.0403	0	0	
100	24	-1.30015e-12	1.3333e-12	2.91474e-13	4.74166e-35	4.26206e-35	1.65451e-35	-4.18415e-35	-5.10206e-35	2.51343e-34	8.49487e-07	0.000503145	0	0	
532	254	-7.96832e-28	2.21727e-28	1.10864e-28	-1.64876e-38	3.54389e-37	1.74025e-36	-2.15819e-37	-3.6077e-37	7.14234e-38	8.01034e-07	52.0245	0	0	
610	310	-1.16196e-14	-2.1703e-15	3.34417e-14	-3.90475e-38	-2.74164e-37	-3.136e-38	-2.14251e-37	3.1566e-38	-9.19359e-39	6.1231e-09	48.5279	0	0	
469	50	3.73649e-30	-2.25415e-30	1.10074e-30	-5.47807e-40	1.04132e-40	-1.64953e-41	-4.7585e-40	-1.88378e-39	3.91099e-39	1.95725e-08	48.1508	0	0	
330	176	5.54117e-15	1.39552e-13	-2.85413e-13	-1.33731e-40	-2.07454e-39	-1.01694e-39	1.02201e-38	-4.22061e-38	8.4756e-38	2.63079e-08	47.6983	0	0	
98	76	-4.25492e-28	-9.4406e-28	-4.25492e-28	-3.75371e-36	2.646e-38	4.10458e-36	4.2834e-36	1.24438e-33	-4.10458e-36	2.84778e-06	0.000503145	0	0	
524	153	3.60428e-12	1.17424e-11	-1.09521e-11	-6.44044e-34	2.11963e-33	2.06063e-33	-1.13575e-32	-2.12083e-33	-1.3682e-33	4.64611e-06	47.9779	0	0	
86	53	7.37339e-14	1.39371e-12	-3.74046e-13	3.98063e-35	-3.10592e-35	-1.07882e-34	-1.19835e-33	3.33986e-35	-4.51783e-34	2.99465e-06	0.000503145	0	0	
306	241	1.83253e-28	5.4976e-28	2.19904e-27	2.58625e-35	-5.96231e-35	3.28519e-35	-1.52088e-34	-1.45152e-35	9.33867e-35	4.29574e-07	43.6879	0	0	
622	339	9.66652e-13	4.49478e-13	5.53813e-13	4.89576e-35	-7.20027e-35	-2.70151e-35	-4.81066e-35	7.19425e-35	-2.78927e-34	1.77041e-06	47.625	0	0	
452	200	9.36066e-30	-4.19279e-29	-8.73661e-29	-1.46473e-37	-2.04851e-38	2.57641e-38	4.32641e-37	-3.12138e-36	-2.21784e-38	7.08943e-08	48.5329	0	0	
563	97	2.40625e-29	-1.03718e-30	1.99138e-29	1.03226e-36	-4.24539e-37	1.76793e-37	-1.02509e-36	-2.55389e-36	-1.47437e-37	6.92764e-08	48.3102	0	0	
503	101	7.63871e-29	7.63871e-30	-1.52774e-28	-3.86558e-36	-6.03579e-36	-4.25959e-36	3.69644e-36	6.09519e-36	-1.19913e-35	1.04036e-07	47.7146	0	0	
551	217	-7.11548e-27	5.04013e-27	0	5.65505e-34	4.25702e-34	-2.66604e-34	-5.65168e-34	-4.25669e-34	-1.87849e-33	1.90266e-06	82.3681	0	0	
450	314	-8.27039e-14	1.5918e-13	-3.74484e-13	-1.73447e-37	1.97939e-38	4.6719e-38	1.73511e-37	-6.39545e-38	6.71263e-37	8.36226e-09	48.5123	0	0	
345	339	-3.10553e-12	-1.62303e-13	6.32578e-12	-1.31748e-34	-4.48612e-35	-6.58304e-35	1.31587e-34	-6.83917e-34	2.02718e-34	2.46402e-07	47.8584	0	0	
695	561	-3.90463e-27	-2.56822e-26	-1.78497e-26	-1.98789e-34	-5.2019e-36	2.89484e-35	1.98772e-34	-2.01805e-33	1.00234e-33	4.12942e-06	48.5166	0	0	
675	264	-6.8028e-27	9.3189e-29	1.04372e-26	5.51161e-34	1.23445e-33	1.36092e-34	-5.58018e-33	1.28047e-33	1.09845e-32	3.91201e-06	48.0007	0	0	
394	339	-1.8611e-13	-3.89707e-13	-2.20235e-13	1.39495e-38	-6.38936e-39	-4.82021e-40	-1.58242e-38	6.09063e-39	-5.38679e-37	3.01273e-09	48.0476	0	0	
682	454	-1.13229e-26	0	9.53508e-27	1.42814e-34	2.08962e-34	2.07375e-34	-1.88663e-33	-3.63509e-33	4.96218e-33	2.07592e-06	64.6169	0	0	
229	179	-1.82643e-12	2.55851e-12	-9.61767e-12	-3.90069e-35	7.54708e-35	2.74844e-35	2.13349e-34	1.04532e-34	1.57528e-35	2.34593e-07	48.0377	0	0	
552	163	0	1.17022e-28	9.36177e-29	-5.1412e-37	-3.90689e-37	4.59972e-37	-1.88349e-35	1.34578e-36	-1.99091e-35	1.13415e-07	47.1788	0	0	
505	71	-6.23009e-28	-4.36106e-27	0	1.03282e-33	-3.0953e-34	9.61784e-34	-1.0322e-33	3.10059e-34	1.20822e-33	1.71463e-06	47.6321	0	0	
627	534	1.69287e-28	6.77146e-28	6.77146e-28	-4.01973e-35	4.29517e-35	-9.70836e-35	-1.62832e-34	6.70419e-35	9.7081e-35	3.84095e-07	49.3704	0	0	
