-1.39204	1.2267	-1.02784	5.34574e-05	-0.000146863	-3.58747e-05	-0.000178527	-7.98892e-05	-0.000142787	0.55482	1.32612	0.549327	0.1	0.0189797
2.15414	3.65051	2.23941	1.10459e-06	-0.000316936	-8.17506e-07	-0.000106974	0.000109912	5.04802e-05	0.554711	1.32533	0.549219	0.1	0.0180912
-0.831268	-1.28615	-0.906835	2.80423e-05	0.000179681	-9.23524e-05	-7.08032e-05	-8.40987e-05	-0.000271884	0.554426	1.32329	0.548937	0.1	0.0217403
-0.0771814	1.23983	-1.97316	-9.43054e-06	-0.000244505	-9.63424e-05	0.000310858	1.64539e-05	-1.47751e-05	0.552434	1.30908	0.546964	0.1	0.0191776
2.47499	-3.37447	1.09837	2.8569e-06	0.00032773	-2.18492e-05	-0.000177098	0.000143173	-0.000109431	0.551275	1.30086	0.545817	0.1	0.0255891
-0.317638	-3.46266	-0.677178	-3.2618e-05	0.000406436	4.7939e-05	0.000136798	0.000161529	-1.36417e-05	0.548893	1.28407	0.543458	0.1	0.0198297
-2.01159	0.745959	-1.78925	6.93527e-05	-5.26111e-05	1.11281e-05	5.2499e-05	-3.27008e-05	-0.000102936	0.548822	1.28357	0.543388	0.1	0.0210579
1.80273	-4.04007	-0.353093	1.64458e-05	0.000333236	-4.75345e-05	0.000174939	4.60799e-05	0.000124622	0.547774	1.27623	0.54235	0.1	0.0200369
-1.92528	-0.413934	0.672076	-7.31953e-05	1.30213e-05	2.14915e-05	-0.000214592	3.38843e-06	0.000138291	0.547358	1.27333	0.541939	0.1	0.0245142
-0.857257	-0.134979	0.72809	-8.16194e-05	-5.71633e-05	-8.82064e-06	-1.71729e-05	-1.65264e-05	-0.000135196	0.546952	1.2705	0.541537	0.1	0.0203433
2.09838	0.372961	-1.24925	1.77601e-05	-5.56794e-05	6.34191e-06	-7.52917e-05	7.79443e-05	-0.00013489	0.546649	1.26839	0.541237	0.1	0.0244594
1.20477	2.62872	-1.82238	-1.30743e-05	-0.000192822	4.55317e-05	-0.000109998	9.98926e-05	0.000162196	0.545348	1.25936	0.539949	0.1	0.0208776
-2.42126	-2.42319	0.435627	-9.45876e-06	0.000204867	1.05997e-05	7.14574e-05	-9.91414e-05	-0.00011222	0.545169	1.25811	0.539771	0.1	0.0221416
-0.0557787	-3.17254	-2.03002	-1.60503e-05	0.000302811	3.55968e-05	-9.30972e-05	-0.000158591	-2.59107e-05	0.544719	1.255	0.539326	0.1	0.0185661
-0.628015	3.39111	1.30395	1.43123e-05	-0.000340361	-5.08298e-05	9.93795e-05	0.000114927	-8.81865e-05	0.543689	1.24789	0.538306	0.1	0.0189915
2.17625	-2.54403	2.1646	9.69866e-05	0.000295151	4.59031e-05	4.60052e-05	-3.53733e-05	1.02255e-05	0.541854	1.2353	0.536489	0.1	0.0300733
1.50074	-2.04429	-1.3008	2.79713e-05	0.000197817	6.96041e-05	8.71989e-06	9.8778e-05	-9.53972e-05	0.540595	1.22671	0.535243	0.1	0.026784
2.11646	2.87678	-1.30207	-1.41286e-05	-0.000296872	3.03818e-06	-0.000250003	-1.00573e-05	0.000159876	0.540372	1.22519	0.535022	0.1	0.0197598
0.241859	2.26062	-2.12398	3.19434e-05	-0.000270537	5.27615e-05	-0.000103436	-0.000180217	-5.89371e-05	0.540364	1.22514	0.535014	0.1	0.0177326
1.53352	1.8988	1.53655	-3.65272e-05	-0.000100838	4.08308e-05	-0.000142009	-9.20601e-06	0.00014288	0.537534	1.20599	0.532212	0.1	0.0221509
1.81619	-3.02317	-0.0141703	-2.70772e-05	0.000271755	2.64927e-05	-1.09588e-05	0.000147884	2.46608e-05	0.536704	1.20041	0.53139	0.1	0.0227043
-1.68144	1.6293	0.938214	-3.47032e-05	-9.68859e-05	0.000117891	0.000166195	1.24611e-05	0.000130383	0.536645	1.20002	0.531332	0.1	0.0216208
0.660401	-1.90248	0.208829	4.05236e-05	0.000251685	5.97601e-05	8.18728e-05	7.66506e-06	-1.37054e-05	0.536462	1.19879	0.53115	0.1	0.0213813
0.369765	3.54453	1.65324	-1.88354e-05	-0.000401479	1.32177e-06	-7.42547e-06	-0.000198278	3.46155e-05	0.53632	1.19784	0.53101	0.1	0.0238537
-1.13554	-2.62021	0.0579297	-2.208e-05	0.000274603	1.18889e-05	-5.77287e-05	-9.76501e-05	-0.0001649	0.535344	1.19131	0.530044	0.1	0.0189707
-0.264756	-2.5303	-1.20144	-2.53408e-06	0.000353822	3.93652e-05	-0.000183403	4.29717e-05	-0.000158055	0.534798	1.18767	0.529503	0.1	0.0179254
1.35607	3.91971	1.5671	-5.44924e-05	-0.000389514	6.44645e-05	-4.39487e-05	6.52866e-05	-1.17111e-05	0.534761	1.18742	0.529466	0.1	0.0191524
0.800757	1.55244	-0.445316	-2.91055e-05	-0.000231664	-7.11417e-05	0.000236955	-0.000386441	-0.000290358	0.534328	1.18454	0.529038	0.1	0.0200657
-1.44245	3.81473	0.0631362	-5.01763e-05	-0.000317599	3.28546e-05	0.000130298	0.000159568	5.4827e-05	0.533494	1.179	0.528212	0.1	0.0192065
-0.508386	1.97747	-1.32019	-3.55918e-05	-0.00029509	-2.91423e-05	0.000158429	0.000127192	0.000134743	0.533315	1.17782	0.528035	0.1	0.0180908
-0.361907	3.57328	-0.827487	-6.04094e-05	-0.000338925	-1.85873e-05	-2.02651e-05	9.82086e-06	-2.13481e-05	0.533292	1.17767	0.528012	0.1	0.018413
-2.01992	-1.20115	-2.13538	5.42666e-05	3.57084e-05	-0.000176709	-0.000215395	-7.10231e-05	1.98747e-05	0.533023	1.17589	0.527746	0.1	0.0231101
-1.75627	-3.15335	-2.20603	-2.25119e-05	0.00031042	-1.76962e-05	3.17177e-05	7.92409e-05	0.000125139	0.53279	1.17434	0.527515	0.1	0.0263223
-0.0136055	-2.54747	1.02012	6.259e-05	0.00029656	-3.03674e-05	-8.83226e-05	-4.6681e-05	-8.2069e-05	0.532572	1.1729	0.527299	0.1	0.0265282
-1.44995	3.61201	-1.71303	-6.31872e-05	-0.000354971	1.66651e-05	-0.000163066	0.000178132	-9.79083e-05	0.532055	1.16949	0.526787	0.1	0.0216917
0.456655	3.27752	-2.32843	-3.1649e-05	-0.000306983	1.88322e-05	1.90206e-07	3.23486e-05	0.000194514	0.531483	1.16572	0.526221	0.1	0.0262088
2.41442	0.169135	-2.48166	3.87381e-05	2.94751e-05	9.35468e-06	-2.94364e-05	-6.54152e-07	-7.39051e-05	0.530981	1.16242	0.525724	0.1	0.0214443
-0.177353	-1.20933	-1.75448	4.83352e-05	0.000151959	-6.32716e-05	0.000125394	5.79967e-05	0.000105472	0.53052	1.15939	0.525267	0.1	0.021004
-0.93332	-3.52007	0.583956	2.90132e-05	0.000414416	1.8596e-05	1.4793e-05	7.44895e-05	-0.000140873	0.529592	1.15332	0.524349	0.1	0.0191135
-0.0722005	-3.63288	1.3787	-4.58674e-06	0.000381605	-2.23813e-05	4.86404e-05	-1.89342e-05	2.68266e-05	0.528499	1.14619	0.523266	0.1	0.0227831
2.04907	0.787541	-0.243198	-1.31165e-05	1.51893e-05	5.77812e-05	-7.21047e-05	0.00024332	7.38808e-05	0.527475	1.13954	0.522252	0.1	0.024625
0.559779	3.57017	-1.32819	-6.14609e-05	-0.000333252	1.72925e-05	6.70672e-05	-5.06221e-05	7.25729e-06	0.527182	1.13765	0.521962	0.1	0.0199523
-2.41715	0.792346	0.653699	1.8046e-05	-7.18646e-05	3.79789e-05	0.000353233	-0.000172438	8.59395e-05	0.527004	1.1365	0.521786	0.1	0.0275949
2.41722	-1.17598	1.75978	-5.72371e-05	0.000249642	6.47142e-05	7.03733e-05	0.000163915	-0.000207592	0.526785	1.13507	0.521569	0.1	0.0206756
0.0801223	-3.37126	0.379611	8.13782e-06	0.000307226	-2.42535e-05	7.70069e-05	3.18141e-05	-6.19921e-05	0.526637	1.13412	0.521423	0.1	0.0181308
0.543508	2.77398	0.961753	5.09014e-06	-0.000366273	-9.7891e-06	0.000100666	6.992e-05	4.41221e-05	0.524764	1.12206	0.519568	0.1	0.0172909
-2.43494	3.93013	0.373013	-4.00775e-05	-0.000312287	1.27539e-05	-0.00040061	-0.000193529	4.19576e-05	0.523709	1.11531	0.518524	0.1	0.0242149
-2.48595	3.73625	-1.76046	-4.97202e-05	-0.000315313	-5.15206e-07	0.000132968	-0.000210297	1.31768e-05	0.523479	1.11384	0.518296	0.1	0.0188356
1.49266	0.943768	2.04621	6.56467e-05	-7.46561e-05	-3.46578e-05	-3.75583e-05	-0.000107836	2.35436e-05	0.521989	1.10436	0.516821	0.1	0.0193664
-1.83913	-1.90323	-0.275011	-8.69132e-06	0.000203526	2.21955e-05	0.000261891	0.000382305	-0.000280988	0.521432	1.10083	0.516269	0.1	0.0215087
-0.404584	1.82244	1.46995	-1.54857e-05	-0.000302597	-9.96715e-05	-7.47349e-05	-5.75128e-05	-0.000131717	0.521217	1.09946	0.516056	0.1	0.0236272
-2.00661	-3.91996	1.8428	3.83378e-05	0.000415406	4.28796e-06	-0.000131705	4.83282e-05	6.91762e-06	0.518617	1.08309	0.513482	0.1	0.0169214
2.09161	-0.0964187	0.465259	-4.94502e-05	1.29062e-05	1.01659e-05	-0.000308969	0.0001431	-0.000284	0.517898	1.07859	0.51277	0.1	0.0221868
2.33578	-1.07801	-0.935016	9.60486e-05	0.00018475	0.000100398	0.000154847	0.000283297	5.43673e-05	0.517716	1.07746	0.51259	0.1	0.0243486
1.5738	3.77017	-1.34143	-6.77404e-05	-0.000353072	-4.18812e-05	5.72778e-05	0.000156361	-4.70386e-05	0.5171	1.07361	0.51198	0.1	0.0170674
-1.86848	2.69223	-1.47851	-0.000100797	-0.000309402	3.98727e-05	0.000106989	-0.00018613	1.31416e-05	0.516716	1.07123	0.5116	0.1	0.0212918
-1.9447	0.348219	-0.81596	-5.16765e-06	-7.0477e-05	-8.83222e-06	-9.30711e-06	-7.98363e-05	5.38777e-05	0.515931	1.06635	0.510823	0.1	0.0247611
1.15437	3.24781	-0.54806	-6.20972e-05	-0.00039941	-7.6495e-06	-0.000101173	0.000166627	-0.000290265	0.515901	1.06617	0.510793	0.1	0.0143664
1.54054	2.08176	-0.946068	8.11286e-05	-0.000283841	9.57749e-05	0.000239673	0.000325661	-0.000120425	0.51576	1.06529	0.510653	0.1	0.0170318
-1.91198	-2.07869	1.95509	7.59486e-05	0.000251715	1.09022e-05	-9.05853e-05	9.06947e-05	-7.49452e-05	0.514995	1.06056	0.509896	0.1	0.0267879
-0.426214	3.54433	-1.86118	-5.49469e-05	-0.000418665	-6.67707e-06	-0.000123501	-3.60248e-05	7.3968e-05	0.514003	1.05444	0.508914	0.1	0.0209552
0.730809	0.111357	2.46271	3.74776e-05	2.39601e-05	8.99601e-06	6.54805e-05	0.000159993	-3.78603e-05	0.512599	1.04583	0.507524	0.1	0.0190769
0.542128	-0.349072	1.57976	-3.02088e-05	0.000122353	-8.2234e-06	9.68059e-05	-1.44244e-05	1.92615e-05	0.51184	1.04118	0.506772	0.1	0.0187508
-2.05843	-3.54826	-1.30061	1.75184e-05	0.00042264	1.46804e-05	-0.00018638	3.63288e-05	-0.000307398	0.511673	1.04017	0.506607	0.1	0.0219042
-0.450239	0.828837	0.698986	2.39762e-05	-0.000128234	-3.1318e-05	8.1519e-05	0.000281518	-0.000111872	0.511494	1.03908	0.50643	0.1	0.0241259
0.878728	-3.23942	-1.51473	-1.17926e-05	0.000349016	7.50121e-05	-3.23908e-05	-0.000124057	0.000161726	0.510448	1.03272	0.505394	0.1	0.0178653
-1.24196	3.5179	2.14095	-7.96402e-05	-0.000357412	-0.000231281	-0.000485813	-0.000641714	-0.000266206	0.509646	1.02785	0.5046	0.1	0.0222205
0.830259	-2.77687	-2.4091	-1.56203e-05	0.000266877	4.98497e-05	-0.000128478	3.60597e-05	7.15262e-05	0.508542	1.02119	0.503507	0.1	0.0205942
-0.639272	-0.439548	-2.25378	3.41564e-05	0.000130741	-1.75031e-05	-0.000160088	0.000107965	-0.00014009	0.508425	1.02048	0.503391	0.1	0.0187849
1.43913	-0.428662	-1.34256	9.13887e-05	-9.93012e-05	5.72891e-05	-2.68378e-05	-4.39944e-05	0.000325943	0.506867	1.01114	0.501849	0.1	0.0198729
1.3726	1.81675	-2.448	2.19633e-05	-0.000133132	2.60153e-05	0.000182387	0.000100136	7.11444e-05	0.505037	1.00022	0.500037	0.1	0.01895
-1.19692	2.73033	-2.23747	-8.16432e-05	-0.000314777	-0.00017839	0.000370671	0.000373852	0.000478237	0.504957	0.999745	0.499957	0.1	0.022922
-2.29735	-3.44079	-0.330103	-1.29853e-05	0.000428259	-2.02252e-05	0.000202874	-0.000119175	0.000211596	0.504939	0.999642	0.49994	0.1	0.0194488
-0.178949	-0.440676	-1.07881	7.02739e-05	4.23481e-05	3.60342e-06	0.000102332	3.88538e-05	-7.13757e-05	0.504901	0.999415	0.499902	0.1	0.0176782
0.42587	-0.352957	-0.288164	3.19437e-05	-7.35927e-06	2.96178e-05	5.45962e-05	-0.000155984	-0.000117362	0.504788	0.998742	0.49979	0.1	0.0159814
0.688998	-0.699896	-1.94447	0.000102634	4.63462e-05	2.65148e-05	0.000332311	8.46968e-06	-0.000424481	0.503937	0.993701	0.498948	0.1	0.02035
-1.00715	-2.26593	1.41608	3.17933e-05	0.000308068	2.49286e-05	-9.32214e-05	-4.31033e-05	-4.62082e-05	0.503345	0.990196	0.498361	0.1	0.0188541
-1.03637	0.374799	-1.79828	8.80436e-05	-6.80096e-05	-0.000103932	-0.000204823	-7.94139e-05	7.06841e-05	0.503196	0.989325	0.498214	0.1	0.0190106
1.32922	-1.48366	-0.451004	0.000104684	0.000195497	8.60752e-05	5.26448e-05	-8.89007e-05	-0.000134416	0.502585	0.985721	0.497609	0.1	0.0206648
-0.918546	0.823402	-0.187363	-3.13858e-05	-0.000148325	8.25899e-06	-0.000190342	-0.000140619	-4.99878e-05	0.501771	0.98094	0.496803	0.1	0.0193428
0.271447	-2.67802	-0.338881	1.31531e-05	0.000326754	2.76227e-05	4.13461e-05	5.52301e-05	-5.61065e-05	0.501401	0.978774	0.496437	0.1	0.0210388
2.33431	-1.48144	0.789131	4.30347e-06	0.000176513	2.859e-05	-2.58193e-05	5.28883e-05	5.09751e-05	0.501352	0.978484	0.496388	0.1	0.0175286
-1.54733	1.41908	2.2544	6.31193e-06	-6.12152e-05	1.93384e-05	3.7519e-05	0.000347465	7.49162e-05	0.501333	0.978374	0.496369	0.1	0.0196127
-0.428988	2.80151	2.12845	4.17435e-05	-0.000215707	2.25625e-06	-0.000404185	8.42946e-05	-0.000122497	0.500305	0.972365	0.495351	0.1	0.0230117
1.75116	-1.94325	1.44295	3.54905e-05	0.000220614	4.7967e-05	-7.29151e-05	3.34046e-06	-2.22511e-05	0.500134	0.971369	0.495182	0.1	0.0141135
-0.338437	-2.13703	-2.14361	5.66251e-05	0.000170873	-2.76542e-05	-0.000181782	-5.89325e-05	-0.000106097	0.500114	0.971254	0.495162	0.1	0.0230247
1.21245	3.95405	-2.42094	-8.0874e-05	-0.000304972	4.04167e-05	-0.000102144	-0.000129954	-0.000104785	0.499003	0.964792	0.494062	0.1	0.0204249
0.500826	-1.92612	-1.50671	6.32687e-05	0.000224876	3.72443e-06	-0.000180697	-0.000229176	8.74592e-06	0.49838	0.96119	0.493446	0.1	0.0176658
-0.119497	-1.24914	0.108024	5.33859e-05	0.000201441	-5.44135e-06	-0.000177195	-0.000128383	6.44415e-05	0.498014	0.959069	0.493083	0.1	0.0160055
-1.11443	-1.59101	-1.86134	4.94371e-05	0.00018792	-8.39657e-05	-6.07848e-05	-7.74735e-05	-0.000155661	0.49782	0.957951	0.492891	0.1	0.0210456
1.51026	-3.32428	2.11248	4.78222e-05	0.000398984	1.48408e-05	-2.29053e-05	-1.32628e-06	-0.000193335	0.497807	0.957872	0.492878	0.1	0.0176285
-2.27404	2.70605	-0.492823	-3.85176e-05	-0.000246314	1.77577e-05	6.22944e-05	2.77216e-05	-0.000111854	0.497805	0.957862	0.492876	0.1	0.0228363
-1.62496	-2.85924	0.921299	1.13718e-05	0.000346123	3.21633e-05	-0.000195763	0.000111499	0.000365114	0.496356	0.949524	0.491442	0.1	0.0161172
-1.29644	2.69007	0.960781	-1.8805e-06	-0.00029591	-2.5345e-05	-0.000194158	-0.000157305	-9.0867e-06	0.495653	0.945496	0.490746	0.1	0.0184271
-0.918242	-3.72448	-2.13388	-2.34462e-05	0.000355661	-5.5403e-05	4.23118e-05	-6.01167e-05	-9.04427e-05	0.495534	0.944815	0.490628	0.1	0.0201983
-1.34784	-3.4495	-0.60702	-4.1003e-06	0.000447285	8.8728e-05	-0.000634067	-8.38324e-05	-5.50772e-05	0.49547	0.944444	0.490564	0.1	0.0174347
-1.26383	2.30359	1.86995	2.68507e-07	-1.33455e-06	-1.43245e-06	-1.08617e-15	-1.00006e-15	9.89492e-17	0.495413	0.94412	0.490508	0.1	0.0205146
2.42268	1.90407	-1.38071	7.13973e-05	-0.00025312	7.58533e-05	0.000214651	-0.000283594	1.32449e-05	0.493724	0.934499	0.488836	0.1	0.0170247
-1.72508	1.77343	-1.84346	2.57178e-05	-0.000226239	-4.93647e-05	9.72486e-05	0.000127422	0.000231667	0.493582	0.933695	0.488695	0.1	0.0157737
0.806945	1.66603	-1.51227	-1.52541e-05	-0.000197437	0.000140232	8.81885e-05	-0.000117512	0.000272973	0.493482	0.933124	0.488596	0.1	0.0210232
0.886667	0.525052	-0.427777	-6.42301e-05	-8.2904e-05	-1.5e-05	-0.000133499	0.000211417	-0.000277795	0.49325	0.93181	0.488366	0.1	0.0221203
0.685155	4.04138	0.813004	-2.59519e-05	-0.000481232	3.50994e-05	-0.000207876	-0.000116857	8.51477e-06	0.492733	0.92888	0.487854	0.1	0.0189111
0.152396	0.0453555	0.597637	2.80335e-05	-0.000105395	-3.36283e-05	-0.000196213	-0.0001341	0.000167701	0.492579	0.928012	0.487702	0.1	0.0180946
1.2679	2.68677	0.268113	-1.11377e-05	-0.000355127	-1.4605e-05	1.94128e-05	4.44532e-05	0.000174493	0.492206	0.925909	0.487333	0.1	0.0148557
0.756154	0.251699	-1.55408	9.30555e-06	-0.000214885	4.28629e-05	0.000414331	-0.000358679	7.35701e-05	0.490982	0.919016	0.486121	0.1	0.021997
-1.21279	-2.2443	-0.978638	-3.55072e-05	0.000218443	1.53226e-06	-0.000267822	-0.000327848	0.000136059	0.490889	0.918492	0.486029	0.1	0.0210269
-0.401643	-0.642545	1.49404	1.7282e-05	-1.0178e-05	-6.86314e-05	-1.48031e-05	0.000226868	0.000257122	0.490378	0.915628	0.485523	0.1	0.0212499
1.57945	-2.88606	1.24179	-3.50674e-05	0.000266643	-6.39473e-05	0.000334182	9.50331e-05	-9.72125e-05	0.489482	0.910617	0.484636	0.1	0.0204055
-2.19567	2.80242	1.31924	1.586e-05	-0.000192275	-6.37828e-05	-0.000182297	0.000123488	-6.16494e-05	0.489469	0.910544	0.484623	0.1	0.0155691
2.26473	-2.47183	-1.82178	2.20812e-05	0.00024713	4.33365e-05	5.99868e-05	-7.45865e-05	0.000158527	0.489084	0.908401	0.484242	0.1	0.017372
-2.15663	1.00919	1.60073	3.38188e-05	-9.35369e-05	4.072e-05	-0.00026992	0.000268826	0.000133351	0.488971	0.907768	0.48413	0.1	0.0225845
0.971801	-1.97583	2.03367	2.30319e-05	0.000202833	1.06638e-05	1.11253e-05	-2.91327e-05	-0.000190549	0.4888	0.906812	0.48396	0.1	0.0193873
1.58772	-2.18352	0.505706	3.08101e-05	0.000260312	1.79444e-05	-3.48896e-05	9.20803e-05	1.36709e-05	0.488326	0.904178	0.483491	0.1	0.0197845
-0.71893	-0.544624	-0.19982	-1.98819e-05	8.33696e-05	-3.24882e-05	0.000280151	-6.72104e-05	0.000303171	0.48828	0.903926	0.483446	0.1	0.015974
-2.0144	3.02184	0.393475	-2.6039e-05	-0.000269874	4.22929e-05	0.000303144	0.000296032	9.08253e-06	0.488206	0.903513	0.483372	0.1	0.0233033
1.58375	-3.70097	0.702197	-2.54092e-05	0.000336797	5.24692e-05	-0.000118476	-0.000122837	-5.28637e-05	0.488125	0.903063	0.483292	0.1	0.0204687
0.0472246	1.6744	0.592097	6.36239e-05	-0.00019271	-7.30865e-05	-8.48764e-05	-6.03431e-05	-2.03496e-05	0.486774	0.895587	0.481954	0.1	0.0178219
1.41047	-0.448097	1.09662	-2.7047e-05	0.00016558	8.49418e-05	7.99835e-05	-4.90021e-05	0.000140814	0.486222	0.892545	0.481408	0.1	0.0158516
2.32205	-0.52656	-1.76101	7.95785e-05	8.64271e-05	4.15243e-05	-7.65468e-05	0.000116679	8.85836e-05	0.485931	0.890944	0.48112	0.1	0.0224689
-1.06726	-3.81293	1.53542	3.09492e-05	0.000438908	7.43674e-06	-1.18004e-05	-5.67963e-05	8.63671e-05	0.485684	0.889585	0.480875	0.1	0.0161863
2.10367	2.51237	0.722795	3.49675e-06	-0.000209509	-2.66669e-05	-0.000167154	-1.31285e-05	6.62382e-05	0.485546	0.888831	0.480739	0.1	0.0212255
-1.78063	-0.240526	-1.94773	5.78434e-05	2.12691e-06	-5.81896e-05	9.10278e-05	0.000101865	-0.000245593	0.484993	0.885791	0.480191	0.1	0.0210816
-0.64387	1.05698	2.19183	-7.17647e-06	-4.68738e-05	-0.000137518	0.000112784	-6.15567e-05	-3.5534e-05	0.484263	0.881798	0.479468	0.1	0.0165655
-1.83087	-1.54025	-1.20681	2.47141e-05	0.000208823	-0.000119912	0.000228013	1.7842e-05	-0.000146266	0.483863	0.879615	0.479072	0.1	0.0223984
-1.79098	-1.85809	0.999956	-1.3605e-05	0.000162329	5.41639e-06	-6.93988e-05	9.6371e-05	7.33714e-05	0.48386	0.879599	0.479069	0.1	0.016885
1.71632	-0.132845	-0.450514	-4.47274e-05	4.15806e-05	3.309e-05	0.000174835	-0.000160355	-0.000115236	0.483476	0.877508	0.478689	0.1	0.0173503
0.516769	2.58979	1.94308	-4.74001e-05	-0.000359017	7.55657e-05	-0.000154117	0.000137006	-6.81734e-05	0.483004	0.874942	0.478222	0.1	0.0171732
0.29634	0.943747	-1.06703	-3.11062e-05	-0.000177251	-8.58168e-05	-0.00055708	4.84899e-06	-0.000172968	0.482785	0.873753	0.478005	0.1	0.0192063
-1.28197	-1.21355	0.511372	-4.43206e-05	7.94145e-05	-8.70665e-05	3.85611e-06	0.000223729	-0.000267856	0.482566	0.872562	0.477788	0.1	0.0154613
-0.0243765	0.672442	1.57095	5.56161e-05	-0.000146201	-7.04432e-05	-9.95766e-05	-0.000333389	-0.00016905	0.482132	0.870207	0.477358	0.1	0.0217203
1.94144	2.5439	2.19668	-3.68003e-05	-0.000135685	7.64239e-05	0.000312986	7.2042e-05	-9.56676e-05	0.48194	0.869166	0.477168	0.1	0.0202487
-0.587329	2.66138	-0.478424	-2.3383e-05	-0.000264023	2.70741e-05	-7.27264e-05	9.47543e-05	4.06727e-05	0.481933	0.86913	0.477161	0.1	0.022469
-1.42394	0.704171	0.635198	-4.58588e-06	-3.53918e-05	2.22484e-05	-1.80383e-05	0.000190204	-1.77759e-05	0.481479	0.866677	0.476712	0.1	0.0224647
1.0331	-3.38977	-0.530256	-4.47583e-05	0.000330534	3.89812e-05	5.9403e-05	-0.00011628	-0.000128617	0.480917	0.863644	0.476155	0.1	0.0152675
-0.920366	-1.5694	2.18471	7.82486e-05	0.000181805	-4.66544e-05	-4.602e-07	5.67695e-05	-2.67172e-05	0.480468	0.861231	0.475711	0.1	0.0182082
1.53725	0.451364	-2.09238	3.39825e-05	-1.60443e-05	1.57614e-05	0.000159006	-9.8789e-05	9.41512e-05	0.47986	0.857968	0.475109	0.1	0.0155467
0.479844	2.65197	-0.94659	-0.000151168	-0.000324478	6.5111e-05	-9.18797e-06	-8.52761e-05	3.78539e-05	0.478966	0.853181	0.474224	0.1	0.0189224
1.21811	0.502251	1.20391	5.53797e-05	-2.62237e-05	-4.79213e-05	7.27345e-05	3.67961e-05	-0.000278236	0.478473	0.850548	0.473736	0.1	0.019577
-2.45478	0.0104886	1.50219	-4.72441e-05	0.000120124	6.70412e-05	0.00023341	0.000164783	2.30545e-05	0.478412	0.850219	0.473675	0.1	0.0238725
-1.69251	1.39372	-0.0652699	-6.9109e-06	-0.000147269	-5.62181e-05	0.000249752	-5.81418e-05	1.64203e-05	0.47793	0.847656	0.473198	0.1	0.0191331
-1.07625	-3.06771	-1.44836	4.39205e-05	0.0002463	2.95648e-05	0.000272282	4.27853e-05	-0.000114782	0.477808	0.847007	0.473077	0.1	0.0275363
2.22475	3.55742	1.22483	-5.51456e-05	-0.000263566	3.47603e-07	0.000217833	2.96097e-05	0.000248732	0.477733	0.846607	0.473003	0.1	0.0220064
-2.03664	2.7466	2.26217	-0.000122336	-0.000295969	-3.90066e-05	-0.000269381	2.13577e-05	0.00010051	0.477694	0.846395	0.472964	0.1	0.0173352
-0.648694	1.9478	-2.47408	2.78443e-05	-0.000159732	5.56315e-05	0.000344131	0.000240303	-4.86417e-05	0.477155	0.843541	0.472431	0.1	0.0179549
-0.741547	3.14936	0.321301	-1.85556e-05	-0.000276968	2.35693e-05	-9.59279e-06	-8.61282e-05	-0.000134245	0.47715	0.843513	0.472426	0.1	0.0208905
-0.702266	0.136304	1.96232	-1.81607e-05	-2.89892e-05	-9.47775e-05	-0.00018874	0.000111356	3.05802e-05	0.477062	0.843044	0.472339	0.1	0.0205415
-1.50943	0.0202919	1.48731	-5.44597e-05	3.00907e-05	-2.13125e-05	0.000124459	1.82467e-05	-0.000225616	0.476857	0.841959	0.472136	0.1	0.0208569
1.23791	-1.11756	0.441857	6.26628e-05	0.000196438	7.268e-05	-5.00017e-05	-8.67272e-05	-6.70783e-05	0.476785	0.841575	0.472064	0.1	0.0151273
-0.357737	3.91922	2.22887	-5.6887e-05	-0.000445623	-6.04529e-05	2.81202e-05	7.30404e-05	3.28292e-05	0.475355	0.834028	0.470649	0.1	0.0200535
-1.67586	-0.816123	1.93766	7.48896e-06	0.000136305	-8.68366e-05	3.88152e-05	0.000165892	0.000215719	0.475269	0.83357	0.470563	0.1	0.0190117
-1.65885	0.461638	2.30486	3.52741e-05	-3.53694e-05	3.76484e-06	4.77995e-05	3.77528e-05	-5.86448e-05	0.474862	0.83143	0.47016	0.1	0.0186131
2.02558	-2.83851	-0.97476	-4.26916e-05	0.000331569	5.1485e-05	0.000148129	-0.000162164	-1.74188e-05	0.474508	0.829578	0.46981	0.1	0.0208972
-2.17312	1.95139	1.74797	-5.48816e-05	-9.5813e-05	9.16022e-05	-0.000187106	-7.10928e-05	-0.000128882	0.474403	0.829024	0.469706	0.1	0.0196404
-2.37723	-0.372096	-0.312826	-6.11664e-05	1.4749e-05	-6.15213e-07	-0.00014844	-0.000137459	-0.000106838	0.473731	0.82551	0.469041	0.1	0.0231389
-1.07314	-0.0744479	-0.945004	8.38652e-06	1.41262e-05	-7.07862e-05	-0.000445608	3.35897e-05	-0.000328134	0.47183	0.815609	0.467158	0.1	0.0189415
0.691806	-3.07931	1.67699	3.63728e-05	0.000302664	5.0554e-06	-0.000224724	3.2628e-05	0.000296869	0.471086	0.811759	0.466422	0.1	0.0163269
-0.439992	-2.03191	-0.34241	-3.0081e-05	0.000245502	3.78207e-06	-0.000151141	-1.95201e-05	0.000249303	0.470528	0.808876	0.465869	0.1	0.0232683
-2.14388	-2.41947	-1.06606	-4.05121e-05	0.000268878	-3.76086e-05	-0.000332523	0.0002921	-7.75801e-05	0.470355	0.807987	0.465698	0.1	0.0168768
0.473496	3.37294	0.139726	2.48507e-05	-0.000378306	6.25578e-05	3.15018e-05	6.4802e-05	0.000308083	0.470211	0.807242	0.465555	0.1	0.0180835
-1.15878	-2.43637	2.45833	4.48779e-05	0.000226958	-1.07707e-05	-6.52861e-05	2.29268e-07	-0.000117896	0.47002	0.806259	0.465366	0.1	0.0202693
0.537405	1.039	2.2491	7.21119e-05	-1.05076e-05	-8.04787e-05	-0.000293304	3.6379e-05	-8.8275e-05	0.46956	0.803896	0.464911	0.1	0.0164527
-0.10439	-1.1106	2.26405	8.02831e-05	0.000122803	-4.48771e-05	-0.000204438	-0.000154059	-7.41057e-05	0.469458	0.803373	0.46481	0.1	0.0189819
-0.627101	-1.88182	0.616874	7.9277e-06	0.00015701	-0.000118399	5.67034e-05	-0.000222414	0.000475653	0.469446	0.803307	0.464798	0.1	0.0210297
-0.794494	1.74961	-0.398376	7.18085e-06	-0.000212971	-8.25143e-06	0.000117312	-0.000125273	3.62575e-06	0.468782	0.799905	0.464141	0.1	0.0174885
1.13457	-0.0499751	0.286904	-4.08473e-05	5.08989e-05	5.73736e-05	-0.000248315	-2.86602e-05	0.000128867	0.467379	0.792743	0.462751	0.1	0.0173481
1.80969	-0.361858	1.94645	1.17841e-05	8.23502e-05	4.06687e-05	0.000201133	0.00019569	0.000101072	0.467217	0.791923	0.462591	0.1	0.0189929
-0.191239	-2.15905	1.91169	4.97073e-05	0.000220811	-1.38343e-05	0.000270668	6.79929e-05	0.000191942	0.466675	0.789165	0.462054	0.1	0.0168715
1.63859	1.20955	-1.55291	3.58455e-05	-5.86727e-05	5.68548e-05	-5.39022e-06	0.00026516	1.45365e-05	0.466232	0.786924	0.461616	0.1	0.014707
-0.695602	2.21961	0.392188	8.0938e-06	-0.000272256	-1.47336e-06	4.55038e-05	0.00025827	0.000197756	0.466205	0.786785	0.461589	0.1	0.017987
-0.901145	2.8842	-1.33362	-7.26092e-05	-0.000335284	4.23817e-05	-9.65195e-05	3.82884e-05	-6.61891e-05	0.466076	0.786131	0.461461	0.1	0.0155765
0.911765	-2.85047	0.353117	7.35987e-06	0.000262301	3.80039e-05	-7.39961e-06	-0.000128052	-1.67076e-05	0.465707	0.784266	0.461096	0.1	0.0223943
-1.8395	-2.20258	-1.9525	-1.30003e-05	0.000284876	-1.30577e-05	-3.22288e-05	0.000202431	-7.04314e-05	0.465684	0.784148	0.461073	0.1	0.0218707
-1.43017	2.38439	-0.177925	-1.95778e-05	-0.000246378	7.22126e-06	0.000118331	-0.000101223	-0.000103406	0.46529	0.782163	0.460683	0.1	0.0159688
1.96822	1.77883	0.0549234	-7.57376e-06	-0.00014865	-0.000102414	-0.000279751	-0.000506195	-0.000296253	0.464712	0.779251	0.460111	0.1	0.0166125
0.813251	-1.0583	2.17654	4.92735e-05	0.000177062	-6.26546e-06	-5.09957e-05	3.80949e-05	0.000195445	0.464331	0.777336	0.459734	0.1	0.0136598
1.79426	-1.64561	2.35237	-2.12749e-05	0.000216739	6.05093e-05	4.96646e-05	-8.05774e-05	0.000255478	0.463321	0.772277	0.458734	0.1	0.0146283
-2.19762	2.11083	0.244153	-1.38404e-05	-0.000221881	5.44345e-06	-0.00010025	0.000101751	5.16498e-05	0.462664	0.768994	0.458083	0.1	0.0173752
0.561347	1.86409	1.35485	-1.11854e-05	-0.000258519	-1.94608e-05	0.000425658	-8.40061e-05	0.000223584	0.462514	0.768246	0.457935	0.1	0.0133221
2.0552	-1.03726	-0.00724148	-9.47715e-05	0.000104244	4.82678e-05	-7.06736e-05	0.00014029	-1.03385e-05	0.462457	0.767963	0.457878	0.1	0.0163197
1.00259	-1.35268	1.33112	4.90689e-05	0.000185238	6.26252e-06	-1.72018e-05	4.46231e-05	0.0001037	0.460448	0.757998	0.455889	0.1	0.0152024
2.02851	-3.51272	-1.60668	-1.21629e-05	0.000414343	-1.40903e-05	5.86626e-05	-7.32746e-05	-0.000142101	0.4597	0.75431	0.455149	0.1	0.0132649
2.0539	3.16243	0.0521455	5.50148e-06	-0.000299825	-0.000107436	0.000239743	-3.49628e-05	0.000135392	0.459434	0.752999	0.454885	0.1	0.0220974
-1.5457	-3.06911	1.83939	2.0144e-05	0.000409983	2.27819e-05	0.000134724	-0.000192641	8.46738e-06	0.45935	0.752587	0.454802	0.1	0.0228607
0.155977	-1.54507	0.975954	2.45729e-05	0.000191472	5.90864e-05	3.16789e-05	-5.80277e-05	4.93744e-06	0.459269	0.752192	0.454722	0.1	0.0157311
-2.48055	1.94572	-2.38078	-3.18363e-05	-8.66735e-05	9.06087e-05	0.000333942	0.000132982	-0.000313408	0.459266	0.752174	0.454719	0.1	0.0187044
-0.177175	0.342541	-0.535832	1.89642e-05	-4.48738e-05	7.09008e-05	0.00011186	6.66137e-05	0.000283093	0.459194	0.751823	0.454648	0.1	0.0190679
1.46114	3.03492	1.15351	-2.82384e-05	-0.000316112	-1.03754e-05	0.000257971	3.2896e-05	0.000147419	0.459118	0.751448	0.454572	0.1	0.0196273
2.18454	1.1021	-2.29181	-4.86134e-06	5.88611e-06	2.11777e-06	2.42101e-05	-2.00704e-05	0.000199192	0.459006	0.750894	0.454461	0.1	0.0147376
2.0807	-1.42728	-1.80985	2.63725e-05	0.00013381	4.53121e-05	0.000152319	0.00020301	-0.000206798	0.458587	0.748846	0.454047	0.1	0.0226073
-1.46169	3.15813	-0.665411	-4.9149e-05	-0.000275524	1.33156e-05	-6.68385e-05	-2.64349e-05	6.96382e-05	0.458044	0.746189	0.453509	0.1	0.0188507
2.33843	1.66031	1.02159	-2.61407e-05	-0.000142891	0.000109313	-0.00013175	-5.88758e-05	-8.70056e-05	0.458039	0.746161	0.453504	0.1	0.0160574
-2.13964	3.76116	-0.624128	2.64974e-05	-0.000352949	-3.41879e-05	-6.52035e-05	-0.000432735	-0.00030722	0.457054	0.74136	0.452529	0.1	0.0205975
-1.43451	0.0397034	-0.0614408	-8.83126e-05	-6.09971e-05	9.55415e-06	1.63446e-05	-7.85936e-05	-6.99503e-05	0.456744	0.739852	0.452222	0.1	0.0181742
1.17589	-2.41935	-0.44855	1.86417e-06	0.000249409	5.28176e-05	-2.76214e-05	-0.000101613	-9.22539e-05	0.456538	0.738849	0.452018	0.1	0.0152576
2.38345	-3.47112	2.44081	3.17609e-05	0.000375072	1.13306e-05	0.000104842	3.91944e-06	0.000167677	0.456295	0.737671	0.451777	0.1	0.0179303
-1.66094	-0.750428	-0.748249	-1.1504e-05	9.22139e-05	3.62011e-05	0.000197404	2.9606e-05	0.000250567	0.4556	0.734306	0.451089	0.1	0.0198027
-0.64217	-3.01479	1.86897	2.06111e-05	0.000333696	2.7554e-05	3.46664e-05	0.000133816	-1.56182e-06	0.45547	0.733674	0.45096	0.1	0.013873
0.16388	2.23274	-0.144878	2.36813e-05	-0.000207849	-6.83022e-05	7.09017e-05	0.000123403	7.34484e-05	0.455436	0.733515	0.450927	0.1	0.014702
1.67378	1.14851	0.642065	-7.81095e-05	-2.49863e-05	-2.08462e-05	-4.19816e-05	0.000399657	0.000149639	0.45531	0.732903	0.450802	0.1	0.0144757
0.905916	-2.24014	1.14053	5.00042e-05	0.000244074	1.44519e-05	6.12552e-05	-8.14465e-05	-1.41222e-05	0.455197	0.732356	0.45069	0.1	0.0149207
1.08146	3.99565	-0.771868	-1.44557e-05	-0.000429084	2.38638e-07	0.000122889	1.30559e-07	0.000261172	0.277675	0.16624	0.274926	0.1	0.00642246
1.48599	2.01937	0.563836	8.5904e-05	-0.000258599	0.000114606	-0.000585092	4.10455e-05	3.77985e-05	0.277411	0.165765	0.274664	0.1	0.00874893
1.83916	-2.24126	-0.20783	-5.43706e-05	0.000257165	-2.82573e-05	-0.000172871	-0.00014586	2.31397e-05	0.277355	0.165667	0.274609	0.1	0.0134858
-1.11695	1.61785	0.355158	6.01856e-07	-0.000278573	1.82088e-05	9.19971e-05	-3.45869e-05	-0.000301656	0.277213	0.165412	0.274468	0.1	0.0144934
0.926726	3.89991	-0.174735	1.85168e-05	-0.000383672	-0.000129934	0.000635912	-3.04787e-05	0.00010548	0.276217	0.163635	0.273482	0.1	0.00852804
-0.755695	-3.0382	-2.41772	3.29231e-05	0.000296147	2.22123e-06	4.28107e-05	-0.000120737	0.000141575	0.275638	0.162608	0.272909	0.1	0.00946931
0.694083	-3.80411	1.8291	-0.000170164	0.000222119	5.6713e-05	0.000210301	-0.000234489	0.000861809	0.275408	0.162201	0.272681	0.1	0.0107479
1.62826	-0.828033	-0.71055	0.000101557	8.85136e-05	9.26913e-05	-0.000453535	-0.000433519	0.000361589	0.275341	0.162083	0.272615	0.1	0.00712505
-1.92663	-0.229382	2.31417	-6.217e-06	2.24953e-05	-1.98828e-05	0.000125788	0.000119704	-1.32879e-05	0.275341	0.162083	0.272615	0.1	0.0117772
-1.33743	-3.80985	2.23679	1.35597e-05	0.000423719	-3.43548e-05	4.81389e-05	-9.93188e-06	-7.05345e-05	0.275089	0.161637	0.272365	0.1	0.00886698
0.231693	-3.85757	-1.69638	9.20729e-05	0.000247672	-5.57675e-05	-0.000541091	-4.05916e-05	-0.000624493	0.275056	0.161582	0.272333	0.1	0.0105012
1.97343	1.71354	-1.96473	-3.58252e-06	-6.25876e-05	8.07152e-05	0.000359408	0.000162491	-0.000282339	0.274446	0.160509	0.271729	0.1	0.00596267
-0.723041	0.968122	-1.42585	2.47303e-05	-0.000138404	-4.336e-05	0.000681664	6.9656e-05	6.09896e-05	0.274411	0.160446	0.271694	0.1	0.00683489
-1.28009	0.695624	1.6967	-5.95136e-05	-3.31019e-05	0.000130397	0.000339792	-0.000135537	0.000348657	0.274202	0.16008	0.271487	0.1	0.0108596
1.41468	-1.99327	-2.1314	-1.11553e-05	0.000256278	6.39927e-05	-0.000563984	-0.000295295	0.000368406	0.274042	0.159801	0.271329	0.1	0.0121277
2.07589	-1.76971	-0.0688005	1.12091e-05	0.00020532	3.07808e-05	0.000392755	8.30142e-05	-0.000326524	0.273887	0.159529	0.271175	0.1	0.0152214
1.43731	2.99398	1.87688	-0.000180759	-0.000357677	-1.88951e-05	-0.000311582	-0.000709104	0.00132178	0.273679	0.159166	0.270969	0.1	0.0138361
1.47759	-3.58584	-1.09713	2.90568e-06	0.00044698	3.19311e-05	0.000126292	2.88024e-05	-9.73587e-05	0.273477	0.158813	0.270769	0.1	0.0121379
0.655409	1.59067	-2.28303	6.03884e-05	-0.000172389	9.52689e-06	0.000983103	-0.000278091	8.71758e-05	0.273324	0.158548	0.270618	0.1	0.00785194
-1.83981	3.35291	-2.35687	2.64875e-05	-0.000329409	-4.6267e-05	0.000711294	-0.000531892	0.000664135	0.272973	0.157937	0.27027	0.1	0.010748
0.477028	-1.45507	-2.13368	3.24253e-05	4.08612e-05	-1.03016e-05	0.000112894	-7.54688e-05	0.00010096	0.272675	0.15742	0.269975	0.1	0.0110503
0.282111	2.89437	-1.63107	-2.70729e-05	-0.000286508	2.45801e-06	5.20041e-05	8.67364e-05	0.000110667	0.272585	0.157264	0.269886	0.1	0.00905711
0.664799	0.471724	1.77741	8.47971e-05	-2.34286e-05	-2.48873e-05	-0.000218323	3.50606e-05	0.000309167	0.27236	0.156875	0.269663	0.1	0.0104721
0.576275	2.1836	0.442729	2.26183e-05	-0.000238723	-8.26559e-05	0.000187636	0.000117265	7.63068e-05	0.272313	0.156795	0.269617	0.1	0.00638981
1.32705	0.23664	-0.971236	-0.00014819	-0.000134084	-1.35681e-05	-0.000127578	-2.33303e-05	0.000442067	0.271845	0.155987	0.269153	0.1	0.00666139
1.22416	0.956756	0.114065	-7.10958e-05	-8.45363e-05	7.83338e-06	-5.07015e-05	-0.000464443	-0.000181281	0.271451	0.15531	0.268763	0.1	0.0118782
1.86456	3.12023	-2.02522	-0.00019303	-0.000304019	4.67195e-05	0.000383812	-3.00859e-05	0.000683476	0.271375	0.155179	0.268688	0.1	0.00835927
0.224834	-0.66806	0.917801	-2.50096e-05	9.43209e-05	-3.68288e-05	-6.58681e-05	0.000115952	0.000208929	0.270927	0.154413	0.268245	0.1	0.00955122
1.79542	3.74151	0.395968	-2.70649e-05	-0.000436402	4.54859e-05	0.000295712	0.00019545	6.35191e-05	0.2707	0.154024	0.26802	0.1	0.00850897
0.404913	-3.85308	-2.20783	1.57901e-05	0.000239385	-8.26309e-05	0.000567943	0.000342837	0.000482365	0.270558	0.153782	0.267879	0.1	0.0117005
-0.125695	3.11669	0.729735	-1.57839e-05	-0.000382251	1.83439e-05	-0.000150032	0.000247093	7.71089e-06	0.270297	0.153339	0.267621	0.1	0.00615557
1.43719	1.31639	-0.861164	4.16589e-05	-0.000258627	6.38297e-05	-0.000288589	-0.000236857	3.18658e-05	0.270287	0.153322	0.267611	0.1	0.00786788
-2.37373	-1.84989	-1.61027	2.49658e-05	0.000218521	-1.81503e-05	-0.000439187	0.000153503	0.00041342	0.270186	0.153149	0.267511	0.1	0.0123509
-0.924219	1.40047	-1.67256	-9.13813e-06	-0.000235739	-6.7286e-05	0.000181155	0.000293132	5.65382e-05	0.270182	0.153142	0.267507	0.1	0.0085612
-2.23955	1.47895	-0.854766	0.000504949	-9.48949e-06	-4.55643e-06	0.000246133	0.000609627	0.00150527	0.270017	0.152863	0.267344	0.1	0.010747
1.41758	-1.07912	-2.39441	-5.59404e-05	0.000203602	4.12039e-05	4.32414e-05	-0.000192485	-0.00042448	0.26995	0.152747	0.267277	0.1	0.00868652
1.55051	1.9134	-1.70315	3.07731e-05	-0.000103722	7.92808e-05	0.000141197	-0.000427344	1.35532e-05	0.269181	0.151447	0.266516	0.1	0.00699207
0.747736	1.68906	0.334437	1.36262e-05	-0.000218027	-0.000106813	-0.000451362	0.000740192	0.000132009	0.269098	0.151308	0.266434	0.1	0.00580095
0.381224	3.31803	-0.603256	-3.60417e-05	-0.000118424	0.000101134	-0.000682115	0.000118205	-0.00010389	0.268805	0.150813	0.266144	0.1	0.00593358
-0.584028	-3.08356	1.14011	3.00179e-05	0.000378916	-1.09338e-05	-6.93149e-05	-0.000122742	-4.16874e-05	0.268767	0.150749	0.266106	0.1	0.00989844
0.849665	-1.88994	-2.20132	5.95375e-05	0.000143418	-5.70507e-05	-0.000739011	-0.000701661	0.000469525	0.268522	0.150336	0.265863	0.1	0.00828815
0.669121	1.94346	2.27805	-2.24677e-05	-0.000344026	6.00198e-05	7.36538e-05	0.000494361	-0.00013457	0.268425	0.150173	0.265767	0.1	0.00718462
1.37318	-2.60024	1.9374	4.09829e-05	0.000310848	-1.45156e-05	-6.02987e-05	0.000156666	0.000520812	0.268352	0.150052	0.265695	0.1	0.0118933
-0.617223	3.84156	0.638939	-3.97175e-05	-0.000306925	-6.67888e-06	3.01862e-06	0.00041363	-0.000515247	0.268323	0.150002	0.265666	0.1	0.00814071
2.34984	-0.724367	0.840553	-8.42492e-05	0.000113504	8.69243e-05	0.000155594	-5.21205e-05	0.00026464	0.268231	0.149848	0.265575	0.1	0.00728936
-1.1847	2.27988	-1.61969	2.26287e-05	-0.000278636	-0.000160324	-0.000833762	-0.000808649	-8.08083e-05	0.26816	0.14973	0.265505	0.1	0.00660469
-2.42753	1.35696	-0.102918	1.60165e-05	-1.14535e-05	-0.000114339	-0.000330977	-9.88197e-05	-0.000418867	0.268094	0.149619	0.26544	0.1	0.00897085
0.185146	-3.88816	-0.202492	1.5627e-05	0.000324947	-1.93474e-05	-0.000135058	8.49713e-05	0.000351598	0.267672	0.148914	0.265022	0.1	0.0059319
0.0970495	0.0976349	2.02197	-2.93175e-06	5.43322e-06	8.17577e-05	-0.000110421	0.000516937	0.00045128	0.267644	0.148867	0.264994	0.1	0.00896509
0.0958444	0.243441	-1.90941	9.85934e-05	-6.94389e-05	-7.56636e-05	0.00105053	0.000131309	0.000268217	0.267399	0.148458	0.264751	0.1	0.00822675
-0.860962	0.622434	-0.921032	7.08591e-05	-7.47442e-05	-6.28528e-05	0.000751989	-0.000125296	0.000373233	0.26738	0.148428	0.264733	0.1	0.00945981
-0.622185	-0.876908	0.530084	-5.05259e-05	3.28155e-05	-7.73825e-05	0.000495616	-0.000177443	0.000419545	0.267164	0.148068	0.264519	0.1	0.00767975
1.86804	2.23166	-2.03927	-5.06029e-05	-0.000133318	-9.23266e-05	-0.00130893	0.00132954	0.000358282	0.266747	0.147375	0.264106	0.1	0.00860142
-2.17896	3.9748	1.11119	-0.000160063	-0.000160689	2.43835e-05	0.00107741	0.000762531	-0.000163963	0.266696	0.14729	0.264055	0.1	0.00678999
-0.494887	0.224489	-1.27204	1.74173e-05	-4.97728e-05	-1.05123e-05	3.31919e-05	-0.000668728	0.000673835	0.266657	0.147227	0.264017	0.1	0.00598169
-0.5084	-2.86379	0.491249	6.84439e-05	0.000346472	-1.70901e-05	-5.60722e-06	9.16623e-06	-8.66611e-05	0.266646	0.147208	0.264006	0.1	0.0148717
-0.856412	1.05531	-2.08284	2.40724e-05	-0.000118404	-0.000101583	0.000339376	0.000245856	-8.16491e-05	0.266512	0.146986	0.263873	0.1	0.00726446
-0.0227645	2.87364	1.49266	2.58531e-05	-0.000413871	-1.18077e-05	-8.13393e-05	-6.01123e-05	4.56462e-05	0.266395	0.146792	0.263757	0.1	0.00611853
2.47924	-2.58594	-0.456717	3.98082e-05	9.09136e-05	9.39e-05	0.000303416	0.000291975	-0.0004072	0.26634	0.146702	0.263703	0.1	0.0149509
-1.96935	-1.4061	0.311438	-9.69261e-05	4.129e-05	0.000139275	-0.000284107	-0.000195526	0.000601579	0.266286	0.146613	0.26365	0.1	0.0111318
-1.59457	3.79089	1.30638	-8.12974e-07	-0.000265334	-0.000123247	0.000903291	0.000194506	9.12675e-05	0.266192	0.146457	0.263556	0.1	0.00754103
-0.945869	-0.683555	-1.43635	0.000167229	8.84559e-05	-0.000156548	-0.000201934	-8.66328e-05	-1.58139e-05	0.266027	0.146186	0.263393	0.1	0.0143548
-2.05682	3.47413	2.17162	-4.17873e-05	-0.00035799	-4.04662e-05	0.000409415	-8.30775e-05	-0.000393435	0.265875	0.145936	0.263243	0.1	0.00651346
1.26777	1.61369	0.286595	6.24136e-06	-6.70722e-05	-9.15036e-05	9.66692e-05	-0.00128739	-0.000141676	0.265741	0.145715	0.26311	0.1	0.00544551
1.29443	-2.8714	-0.986658	-3.38841e-05	0.000324642	4.67495e-05	0.000275618	0.000327532	2.79972e-05	0.265638	0.145545	0.263008	0.1	0.0086869
-0.281426	0.670002	-1.43926	-3.00616e-05	-0.000155185	-7.67156e-05	-0.00078843	7.59673e-05	-0.000307715	0.265491	0.145302	0.262862	0.1	0.00621927
1.91791	-0.937904	2.36879	-1.20006e-05	0.000153574	3.78725e-05	-0.0003857	-0.000189088	-0.000446844	0.265259	0.144924	0.262633	0.1	0.0100295
1.30595	2.36971	0.942763	-2.19776e-05	-0.00027332	-2.94928e-05	-0.000331528	-9.19792e-05	-0.000242519	0.264796	0.144165	0.262174	0.1	0.00728327
0.650004	-3.7819	0.0266764	-0.000101051	0.000248369	7.44805e-05	0.000363509	-2.08088e-07	0.00046296	0.264249	0.143274	0.261633	0.1	0.00915931
-1.7931	2.09432	2.48477	-4.49738e-05	-0.000162089	5.16004e-05	0.000117713	-0.000263712	0.000285721	0.264167	0.14314	0.261551	0.1	0.0103992
-0.365685	-1.48905	1.70228	-9.66046e-05	0.000195824	-1.23195e-06	0.000453979	0.000763789	-0.000537261	0.264016	0.142895	0.261402	0.1	0.00739714
0.0441778	2.77927	0.359726	3.3345e-05	-0.000216755	-0.000103233	0.000811992	-9.93901e-05	0.000470613	0.263903	0.142711	0.26129	0.1	0.0106907
0.508115	-1.13223	0.509432	7.82935e-05	1.88099e-05	5.80133e-06	-0.000745241	-0.000191196	0.000104198	0.263737	0.142442	0.261126	0.1	0.00781059
1.37922	-3.73832	-1.80467	-1.665e-05	0.000465986	1.4676e-05	0.000246483	0.000349487	-6.45979e-05	0.263591	0.142206	0.260981	0.1	0.00914767
-0.0371449	-1.19311	-0.75464	-4.20481e-05	-1.05001e-05	8.61754e-05	-0.000374909	-0.000115699	-0.000515876	0.263502	0.142062	0.260893	0.1	0.0103715
1.40615	-2.61672	-1.91037	0.000182303	0.000405725	4.76553e-05	-0.00164182	0.000901932	0.00102251	0.263392	0.141884	0.260784	0.1	0.0083611
1.32043	-0.840778	1.71732	-1.18989e-06	0.000159517	2.18492e-05	3.97664e-05	-2.37053e-05	-0.000208891	0.263362	0.141834	0.260754	0.1	0.00641166
0.812581	-0.0431392	0.932851	-3.47235e-05	7.14679e-05	1.88974e-05	-0.000312976	-9.76886e-06	2.64309e-05	0.263318	0.141765	0.260711	0.1	0.00722935
-1.09547	3.85757	0.857849	-2.5161e-05	-0.000345955	3.8966e-05	-0.000141836	0.000163759	2.70689e-05	0.262863	0.14103	0.26026	0.1	0.00972873
-1.61439	-4.04649	-2.36766	5.16131e-05	0.000405924	-3.86842e-05	0.000228429	-7.27727e-06	0.000317237	0.262474	0.140406	0.259875	0.1	0.00987966
-0.861315	1.67059	0.861461	-6.41152e-05	-8.07586e-05	-0.000121083	0.000510192	0.000142858	-0.000428659	0.262445	0.140359	0.259847	0.1	0.0100416
2.04709	1.04741	1.237	-0.000217626	-4.7432e-05	4.04209e-05	-7.74874e-06	-0.00108887	-0.000318022	0.262382	0.140258	0.259784	0.1	0.00770682
0.454704	-2.39378	1.69311	2.41299e-05	0.00027914	-8.69556e-05	3.95753e-05	5.20868e-06	-0.000380654	0.262307	0.140138	0.25971	0.1	0.00824896
2.30453	3.31864	-0.596774	-2.56895e-05	-0.000267575	-8.59722e-05	-0.000524079	7.78324e-06	0.000180245	0.261855	0.139414	0.259262	0.1	0.00841168
-0.321926	-0.00149414	-1.71164	0.000119964	-1.51904e-05	-2.886e-05	-2.13906e-05	0.000746951	-0.000869445	0.261739	0.13923	0.259148	0.1	0.00529772
0.348473	-0.648741	0.405898	4.23822e-05	-7.25951e-05	-3.14819e-05	0.000307737	0.000502826	-6.35135e-05	0.261522	0.138883	0.258933	0.1	0.00575104
0.393723	-2.66045	-1.61485	-1.69405e-05	0.000278059	4.31276e-05	0.000108228	2.31791e-05	-0.000253942	0.261188	0.138352	0.258602	0.1	0.0101813
-0.126782	3.5813	0.485925	-5.6329e-05	-0.00042831	-4.17409e-05	-0.000114783	-0.000271732	0.000206482	0.260995	0.138045	0.258411	0.1	0.00653642
1.64315	-1.2449	1.70214	-3.12378e-05	0.000195131	4.28201e-05	0.000174652	-0.000340508	0.000241215	0.26082	0.137768	0.258238	0.1	0.00744459
0.0177699	-0.377595	-1.81061	8.4394e-05	-5.82951e-06	-3.17937e-05	-0.000196304	-0.000459829	0.000903497	0.260716	0.137603	0.258135	0.1	0.0081044
2.10857	-0.620009	1.29328	-7.64445e-05	3.21456e-05	0.000109919	5.85485e-05	0.000151195	-1.64743e-06	0.260608	0.137432	0.258028	0.1	0.00930091
1.56522	0.455194	0.563549	2.31275e-05	2.16914e-05	-3.98352e-05	0.000242136	-4.16884e-05	0.000235783	0.260419	0.137134	0.257841	0.1	0.0110199
-0.138422	2.66814	-1.334	-8.27974e-05	-0.000300491	2.88249e-06	-7.22619e-05	-0.000162819	-0.000189626	0.25964	0.135906	0.257069	0.1	0.00915809
2.43904	-1.68283	-0.441885	-2.24115e-05	0.000128686	-1.73358e-05	-0.000488834	-5.82411e-05	0.000200571	0.259308	0.135386	0.256741	0.1	0.0113726
0.78079	-2.80614	-0.894076	9.43727e-06	0.000313247	-2.74624e-05	-0.000376216	9.39072e-05	5.57151e-05	0.259076	0.135023	0.256511	0.1	0.00441252
1.29863	2.00977	-0.0469271	-7.57973e-06	-0.000204128	-0.000164898	-0.000679407	0.0010584	0.000642933	0.25907	0.135014	0.256505	0.1	0.00693757
-1.12718	-0.578918	1.33259	-9.55457e-05	2.78411e-05	1.39627e-05	-0.000265228	-9.13793e-05	0.000229002	0.258949	0.134824	0.256385	0.1	0.00858027
2.34822	1.46538	1.99604	-3.55074e-05	-9.12222e-05	0.000150238	-0.000140755	-6.59443e-06	0.000428828	0.258858	0.134682	0.256295	0.1	0.0157259
-0.287982	2.84597	-2.1359	3.57818e-05	-0.000332287	-1.96533e-05	0.000509677	-0.000300125	0.000198584	0.258625	0.134319	0.256064	0.1	0.0100951
0.36027	3.9912	2.33344	-2.30626e-05	-0.000245747	-0.000257201	0.000895284	4.53903e-05	-7.30452e-05	0.25855	0.134202	0.25599	0.1	0.00889889
0.215735	-1.73833	-0.419389	1.05757e-05	0.000257243	7.8868e-05	8.81387e-05	3.58041e-05	0.00036071	0.258498	0.134122	0.255939	0.1	0.00661892
-1.11698	3.67429	-1.00829	-3.43014e-05	-0.000301689	-2.72811e-05	-4.62922e-05	-0.000146055	-0.000145987	0.258358	0.133903	0.2558	0.1	0.00725409
-1.71009	-3.48632	0.524895	2.64584e-05	0.000360423	3.98411e-05	0.000546306	0.00126632	0.000255212	0.258082	0.133476	0.255527	0.1	0.0114937
-0.844183	-3.75505	-0.152445	1.35521e-05	0.000449236	2.9946e-05	0.000163484	-0.000179976	-0.000229747	0.257965	0.133294	0.255411	0.1	0.00783531
-1.50875	-1.80965	-2.45556	8.16008e-05	0.000225909	-5.09766e-05	2.913e-05	-4.89519e-05	-7.34499e-05	0.25795	0.133271	0.255396	0.1	0.00587407
1.1589	-0.60835	-0.606767	6.89083e-07	-4.3116e-07	-1.56334e-07	1.16997e-21	1.1953e-21	2.7322e-21	0.257891	0.13318	0.255338	0.1	0.00750256
-0.0781266	2.38878	0.712271	6.60625e-06	-0.00024427	-6.0639e-05	0.000337542	-0.000148641	6.13879e-05	0.25788	0.133161	0.255327	0.1	0.00860874
-0.397268	-1.84154	1.3032	2.43431e-05	0.000247377	2.19091e-05	-0.000254186	-0.000137156	-4.41141e-05	0.257497	0.13257	0.254948	0.1	0.00615381
-1.83831	3.44244	1.67828	7.45321e-06	-0.000329189	-0.000350575	0.000866942	0.000646884	0.000326272	0.257171	0.132066	0.254625	0.1	0.00489147
1.69398	2.36292	-0.251421	0.00028977	2.66332e-05	-6.36699e-05	8.71954e-05	0.000332	-0.000870181	0.257045	0.131872	0.2545	0.1	0.011152
0.569546	0.602004	0.304864	-1.30189e-05	-0.000242857	-0.000162593	0.000431485	-0.000327573	0.000394469	0.257002	0.131805	0.254457	0.1	0.0134703
0.0244413	-2.82135	1.75013	2.9386e-05	0.000245797	-5.19755e-05	-0.000338213	4.54968e-06	-0.000310517	0.2563	0.130728	0.253762	0.1	0.00711307
1.96273	1.21961	-0.88274	3.45359e-06	-0.000334409	-5.03259e-05	0.000595159	-0.000134439	-4.56353e-05	0.256161	0.130517	0.253625	0.1	0.00778856
1.54181	3.02364	-2.42379	-0.00017882	-0.000137916	-6.68566e-06	0.000450165	-2.00055e-05	-0.000682479	0.256037	0.130326	0.253502	0.1	0.00954015
0.353845	-0.52818	2.29989	-1.78824e-05	5.5134e-05	0.000152302	-5.42619e-06	0.00102987	0.000189059	0.255995	0.130262	0.25346	0.1	0.00669415
1.07323	2.48974	-0.497537	-9.05404e-05	-0.000393514	3.47779e-05	8.27207e-05	3.921e-05	0.000447574	0.25592	0.130148	0.253386	0.1	0.00905797
-2.14672	-0.563101	-1.25381	1.93767e-06	-2.40577e-07	1.84852e-06	9.32734e-25	-9.24748e-24	-5.35573e-25	0.255837	0.130021	0.253304	0.1	0.0137995
0.359061	1.23418	1.09425	-2.09741e-05	-0.000212613	-0.000120175	-0.000292859	0.000260547	-0.000401077	0.255747	0.129885	0.253215	0.1	0.0080929
-0.0246719	1.32007	1.90653	3.45416e-05	-0.000168292	-7.42558e-05	-0.000326592	0.000317558	0.000376658	0.255291	0.129191	0.252763	0.1	0.0067652
0.433888	-3.44923	-0.939245	-3.06757e-05	0.000390206	5.04272e-05	-0.000213134	0.000131079	-0.000140945	0.255224	0.129089	0.252697	0.1	0.00424787
-1.10915	1.49809	-2.14641	2.92439e-05	-0.000154129	-3.75815e-05	8.53287e-05	-0.000376286	-0.000231957	0.255101	0.128903	0.252575	0.1	0.00671789
-1.0235	1.13442	1.5725	-7.39608e-05	-0.000109386	-6.18478e-05	-0.000931824	0.000650178	-0.000503332	0.254823	0.128482	0.2523	0.1	0.0155956
1.58631	-2.82276	-2.34347	5.529e-05	0.000308764	6.04867e-05	0.000477404	0.000401919	0.000672162	0.254506	0.128002	0.251986	0.1	0.00731746
-0.303992	1.21026	-0.375152	-1.96038e-05	-6.48417e-05	4.27741e-05	-0.000338161	2.26624e-05	-0.000113293	0.254402	0.127845	0.251883	0.1	0.0126073
1.66195	-3.58395	-2.20676	-1.05395e-05	0.00045174	8.43726e-06	-0.000175876	6.91267e-05	-0.000197495	0.254272	0.127649	0.251754	0.1	0.00617857
-0.94595	-1.12113	1.61483	-0.000124427	0.000222672	1.41065e-05	0.000364067	0.000664344	-0.000739421	0.254252	0.127621	0.251735	0.1	0.00810643
-1.70277	0.679286	-0.175097	-2.36784e-05	-7.84531e-05	-5.62832e-05	-0.00027251	8.32286e-05	-0.000140221	0.254212	0.12756	0.251695	0.1	0.00990202
1.0361	-2.26389	-1.89639	4.9452e-05	0.000223589	4.764e-05	0.000449123	0.000262294	-0.000143078	0.254199	0.127539	0.251682	0.1	0.00667547
1.22294	1.63621	0.867324	-9.90726e-05	-0.000161237	0.000128319	0.000106792	0.00033482	0.000410462	0.254057	0.127328	0.251542	0.1	0.00613811
1.34926	3.38983	-1.95988	-0.000136342	-0.000256809	2.84704e-06	0.000145708	0.000123607	5.68226e-05	0.253567	0.126591	0.251056	0.1	0.0098362
-1.37266	-0.868146	-0.121454	-8.2961e-06	7.78282e-05	-3.21989e-05	4.61407e-05	-0.000143588	5.89242e-05	0.253456	0.126426	0.250947	0.1	0.00632494
1.0334	1.33671	1.31999	8.85414e-05	-0.000151821	2.07934e-07	-0.000240987	-0.000756825	-3.73029e-05	0.253434	0.126392	0.250925	0.1	0.00646567
-2.38224	2.80088	-2.02984	-0.000125649	-0.000194403	0.000128214	-0.000188782	0.000791646	-0.000697013	0.253312	0.12621	0.250804	0.1	0.0119143
1.23082	-0.595388	-2.48293	5.91258e-05	0.000135264	3.93427e-05	0.000395887	-5.05286e-05	-0.00040751	0.253184	0.126018	0.250677	0.1	0.0089211
0.843151	0.972072	1.60628	8.57571e-05	-9.44045e-05	-3.33689e-05	9.29936e-06	-6.77696e-05	0.000533156	0.253182	0.126015	0.250675	0.1	0.00545017
-0.607898	2.43847	1.06388	-5.22076e-07	-0.000271484	-1.97482e-05	0.000428676	0.000240114	0.000106111	0.253176	0.126006	0.250669	0.1	0.00743863
1.86996	-0.901132	0.716735	5.24052e-05	0.000221296	7.49079e-05	-6.72647e-05	9.14282e-05	1.04275e-05	0.253012	0.125762	0.250507	0.1	0.0078034
-2.14825	1.32601	-2.31379	2.43638e-05	-8.07016e-05	1.55528e-05	0.000350487	-0.00057577	-0.000374618	0.252518	0.125027	0.250018	0.1	0.00726536
0.410861	0.222298	-0.904773	-5.34134e-05	-0.000135203	6.894e-06	-0.000998995	0.00039613	-0.000473981	0.252479	0.124968	0.249979	0.1	0.00936585
2.26376	2.98836	-2.32792	-6.7403e-05	-0.000184851	0.000145305	-0.000474563	-0.000560082	-5.39388e-05	0.25247	0.124955	0.24997	0.1	0.00666012
1.25566	-1.14201	-1.11432	4.53212e-05	0.000131999	5.9924e-05	-0.000325372	0.000456996	0.000353403	0.252451	0.124927	0.249951	0.1	0.0111718
1.05214	-1.4197	-2.26144	-9.73777e-05	0.000208522	-6.93532e-05	0.000409308	-5.11017e-07	0.000268853	0.252394	0.124843	0.249895	0.1	0.0150551
-1.72915	-2.76998	-1.53103	0.000103624	0.000357571	-1.7468e-05	0.000724485	-0.000837084	-8.29237e-05	0.251969	0.124213	0.249474	0.1	0.0087153
0.74313	-3.82485	-1.06196	-1.92957e-05	0.000402604	7.40253e-05	4.46688e-05	0.000100129	-0.000277117	0.251672	0.123775	0.24918	0.1	0.00708109
0.297099	-1.67731	2.09899	0.000120345	0.000124374	4.58604e-05	0.000167638	0.000176459	-0.000600631	0.251598	0.123666	0.249107	0.1	0.0101909
-1.37626	-1.65301	1.62625	4.68955e-05	0.000300933	-4.97046e-05	-0.000198361	-4.99155e-06	9.67811e-05	0.251461	0.123464	0.248971	0.1	0.00652813
0.151068	-2.87531	2.23645	5.88453e-06	0.000109173	-3.79568e-05	-0.000134534	-1.1772e-05	-0.000725224	0.251337	0.123281	0.248849	0.1	0.00983482
-1.98882	-1.17933	0.842071	-1.65242e-05	0.000104541	5.76966e-05	0.000257463	-9.3286e-05	-0.000141345	0.251292	0.123215	0.248804	0.1	0.00790692
1.99816	-3.95014	-2.15468	-9.0737e-06	0.000483735	-2.77598e-05	0.000118833	7.16896e-06	0.000226015	0.251252	0.123155	0.248764	0.1	0.00703484
0.329371	-1.00475	-1.05575	-1.46041e-05	9.84168e-06	8.35666e-06	4.52422e-05	3.23302e-06	7.08188e-05	0.251159	0.123019	0.248672	0.1	0.0103591
0.450936	-3.84718	-0.637828	-1.95312e-05	0.000404651	7.77714e-06	0.00025966	-4.68998e-05	7.95633e-05	0.250885	0.122618	0.248401	0.1	0.00564349
-1.08012	-1.03851	-2.35152	7.69915e-05	0.000162965	-4.81094e-05	0.000236374	-0.00029282	0.000355026	0.250767	0.122444	0.248284	0.1	0.011021
1.97616	-3.06241	-2.14356	0.000106525	0.000304867	-0.000103399	0.000421425	-0.000259288	-0.000189115	0.250701	0.122347	0.248219	0.1	0.00716098
0.901733	-1.48853	-1.0621	5.93155e-05	0.000121535	0.00011307	0.000564498	6.75083e-05	-0.00032962	0.250676	0.122311	0.248194	0.1	0.0106914
1.7786	3.62822	-2.05853	-6.25696e-05	-0.000284817	-4.42794e-05	0.000411025	-0.00052498	-0.000732067	0.250667	0.122297	0.248185	0.1	0.00575895
0.220785	-3.87907	-1.07946	-6.0483e-05	0.000438477	2.6875e-05	0.000232902	-0.0004929	-0.000190209	0.250642	0.12226	0.24816	0.1	0.00528754
-1.46107	-0.725345	-2.38401	3.20981e-05	5.96907e-05	-0.000105039	0.000285591	-0.000323579	0.000206234	0.250299	0.12176	0.247821	0.1	0.00830767
0.560893	-1.3771	-0.357356	0.000129534	0.000166907	-3.5311e-05	-5.62368e-05	0.00067373	-0.000919209	0.25018	0.121585	0.247703	0.1	0.00972691
-0.291165	-2.70496	2.38413	6.11005e-05	0.000229869	-7.73722e-06	0.000383744	6.84597e-05	0.000122568	0.250152	0.121546	0.247675	0.1	0.00725396
-2.4874	-3.14495	-1.95503	3.64399e-05	0.000301286	2.39026e-05	2.41023e-05	7.11541e-05	-0.000257212	0.250067	0.121421	0.247591	0.1	0.0064953
-0.0409663	1.63632	2.2979	2.46595e-05	-8.70201e-05	-6.51825e-05	-0.000214462	-0.000117446	0.000278309	0.250057	0.121407	0.247581	0.1	0.00845266
-2.20527	1.01238	-1.0684	8.82983e-05	-5.97077e-05	2.45834e-05	1.11451e-05	0.000285778	-0.000619716	0.249982	0.121297	0.247507	0.1	0.00580768
-1.70801	-0.243397	-1.22462	2.6134e-05	-1.03054e-05	-6.43396e-05	-0.000179246	-0.000294424	-2.63679e-05	0.249805	0.121041	0.247332	0.1	0.0106458
-1.30972	0.909922	-2.26007	3.80838e-05	-5.81681e-05	-2.17648e-05	-0.000190274	-6.51988e-05	-6.93594e-05	0.249501	0.120599	0.247031	0.1	0.00962094
1.18451	-3.82542	0.0882866	7.65553e-05	0.000230108	9.12875e-05	0.000550845	3.35895e-05	-0.000441665	0.249491	0.120585	0.247021	0.1	0.00898399
0.961362	2.04499	0.756826	-8.27337e-05	-0.000213936	1.21167e-05	-0.000603663	-0.000553267	-0.000374258	0.249466	0.120547	0.246996	0.1	0.00704275
0.0255846	0.268053	-1.37704	2.01797e-05	-9.75443e-05	2.7296e-05	9.31043e-05	0.000144136	0.000437942	0.249265	0.120257	0.246797	0.1	0.007534
0.743695	-1.09227	-1.31281	3.28958e-05	7.69432e-05	5.28546e-05	-0.000852965	-9.77912e-05	0.000465301	0.24919	0.120149	0.246723	0.1	0.0124877
0.618643	-0.613661	-0.962999	1.74766e-07	1.70619e-06	1.15258e-06	-2.11192e-06	3.2553e-06	-7.1236e-06	0.249006	0.119884	0.246541	0.1	0.0146198
-1.43052	2.34903	-0.964478	-3.17332e-05	-0.000182231	1.95874e-05	-0.000169023	0.000348725	0.000704583	0.248917	0.119754	0.246452	0.1	0.0110217
2.18765	0.642753	1.95232	9.30147e-05	-8.80235e-06	-4.1016e-05	5.01194e-07	0.000176627	0.000191469	0.24891	0.119744	0.246446	0.1	0.0106831
1.83628	0.104227	1.37866	-0.000216034	-0.000323945	-9.93864e-05	0.000380398	-0.000706572	0.00164129	0.248903	0.119734	0.246439	0.1	0.00829328
-1.26304	-0.0670031	-2.42568	4.75808e-05	3.41743e-05	-2.8357e-05	6.01096e-05	-0.000192673	0.000471214	0.248902	0.119733	0.246438	0.1	0.00785526
-1.59109	3.00738	1.67463	9.57239e-05	-0.000285019	-7.57329e-05	-0.000999761	-0.000618419	0.000158786	0.248378	0.118978	0.245919	0.1	0.00842347
1.4967	1.15539	1.31492	0.000102169	-7.39675e-05	-1.0093e-06	0.000151872	-1.27455e-05	0.000287759	0.248178	0.11869	0.245721	0.1	0.00602679
-0.335284	0.493765	-2.00944	7.00202e-05	-0.000211841	-7.09672e-05	-0.000918552	-0.000254251	0.000160258	0.24787	0.118249	0.245416	0.1	0.0072769
-1.28899	-0.24347	2.11636	-1.2262e-05	7.43092e-05	-2.91106e-05	0.000414656	9.03522e-05	-0.000384466	0.247827	0.118187	0.245373	0.1	0.00728827
-1.61349	-1.28493	1.40276	-1.89355e-05	0.000171788	-6.89802e-05	-5.48917e-05	0.000368991	0.000231633	0.247767	0.118102	0.245314	0.1	0.00808388
-1.68682	-3.55821	1.25551	-1.8142e-05	0.000453652	0.000142568	0.000817797	0.000395526	0.000126444	0.247735	0.118056	0.245282	0.1	0.00894032
1.03881	-3.44937	1.15378	-3.10753e-09	-1.07041e-07	-4.20285e-09	-1.05874e-26	-1.81317e-26	4.68039e-27	0.247707	0.118015	0.245254	0.1	0.00995504
-0.0474101	3.80433	0.981736	9.24417e-06	-0.00038952	-5.41799e-05	3.17296e-05	-4.86847e-05	-0.000121039	0.247608	0.117873	0.245156	0.1	0.00816513
-1.68727	3.33262	0.978539	4.46142e-05	-9.10379e-05	-0.000148862	0.000167444	-0.000369818	0.000201709	0.247575	0.117828	0.245124	0.1	0.00791242
1.47359	0.805583	-0.874562	2.84879e-05	-0.000257118	3.84838e-05	0.000448398	2.66874e-05	-0.000104631	0.247232	0.117337	0.244784	0.1	0.0093507
0.124983	-3.46654	-1.32797	-4.03739e-05	0.000418114	5.89341e-05	-0.000155768	9.62471e-05	0.000374604	0.247018	0.117033	0.244572	0.1	0.00739373
0.248973	2.11301	-1.35908	-7.49405e-05	-0.000283645	3.06794e-05	4.11235e-05	-0.000442102	-0.000220763	0.246945	0.11693	0.2445	0.1	0.00771237
-1.91816	3.36832	-1.15115	-3.39563e-06	-0.000378086	5.44713e-05	9.83215e-05	0.000127708	-0.000491236	0.246862	0.116812	0.244418	0.1	0.0102958
-0.170272	0.513821	2.25989	5.46427e-06	-2.27167e-05	-2.46761e-05	-6.93399e-05	-3.53853e-05	3.49291e-05	0.24683	0.116767	0.244386	0.1	0.00783193
-0.793123	-1.55696	1.44108	-9.04264e-05	0.000303033	8.43938e-06	-0.00017737	-0.0011069	0.00062518	0.246791	0.116712	0.244348	0.1	0.00677993
0.24711	3.45779	0.805934	-2.6076e-05	-0.000417817	2.58964e-05	-2.52491e-05	-0.000327751	-5.20458e-05	0.246746	0.116648	0.244303	0.1	0.00582953
-0.261744	4.03951	0.333439	-5.08399e-05	-0.000444579	-5.94537e-05	8.06609e-05	6.21654e-05	-0.000173197	0.246741	0.11664	0.244298	0.1	0.00735209
-0.147567	1.43925	-0.786407	-2.19596e-05	-0.000249349	-6.96279e-05	0.00117013	0.000120704	0.000506654	0.246625	0.116476	0.244183	0.1	0.0067092
1.34854	3.71271	0.813016	-0.000123189	-0.000436932	7.64051e-05	2.69557e-05	-5.7107e-05	-0.000275353	0.246618	0.116465	0.244176	0.1	0.0091255
-0.352514	0.331791	0.145219	1.79026e-05	-5.65668e-05	-9.72034e-05	0.000203228	-0.000462366	0.000115176	0.246595	0.116433	0.244153	0.1	0.00641217
1.71896	2.74768	-0.566694	0.000236351	-6.35733e-05	-0.000196095	-0.000771268	-1.81815e-05	0.000900201	0.246366	0.11611	0.243927	0.1	0.011115
-0.834922	-1.38874	-0.0273571	5.69768e-06	-4.23481e-06	-1.85961e-05	-1.27333e-05	-8.99537e-05	1.73382e-05	0.246308	0.116027	0.243869	0.1	0.00978872
0.0641902	1.13807	0.103473	2.34755e-05	-0.000160127	-0.000107186	0.000345101	0.000146916	-0.000152757	0.246304	0.116021	0.243865	0.1	0.0130649
-1.22826	-1.0519	1.21437	-2.72589e-06	8.64887e-05	-7.05451e-05	0.000473037	-0.000422972	4.67053e-05	0.24629	0.116001	0.243851	0.1	0.00630907
-1.08358	2.03577	1.20994	1.74806e-06	-0.000205636	3.65055e-05	2.3872e-05	0.000693433	-0.000251811	0.246171	0.115834	0.243734	0.1	0.00849043
0.636845	3.79321	-0.600324	-1.65196e-05	-0.000375466	1.95637e-05	-0.000310853	0.000142409	1.38409e-05	0.246104	0.115739	0.243667	0.1	0.0047493
0.679505	-3.29594	0.856298	4.87151e-07	3.78399e-07	-3.16855e-07	-7.45428e-24	1.18316e-23	7.19336e-24	0.245924	0.115485	0.243489	0.1	0.00996573
-2.3045	0.848904	2.29455	0.000106406	4.54026e-05	0.000101353	-0.000173412	-0.000245295	-6.63827e-05	0.245818	0.115336	0.243384	0.1	0.00968821
1.35111	0.608526	-1.323	-3.1569e-06	-4.88061e-05	3.38818e-05	0.000143846	-0.000134329	-0.000182517	0.24563	0.115072	0.243198	0.1	0.0099938
-0.618354	0.456716	-2.40438	0.000122241	-0.000128336	-8.16076e-05	0.000691917	7.01189e-06	-0.000960973	0.245492	0.114877	0.243061	0.1	0.00958472
2.17009	2.40548	1.43552	3.40601e-07	-2.94124e-06	3.8592e-06	-2.31128e-05	1.19623e-07	2.32655e-06	0.245444	0.114812	0.243014	0.1	0.0106869
2.48551	-3.19182	0.332782	-5.51301e-05	0.000251199	-2.01707e-05	9.15328e-05	-6.07222e-06	-6.85289e-05	0.245374	0.114714	0.242945	0.1	0.011389
-0.725569	-0.243622	-1.54037	0.000123617	5.67251e-05	-1.44009e-05	0.000317757	-0.000467404	0.000381571	0.245244	0.114531	0.242816	0.1	0.00554287
0.761418	-3.50403	2.2425	-1.22454e-05	0.000219133	3.62063e-05	-0.000287706	0.000957759	0.000126411	0.245189	0.114453	0.242761	0.1	0.00638828
1.44181	3.37658	0.427305	-4.42754e-05	-0.000375801	1.53662e-05	0.000123806	3.62858e-05	-0.000249574	0.244966	0.114142	0.242541	0.1	0.0120241
-0.408692	0.84294	-0.960668	2.98879e-05	-9.08706e-05	1.25226e-05	-0.00043382	2.12128e-07	-0.000240888	0.244953	0.114123	0.242528	0.1	0.00537762
-1.96697	-0.97477	0.0469514	-1.93042e-05	-8.1009e-05	-6.48599e-05	4.21124e-05	-0.000356182	1.24946e-05	0.244934	0.114096	0.242509	0.1	0.00865511
0.20646	-1.01548	1.63745	6.14648e-05	9.21796e-05	-2.97872e-05	0.000161999	0.000291083	0.000351713	0.244844	0.113972	0.24242	0.1	0.00709233
-0.730346	-2.74818	-1.99272	2.6491e-06	0.000149548	0.000101174	0.000661545	3.95181e-05	-6.65862e-05	0.244741	0.113827	0.242318	0.1	0.01129
-0.211982	2.72949	1.04769	9.75887e-06	-0.000342862	1.25943e-05	0.000215067	8.2894e-05	-0.000274248	0.244734	0.113818	0.242311	0.1	0.00622057
2.45252	-2.12445	1.15216	5.76578e-05	5.07192e-05	-4.43827e-06	8.8465e-05	-7.75305e-05	0.000211711	0.244542	0.11355	0.242121	0.1	0.00991427
0.137804	-1.4968	1.6708	-3.78654e-06	4.22091e-05	7.01634e-05	0.000380258	-4.09455e-06	1.187e-05	0.244486	0.113471	0.242065	0.1	0.00683308
0.872973	-2.52411	-1.29459	2.01734e-05	0.000153363	-0.000137233	-0.000395795	-9.48228e-05	-0.000145181	0.244454	0.113428	0.242034	0.1	0.00734572
0.688201	2.68248	-0.248525	9.66102e-06	-1.20637e-05	-2.14483e-05	0.000112717	3.23422e-05	3.33123e-05	0.2444	0.113351	0.24198	0.1	0.00670192
1.25283	2.74609	2.28561	-0.000178023	-0.000202943	6.18362e-05	-0.00126614	-0.000306333	0.000369405	0.244162	0.113022	0.241745	0.1	0.0112168
-2.34524	-0.987518	0.348029	-2.10482e-05	6.21433e-05	-8.29497e-05	-0.000338993	0.000298336	-0.00042702	0.24414	0.112991	0.241723	0.1	0.00775465
-0.0946651	-3.94165	-2.14751	-3.01624e-05	0.000343806	1.12292e-05	0.000213734	-0.000217306	-0.00016341	0.244103	0.112939	0.241686	0.1	0.00836423
0.345027	-2.97986	-1.06146	-2.99819e-05	0.000350848	3.31696e-05	2.56524e-06	0.000216178	0.000123508	0.244062	0.112883	0.241646	0.1	0.00696732
-0.33673	1.23641	-1.22937	1.93455e-05	-0.000223137	-0.000101301	-0.000249065	0.000463835	-1.61536e-05	0.243921	0.112687	0.241506	0.1	0.00436196
-1.38518	3.05038	0.031308	-5.44868e-06	-0.000279336	1.15026e-05	-0.000207089	6.15984e-05	0.00010627	0.243692	0.112369	0.241279	0.1	0.0083254
0.911429	1.66423	1.93149	-3.60065e-05	-0.00023806	-3.90008e-05	0.000451747	-0.000332747	0.00030395	0.24367	0.112339	0.241257	0.1	0.00956217
-1.42077	-1.2823	-0.377743	7.60565e-05	0.000107936	-9.49801e-06	-0.000154635	-8.40967e-05	3.2635e-05	0.243648	0.11231	0.241236	0.1	0.00968239
-2.05457	2.18332	-0.95701	2.37876e-05	-0.000267327	0.00010441	-0.000301026	0.000404987	0.000160585	0.243387	0.111948	0.240977	0.1	0.00718833
-2.29807	0.975419	-0.590533	6.65219e-06	-3.07892e-06	1.89052e-05	-3.90449e-06	-0.000105029	-1.23574e-05	0.243111	0.111568	0.240704	0.1	0.00865992
-2.35353	-2.61441	1.20399	7.83757e-05	0.000309436	-5.10136e-06	0.0005336	-8.14149e-05	-8.14359e-05	0.242966	0.111368	0.24056	0.1	0.00949294
0.758712	1.49132	0.799426	-4.79834e-05	-0.000151286	-9.46716e-05	0.000168822	-0.000472151	-0.00155101	0.242842	0.111198	0.240438	0.1	0.00459627
-1.64649	3.96914	-1.06375	6.09601e-05	-0.000338915	2.64235e-05	3.61547e-05	0.000427243	0.000720142	0.242774	0.111104	0.24037	0.1	0.00979259
1.50969	-0.689942	-2.08258	6.18144e-05	3.83176e-05	0.000209111	0.000752693	-0.000257192	-0.000553372	0.242496	0.110724	0.240095	0.1	0.0125296
1.77841	-1.24663	1.21062	-1.2124e-05	0.000203275	-7.80584e-06	-9.77683e-05	-2.27979e-05	0.000255251	0.242131	0.110225	0.239734	0.1	0.00822725
1.11369	-0.429975	2.06546	3.15475e-07	5.48505e-07	-1.10892e-07	5.01975e-25	2.95359e-24	6.5389e-25	0.241931	0.109952	0.239536	0.1	0.00918443
-0.887856	-3.96629	-0.905638	-0.000175723	0.000354951	-8.07891e-05	-0.000464325	0.000141255	0.000693171	0.24193	0.10995	0.239535	0.1	0.00783127
-2.15959	0.83293	-0.0794737	2.10367e-07	-1.78921e-07	-4.78203e-08	-7.15381e-26	7.8219e-25	-5.26797e-24	0.241739	0.109691	0.239346	0.1	0.0117776
-1.21472	-0.725631	-1.86356	-1.62962e-07	-1.32621e-07	-2.59218e-07	3.52789e-25	-3.87374e-24	1.18343e-25	0.241738	0.109688	0.239345	0.1	0.0135928
-1.88011	-3.78931	0.876282	1.38829e-05	0.000502108	0.000105762	-0.000958868	-0.000995131	-0.000886268	0.241731	0.109679	0.239338	0.1	0.00886407
-1.11101	-1.81306	-0.0878561	6.58354e-07	-2.60467e-08	1.69847e-07	8.46085e-25	-1.74091e-24	-2.94795e-24	0.241723	0.109668	0.23933	0.1	0.00932353
-1.54747	-2.74838	-0.579245	-0.000312345	0.000403304	8.0543e-05	0.000268466	-0.000426217	0.000227432	0.241715	0.109657	0.239322	0.1	0.00835427
-1.40035	3.33165	1.36858	1.0656e-06	-0.000265786	-0.000118668	-0.000862173	-0.000609056	-5.21409e-05	0.241502	0.109368	0.239111	0.1	0.00648353
-1.24189	-2.22192	0.70709	-2.04817e-05	0.000147555	9.08721e-05	0.000812879	6.18611e-05	9.31072e-05	0.241393	0.109219	0.239003	0.1	0.0065343
-1.90693	-3.0229	-0.795661	4.55794e-05	0.000370187	-1.07538e-05	0.000292036	0.000101047	0.000292307	0.241283	0.10907	0.238894	0.1	0.00833903
2.33497	1.1537	-1.61623	5.1227e-06	-2.5773e-05	-3.56619e-05	0.000205602	5.83337e-05	-1.89056e-05	0.241125	0.108856	0.238738	0.1	0.00642418
0.834696	2.16828	0.00848901	4.51096e-06	-0.000304685	-2.78172e-05	-0.000185957	-0.000268485	-0.000415125	0.241121	0.108851	0.238734	0.1	0.00553038
2.40912	2.99262	1.89274	-2.84366e-05	-0.000244344	-0.000103906	0.000905045	-0.000614593	-0.000329378	0.241078	0.108793	0.238691	0.1	0.0065474
1.08695	1.2628	-2.05158	1.18515e-05	-0.000126474	2.92817e-05	-0.000349489	-0.000108974	-0.000284502	0.241066	0.108776	0.238679	0.1	0.00632457
-2.21121	2.1893	0.936178	-6.98104e-06	-0.0002175	-3.51709e-06	0.000126293	-0.000153745	7.22493e-05	0.241027	0.108724	0.238641	0.1	0.0089274
-2.36354	1.43447	-1.88986	2.39662e-05	-0.000125193	-1.46274e-06	0.00037084	0.000235618	-0.000645386	0.24097	0.108646	0.238584	0.1	0.00408061
2.02198	1.31492	1.65605	5.88668e-05	-1.59657e-05	2.40884e-05	0.000463409	0.000207017	3.63858e-05	0.240966	0.108641	0.23858	0.1	0.00818379
1.18797	-0.160337	-1.98668	0.000175286	-6.01262e-05	3.2239e-05	-0.000265965	0.000437898	0.0003551	0.24074	0.108335	0.238356	0.1	0.00558138
0.546704	2.67882	0.210194	3.91656e-05	-0.000341622	-1.28932e-05	0.000303697	-0.000188538	-0.00043985	0.240483	0.107989	0.238102	0.1	0.00447414
-2.05407	3.50647	1.24054	-8.92436e-05	-0.000206265	-0.000268996	-6.13762e-05	-0.000297319	0.000365515	0.240458	0.107956	0.238077	0.1	0.00644342
2.49676	-0.470658	2.03009	4.12359e-05	0.000228658	8.93366e-05	-3.06711e-06	-4.46108e-05	0.000139474	0.240401	0.107879	0.238021	0.1	0.00832513
0.462582	0.297461	1.20527	0.000101158	-0.000121457	-3.77968e-05	0.000454871	0.000280013	0.000306186	0.240234	0.107654	0.237855	0.1	0.00716444
-1.84682	1.98735	-0.573272	8.63181e-07	-0.000345412	8.14271e-05	-5.56277e-05	-0.000111434	-0.000217968	0.240234	0.107654	0.237855	0.1	0.0111928
2.15199	1.79218	-0.628087	0.000309495	-0.000390332	-0.000418734	0.00170669	0.000890028	0.000963148	0.240084	0.107453	0.237707	0.1	0.00847836
0.427216	1.22359	1.58209	7.76771e-05	-0.000244793	-0.000113254	-0.00050734	5.65699e-06	-2.50801e-05	0.239985	0.107319	0.237609	0.1	0.00606773
0.249486	0.691917	0.911087	4.4726e-05	-0.000109218	-5.02429e-05	0.000518282	0.000719525	-0.000186169	0.239931	0.107246	0.237555	0.1	0.00596844
2.03732	2.8774	1.50282	3.64323e-05	-3.36248e-05	1.83726e-05	-0.000133701	-3.38278e-05	0.000210463	0.239786	0.107053	0.237412	0.1	0.009524
-0.847301	-0.880652	0.977636	1.58968e-05	1.74048e-06	-6.05343e-05	-0.000362899	0.000454683	-0.000516742	0.239696	0.106933	0.237323	0.1	0.00578011
0.248761	-1.56346	-0.924836	-5.43918e-05	5.95212e-05	2.66764e-05	0.000887097	0.000162077	0.000579208	0.239588	0.106787	0.237216	0.1	0.00974862
-0.295376	-3.46392	2.27855	1.83975e-08	1.25786e-07	1.29595e-08	1.53794e-24	-1.0794e-25	3.10337e-25	0.239483	0.106648	0.237112	0.1	0.0098396
-1.84099	-2.90129	0.227477	-1.82104e-05	0.000267587	5.68781e-05	0.000433883	-3.9078e-05	0.000462235	0.239239	0.106322	0.23687	0.1	0.0100013
1.27647	3.8545	0.334536	-0.000107766	-0.000321187	-0.000103034	0.000904242	-0.000122173	-0.000601771	0.239237	0.106319	0.236868	0.1	0.00810287
-2.24072	-1.27083	-0.348076	8.19589e-05	0.000248685	0.000107685	-0.00031762	-0.000715361	0.000222108	0.239205	0.106277	0.236837	0.1	0.0111734
-2.37838	-0.650592	1.2564	-5.0178e-05	0.000152943	3.99902e-05	-0.000385169	-8.98392e-05	1.13462e-05	0.239191	0.106258	0.236823	0.1	0.00771472
-2.48651	-0.800331	2.41112	-1.49499e-05	0.000221937	6.70105e-05	1.47491e-05	-0.000157033	0.000340768	0.238965	0.105957	0.236599	0.1	0.0112166
-1.66588	-3.54675	0.039156	-0.000129503	0.000576791	2.7231e-05	0.000214079	-0.000582631	0.00112509	0.238904	0.105876	0.236539	0.1	0.00919759
-0.687	-1.91567	-1.36975	1.92545e-05	0.000297622	-4.38151e-05	-0.000334786	0.00013782	0.000314224	0.238867	0.105826	0.236502	0.1	0.00811483
-1.28886	-0.557208	0.240845	-6.12065e-05	1.10702e-05	-2.95648e-05	0.000138891	6.34333e-05	0.00033385	0.238847	0.105799	0.236482	0.1	0.00449674
-0.784667	-3.61653	2.16228	1.27497e-07	0.000377043	-3.65185e-06	0.000119082	3.42004e-05	-0.000294892	0.23868	0.105579	0.236317	0.1	0.00723429
0.338108	-1.94248	1.51117	7.32581e-05	8.99944e-05	-5.41877e-05	-0.000374138	6.11496e-06	-0.000482648	0.238578	0.105443	0.236216	0.1	0.00724924
-1.38964	1.00744	1.27832	-7.57654e-05	-0.000125598	3.84598e-05	0.000315341	-0.00069167	-3.14099e-06	0.238575	0.105439	0.236213	0.1	0.00866969
-2.18712	-2.89631	-1.62998	0.000100209	0.000360081	-7.00008e-05	-0.00022832	0.000744845	4.45175e-05	0.238558	0.105416	0.236196	0.1	0.00666719
0.262782	1.86041	1.99543	-1.02742e-05	-2.72814e-05	-5.90685e-05	0.00025954	1.262e-05	-8.10291e-06	0.238531	0.105381	0.236169	0.1	0.00727872
0.0980167	-0.135362	-2.2351	8.81568e-05	-7.83429e-05	3.25164e-06	-0.00151119	0.000340025	0.000125483	0.238467	0.105296	0.236106	0.1	0.00719363
-0.704482	3.98617	0.158723	-4.50295e-05	-0.000388658	-1.81885e-05	0.000126177	1.9622e-05	5.02763e-05	0.238429	0.105245	0.236068	0.1	0.00544893
-0.850378	-2.78572	-0.637041	-7.64746e-07	3.34513e-07	1.85547e-06	1.23924e-23	8.87712e-25	1.05689e-23	0.238392	0.105197	0.236032	0.1	0.0121053
2.18759	-2.52051	1.11784	-1.09427e-06	0.000107646	-2.13559e-05	-7.51299e-05	-0.000100058	-0.00032533	0.238069	0.10477	0.235712	0.1	0.00979265
0.17749	-2.07332	-0.776538	6.60688e-05	0.000295015	3.37898e-05	0.000135398	-0.000330789	-0.000347023	0.2379	0.104547	0.235545	0.1	0.00579612
-0.0895346	-0.52803	0.20581	-3.79368e-05	0.000201754	3.54552e-05	0.00053988	-1.72449e-06	0.000225637	0.237677	0.104254	0.235324	0.1	0.00492693
0.802111	-0.581703	0.589398	-3.41306e-05	8.54912e-05	2.53581e-05	0.000178874	-0.000505181	0.000165908	0.237634	0.104196	0.235281	0.1	0.00701518
1.70896	0.255537	2.24883	4.77064e-05	1.04046e-05	5.32444e-05	-0.000325475	0.000173952	-7.68351e-06	0.237512	0.104035	0.23516	0.1	0.0118465
-2.33263	3.25532	-2.3196	3.48903e-05	-0.000309344	-2.55391e-05	-0.000712095	0.000686985	-0.000813773	0.237463	0.103972	0.235112	0.1	0.00597706
0.0787314	2.39237	1.41491	4.42713e-05	-0.000393728	-4.7231e-05	0.000224883	-1.09442e-05	-0.000153801	0.237431	0.103929	0.23508	0.1	0.007344
0.353193	-1.93007	-2.25234	7.56699e-05	5.5779e-05	-0.000122923	5.22709e-05	0.000448656	-0.000237745	0.237431	0.103929	0.23508	0.1	0.0132966
1.66091	-0.244062	-2.0212	0.000135857	1.72432e-05	0.000163843	-0.000967166	0.000326947	0.000237493	0.237278	0.103729	0.234929	0.1	0.0107652
-2.47492	1.49323	0.38082	6.30685e-07	-0.000121217	0.000113261	-0.000459267	-0.000237715	-8.27187e-06	0.237254	0.103697	0.234905	0.1	0.007438
0.574913	-2.34036	-0.912126	4.48769e-05	0.000122726	-7.69201e-05	-0.000648624	3.55497e-05	-0.000327508	0.237202	0.103628	0.234853	0.1	0.00667243
-1.61905	-1.45353	2.22853	0.000112531	0.000208914	-5.7794e-05	-0.000170147	-0.000127547	-5.15096e-05	0.237135	0.103541	0.234787	0.1	0.00825103
0.961364	2.4185	2.47146	-9.24393e-05	-0.000234028	0.000116144	0.000164666	-0.000544936	0.000600939	0.237122	0.103524	0.234774	0.1	0.00771651
-0.905342	3.96282	-0.461174	-3.41512e-05	-0.000302344	-1.62491e-05	3.47611e-05	9.28032e-05	-0.000243427	0.236892	0.103224	0.234547	0.1	0.00743127
0.10843	0.472336	-2.3529	1.26124e-05	5.03177e-05	-2.13431e-05	-0.000280115	7.83934e-05	-3.35058e-06	0.236865	0.103189	0.23452	0.1	0.00949875
-1.38755	1.943	-0.712078	7.05077e-05	-0.00015295	-5.36922e-05	0.000335414	-0.000454898	-3.20342e-05	0.236787	0.103086	0.234443	0.1	0.00592533
1.05035	-0.651432	-0.0510712	1.27551e-05	8.32011e-05	4.05787e-05	-0.00016184	0.000232614	0.000540231	0.236379	0.102554	0.234039	0.1	0.00591841
1.69378	-1.30195	-1.24332	7.80799e-05	0.0002022	6.47853e-05	-0.000106479	-0.000333145	7.34002e-05	0.23636	0.10253	0.23402	0.1	0.0110066
2.35995	-2.09782	-0.692056	-6.72954e-05	0.000119048	5.55951e-05	0.000408153	-3.54337e-05	0.000592092	0.236341	0.102504	0.234001	0.1	0.017515
-0.628737	1.24976	-0.854748	4.93919e-05	-0.000115647	-6.18799e-05	0.000102981	0.000293749	0.000354215	0.236281	0.102428	0.233942	0.1	0.00579976
0.854883	1.05305	0.949827	-0.000109106	-0.000152524	-7.75926e-05	-0.000112796	-0.000331922	0.00160525	0.236277	0.102422	0.233938	0.1	0.00541682
0.782296	-0.784959	1.00907	-3.91729e-05	0.000121918	-8.93209e-06	-0.000205394	0.000193925	0.000171653	0.236117	0.102213	0.233779	0.1	0.00571793
-1.27267	1.96957	-1.241	1.26309e-05	-0.000158369	-7.91424e-05	0.000267395	0.000579452	0.000399889	0.236076	0.102161	0.233739	0.1	0.00597207
-1.74855	-0.568884	-0.0697306	-7.8459e-05	-5.04263e-05	-8.45164e-06	0.000112974	0.000245423	0.000228127	0.235915	0.101951	0.233579	0.1	0.00472752
-1.06814	0.50259	1.22048	2.39544e-07	-4.57431e-07	6.82902e-07	-4.2062e-24	-1.08714e-23	-1.19753e-24	0.235774	0.10177	0.23344	0.1	0.0120506
1.45109	-0.796754	-0.236902	-9.77408e-06	0.000205473	4.66506e-05	0.000478818	-0.000413967	-0.00029521	0.235702	0.101675	0.233368	0.1	0.00405222
1.77265	-3.55591	1.40744	-5.75136e-05	0.000345142	-5.7923e-06	-0.000838969	-0.000866991	0.000220918	0.235632	0.101585	0.233299	0.1	0.00676527
0.523182	0.957329	0.635431	-7.48625e-07	-0.000213597	-0.000194267	-0.000651765	0.000318923	-0.000491608	0.235543	0.10147	0.233211	0.1	0.00735195
-2.31807	3.37661	1.73151	9.30808e-06	-0.000206372	-5.57382e-05	0.000308584	5.02072e-05	0.000513797	0.235542	0.101468	0.23321	0.1	0.00503116
1.85184	3.37169	-0.778143	-3.39545e-05	-0.000326386	-5.91619e-05	-0.000205098	0.000101449	-0.000140547	0.235326	0.10119	0.232996	0.1	0.00647353
-2.08673	1.37936	-1.35076	9.53567e-05	-0.000133559	2.43913e-05	9.67235e-05	0.000321942	0.000266224	0.235264	0.101109	0.232935	0.1	0.00472534
-0.158513	1.89392	-0.643552	2.7934e-05	-0.000340818	3.0129e-05	-0.000622728	5.68079e-05	-0.000575508	0.235177	0.100998	0.232849	0.1	0.00702838
-1.99332	-3.89629	-2.09108	6.32778e-05	0.000373084	-4.57114e-06	-0.000613982	0.00021827	-0.000625291	0.235106	0.100905	0.232778	0.1	0.0078614
1.37384	1.05398	-0.442383	-4.24272e-05	-0.000172739	5.51988e-05	0.000238739	-0.000610153	0.00065028	0.23501	0.100782	0.232683	0.1	0.00465422
1.61166	-1.55501	0.845278	2.7236e-05	0.000211975	6.54085e-05	0.000223202	1.47176e-05	0.000115228	0.234827	0.100547	0.232502	0.1	0.0058797
0.152232	1.67336	-1.09583	-1.49119e-05	-0.000244985	-0.000132078	0.000737187	0.000258361	-0.0004995	0.234781	0.100487	0.232456	0.1	0.00702659
2.28078	-1.20744	-2.43021	1.94999e-05	0.000163698	-1.98801e-05	0.000193552	0.000821678	-0.000664019	0.234742	0.100438	0.232418	0.1	0.00519703
0.0557732	2.96514	-0.468976	-7.60491e-05	-8.24392e-05	9.67906e-05	0.000506877	-0.000477866	8.38469e-06	0.234729	0.100422	0.232405	0.1	0.011295
0.854419	-0.935006	-0.391694	7.69382e-05	9.48268e-05	6.2389e-05	0.00010043	-0.000158125	0.000605876	0.234723	0.100413	0.232399	0.1	0.00743309
-0.730966	2.64892	1.48402	-3.48028e-05	-0.000314905	2.55857e-05	-0.000510732	5.9186e-05	-9.04372e-05	0.234716	0.100404	0.232392	0.1	0.00809663
-0.453428	-3.82841	-1.43404	-0.000169326	0.000234901	-4.47576e-05	-7.00119e-06	0.000174975	0.00101935	0.234391	0.0999882	0.23207	0.1	0.0129891
-0.407792	-1.15359	0.990704	-0.000101522	1.79294e-05	-9.87002e-05	-3.73947e-05	0.000123079	0.000191864	0.234228	0.0997805	0.231909	0.1	0.0111614
-1.01525	1.88637	-1.87632	4.79943e-06	-0.000209927	-1.72136e-05	-6.04894e-05	-0.000441609	-0.000407723	0.234163	0.0996969	0.231845	0.1	0.00635021
-0.199686	-0.0952983	-0.0105293	2.4525e-05	-6.6211e-05	1.57006e-05	7.63448e-05	0.000294124	-0.00106513	0.233947	0.0994212	0.231631	0.1	0.00538518
2.4086	-2.00076	-2.34515	5.74021e-05	0.000189483	0.000182918	0.000658969	-6.70592e-05	8.52368e-05	0.233696	0.0991015	0.231382	0.1	0.0111809
-1.1956	-1.52351	1.19143	1.7232e-05	0.000136458	-0.000147061	-0.000132828	0.000382053	-9.72045e-05	0.23369	0.0990929	0.231376	0.1	0.00637445
-0.0267607	2.18942	2.16125	-0.000155392	-0.000195122	0.000104372	3.72135e-06	-0.000356687	-0.000649009	0.233609	0.0989904	0.231296	0.1	0.0065517
-0.0688803	3.81338	-0.0372076	-2.02271e-05	-0.000433127	-2.35581e-05	-6.0439e-05	-0.000357644	-0.000583352	0.233569	0.0989397	0.231256	0.1	0.00635872
-1.27379	-1.90506	0.343745	-7.89969e-08	1.48848e-06	3.55511e-07	1.23e-24	8.68045e-25	2.16136e-25	0.233337	0.0986457	0.231027	0.1	0.00579113
0.271037	-3.6611	2.0618	-0.000213673	4.55996e-05	8.16593e-05	-3.02811e-05	0.00033911	-0.000241186	0.233285	0.0985791	0.230975	0.1	0.00787938
0.36389	-3.43668	-0.312752	-2.82192e-05	0.000360443	-2.33476e-05	0.000111873	1.49189e-06	5.18144e-05	0.233155	0.0984158	0.230847	0.1	0.00540654
-1.56241	2.22475	0.480851	-8.49863e-06	-0.000255388	-3.49058e-05	-7.78903e-05	5.80862e-05	-0.000400324	0.233116	0.0983655	0.230808	0.1	0.00899146
1.44455	1.35364	-0.0942306	-1.74888e-05	-0.000147256	-4.92641e-05	-0.000447063	0.000447525	0.000309214	0.233102	0.0983481	0.230794	0.1	0.00526233
-1.85857	-0.906288	1.26119	-5.81998e-05	0.000117186	5.78102e-05	0.000144027	5.84056e-05	-0.000152438	0.233037	0.0982664	0.23073	0.1	0.00926264
-0.215454	-0.569037	0.654556	-6.61385e-06	-7.75259e-05	8.66712e-06	8.92104e-06	-4.46262e-05	-0.000381144	0.232987	0.0982018	0.23068	0.1	0.00724154
2.4948	-1.60077	2.44049	-3.25766e-05	5.91348e-05	-0.0001013	-0.000351706	0.000237184	-0.000513407	0.23297	0.0981807	0.230663	0.1	0.00874104
-1.7401	-2.98437	-0.220558	-7.37426e-05	0.000425263	3.36935e-05	0.000196436	0.000357985	-0.000245533	0.232853	0.0980333	0.230548	0.1	0.007796
1.14351	2.55408	1.52381	-0.000153072	-0.000171027	6.73266e-05	-0.000570416	0.000113599	-0.000671054	0.232841	0.0980185	0.230536	0.1	0.0112742
2.29317	-3.67364	1.79597	5.18716e-05	0.000424023	1.63227e-05	-3.5699e-06	2.67444e-05	-5.28145e-05	0.232838	0.0980137	0.230533	0.1	0.0101567
-1.37374	3.92762	-0.683241	1.90419e-05	-0.000351366	4.16548e-05	0.000410005	-0.000633402	-0.000181004	0.232645	0.0977704	0.230342	0.1	0.00569884
2.25604	2.22733	-0.760711	-5.56815e-05	-0.000195323	-4.29403e-06	0.000388125	0.000264525	0.000261538	0.232529	0.0976247	0.230227	0.1	0.00990111
-0.101923	-0.274177	2.27723	9.31955e-05	-1.19397e-05	4.44025e-05	0.000162532	-0.000545419	-0.000220519	0.232356	0.0974063	0.230055	0.1	0.00913034
2.37468	1.3891	-0.554983	0.000337299	-0.000369298	-0.000310373	-0.00199474	-0.00136567	-0.000872183	0.232305	0.0973426	0.230005	0.1	0.00612299
-1.03373	1.21823	0.935077	-4.47398e-05	-7.22182e-05	-2.29585e-05	-0.000344703	0.000169737	0.000202636	0.232166	0.097167	0.229867	0.1	0.00833855
-2.23112	4.04649	-2.45834	3.84391e-07	-0.000406205	-3.67985e-09	2.69673e-09	6.22209e-11	-1.76588e-09	0.232017	0.0969806	0.22972	0.1	0.00780029
0.579303	-2.05244	-0.540931	9.37956e-05	0.00026452	-4.51966e-05	-0.000361273	7.87234e-05	-0.0003403	0.231839	0.0967586	0.229544	0.1	0.00739036
1.67983	-2.92555	-1.64723	0.000256468	0.000568083	0.000119686	0.000921164	-0.000536328	-0.000972556	0.231804	0.0967136	0.229509	0.1	0.0100834
-0.593475	-3.1471	-0.0279454	-4.41222e-05	0.000163891	0.000163989	0.00075909	-0.000231428	0.000462976	0.231661	0.0965346	0.229367	0.1	0.0113427
0.26557	2.00072	-0.791021	4.8046e-06	-0.000379376	5.55968e-06	0.000192518	-6.84184e-05	0.000673287	0.231371	0.0961726	0.22908	0.1	0.00725621
1.89269	0.536956	1.56708	-0.000331548	-0.000276735	-0.000166224	-0.000597657	0.00209186	-0.000830615	0.231332	0.0961243	0.229042	0.1	0.0075618
-1.57361	3.76348	0.815131	-6.59737e-05	-5.4926e-05	-0.00013844	-9.47191e-05	3.69516e-05	-0.000471886	0.231276	0.0960544	0.228986	0.1	0.00938865
0.680666	1.08106	-1.90815	-1.72781e-05	-9.5509e-05	-1.12283e-05	0.000371886	0.000120695	-0.000203178	0.231257	0.0960307	0.228967	0.1	0.0106854
1.76979	1.50481	-0.544855	7.96788e-05	-0.000320069	-1.33983e-05	-0.000485967	0.000249689	-0.000396271	0.231228	0.0959953	0.228939	0.1	0.005547
0.578821	0.812036	1.23179	0.000109237	-0.000291552	-1.38907e-05	-0.000590688	0.000261198	0.000108719	0.231098	0.0958324	0.22881	0.1	0.00428796
-0.410214	2.60726	-1.73204	-7.60733e-05	-0.00026672	-6.76236e-06	-0.000253867	5.62339e-05	-0.000523586	0.231097	0.0958312	0.228809	0.1	0.00892343
1.40761	3.41955	2.13468	-0.000334373	-0.000357957	-1.64043e-05	0.000352883	0.000768677	-0.000849183	0.230968	0.0956712	0.228681	0.1	0.0103388
1.50651	1.13833	-2.22798	2.2714e-05	-7.25672e-05	9.51288e-06	-0.000420165	6.21119e-05	-0.000116966	0.230925	0.0956178	0.228639	0.1	0.00453635
-1.0059	-0.626482	1.87482	4.14957e-05	3.36301e-05	-1.81539e-05	2.14209e-05	-0.000150073	-0.000234338	0.230853	0.0955284	0.228567	0.1	0.0111919
2.43023	-0.273771	-0.975818	-1.64518e-06	-4.88651e-06	-1.55657e-05	7.37353e-05	2.99124e-05	-1.70289e-05	0.230603	0.0952189	0.22832	0.1	0.0116183
0.0733219	-0.590673	-2.31514	1.27947e-05	-5.58968e-05	0.000143943	0.00104497	-0.000990949	-0.000588891	0.230371	0.0949306	0.22809	0.1	0.00469915
-0.252565	-1.77818	-1.26982	9.59725e-05	0.000255325	-6.92571e-05	-0.000315817	1.70694e-05	-0.000112971	0.230367	0.0949265	0.228086	0.1	0.0090288
-0.0794142	4.00204	-1.38211	-2.43755e-05	-0.000360836	-1.69849e-05	-0.00010877	-0.000259125	8.89244e-05	0.230224	0.0947498	0.227945	0.1	0.00491618
0.642132	1.21106	0.269961	9.47288e-06	-0.000201862	-0.000174142	0.000978099	-4.96347e-06	-6.76259e-05	0.22985	0.0942887	0.227574	0.1	0.00816275
-1.68155	-2.22253	0.400756	-1.88167e-05	0.000236735	5.65664e-05	0.000509002	0.000221547	0.000375487	0.22984	0.0942757	0.227564	0.1	0.00619565
0.204388	3.99225	0.283048	-6.40616e-05	-0.00046913	1.2254e-05	-0.000264027	-0.000191841	-0.000112028	0.229772	0.0941929	0.227497	0.1	0.00474793
-0.0578496	3.14283	-1.36765	-4.07671e-05	-0.000335999	1.53548e-05	2.6973e-05	-6.08866e-05	9.71636e-05	0.229716	0.0941249	0.227442	0.1	0.00641793
2.35386	3.58234	-1.04095	-4.38976e-05	-6.01068e-05	-7.55605e-05	0.000184996	0.000324027	-0.000371748	0.229675	0.0940734	0.227401	0.1	0.00894064
0.898354	-2.91005	1.03771	-3.88873e-05	0.000265914	1.85266e-06	6.51361e-07	3.93245e-05	0.000351284	0.229635	0.094024	0.227361	0.1	0.0061143
0.797256	-3.56325	-2.29266	-0.000120633	0.000471534	8.07711e-05	0.000797402	-0.000202992	0.000348063	0.229633	0.0940217	0.227359	0.1	0.00730457
-0.495136	3.65779	-0.089754	-2.49892e-05	-0.000327898	-2.44285e-05	-0.000151614	0.000213023	0.000227947	0.229597	0.0939779	0.227324	0.1	0.00943111
1.88071	0.403899	0.997221	5.97941e-05	-4.32079e-05	-3.33145e-05	9.06457e-05	-0.000154418	0.000359556	0.229587	0.0939654	0.227314	0.1	0.00852829
0.548973	-1.0248	-0.0392874	0.000139232	4.1125e-05	0.000109908	-5.68858e-05	-0.000460514	0.00099205	0.229559	0.093931	0.227286	0.1	0.00697864
-0.756375	0.135761	0.00177157	-8.05198e-05	7.20422e-05	-2.99962e-06	-0.000479708	0.00045454	-0.000266794	0.229502	0.0938617	0.22723	0.1	0.00685549
-0.109071	-0.811195	-0.460022	5.26213e-05	5.48219e-05	-4.37225e-05	-0.000166746	-3.96335e-05	7.76762e-05	0.229294	0.0936058	0.227024	0.1	0.00632036
-1.04105	-3.01283	1.31113	-2.16969e-05	1.51352e-05	5.67307e-06	4.70966e-05	1.3275e-05	0.00012163	0.229262	0.0935673	0.226992	0.1	0.00744698
2.35684	1.22756	-1.15717	4.31093e-05	-0.000273344	6.80904e-06	-0.000198111	-0.000153899	6.44632e-05	0.229043	0.0932983	0.226775	0.1	0.00669802
2.28295	0.642489	1.35966	-0.000239504	4.69977e-05	0.000237239	0.00175888	-0.00371862	0.00177132	0.229023	0.0932736	0.226755	0.1	0.00568362
2.05958	-3.90636	1.48039	-6.6527e-05	0.000447566	0.000143812	4.57925e-05	0.000805973	-4.28359e-05	0.22902	0.0932701	0.226752	0.1	0.00709129
2.18368	2.60519	-2.01053	-0.000175997	-5.51805e-05	-0.000118833	0.00132483	-0.00157677	0.000157006	0.228994	0.0932399	0.226727	0.1	0.00838115
0.349369	-3.29714	2.32997	-6.48078e-05	0.00010044	8.00901e-05	-0.000162935	-0.000568914	0.000566042	0.228978	0.0932202	0.226711	0.1	0.006157
1.1818	2.72363	-1.06368	-9.44672e-05	-0.000327015	8.0285e-07	0.00061354	-0.000512481	0.00032895	0.228925	0.093155	0.226658	0.1	0.00690934
0.105176	0.681392	0.208129	-2.37888e-05	-0.000149206	-5.20256e-05	-0.000639153	8.1014e-05	-0.000104812	0.228769	0.0929649	0.226504	0.1	0.0102522
1.50746	-1.0438	2.12155	-6.41058e-05	0.000167246	3.96837e-05	-0.000111666	0.000294909	-0.000126696	0.228681	0.0928573	0.226417	0.1	0.00521894
0.128015	1.55782	-0.10185	-4.18141e-05	-0.000208502	-8.70148e-05	8.89808e-05	0.000510519	-0.000333541	0.228633	0.0927983	0.226369	0.1	0.00904592
-0.82841	3.96031	-1.35822	-2.08584e-09	-1.07477e-07	-3.35697e-09	0	0	0	0.228527	0.09267	0.226264	0.1	0.0096812
0.95438	0.835247	-2.17648	-3.32914e-05	-0.000105995	7.52829e-06	0.000394067	-0.00012848	1.16526e-05	0.228372	0.0924815	0.226111	0.1	0.00932897
1.20976	-3.44038	-2.15045	-5.15645e-05	0.000390415	-2.30707e-05	-0.000940672	0.000116101	-0.000345259	0.228275	0.0923635	0.226015	0.1	0.00680116
0.43653	-0.983788	1.23334	5.71544e-06	0.000156621	8.79585e-06	-0.000221059	-0.000137955	-3.5433e-05	0.228269	0.0923562	0.226009	0.1	0.00477754
2.3863	-1.9208	1.78195	5.85155e-06	0.000288462	5.84096e-05	-0.000165625	-0.000166587	0.000630197	0.228148	0.0922089	0.225889	0.1	0.00855759
0.221852	3.75173	-0.385855	-1.84111e-05	-0.000500322	-4.37833e-06	5.48452e-05	-7.92275e-05	-0.000559422	0.227891	0.0918988	0.225635	0.1	0.00531574
1.06897	-0.108404	-0.728365	-7.7107e-05	-0.000129565	5.75006e-05	-0.000265228	9.14573e-05	-0.000141339	0.2278	0.0917882	0.225545	0.1	0.00839068
-2.00545	-2.69113	1.50516	-4.56182e-05	7.51406e-05	7.2959e-05	0.000457667	-6.41465e-05	0.000327595	0.227735	0.0917093	0.22548	0.1	0.0122298
1.00773	1.19807	0.537129	-8.84528e-05	-0.000233149	-4.92433e-05	0.000388248	-0.000568714	0.000389621	0.227721	0.0916929	0.225466	0.1	0.00577308
1.70983	-2.37234	-2.25155	-1.0947e-05	0.000278534	0.000126068	0.000148154	0.000536162	-0.000284313	0.227719	0.0916894	0.225464	0.1	0.00797475
1.60809	-0.536839	0.123028	-2.61731e-05	-6.2333e-06	-1.12437e-06	4.06783e-05	-9.66138e-05	6.45031e-05	0.227657	0.0916158	0.225403	0.1	0.00562838
2.14374	-3.50766	-0.788519	7.07341e-05	0.000249186	-0.000105945	-0.00076687	-8.17592e-05	-0.000704247	0.227655	0.0916129	0.225401	0.1	0.00867195
-1.71782	1.91989	-1.14169	3.17314e-05	-0.000157715	-2.78694e-05	0.000439666	0.000273855	0.000425815	0.227637	0.0915917	0.225383	0.1	0.00603278
2.32508	-3.86059	-1.0074	-8.92192e-07	1.62294e-06	1.07113e-06	-1.91543e-23	2.34765e-23	-5.20227e-23	0.227625	0.0915767	0.225371	0.1	0.0106129
-2.39314	-3.6429	-1.94425	2.09572e-05	0.000471228	1.80681e-05	-0.000379057	-0.000128989	-0.000181958	0.227598	0.0915445	0.225345	0.1	0.00468331
1.12693	-1.71887	0.773522	4.83438e-05	0.000221381	4.08144e-05	3.07984e-05	7.59107e-05	9.31772e-05	0.227427	0.0913378	0.225175	0.1	0.00522084
-0.933709	1.65435	1.95901	-7.26029e-05	-9.46989e-05	-0.000126105	-0.000636798	-0.000177298	-7.47179e-05	0.227288	0.0911706	0.225038	0.1	0.00668859
1.17653	3.1555	-1.27461	-8.6872e-05	-0.000296129	3.19631e-05	0.000528111	-0.000311132	7.21883e-05	0.227272	0.0911519	0.225022	0.1	0.00682825
