-1.38946	1.22102	-1.02831	8.66232e-05	-0.000136409	-1.53854e-05	-3.01278e-05	-4.94569e-05	-9.58833e-05	0.55482	1.32612	0.549327	0.1	0.0186705
2.15393	3.63786	2.23983	-1.47351e-06	-0.000315394	1.80701e-05	-0.000123459	5.58558e-05	7.82761e-05	0.554711	1.32533	0.549219	0.1	0.0179724
-0.82977	-1.27847	-0.910483	3.45592e-05	0.000190106	-8.88412e-05	-1.42894e-05	-1.17011e-05	-0.000252848	0.554426	1.32329	0.548937	0.1	0.0215539
-0.0770433	1.22995	-1.97729	1.86213e-06	-0.000248561	-0.000109548	0.000327238	-6.46404e-05	8.74459e-05	0.552434	1.30908	0.546964	0.1	0.0190315
2.47532	-3.36113	1.09767	2.2741e-05	0.000292224	-3.06534e-05	-0.000116441	2.17636e-05	-2.36529e-05	0.551275	1.30086	0.545817	0.1	0.025226
-0.319733	-3.44644	-0.676105	-6.53114e-05	0.000401685	1.96828e-05	0.000108689	8.06695e-05	-2.54098e-05	0.548893	1.28407	0.543458	0.1	0.0196684
-2.00878	0.743262	-1.78964	7.51915e-05	-5.55645e-05	-2.26139e-05	4.58545e-05	-1.28497e-05	-0.000102875	0.548822	1.28357	0.543388	0.1	0.0209066
1.80353	-4.02668	-0.355234	1.3812e-05	0.000335269	-4.86476e-05	0.000109354	-8.04e-05	3.22152e-05	0.547774	1.27623	0.54235	0.1	0.0197443
-1.92824	-0.413338	0.672214	-7.14828e-05	3.19588e-05	-7.86827e-06	-0.000174909	-1.46572e-05	8.73382e-05	0.547358	1.27333	0.541939	0.1	0.0243438
-0.86018	-0.137131	0.727711	-7.6362e-05	-5.46266e-05	-1.30233e-05	4.31403e-05	-2.45521e-05	-9.04993e-05	0.546952	1.2705	0.541537	0.1	0.0202324
2.09947	0.370813	-1.24933	4.19894e-05	-5.91333e-05	-1.97255e-05	1.73505e-05	2.28658e-05	-1.59314e-06	0.546649	1.26839	0.541237	0.1	0.0242657
1.20409	2.6207	-1.82101	-2.06658e-05	-0.000210843	4.32775e-05	-9.72903e-05	6.03997e-05	0.000166364	0.545348	1.25936	0.539949	0.1	0.0206897
-2.42198	-2.41434	0.435776	-3.24538e-05	0.000228439	1.72444e-05	0.000106422	-3.591e-05	-4.90783e-05	0.545169	1.25811	0.539771	0.1	0.02182
-0.0560579	-3.15966	-2.02894	5.21135e-07	0.000320184	2.14071e-05	-6.72096e-05	-0.000151777	-9.38639e-05	0.544719	1.255	0.539326	0.1	0.0184629
-0.627351	3.37772	1.30282	2.31954e-05	-0.000322945	-1.71411e-05	7.62521e-05	0.000126434	-0.000117505	0.543689	1.24789	0.538306	0.1	0.018769
2.17983	-2.5315	2.16632	8.91991e-05	0.000317936	3.76251e-05	-3.94397e-05	-4.65654e-05	7.84807e-05	0.541854	1.2353	0.536489	0.1	0.0300295
1.50062	-2.03562	-1.29866	-2.82202e-05	0.00021397	4.01385e-05	1.36351e-05	7.97009e-05	-4.46337e-05	0.540595	1.22671	0.535243	0.1	0.026464
2.11502	2.86408	-1.3021	-3.35249e-05	-0.000318889	1.38835e-05	-0.000257703	-5.08582e-05	0.000169533	0.540372	1.22519	0.535022	0.1	0.0195359
0.242486	2.25006	-2.12152	7.50231e-06	-0.000261167	6.66232e-05	-6.6456e-05	-8.52554e-05	-9.83592e-05	0.540364	1.22514	0.535014	0.1	0.0175216
1.53271	1.8951	1.53783	-1.33173e-05	-8.07653e-05	3.34773e-05	-6.89014e-05	2.92925e-05	0.0001331	0.537534	1.20599	0.532212	0.1	0.0220656
1.81524	-3.01211	-0.0134361	-2.96204e-05	0.000280113	1.99912e-05	3.7258e-05	0.000111934	7.08516e-05	0.536704	1.20041	0.53139	0.1	0.0224362
-1.68233	1.62574	0.941974	-1.26856e-05	-8.30595e-05	0.000102902	0.000182868	1.16266e-05	7.41849e-05	0.536645	1.20002	0.531332	0.1	0.0214914
0.661442	-1.8933	0.211169	9.07747e-06	0.000218922	5.97888e-05	5.96411e-05	1.62359e-05	5.33621e-05	0.536462	1.19879	0.53115	0.1	0.0211185
0.369377	3.529	1.65354	1.92297e-06	-0.000383749	1.10733e-05	-1.7728e-05	-0.000156069	5.44809e-05	0.53632	1.19784	0.53101	0.1	0.0234235
-1.13688	-2.60876	0.0582249	-3.94143e-05	0.000276914	5.06423e-06	-7.36208e-05	-2.06212e-05	-0.000143752	0.535344	1.19131	0.530044	0.1	0.0186647
-0.26557	-2.51612	-1.2003	-3.65381e-05	0.000352842	2.78146e-05	-0.000127382	9.039e-05	-0.000127819	0.534798	1.18767	0.529503	0.1	0.0178062
1.35438	3.90434	1.56943	-2.91571e-05	-0.000384059	5.79111e-05	-3.1577e-05	5.13796e-05	-5.15825e-05	0.534761	1.18742	0.529466	0.1	0.0188789
0.799022	1.54281	-0.447408	-4.29046e-05	-0.000245147	-4.96767e-05	0.000303847	-0.000337865	-0.000303947	0.534328	1.18454	0.529038	0.1	0.0196271
-1.44517	3.8023	0.0642399	-7.3984e-05	-0.000310576	1.16106e-05	0.000121743	8.90938e-05	-6.74486e-06	0.533494	1.179	0.528212	0.1	0.0189809
-0.509739	1.96594	-1.32078	-2.6052e-05	-0.00029453	-1.54198e-05	0.000139484	3.54312e-05	0.000134191	0.533315	1.17782	0.528035	0.1	0.0179287
-0.364107	3.55976	-0.828548	-5.38062e-05	-0.000340214	-3.11417e-05	-2.22624e-05	-2.43396e-06	4.51781e-05	0.533292	1.17767	0.528012	0.1	0.0182147
-2.01859	-1.19975	-2.14295	2.29802e-05	9.41801e-06	-0.000199774	-9.58669e-05	-0.00011602	-8.67591e-05	0.533023	1.17589	0.527746	0.1	0.0228095
-1.75718	-3.14049	-2.20643	-2.4925e-05	0.000319081	-4.51032e-06	2.50234e-05	0.000118538	0.000101517	0.53279	1.17434	0.527515	0.1	0.0260645
-0.0115009	-2.5359	1.01886	3.15206e-05	0.000284165	-2.90569e-05	1.33517e-05	-2.04377e-05	-4.67835e-05	0.532572	1.1729	0.527299	0.1	0.0262594
-1.45133	3.5985	-1.71257	-2.13674e-05	-0.000340682	7.79217e-06	-0.00016688	7.8442e-05	-3.23153e-05	0.532055	1.16949	0.526787	0.1	0.0215922
0.455587	3.26536	-2.32764	-1.5835e-05	-0.000304276	2.18958e-05	-3.83278e-05	1.97716e-05	0.000139064	0.531483	1.16572	0.526221	0.1	0.0258284
2.4157	0.169726	-2.48164	3.8167e-05	1.0859e-05	-9.19135e-06	-3.71487e-05	2.71978e-05	-4.3822e-05	0.530981	1.16242	0.525724	0.1	0.0211298
-0.175899	-1.20292	-1.75739	1.9001e-05	0.00016738	-7.87963e-05	0.00011082	6.64532e-05	6.39471e-05	0.53052	1.15939	0.525267	0.1	0.020722
-0.932695	-3.50349	0.584731	3.74534e-06	0.00040816	1.82653e-05	2.00847e-05	7.9565e-05	-0.000114364	0.529592	1.15332	0.524349	0.1	0.0187725
-0.0729838	-3.61763	1.37777	-2.57863e-05	0.000376967	-2.31021e-05	-8.09212e-06	-6.19008e-06	7.64793e-05	0.528499	1.14619	0.523266	0.1	0.0225014
2.04831	0.788316	-0.24083	-1.99213e-05	2.67744e-05	6.31042e-05	5.2883e-05	0.000159807	0.000143088	0.527475	1.13954	0.522252	0.1	0.0243997
0.557532	3.55724	-1.32758	-5.30149e-05	-0.000318236	1.78835e-05	8.26222e-05	-7.46498e-05	-2.3312e-05	0.527182	1.13765	0.521962	0.1	0.0196717
-2.4166	0.790132	0.655156	1.26821e-05	-4.22887e-05	4.04712e-05	0.000215804	-8.62824e-05	5.73998e-05	0.527004	1.1365	0.521786	0.1	0.0275893
2.41418	-1.16452	1.76235	-9.19026e-05	0.000314476	6.70067e-05	6.05057e-05	9.79616e-05	-7.45952e-05	0.526785	1.13507	0.521569	0.1	0.0204712
0.0799091	-3.35929	0.378666	-1.62407e-05	0.000298514	-2.0273e-05	-2.77394e-05	5.28404e-06	-7.49854e-05	0.526637	1.13412	0.521423	0.1	0.0179228
0.544146	2.76028	0.961077	2.43096e-05	-0.000348339	-3.7983e-06	9.26969e-05	0.000139283	2.14513e-05	0.524764	1.12206	0.519568	0.1	0.0170959
-2.43705	3.91708	0.373689	-5.57757e-05	-0.000326315	1.63117e-05	-0.000318049	-7.64817e-05	0.000121501	0.523709	1.11531	0.518524	0.1	0.0239558
-2.48717	3.72274	-1.7602	-1.85863e-05	-0.000349322	1.22864e-05	0.000181668	-8.14035e-05	-0.000154216	0.523479	1.11384	0.518296	0.1	0.0186261
1.49578	0.940533	2.0445	0.000104987	-8.27554e-05	-4.23709e-05	-3.07781e-05	-0.00028498	3.56979e-05	0.521989	1.10436	0.516821	0.1	0.0192383
-1.84073	-1.8943	-0.275021	-5.85016e-05	0.000217491	-3.31822e-06	0.00019858	0.000395865	-0.000355147	0.521432	1.10083	0.516269	0.1	0.0214732
-0.404673	1.81093	1.46683	9.74345e-06	-0.000263804	-5.86623e-05	1.84508e-05	-4.23439e-06	-4.54491e-05	0.521217	1.09946	0.516056	0.1	0.0235572
-2.00511	-3.9042	1.84261	4.42013e-05	0.000378262	2.90689e-06	-8.15007e-05	3.31776e-05	6.49939e-05	0.518617	1.08309	0.513482	0.1	0.0167143
2.08966	-0.0952098	0.465807	-4.75621e-05	4.52426e-05	7.21135e-06	-0.000116333	0.000124336	-0.000217954	0.517898	1.07859	0.51277	0.1	0.0218658
2.33664	-1.0735	-0.932838	-9.26557e-06	9.31019e-05	3.20905e-05	0.000252816	0.000111017	9.42411e-05	0.517716	1.07746	0.51259	0.1	0.0240783
1.57142	3.75548	-1.34329	-5.67938e-05	-0.000375659	-4.20897e-05	3.81026e-05	0.000211076	-0.000109779	0.5171	1.07361	0.51198	0.1	0.0169065
-1.87022	2.68095	-1.47595	-4.30625e-05	-0.000281109	6.04014e-05	8.9945e-05	1.31425e-05	-7.12035e-05	0.516716	1.07123	0.5116	0.1	0.0210952
-1.94461	0.345647	-0.816451	1.58577e-05	-5.31776e-05	-2.77903e-05	-5.47641e-05	-4.07018e-05	-3.75615e-05	0.515931	1.06635	0.510823	0.1	0.0245637
1.15167	3.23217	-0.548373	-7.40191e-05	-0.000390001	-1.70337e-06	-0.000143218	0.000169034	-0.000265007	0.515901	1.06617	0.510793	0.1	0.0142043
1.54268	2.06985	-0.942454	5.81436e-05	-0.000301119	0.000103879	0.000219975	0.000341379	-0.000132013	0.51576	1.06529	0.510653	0.1	0.0168789
-1.90932	-2.06793	1.95502	6.41519e-05	0.000277666	-2.01595e-06	-7.77222e-05	7.93478e-05	-0.000119836	0.514995	1.06056	0.509896	0.1	0.0265894
-0.427961	3.52841	-1.86152	-3.0626e-05	-0.000389378	-1.14236e-05	-7.19512e-05	-3.73025e-05	6.32206e-05	0.514003	1.05444	0.508914	0.1	0.0208653
0.732932	0.111502	2.46283	5.26617e-05	3.05013e-06	-1.02485e-05	5.6678e-05	4.70795e-05	-9.66628e-05	0.512599	1.04583	0.507524	0.1	0.0189654
0.541375	-0.344254	1.57881	-1.74827e-05	0.00011199	-3.2184e-05	0.000106474	3.49476e-05	-5.23738e-05	0.51184	1.04118	0.506772	0.1	0.0185365
-2.05703	-3.53206	-1.29953	4.12977e-05	0.000397638	3.12533e-05	-0.000182061	-2.50643e-05	-6.87655e-05	0.511673	1.04017	0.506607	0.1	0.0217429
-0.449677	0.824098	0.698433	3.80998e-06	-0.000119058	-3.22715e-06	2.07102e-05	0.00018438	-0.000105655	0.511494	1.03908	0.50643	0.1	0.024033
0.879167	-3.22589	-1.51215	2.52535e-05	0.000335867	6.04911e-05	1.21973e-05	-7.95879e-05	0.000124093	0.510448	1.03272	0.505394	0.1	0.0178945
-1.24493	3.50378	2.13612	-5.95898e-05	-0.00035181	-0.000100836	5.30289e-05	-0.00021554	-0.000208987	0.509646	1.02785	0.5046	0.1	0.0219662
0.830327	-2.76598	-2.40717	1.00676e-05	0.000269171	4.59985e-05	-0.000129855	2.10143e-05	0.000102706	0.508542	1.02119	0.503507	0.1	0.020539
-0.638082	-0.433985	-2.2548	1.09424e-05	0.000137387	-4.80551e-05	-0.000204562	0.00013295	-0.000126536	0.508425	1.02048	0.503391	0.1	0.0185494
1.44278	-0.432233	-1.34039	8.57331e-05	-8.25548e-05	4.89757e-05	-0.000197682	7.1487e-06	0.000114135	0.506867	1.01114	0.501849	0.1	0.0195142
1.3738	1.81105	-2.44732	2.82647e-05	-0.000149562	1.69184e-05	0.000196835	3.95543e-05	2.00041e-05	0.505037	1.00022	0.500037	0.1	0.0188293
-1.20042	2.71915	-2.23892	-0.000120114	-0.000284567	-2.28115e-05	-0.000271124	0.000565861	-0.000218274	0.504957	0.999745	0.499957	0.1	0.0228601
-2.29815	-3.42444	-0.330443	-3.43745e-05	0.000409175	-1.19455e-05	0.000159265	-0.000129422	4.29934e-05	0.504939	0.999642	0.49994	0.1	0.0191046
-0.176293	-0.438826	-1.07884	6.03104e-05	4.68748e-05	-1.56699e-06	0.000144551	5.10069e-05	-5.68295e-05	0.504901	0.999415	0.499902	0.1	0.0174072
0.427306	-0.353076	-0.287481	3.96532e-05	-1.30832e-06	8.93664e-06	7.8628e-05	-0.000117751	-0.000102212	0.504788	0.998742	0.49979	0.1	0.0157046
0.692937	-0.698128	-1.94323	8.17365e-05	5.50279e-05	3.31998e-05	0.00029023	-7.60816e-05	-0.000373022	0.503937	0.993701	0.498948	0.1	0.0200823
-1.00642	-2.25344	1.41696	6.96403e-06	0.000310521	2.14744e-05	-0.000118411	-4.77329e-05	-5.72485e-05	0.503345	0.990196	0.498361	0.1	0.0186928
-1.03316	0.37219	-1.80217	7.18244e-05	-7.94961e-05	-0.000105273	-0.000101147	-8.50076e-05	0.000101627	0.503196	0.989325	0.498214	0.1	0.0187523
1.33118	-1.47585	-0.448174	3.50959e-06	0.000192457	5.09902e-05	4.36501e-05	-5.63914e-05	-4.49696e-05	0.502585	0.985721	0.497609	0.1	0.0203205
-0.919143	0.817781	-0.186507	-3.54517e-06	-0.000135622	1.98828e-05	-0.000120884	-0.00014684	-7.54454e-05	0.501771	0.98094	0.496803	0.1	0.0191411
0.271395	-2.6656	-0.337947	-1.1007e-05	0.000299696	2.07425e-05	0.000110337	0.000100538	-7.8274e-05	0.501401	0.978774	0.496437	0.1	0.0209002
2.33402	-1.47397	0.790378	-2.21667e-05	0.000188802	5.68096e-05	-2.89787e-05	2.85785e-05	1.01325e-07	0.501352	0.978484	0.496388	0.1	0.017391
-1.54666	1.41487	2.25442	3.52879e-05	-0.000109806	-8.58557e-06	4.28594e-05	0.000209326	0.000128648	0.501333	0.978374	0.496369	0.1	0.0193291
-0.427416	2.79278	2.12917	4.09381e-05	-0.000218462	2.2274e-05	-0.000353925	0.00011266	-0.000183688	0.500305	0.972365	0.495351	0.1	0.0228386
1.75195	-1.93438	1.44445	-3.66906e-06	0.000218407	4.28639e-05	6.79704e-06	-5.33773e-06	1.08771e-05	0.500134	0.971369	0.495182	0.1	0.0140884
-0.33693	-2.12991	-2.14488	2.60207e-05	0.000180566	-2.90204e-05	-0.000208921	-0.000138692	-9.50994e-05	0.500114	0.971254	0.495162	0.1	0.0228418
1.20987	3.94156	-2.41964	-4.42495e-05	-0.000324499	3.50962e-05	-6.69047e-05	-9.61782e-05	-0.00010967	0.499003	0.964792	0.494062	0.1	0.020076
0.502268	-1.91709	-1.5073	1.19883e-05	0.000228321	-2.04719e-05	-0.000191863	-0.000196186	-1.20241e-05	0.49838	0.96119	0.493446	0.1	0.0175566
-0.117412	-1.24136	0.107758	3.42577e-05	0.000181219	1.71115e-07	-0.00011587	-0.000150359	-3.80449e-05	0.498014	0.959069	0.493083	0.1	0.0157921
-1.11336	-1.58248	-1.86464	8.25317e-06	0.00022024	-8.11685e-05	-8.36446e-05	-7.12459e-05	-0.000179943	0.49782	0.957951	0.492891	0.1	0.0208525
1.51271	-3.30833	2.11311	7.58221e-05	0.00039068	2.74581e-05	-3.54935e-06	-1.36083e-05	-0.000178114	0.497807	0.957872	0.492878	0.1	0.0175798
-2.27554	2.69614	-0.492676	-1.97937e-05	-0.000241738	6.62329e-06	5.45348e-05	0.000112908	-0.000215822	0.497805	0.957862	0.492876	0.1	0.0225985
-1.62505	-2.8452	0.922398	-1.20147e-05	0.000347994	2.55222e-05	-0.000150614	3.43232e-05	0.00028976	0.496356	0.949524	0.491442	0.1	0.0158432
-1.29671	2.67825	0.961535	1.24347e-06	-0.000284225	2.41521e-05	-6.75311e-05	-3.19048e-05	7.61353e-05	0.495653	0.945496	0.490746	0.1	0.0181826
-0.918859	-3.70932	-2.13597	-1.16252e-05	0.00038291	-5.39674e-05	1.83507e-06	-4.60313e-05	-4.08908e-05	0.495534	0.944815	0.490628	0.1	0.0198678
-1.34882	-3.43271	-0.604319	-4.00453e-05	0.000414726	5.41248e-05	-0.000181581	3.56937e-08	-1.07274e-05	0.49547	0.944444	0.490564	0.1	0.0170932
-1.26572	2.29527	1.86867	-0.000135307	-0.000299604	-3.84749e-06	0.000225355	-0.000603398	0.00010135	0.495413	0.94412	0.490508	0.1	0.0202959
2.42503	1.89324	-1.37741	6.67408e-05	-0.000269345	0.000111216	0.00011439	-1.74833e-05	5.78118e-05	0.493724	0.934499	0.488836	0.1	0.0167858
-1.72337	1.76532	-1.84358	5.29373e-05	-0.000200904	-2.52388e-06	4.44263e-05	1.36907e-05	0.000312485	0.493582	0.933695	0.488695	0.1	0.0154953
0.806394	1.65776	-1.50765	-1.11193e-05	-0.00021495	0.000101399	0.000139977	-0.000117358	0.000317763	0.493482	0.933124	0.488596	0.1	0.0209645
0.884112	0.521821	-0.428636	-6.10044e-05	-8.02517e-05	-3.1655e-05	-0.000191426	0.000282812	-0.000393042	0.49325	0.93181	0.488366	0.1	0.0217007
0.684255	4.02245	0.814544	-1.89535e-05	-0.000456776	4.51153e-05	-0.000118655	-7.72731e-05	0.000107254	0.492733	0.92888	0.487854	0.1	0.0184725
0.153517	0.0418557	0.59679	2.69759e-05	-8.10551e-05	-1.38229e-05	-7.80549e-05	-7.44369e-05	0.000210638	0.492579	0.928012	0.487702	0.1	0.0177961
1.26835	2.67276	0.267409	1.17414e-05	-0.000352136	-1.40033e-05	8.41464e-05	7.26104e-05	0.000235342	0.492206	0.925909	0.487333	0.1	0.0147459
0.757788	0.244666	-1.55301	6.24829e-05	-0.000144985	8.71659e-06	0.00051714	-0.000414456	0.00011509	0.490982	0.919016	0.486121	0.1	0.0217507
-1.2146	-2.23448	-0.978856	-5.66797e-05	0.000251453	-1.07986e-05	-0.000269397	-0.00034528	4.13571e-05	0.490889	0.918492	0.486029	0.1	0.0210496
-0.400534	-0.643117	1.4909	2.75269e-05	-2.39795e-05	-9.29256e-05	-2.93823e-05	0.000236085	0.000219594	0.490378	0.915628	0.485523	0.1	0.0211218
1.57801	-2.8751	1.23721	7.27813e-06	0.000255152	-7.63842e-05	0.000246056	-2.94649e-05	2.59064e-05	0.489482	0.910617	0.484636	0.1	0.0202797
-2.19516	2.79354	1.31966	1.89684e-05	-0.000231363	2.12464e-05	-0.000241791	5.80319e-05	-8.30262e-05	0.489469	0.910544	0.484623	0.1	0.0153945
2.26481	-2.46164	-1.82015	-1.95879e-05	0.000251031	3.53577e-05	0.000181078	-0.000144341	2.89189e-05	0.489084	0.908401	0.484242	0.1	0.0170054
-2.15592	1.00381	1.60287	1.78763e-05	-0.000137009	5.99823e-05	3.62819e-05	0.000157589	0.000166955	0.488971	0.907768	0.48413	0.1	0.0222888
0.97238	-1.9674	2.034	-2.14022e-06	0.000211088	6.81608e-06	4.20477e-06	-1.15531e-05	-0.000104803	0.4888	0.906812	0.48396	0.1	0.0191409
1.58843	-2.17332	0.506631	1.14765e-06	0.00025345	3.21083e-05	-2.23248e-05	3.96604e-05	-1.0091e-05	0.488326	0.904178	0.483491	0.1	0.0195581
-0.718978	-0.54094	-0.201082	2.49789e-06	9.02019e-05	-3.21079e-05	0.000222049	-7.20941e-05	0.000304704	0.48828	0.903926	0.483446	0.1	0.0158979
-2.01422	3.01143	0.395304	1.51795e-05	-0.000256985	4.3077e-05	0.000267661	-1.91864e-05	3.12818e-05	0.488206	0.903513	0.483372	0.1	0.0230881
1.58336	-3.68775	0.703784	-1.19057e-05	0.000327468	3.42714e-05	-0.000110422	1.21844e-05	-0.000167544	0.488125	0.903063	0.483292	0.1	0.0201151
0.0494866	1.66697	0.590167	5.29912e-05	-0.000191146	-3.52711e-05	-2.28613e-05	-1.35735e-05	-4.68845e-05	0.486774	0.895587	0.481954	0.1	0.0176453
1.40929	-0.441859	1.09944	-2.50805e-05	0.000150892	5.83067e-05	5.01429e-05	-2.58938e-05	5.89265e-05	0.486222	0.892545	0.481408	0.1	0.0154088
2.32518	-0.523445	-1.75959	7.02676e-05	7.70226e-05	2.79099e-05	-7.80266e-05	6.6964e-05	3.61344e-05	0.485931	0.890944	0.48112	0.1	0.0221595
-1.06612	-3.79498	1.53586	2.94693e-05	0.000456923	1.4687e-05	-7.09589e-05	-4.31768e-05	0.000146904	0.485684	0.889585	0.480875	0.1	0.0158409
2.1051	2.50549	0.721363	4.71199e-05	-0.000161281	-4.4224e-05	-0.000242906	6.65224e-06	0.000109185	0.485546	0.888831	0.480739	0.1	0.0211029
-1.77832	-0.240758	-1.95	5.74174e-05	-3.46686e-05	-6.15774e-05	-1.4245e-05	0.00010026	-0.000214075	0.484993	0.885791	0.480191	0.1	0.0208795
-0.643511	1.05462	2.18634	2.55567e-05	-6.11114e-05	-0.000154728	0.000153067	2.65178e-05	-2.49739e-05	0.484263	0.881798	0.479468	0.1	0.016467
-1.83085	-1.53141	-1.21183	-1.07273e-05	0.000226833	-0.000123592	0.00025543	-4.27781e-06	-1.7554e-06	0.483863	0.879615	0.479072	0.1	0.0223926
-1.79162	-1.85094	0.999745	-2.20285e-05	0.000190901	-2.84423e-06	-6.58295e-05	0.000115715	5.03913e-05	0.48386	0.879599	0.479069	0.1	0.0165803
1.7152	-0.131307	-0.449348	-1.99692e-05	4.4912e-05	1.97239e-05	1.82864e-05	-0.000178872	6.71045e-05	0.483476	0.877508	0.478689	0.1	0.0172487
0.514959	2.57574	1.9461	-3.96354e-05	-0.000350555	7.59724e-05	-0.000104728	5.4364e-05	-0.000115761	0.483004	0.874942	0.478222	0.1	0.0169142
0.294944	0.936839	-1.07047	-3.70918e-05	-0.000168608	-8.92949e-05	-0.000518428	-1.28473e-05	-9.88122e-05	0.482785	0.873753	0.478005	0.1	0.0188956
-1.28335	-1.20991	0.507683	-4.53132e-05	0.000101673	-9.5112e-05	-1.56412e-05	0.000184526	-0.000257644	0.482566	0.872562	0.477788	0.1	0.0153674
-0.0218632	0.666463	1.56821	9.32943e-05	-0.000144261	-7.31611e-05	2.7218e-05	-0.000206648	-0.000187472	0.482132	0.870207	0.477358	0.1	0.0215856
1.93926	2.53825	2.20057	-8.50489e-05	-0.000130961	0.000120306	0.000281432	-0.000163538	-5.30746e-05	0.48194	0.869166	0.477168	0.1	0.0201312
-0.587765	2.65118	-0.47711	2.15805e-06	-0.000256217	3.11914e-05	-0.0001226	6.82951e-05	2.08184e-05	0.481933	0.86913	0.477161	0.1	0.0223179
-1.42425	0.702617	0.636093	-9.60736e-06	-3.48366e-05	1.58364e-05	-3.63996e-05	0.000125997	-4.06608e-05	0.481479	0.866677	0.476712	0.1	0.0222633
1.03126	-3.37673	-0.528746	-4.77932e-05	0.000317619	3.90257e-05	1.34908e-05	-6.18941e-05	-0.00011995	0.480917	0.863644	0.476155	0.1	0.0150982
-0.917139	-1.56202	2.18256	7.14313e-05	0.000181833	-5.76904e-05	5.78989e-05	0.000152437	-8.0892e-05	0.480468	0.861231	0.475711	0.1	0.0180048
1.53876	0.450687	-2.09204	3.94359e-05	-4.11866e-05	6.73856e-06	0.000131777	-1.94402e-05	0.000134658	0.47986	0.857968	0.475109	0.1	0.0154909
0.47428	2.63867	-0.944113	-0.000140324	-0.000333069	5.76716e-05	-0.000198089	-0.000336533	-7.31978e-05	0.478966	0.853181	0.474224	0.1	0.0189534
1.22054	0.501518	1.20155	8.92724e-05	-1.32348e-05	-6.3528e-05	0.000140463	0.000257111	-0.000250582	0.478473	0.850548	0.473736	0.1	0.0191265
-2.4567	0.0166282	1.5038	-4.84243e-05	0.000188544	5.02512e-05	0.000421939	0.000168414	-0.000121085	0.478412	0.850219	0.473675	0.1	0.0235572
-1.69267	1.3873	-0.0666308	-4.14439e-06	-0.000164836	-3.94293e-05	0.000116397	1.66317e-05	0.000128635	0.47793	0.847656	0.473198	0.1	0.0188948
-1.07528	-3.05695	-1.44727	1.11025e-05	0.000274961	2.00213e-05	0.000288941	-2.60806e-05	-9.0275e-05	0.477808	0.847007	0.473077	0.1	0.0272731
2.22314	3.54582	1.22534	-2.47749e-05	-0.00029429	1.95922e-05	0.000163616	6.74164e-06	0.000210809	0.477733	0.846607	0.473003	0.1	0.0217227
-2.04065	2.73462	2.26278	-8.256e-05	-0.000302992	3.20093e-05	-2.06639e-05	-0.000119029	0.00016656	0.477694	0.846395	0.472964	0.1	0.0171056
-0.6481	1.94116	-2.4718	1.27586e-05	-0.00017074	4.85788e-05	0.000320615	8.68119e-05	3.74104e-05	0.477155	0.843541	0.472431	0.1	0.0178646
-0.743213	3.13884	0.322193	-4.57466e-05	-0.000254947	1.12076e-05	-4.15498e-05	-0.00010665	3.00115e-05	0.47715	0.843513	0.472426	0.1	0.0206724
-0.70292	0.134884	1.95797	9.03339e-07	-3.42964e-05	-0.000137344	-0.000173807	-1.60379e-05	-1.19548e-05	0.477062	0.843044	0.472339	0.1	0.0204377
-1.51155	0.0202759	1.48617	-5.19919e-05	-6.81137e-06	-2.93034e-05	0.00016591	-3.41205e-06	-0.000281635	0.476857	0.841959	0.472136	0.1	0.0205809
1.23929	-1.11012	0.444496	8.46933e-06	0.00018538	5.33928e-05	-2.185e-05	-9.44145e-06	-6.23188e-05	0.476785	0.841575	0.472064	0.1	0.0148498
-0.359597	3.90196	2.22685	-3.19227e-05	-0.000428536	-4.13418e-05	-8.66356e-05	0.000116613	0.000116603	0.475355	0.834028	0.470649	0.1	0.0197445
-1.6756	-0.810734	1.93384	4.22211e-06	0.00013086	-9.25833e-05	0.000104032	0.00012172	0.000241503	0.475269	0.83357	0.470563	0.1	0.0187066
-1.65744	0.458785	2.30448	4.25248e-05	-7.35722e-05	-1.3792e-05	8.98758e-06	-9.39132e-06	-0.000139476	0.474862	0.83143	0.47016	0.1	0.0182838
2.02491	-2.82674	-0.972779	-8.60003e-06	0.000281955	5.46383e-05	-3.71412e-05	-0.00021024	0.000186003	0.474508	0.829578	0.46981	0.1	0.0206008
-2.17478	1.94569	1.75173	-3.3927e-05	-0.000146466	0.000105397	-2.26677e-06	1.18567e-05	-5.84479e-05	0.474403	0.829024	0.469706	0.1	0.019436
-2.37864	-0.370553	-0.311363	-1.92029e-05	6.92468e-05	3.85448e-05	-0.000209186	-7.41196e-05	-2.55734e-05	0.473731	0.82551	0.469041	0.1	0.0229349
-1.07261	-0.0737795	-0.947582	1.95381e-05	1.09342e-05	-6.71963e-05	-0.000352916	1.23781e-05	-0.00024042	0.47183	0.815609	0.467158	0.1	0.0189571
0.693251	-3.06821	1.67748	4.42967e-05	0.000250195	2.5432e-05	-0.000224386	6.22864e-05	0.000400511	0.471086	0.811759	0.466422	0.1	0.0164636
-0.441191	-2.02211	-0.342601	-3.6414e-05	0.000236246	-7.58178e-06	-0.000165265	-0.000125224	0.000206097	0.470528	0.808876	0.465869	0.1	0.0229907
-2.14531	-2.40869	-1.06776	-4.17722e-05	0.000274549	-4.04784e-05	-0.000378976	0.000220248	-0.000123133	0.470355	0.807987	0.465698	0.1	0.0167476
0.474523	3.35762	0.142455	1.29924e-05	-0.000379838	6.81873e-05	3.25233e-05	6.8542e-05	0.000365127	0.470211	0.807242	0.465555	0.1	0.017719
-1.1575	-2.427	2.45723	2.56917e-05	0.000231126	-3.04889e-05	-7.35501e-05	2.73568e-05	-0.000130942	0.47002	0.806259	0.465366	0.1	0.0200785
0.540741	1.03775	2.24585	0.000112182	-2.10985e-05	-6.72681e-05	-0.000195447	1.30767e-05	-3.67945e-05	0.46956	0.803896	0.464911	0.1	0.016314
-0.101085	-1.10549	2.26202	7.18187e-05	0.00013106	-5.53559e-05	-0.000211536	-0.000224491	1.21815e-05	0.469458	0.803373	0.46481	0.1	0.0187938
-0.626879	-1.87539	0.612479	-1.86318e-05	0.000162865	-8.91563e-05	-1.70724e-05	-0.000200736	0.000395786	0.469446	0.803307	0.464798	0.1	0.0208731
-0.79355	1.74151	-0.397606	4.29965e-05	-0.000200986	2.73689e-05	0.000100896	-9.40159e-05	3.14093e-05	0.468782	0.799905	0.464141	0.1	0.0172423
1.13308	-0.0480377	0.288713	-3.56861e-05	5.31461e-05	3.80243e-05	-0.00020544	-4.24649e-05	0.000168987	0.467379	0.792743	0.462751	0.1	0.0170646
1.80964	-0.358859	1.94776	1.88302e-06	6.91125e-05	2.32823e-05	0.000148542	0.000122589	5.34798e-07	0.467217	0.791923	0.462591	0.1	0.0187002
-0.189417	-2.15073	1.91114	3.87455e-05	0.000182305	-6.05212e-06	0.000186588	0.000113936	0.000250338	0.466675	0.789165	0.462054	0.1	0.0166984
1.64023	1.20715	-1.55095	4.04992e-05	-7.17115e-05	3.41094e-05	-2.36365e-05	0.000201351	-2.79351e-05	0.466232	0.786924	0.461616	0.1	0.0145022
-0.695138	2.20972	0.392956	2.06134e-05	-0.000236586	2.51595e-05	-4.11481e-06	0.000147313	0.000136499	0.466205	0.786785	0.461589	0.1	0.0178792
-0.903321	2.87138	-1.33182	-3.33816e-05	-0.000320288	3.67704e-05	-7.61159e-05	7.67887e-05	-0.000129163	0.466076	0.786131	0.461461	0.1	0.0154591
0.911918	-2.84076	0.354256	-2.04674e-06	0.000236593	3.0693e-05	3.30172e-05	-0.000109891	-4.12857e-05	0.465707	0.784266	0.461096	0.1	0.0222155
-1.8406	-2.19084	-1.95271	-4.21609e-05	0.000289625	7.67213e-06	-2.16243e-05	0.000234009	3.44561e-05	0.465684	0.784148	0.461073	0.1	0.0215831
-1.43046	2.37443	-0.177817	2.59667e-06	-0.000256132	2.71076e-06	6.10269e-05	-0.000149514	1.45667e-05	0.46529	0.782163	0.460683	0.1	0.0158761
1.96872	1.77312	0.04931	1.29161e-05	-0.000127561	-0.000164259	-0.000361364	-0.000683306	-0.000250129	0.464712	0.779251	0.460111	0.1	0.016616
0.815295	-1.05095	2.17639	4.17719e-05	0.000183879	2.67724e-06	-1.38582e-05	7.81454e-05	8.82828e-05	0.464331	0.777336	0.459734	0.1	0.0134786
1.79301	-1.63636	2.35445	-4.28203e-05	0.000233401	4.20673e-05	0.000117254	-3.69595e-05	0.000212488	0.463321	0.772277	0.458734	0.1	0.0145205
-2.19775	2.10214	0.244148	1.20498e-06	-0.00021826	-5.76273e-06	-0.000114142	0.000132727	-5.60875e-05	0.462664	0.768994	0.458083	0.1	0.0171577
0.561386	1.8539	1.35442	1.02459e-05	-0.000254181	-7.98805e-06	0.000360674	-3.07554e-05	0.00027321	0.462514	0.768246	0.457935	0.1	0.0131399
2.05201	-1.0327	-0.00565121	-3.14306e-05	0.000146967	7.19211e-05	-2.26383e-05	-1.08011e-05	-1.81916e-05	0.462457	0.767963	0.457878	0.1	0.0160035
1.00387	-1.34501	1.33116	7.63972e-06	0.000195868	3.19468e-06	-5.39673e-06	3.26715e-05	5.84148e-05	0.460448	0.757998	0.455889	0.1	0.0149989
2.02947	-3.49746	-1.60705	3.91042e-05	0.000366595	3.39643e-07	0.000221981	4.07191e-05	-0.000232947	0.4597	0.75431	0.455149	0.1	0.0132
2.05409	3.15007	0.0458299	3.97476e-05	-0.000318386	-0.000188714	-0.000212924	8.02212e-05	-0.000182085	0.459434	0.752999	0.454885	0.1	0.0217365
-1.54598	-3.05286	1.84023	-2.49598e-05	0.000404475	2.14203e-05	9.86442e-05	-0.00014909	7.95966e-05	0.45935	0.752587	0.454802	0.1	0.0225122
0.15721	-1.53816	0.978794	1.57407e-05	0.00015831	7.5355e-05	2.22972e-05	1.85993e-05	-1.96377e-05	0.459269	0.752192	0.454722	0.1	0.0156241
-2.4803	1.94123	-2.37699	1.80892e-05	-6.88247e-05	0.000105518	-6.50559e-06	0.000110522	-0.000313293	0.459266	0.752174	0.454719	0.1	0.0184503
-0.176313	0.340833	-0.533123	2.67369e-05	-4.21712e-05	6.55881e-05	7.22636e-05	9.39956e-05	0.000252062	0.459194	0.751823	0.454648	0.1	0.0188817
1.46063	3.02288	1.15246	-4.43839e-06	-0.000296282	-3.55668e-05	0.000298314	3.04119e-05	0.000189974	0.459118	0.751448	0.454572	0.1	0.0194081
2.18437	1.10148	-2.29146	-1.24613e-05	-3.82484e-05	5.71023e-05	0.000173212	5.26564e-05	0.000198773	0.459006	0.750894	0.454461	0.1	0.0145577
2.08131	-1.42191	-1.80827	-9.20519e-06	0.000136704	3.49708e-05	9.57732e-05	0.000103446	-0.000232233	0.458587	0.748846	0.454047	0.1	0.0224434
-1.46317	3.14693	-0.664794	-1.90145e-05	-0.000283252	-1.40851e-06	-8.14697e-05	-8.80217e-05	0.000183602	0.458044	0.746189	0.453509	0.1	0.0186565
2.33801	1.65577	1.02496	-1.35258e-06	-9.92022e-05	8.97943e-05	-2.92136e-05	-0.000144266	-0.000139343	0.458039	0.746161	0.453504	0.1	0.015987
-2.13982	3.74683	-0.626154	-3.83501e-05	-0.000342659	-8.61867e-05	8.72034e-05	-0.000160492	-0.000111562	0.457054	0.74136	0.452529	0.1	0.0203587
-1.43753	0.0374917	-0.0613304	-6.66737e-05	-4.87167e-05	-9.29755e-06	5.76846e-06	-7.93102e-05	-6.47501e-05	0.456744	0.739852	0.452222	0.1	0.0180208
1.17535	-2.40968	-0.447035	-2.7594e-05	0.000237671	3.34807e-05	-4.2151e-05	-9.94305e-05	-3.05344e-05	0.456538	0.738849	0.452018	0.1	0.0150364
2.3851	-3.45764	2.4417	5.31062e-05	0.000320857	3.6142e-05	0.000154374	2.89522e-05	2.87412e-05	0.456295	0.737671	0.451777	0.1	0.017576
-1.66158	-0.746373	-0.746808	-2.06599e-05	0.000104507	3.18241e-05	0.000183749	0.000126975	8.29678e-05	0.4556	0.734306	0.451089	0.1	0.0195732
-0.641874	-3.0013	1.86997	1.57067e-05	0.000345513	2.96438e-05	-1.1219e-05	0.000257238	-8.44512e-06	0.45547	0.733674	0.45096	0.1	0.0137102
0.164766	2.22456	-0.146549	2.77404e-05	-0.000208203	-2.742e-05	2.28496e-05	9.83516e-05	2.94058e-05	0.455436	0.733515	0.450927	0.1	0.0145811
1.67018	1.14868	0.640051	-8.64491e-05	1.89138e-05	-7.41875e-05	-6.31529e-05	0.000415144	0.000171396	0.45531	0.732903	0.450802	0.1	0.0143983
0.907392	-2.23064	1.14119	1.20527e-05	0.000244805	1.16281e-05	6.42088e-05	-5.17508e-05	-1.15259e-05	0.455197	0.732356	0.45069	0.1	0.0146894
1.08106	3.97849	-0.77215	-1.01683e-05	-0.000432722	-1.95447e-06	0.000201547	-0.000163576	0.000230197	0.277675	0.16624	0.274926	0.1	0.00632148
1.49101	2.01006	0.570116	0.000128994	-0.000241431	0.000145339	-0.000824716	-9.9708e-05	5.52721e-05	0.277411	0.165765	0.274664	0.1	0.00879886
1.83748	-2.23036	-0.207714	-3.51609e-05	0.000281969	2.45062e-05	-4.6952e-05	-4.30124e-05	-0.00016226	0.277355	0.165667	0.274609	0.1	0.013403
-1.11673	1.60784	0.355612	2.40278e-06	-0.000231832	2.32695e-06	0.000218971	-5.26942e-05	-0.000267004	0.277213	0.165412	0.274468	0.1	0.0144204
0.929045	3.88582	-0.177073	0.00015858	-0.000286035	-5.76827e-05	-9.49952e-05	6.7303e-05	-0.000287796	0.276217	0.163635	0.273482	0.1	0.00843654
-0.754675	-3.02547	-2.41758	2.61956e-05	0.000323584	8.93615e-06	5.42257e-05	-0.00036198	0.00025299	0.275638	0.162608	0.272909	0.1	0.00932649
0.687826	-3.79512	1.83129	-0.000145476	0.000219019	5.01335e-05	0.000248507	-0.000237097	0.00094143	0.275408	0.162201	0.272681	0.1	0.0104691
1.63105	-0.824859	-0.707138	4.80897e-05	7.98019e-05	7.84373e-05	-0.000206368	-0.000123944	-0.000150705	0.275341	0.162083	0.272615	0.1	0.00691611
-1.92763	-0.22938	2.31327	-2.15835e-05	3.87255e-07	-2.48355e-05	8.844e-05	9.80621e-05	-3.90474e-05	0.275341	0.162083	0.272615	0.1	0.0115679
-1.33696	-3.79272	2.23556	1.57096e-05	0.000431556	-2.70424e-05	0.000151807	1.35819e-05	6.92909e-05	0.275089	0.161637	0.272365	0.1	0.00874115
0.235654	-3.84761	-1.69859	0.000101225	0.000243519	-5.6692e-05	-0.000585646	-5.7068e-05	-0.000595309	0.275056	0.161582	0.272333	0.1	0.0105333
1.97419	1.71126	-1.96122	2.94391e-05	-4.08168e-05	8.94445e-05	0.00069323	0.000176329	-0.000322494	0.274446	0.160509	0.271729	0.1	0.00588536
-0.722181	0.9629	-1.42786	2.46626e-05	-0.000141073	-6.61214e-05	0.000408345	0.000185387	-1.38774e-06	0.274411	0.160446	0.271694	0.1	0.00673286
-1.28214	0.693464	1.70094	-2.02584e-06	-6.82983e-05	8.57426e-05	0.000138928	-7.17722e-05	0.000246778	0.274202	0.16008	0.271487	0.1	0.0106603
1.41392	-1.98262	-2.12908	-3.97553e-05	0.000283155	5.56347e-05	-0.000383154	-0.000152892	0.000221596	0.274042	0.159801	0.271329	0.1	0.0120481
2.07627	-1.76048	-0.0666737	1.60279e-05	0.000243747	6.62651e-05	0.000326576	0.000249287	1.01766e-05	0.273887	0.159529	0.271175	0.1	0.0150059
1.43023	2.97893	1.87561	-0.000137728	-0.000319784	-4.63804e-05	-0.000470512	-0.000624744	0.00110138	0.273679	0.159166	0.270969	0.1	0.0137153
1.47753	-3.56863	-1.09581	-4.5821e-07	0.000419132	3.89265e-05	0.000187005	-4.27225e-05	9.97244e-05	0.273477	0.158813	0.270769	0.1	0.0120899
0.657554	1.58387	-2.28275	4.74981e-05	-0.000160529	2.0779e-05	0.000793392	-0.000281597	0.000246188	0.273324	0.158548	0.270618	0.1	0.00774747
-1.83867	3.33983	-2.35761	1.23605e-06	-0.000335355	1.43531e-05	0.000155137	-0.000269164	-0.000200477	0.272973	0.157937	0.27027	0.1	0.0106775
0.477936	-1.45402	-2.13405	2.56906e-06	4.92174e-06	-8.5412e-07	1.88527e-05	-7.71786e-06	1.17184e-05	0.272675	0.15742	0.269975	0.1	0.010923
0.281601	2.88313	-1.6308	-1.24641e-05	-0.000277848	1.00966e-05	-3.36973e-05	6.94772e-05	0.000155943	0.272585	0.157264	0.269886	0.1	0.00899171
0.667944	0.469806	1.77637	0.000104304	-4.55847e-05	-3.55554e-05	-0.00023032	1.74824e-06	0.000451286	0.27236	0.156875	0.269663	0.1	0.0103952
0.577456	2.17447	0.440058	2.94061e-05	-0.000238966	-5.02294e-05	9.60716e-05	1.11731e-05	9.27159e-05	0.272313	0.156795	0.269617	0.1	0.00622875
1.32194	0.231717	-0.971722	-0.000117507	-0.000108414	-2.59281e-05	0.000207323	-0.000351776	0.000533619	0.271845	0.155987	0.269153	0.1	0.00660575
1.21986	0.953799	0.113817	-0.000118316	-7.7501e-05	-1.18258e-05	-6.3652e-05	-0.000391719	8.62524e-05	0.271451	0.15531	0.268763	0.1	0.011713
1.8597	3.10736	-2.02417	-0.000111938	-0.000324038	3.99378e-05	9.80891e-05	-0.000636228	0.000314747	0.271375	0.155179	0.268688	0.1	0.00827258
0.224197	-0.665611	0.91625	-3.30647e-05	7.10542e-05	-5.22517e-05	-7.44857e-05	-1.22931e-06	7.7374e-05	0.270927	0.154413	0.268245	0.1	0.00938828
1.79506	3.72482	0.394642	3.31732e-05	-0.000390573	-9.29477e-05	0.000699176	0.000138944	0.000535311	0.2707	0.154024	0.26802	0.1	0.00851718
0.40576	-3.84378	-2.2111	2.73322e-05	0.000224013	-8.19193e-05	0.000596169	0.000349239	0.000370361	0.270558	0.153782	0.267879	0.1	0.0114889
-0.126241	3.10067	0.728879	1.62488e-05	-0.000412838	-8.53933e-05	-0.000719202	-4.18782e-06	0.00051967	0.270297	0.153339	0.267621	0.1	0.00613021
1.43769	1.30563	-0.859025	6.93028e-06	-0.000270537	3.9386e-05	-0.000171766	-6.06285e-05	-1.74185e-05	0.270287	0.153322	0.267611	0.1	0.00780555
-2.37356	-1.84149	-1.61055	-1.44746e-05	0.000208936	8.43884e-06	-0.000509557	0.000262042	0.00034362	0.270186	0.153149	0.267511	0.1	0.0120694
-0.924498	1.39151	-1.67488	8.11457e-07	-0.000223708	-6.86093e-05	3.32303e-05	6.71035e-05	-0.000134287	0.270182	0.153142	0.267507	0.1	0.0084696
-2.22206	1.47602	-0.855005	0.000432988	-9.99372e-05	1.63226e-06	0.000127971	0.000741446	0.00120483	0.270017	0.152863	0.267344	0.1	0.0104264
1.41499	-1.07135	-2.39137	-7.34877e-05	0.000197003	7.778e-05	-0.0003362	0.000523011	-9.35741e-06	0.26995	0.152747	0.267277	0.1	0.00858364
1.55196	1.90914	-1.70017	4.1642e-05	-0.000115298	7.99394e-05	0.000226552	-0.000575126	9.68243e-05	0.269181	0.151447	0.266516	0.1	0.00700692
0.747501	1.6801	0.330619	-1.0346e-05	-0.000234017	-9.26203e-05	-0.000581185	0.000541352	0.000116145	0.269098	0.151308	0.266434	0.1	0.00571598
0.379854	3.31372	-0.599484	-3.43667e-05	-0.000106126	9.27339e-05	-0.000612792	0.000131255	-9.29533e-05	0.268805	0.150813	0.266144	0.1	0.00579327
-0.583381	-3.06826	1.13962	3.68749e-06	0.000374036	-1.66271e-05	-0.000175903	-0.0001585	-0.00012737	0.268767	0.150749	0.266106	0.1	0.00986356
0.851153	-1.88362	-2.20269	1.69159e-05	0.000185262	-2.27081e-05	-0.000153751	-0.00115631	0.00081573	0.268522	0.150336	0.265863	0.1	0.00812708
0.669378	1.93167	2.28181	1.16375e-05	-0.000283797	0.000104168	-0.000130218	0.000181974	0.00042816	0.268425	0.150173	0.265767	0.1	0.0070584
1.3754	-2.58738	1.93726	6.05696e-05	0.000321575	4.53751e-06	-5.05765e-05	6.26754e-06	0.000522544	0.268352	0.150052	0.265695	0.1	0.0119037
-0.619875	3.82799	0.638364	-7.38092e-05	-0.000346516	-1.46827e-05	-0.000216236	0.000390407	-0.000159643	0.268323	0.150002	0.265666	0.1	0.008033
2.34686	-0.719641	0.843163	-7.17917e-05	0.00012512	4.68102e-05	-6.68731e-05	2.36192e-05	0.000171537	0.268231	0.149848	0.265575	0.1	0.00716201
-1.18497	2.26936	-1.622	-5.37638e-05	-0.000234664	-2.90592e-05	0.000297551	-0.000398777	-6.39044e-05	0.26816	0.14973	0.265505	0.1	0.00650712
-2.42668	1.3553	-0.103944	1.88767e-05	-3.76952e-05	2.3042e-07	-3.85948e-06	0.000110522	-0.000585799	0.268094	0.149619	0.26544	0.1	0.00889011
0.185009	-3.87612	-0.2028	5.10835e-06	0.000293698	4.83977e-06	-4.49513e-05	7.90219e-05	0.000385907	0.267672	0.148914	0.265022	0.1	0.0059583
0.0974276	0.0974315	2.02524	8.88614e-06	-1.06683e-05	6.74114e-05	4.74761e-05	0.00032518	0.000476303	0.267644	0.148867	0.264994	0.1	0.00884979
0.10045	0.241022	-1.91199	0.000117305	-6.18542e-05	-5.01146e-05	0.000605481	0.000452111	0.00036698	0.267399	0.148458	0.264751	0.1	0.00816984
-0.858153	0.619578	-0.922508	7.79264e-05	-7.74403e-05	-3.5072e-05	0.000584576	-0.000385164	0.000224108	0.26738	0.148428	0.264733	0.1	0.00931568
-0.62363	-0.875188	0.526775	-4.28663e-05	4.4363e-05	-8.27275e-05	0.000403396	-0.000189261	0.000355779	0.267164	0.148068	0.264519	0.1	0.00754795
1.86788	2.2272	-2.03969	-3.87708e-06	-0.000107733	1.81787e-05	-0.00112802	0.000766693	0.000448618	0.266747	0.147375	0.264106	0.1	0.00850471
-2.18251	3.96485	1.11144	-6.20183e-05	-0.000264669	4.47029e-06	0.000731997	0.000320858	-0.000269656	0.266696	0.14729	0.264055	0.1	0.00655527
-0.494311	0.223057	-1.27207	1.66305e-05	-3.2965e-05	-1.57947e-06	-3.25447e-05	-0.000583017	0.000570224	0.266657	0.147227	0.264017	0.1	0.00589264
-0.506182	-2.84997	0.490441	3.38401e-05	0.00034705	-2.7145e-05	-1.95358e-05	4.5222e-05	-7.75561e-05	0.266646	0.147208	0.264006	0.1	0.0147808
-0.855185	1.05025	-2.08717	2.92636e-05	-0.000140667	-0.000110472	0.00015609	0.000385951	-0.000247414	0.266512	0.146986	0.263873	0.1	0.00715628
-0.0210834	2.85771	1.49289	4.33589e-05	-0.000388099	1.88997e-05	2.38152e-05	-0.000151101	6.77984e-05	0.266395	0.146792	0.263757	0.1	0.00610423
2.48102	-2.58215	-0.453065	4.59658e-05	9.68491e-05	9.40997e-05	0.000357373	0.00024753	-0.000428082	0.26634	0.146702	0.263703	0.1	0.0147613
-1.97285	-1.40441	0.317091	-9.22735e-05	3.8615e-05	0.000137751	-0.000186372	-0.00018098	0.0005767	0.266286	0.146613	0.26365	0.1	0.0109236
-1.59445	3.78025	1.30083	-9.22349e-06	-0.000277175	-0.000145256	0.000865164	0.00034869	5.41847e-05	0.266192	0.146457	0.263556	0.1	0.0074581
-0.939046	-0.679792	-1.44285	0.000165103	9.08568e-05	-0.000157118	-0.000347092	-0.00019224	-5.4429e-05	0.266027	0.146186	0.263393	0.1	0.0140966
-2.05824	3.45993	2.17187	-2.87433e-05	-0.000358255	3.48706e-05	-1.96122e-05	-0.000119774	-0.000401645	0.265875	0.145936	0.263243	0.1	0.0064699
1.26812	1.61441	0.28243	3.20186e-06	2.92767e-05	-0.000134655	0.000207614	-0.00125339	-0.000317407	0.265741	0.145715	0.26311	0.1	0.00554078
1.29389	-2.85938	-0.984922	-5.315e-06	0.000294696	4.95632e-05	0.000198494	0.000129037	-2.00516e-05	0.265638	0.145545	0.263008	0.1	0.00856675
-0.282288	0.663681	-1.4428	-1.63642e-05	-0.000162694	-9.92987e-05	-0.000848052	4.74953e-05	-0.000314579	0.265491	0.145302	0.262862	0.1	0.00612558
1.91648	-0.93134	2.37064	-4.94568e-05	0.000165383	4.78446e-05	-0.000398618	-0.000184592	-0.000304108	0.265259	0.144924	0.262633	0.1	0.00991326
1.30597	2.35921	0.941363	7.71924e-06	-0.000256359	-3.1299e-05	-0.000493951	-0.000129827	-0.000305678	0.264796	0.144165	0.262174	0.1	0.00713736
0.647494	-3.76936	0.0287021	7.60213e-05	0.000440614	-2.46287e-05	0.000379306	-0.000210396	0.000668844	0.264249	0.143274	0.261633	0.1	0.00916
-1.79412	2.08658	2.48662	-3.39494e-06	-0.000197975	4.47323e-05	2.8555e-05	-1.27274e-05	0.000128426	0.264167	0.14314	0.261551	0.1	0.0101937
-0.365675	-1.48163	1.70033	8.35761e-05	0.000118236	-5.04538e-05	-2.4016e-05	-7.00475e-05	-0.000473346	0.264016	0.142895	0.261402	0.1	0.00725953
0.0470628	2.76931	0.355057	0.00010746	-0.000288278	-0.000152793	0.00101559	0.000243581	0.000273993	0.263903	0.142711	0.26129	0.1	0.0105986
0.510313	-1.13074	0.510299	3.08528e-05	3.40561e-05	2.45958e-05	-0.000608321	-0.000182452	0.000134648	0.263737	0.142442	0.261126	0.1	0.00762542
1.37931	-3.72034	-1.8043	1.37213e-05	0.000439496	1.46382e-05	0.00017931	0.000161314	-0.000151517	0.263591	0.142206	0.260981	0.1	0.00898713
-0.0407515	-1.19924	-0.746669	-2.98704e-06	-0.000199992	0.000277163	-0.00108456	-0.00127573	-0.00139488	0.263502	0.142062	0.260893	0.1	0.0102836
1.41242	-2.60183	-1.90713	7.50883e-05	0.000306893	9.39318e-05	-0.00107699	0.000275302	0.000357193	0.263392	0.141884	0.260784	0.1	0.00829549
1.32007	-0.834341	1.71788	-1.52982e-05	0.000158351	9.45128e-06	3.16733e-05	-1.59669e-05	-0.000150043	0.263362	0.141834	0.260754	0.1	0.00625278
0.811489	-0.0399938	0.93315	-2.20369e-05	8.81274e-05	6.53426e-06	-0.000186963	-2.69568e-05	7.14951e-05	0.263318	0.141765	0.260711	0.1	0.00701141
-1.09684	3.84338	0.859558	-7.98575e-05	-0.00037994	3.25466e-05	-7.1296e-05	-3.98122e-05	-0.000161942	0.262863	0.14103	0.26026	0.1	0.00963433
-1.61219	4.03022	-2.36931	5.75507e-05	-0.000405605	-4.36548e-05	0.000253587	-9.25659e-06	0.000354194	0.262474	0.140406	0.259875	0.1	0.00975558
-0.863412	1.66807	0.85765	-3.93876e-05	-4.80631e-05	-7.48653e-05	0.00030999	9.08659e-05	-0.000264929	0.262445	0.140359	0.259847	0.1	0.00982746
2.03659	1.04771	1.23894	-0.000329481	5.73578e-05	8.96887e-05	-0.000692188	-0.00121911	-0.000664099	0.262382	0.140258	0.259784	0.1	0.00772027
0.455946	-2.38359	1.69145	5.5175e-05	0.000233148	4.87536e-05	0.000763414	-0.000816661	-0.000689058	0.262307	0.140138	0.25971	0.1	0.00814243
2.30314	3.30702	-0.602687	-4.65958e-05	-0.000310708	-0.00020482	0.000490754	0.000254503	0.00010618	0.261855	0.139414	0.259262	0.1	0.00822452
-0.316353	-0.000968661	-1.71084	0.000129815	4.25749e-05	5.03646e-05	-0.000277724	0.000174533	-0.000482354	0.261739	0.13923	0.259148	0.1	0.0051683
0.349627	-0.650881	0.404459	3.65077e-05	-4.26318e-05	-3.61878e-05	0.000164702	0.000403189	-0.000198301	0.261522	0.138883	0.258933	0.1	0.00562412
0.393403	-2.64965	-1.61314	-7.57975e-06	0.000265076	4.80009e-05	5.9263e-05	-2.43624e-07	-5.29501e-05	0.261188	0.138352	0.258602	0.1	0.0100608
-0.130026	3.56339	0.482587	-0.00011913	-0.000467708	-0.000139381	0.000436789	-0.000582259	0.000317466	0.260995	0.138045	0.258411	0.1	0.00649528
1.64134	-1.23719	1.7036	-5.68637e-05	0.000189145	4.35285e-05	3.43517e-05	-0.000230364	0.000156531	0.26082	0.137768	0.258238	0.1	0.00735957
0.0216361	-0.377062	-1.81041	0.000104869	5.50792e-05	5.22012e-05	0.000330127	-0.000199545	0.000477448	0.260716	0.137603	0.258135	0.1	0.00797498
2.10612	-0.618349	1.29689	-5.55783e-05	5.06373e-05	7.21677e-05	0.000247831	0.000107126	0.000112815	0.260608	0.137432	0.258028	0.1	0.00909198
1.5657	0.456557	0.561515	1.45159e-05	4.35844e-05	-5.97334e-05	7.81228e-05	-0.00028146	0.000188456	0.260419	0.137134	0.257841	0.1	0.0108536
-0.14138	2.65628	-1.33377	-6.9915e-05	-0.000297194	-7.25647e-06	5.38207e-06	0.000289401	-0.000204462	0.25964	0.135906	0.257069	0.1	0.00909052
2.43706	-1.67568	-0.442469	-5.96688e-05	0.000203351	-1.52339e-05	-0.000756344	-0.000195816	0.000374641	0.259308	0.135386	0.256741	0.1	0.0113653
0.781237	-2.79329	-0.892963	-3.24344e-05	0.000295677	5.16291e-05	1.27469e-05	0.000140317	5.79833e-05	0.259076	0.135023	0.256511	0.1	0.00429651
1.30029	2.00322	-0.0578793	3.99956e-05	-0.000135883	-0.000301977	-0.00112912	0.00125658	0.000211492	0.25907	0.135014	0.256505	0.1	0.00687386
-1.12958	-0.578383	1.333	-3.98942e-05	1.16257e-06	7.64964e-06	-0.000360306	-0.00011311	0.000556474	0.258949	0.134824	0.256385	0.1	0.00850453
2.34862	1.45981	2.00383	6.14359e-05	-0.000157886	0.000262289	-0.000198043	-0.000394913	0.000349558	0.258858	0.134682	0.256295	0.1	0.015538
-0.286707	2.83317	-2.13597	3.88931e-05	-0.000308176	-1.82499e-06	0.000299475	-0.000307257	0.000148233	0.258625	0.134319	0.256064	0.1	0.00995472
0.359323	3.98157	2.32323	-2.49833e-05	-0.000237493	-0.000254534	0.00093678	3.44019e-05	-4.60827e-05	0.25855	0.134202	0.25599	0.1	0.00856605
0.216017	-1.72894	-0.416464	-5.47388e-06	0.000225879	7.25262e-05	0.000207146	-6.97364e-05	0.000310521	0.258498	0.134122	0.255939	0.1	0.00647519
-1.11821	3.66185	-1.00895	-2.36607e-05	-0.000310532	-2.10889e-05	0.0001131	-5.67742e-05	-0.000184931	0.258358	0.133903	0.2558	0.1	0.00718305
-1.70918	-3.47169	0.52593	1.52023e-05	0.000367023	2.33945e-05	0.000376325	0.000444982	-7.88203e-05	0.258082	0.133476	0.255527	0.1	0.0113701
-0.845669	-3.73783	-0.15103	-5.98227e-05	0.000427676	3.15952e-05	8.07144e-05	5.01217e-05	-0.000156594	0.257965	0.133294	0.255411	0.1	0.00768846
-1.50588	-1.79992	-2.4579	6.06817e-05	0.000247399	-5.35203e-05	-5.59942e-05	-0.000173642	-0.00013023	0.25795	0.133271	0.255396	0.1	0.00572622
1.15891	-0.608356	-0.60677	-7.81613e-08	7.61678e-08	1.58474e-08	-5.22129e-26	-5.93151e-25	6.25151e-25	0.257891	0.13318	0.255338	0.1	0.00738496
-0.0778957	2.37937	0.71099	1.42483e-05	-0.00024256	-1.13463e-05	0.000287174	-9.55245e-05	-9.26324e-05	0.25788	0.133161	0.255327	0.1	0.00854302
-0.396471	-1.83199	1.30423	1.41845e-05	0.000225678	4.20657e-05	-5.58932e-05	-0.000156354	-0.000161711	0.257497	0.13257	0.254948	0.1	0.00614849
-1.83704	3.42793	1.66823	3.57077e-05	-0.000383995	-0.000215671	0.000905506	-0.000153548	4.54452e-05	0.257171	0.132066	0.254625	0.1	0.00489638
1.70436	2.36305	-0.254636	0.000252102	2.32381e-05	-7.95768e-05	0.000122985	0.000231659	-0.000595819	0.257045	0.131872	0.2545	0.1	0.0111253
0.569991	0.592159	0.29919	3.4086e-05	-0.000237274	-0.000127752	0.000639941	9.98334e-05	-4.01765e-05	0.257002	0.131805	0.254457	0.1	0.013121
0.0253312	-2.81228	1.74807	2.86576e-05	0.000200471	-5.13051e-05	-0.000177292	-0.000189188	-0.000491236	0.2563	0.130728	0.253762	0.1	0.00704979
1.96211	1.20664	-0.888401	-9.40122e-06	-0.000347013	-0.000179904	9.06308e-05	-0.000250591	-0.000258885	0.256161	0.130517	0.253625	0.1	0.00760339
1.53686	3.01957	-2.42498	-0.00011079	-4.0991e-05	-2.30041e-05	4.4108e-05	-1.33659e-05	-0.000456057	0.256037	0.130326	0.253502	0.1	0.0094216
0.351378	-0.525303	2.30116	-4.87904e-05	7.97277e-05	1.396e-05	1.08828e-05	0.000335854	-0.000173341	0.255995	0.130262	0.25346	0.1	0.00658415
1.06962	2.47432	-0.495939	-8.98957e-05	-0.000385125	4.30305e-05	0.000155855	4.42935e-05	0.000446856	0.25592	0.130148	0.253386	0.1	0.00909791
-2.14487	-0.562303	-1.25266	5.9459e-05	2.62003e-05	3.62358e-05	0.000199717	-0.000148649	-0.000219609	0.255837	0.130021	0.253304	0.1	0.0137124
0.358615	1.22565	1.09023	1.77486e-05	-0.000237001	-5.48778e-05	-0.000350208	0.000340427	-0.000339556	0.255747	0.129885	0.253215	0.1	0.00802306
-0.0225117	1.31337	1.90374	7.97428e-05	-0.000163401	-7.14543e-05	-0.000216262	0.00017207	0.0003734	0.255291	0.129191	0.252763	0.1	0.00677431
0.432675	-3.4331	-0.937805	-2.82979e-05	0.000408653	2.62311e-05	-0.000292464	-5.62787e-05	-0.000365083	0.255224	0.129089	0.252697	0.1	0.00422043
-1.10829	1.49136	-2.14738	2.94781e-05	-0.000191807	-3.05153e-05	2.66514e-05	-0.000103231	-9.15209e-05	0.255101	0.128903	0.252575	0.1	0.00659167
-1.02706	1.13065	1.57074	-7.95207e-05	-7.99324e-05	-5.57172e-05	-0.000504388	0.000574065	-6.6995e-05	0.254823	0.128482	0.2523	0.1	0.0153738
1.58789	-2.81135	-2.33985	5.59026e-05	0.000284933	0.000104271	0.000544165	0.000292731	0.000711437	0.254506	0.128002	0.251986	0.1	0.00736466
-0.304444	1.2087	-0.374112	-4.18582e-07	5.89604e-07	-2.29763e-06	-5.32193e-11	-5.03336e-12	-2.22619e-11	0.254402	0.127845	0.251883	0.1	0.012488
1.66173	-3.56552	-2.20576	-1.6245e-05	0.000469914	5.11871e-05	-0.000535649	8.53313e-05	-0.000642042	0.254272	0.127649	0.251754	0.1	0.0061375
-0.949986	-1.11278	1.61496	-0.000103943	0.000215406	1.72087e-05	0.000145823	0.00060627	-3.88147e-05	0.254252	0.127621	0.251735	0.1	0.00785853
-1.70292	0.675819	-0.176846	9.153e-06	-8.72416e-05	-5.10283e-05	-6.36291e-05	-5.88041e-05	-0.000169474	0.254212	0.12756	0.251695	0.1	0.00981423
1.0376	-2.25462	-1.89463	1.32525e-05	0.000239173	3.5906e-05	0.000378143	0.000134586	1.17173e-05	0.254199	0.127539	0.251682	0.1	0.00660635
1.21878	1.63064	0.872073	-8.41936e-05	-0.000119951	0.000111673	0.000180353	0.000461165	0.000352291	0.254057	0.127328	0.251542	0.1	0.00606176
1.34383	3.37914	-1.95993	-0.000128791	-0.000279944	3.9574e-06	9.17445e-05	-6.84549e-05	2.36032e-05	0.253567	0.126591	0.251056	0.1	0.00960367
-1.37225	-0.865128	-0.123256	4.25835e-06	7.82893e-05	-5.00031e-05	5.87406e-07	-0.000152351	5.00933e-05	0.253456	0.126426	0.250947	0.1	0.00622666
1.03727	1.33088	1.31987	0.000111778	-0.000136345	-5.84925e-06	-0.000171157	-0.00057256	6.17537e-05	0.253434	0.126392	0.250925	0.1	0.00641786
-2.38323	2.79245	-2.02614	-1.36282e-05	-0.000217891	8.0108e-05	2.92153e-05	-1.85081e-05	-1.33268e-05	0.253312	0.12621	0.250804	0.1	0.01182
1.2336	-0.590103	-2.48119	7.05033e-05	0.000127322	4.32125e-05	0.000332932	-8.13433e-05	-0.000282736	0.253184	0.126018	0.250677	0.1	0.00890491
0.846959	0.968287	1.60519	0.0001472	-8.55633e-05	-6.30897e-06	-0.00015066	-0.000105602	0.000562853	0.253182	0.126015	0.250675	0.1	0.00535601
-0.607802	2.4281	1.06402	1.55869e-05	-0.000233327	9.34339e-06	0.000211333	6.85824e-05	5.34873e-05	0.253176	0.126006	0.250669	0.1	0.00738997
1.87097	-0.892441	0.719272	1.26981e-06	0.000207188	5.15356e-05	-2.1035e-05	7.08191e-06	-0.000130443	0.253012	0.125762	0.250507	0.1	0.00767264
-2.1475	1.32209	-2.31393	2.31177e-05	-9.63512e-05	-8.05633e-06	-7.8544e-05	-0.00039693	-0.000248481	0.252518	0.125027	0.250018	0.1	0.00714418
0.408737	0.216702	-0.905591	-1.59836e-05	-0.000105237	-1.18925e-05	-0.000724024	0.000240713	-0.00037021	0.252479	0.124968	0.249979	0.1	0.00920847
2.26337	2.97968	-2.32293	-1.1673e-05	-0.000219069	0.000132644	-0.000393631	0.000321024	-0.000416446	0.25247	0.124955	0.24997	0.1	0.00655537
1.25545	-1.1363	-1.1126	-6.37119e-05	0.000159561	2.2085e-05	7.80348e-05	7.87991e-05	0.000109072	0.252451	0.124927	0.249951	0.1	0.0109622
1.04896	-1.41123	-2.25897	-0.000109601	0.000247942	0.000102899	-0.000230876	-0.000967138	-5.49476e-05	0.252394	0.124843	0.249895	0.1	0.0148382
-1.72721	-2.75749	-1.53105	2.24359e-05	0.000296744	-3.12265e-07	0.000608242	-0.000574542	0.000224911	0.251969	0.124213	0.249474	0.1	0.00869855
0.743196	-3.80863	-1.05921	1.49408e-05	0.000406915	6.50447e-05	-3.85467e-05	0.000168921	-0.000333577	0.251672	0.123775	0.24918	0.1	0.00693236
0.301503	-1.67265	2.10113	9.07396e-05	0.000107618	5.49828e-05	0.000201372	4.47691e-05	-0.000508008	0.251598	0.123666	0.249107	0.1	0.0100458
-1.37428	-1.64057	1.62437	1.56813e-05	0.000295837	-4.78887e-05	-0.000150397	4.25692e-05	0.000165663	0.251461	0.123464	0.248971	0.1	0.00645574
0.151534	-2.87061	2.23453	3.63469e-05	0.000151799	-7.9851e-05	-7.35838e-05	2.97659e-06	-0.000775542	0.251337	0.123281	0.248849	0.1	0.00981757
-1.98982	-1.17486	0.843673	-3.31958e-05	0.000122954	3.93573e-05	0.000135579	7.96043e-05	-9.74374e-05	0.251292	0.123215	0.248804	0.1	0.00777953
1.99751	-3.93125	-2.15579	-2.10924e-05	0.000469303	-2.53088e-05	6.08388e-05	0.000336278	0.000528614	0.251252	0.123155	0.248764	0.1	0.00693586
0.327972	-1.00389	-1.05522	-0.000146932	8.52867e-05	5.13236e-05	0.000354164	0.000336717	0.000465285	0.251159	0.123019	0.248672	0.1	0.0104953
0.449124	-3.83045	-0.637403	-4.77934e-05	0.000426909	1.42492e-05	0.000257289	3.52012e-05	0.000260516	0.250885	0.122618	0.248401	0.1	0.00558186
-1.07685	-1.03167	-2.35366	6.98627e-05	0.000160715	-6.37574e-05	0.000134064	-0.000486161	0.000377697	0.250767	0.122444	0.248284	0.1	0.010869
1.98014	-3.0508	-2.14672	0.000125896	0.000257498	-9.32395e-05	-5.29969e-05	-0.000424478	0.000243582	0.250701	0.122347	0.248219	0.1	0.00703241
0.902798	-1.48383	-1.05828	-4.92837e-05	0.000154494	9.81333e-05	0.000295117	0.000401955	0.000865778	0.250676	0.122311	0.248194	0.1	0.0106118
1.77564	3.61558	-2.06032	-7.02913e-05	-0.000323084	-3.85922e-05	0.000218312	-0.000460914	-3.45886e-05	0.250667	0.122297	0.248185	0.1	0.00574737
0.218339	-3.86118	-1.07849	-6.50322e-05	0.000448426	2.51101e-05	0.000184051	-0.000398025	-3.68883e-05	0.250642	0.12226	0.24816	0.1	0.00525721
-1.46023	-0.723315	-2.38842	1.99109e-05	3.18375e-05	-0.00010951	0.000393077	-9.94548e-05	0.00027552	0.250299	0.12176	0.247821	0.1	0.00827773
0.565193	-1.3709	-0.358338	8.38952e-05	0.000153383	-1.37581e-05	-0.000339131	0.000435883	-0.000762742	0.25018	0.121585	0.247703	0.1	0.00968423
-0.288481	-2.69515	2.38308	8.50909e-05	0.000250675	-2.51142e-05	0.000515049	6.3158e-05	0.000248499	0.250152	0.121546	0.247675	0.1	0.00716382
-2.4859	-3.13293	-1.95394	3.58149e-05	0.00029606	3.16827e-05	-0.000227321	-2.01954e-05	5.7428e-05	0.250067	0.121421	0.247591	0.1	0.00634399
-0.0395692	1.63391	2.29656	4.24527e-05	-5.36653e-05	-3.03757e-05	2.80406e-05	-0.000119185	0.000239464	0.250057	0.121407	0.247581	0.1	0.00845229
-2.20232	1.00892	-1.06976	8.15831e-05	-8.88298e-05	-6.21478e-05	-1.16789e-06	-0.000373818	-9.1998e-05	0.249982	0.121297	0.247507	0.1	0.00569179
-1.7069	-0.243559	-1.22722	3.30198e-05	-1.46563e-06	-6.92427e-05	-0.000138307	-0.000270897	0.000123004	0.249805	0.121041	0.247332	0.1	0.0106284
-1.30847	0.906464	-2.26082	3.08926e-05	-8.97496e-05	-1.89661e-05	-0.000191447	-0.000205849	1.54843e-05	0.249501	0.120599	0.247031	0.1	0.00950313
1.18814	-3.81151	0.0908302	0.00014959	0.00045348	4.60911e-05	0.000304722	-0.000636606	-5.96117e-05	0.249491	0.120585	0.247021	0.1	0.00894647
0.958125	2.03745	0.758245	-7.58219e-05	-0.000179272	4.69687e-05	-0.000597771	-0.000426224	-0.000326783	0.249466	0.120547	0.246996	0.1	0.00697241
0.0264821	0.263848	-1.37587	2.26924e-05	-0.000110363	2.98521e-05	8.15242e-05	0.000161636	0.00049964	0.249265	0.120257	0.246797	0.1	0.00738412
0.743065	-1.09022	-1.31129	-0.000157965	6.01566e-05	4.60454e-05	-0.000672737	-0.000248348	-0.000404846	0.24919	0.120149	0.246723	0.1	0.0123257
0.618641	-0.613655	-0.962991	-1.17478e-07	-1.78142e-07	-1.19442e-07	-7.82573e-12	2.54887e-11	-8.30116e-11	0.249006	0.119884	0.246541	0.1	0.0144922
-1.42907	2.34138	-0.963707	2.90402e-05	-0.000207514	1.44729e-05	-0.000183849	0.000177604	0.00050966	0.248917	0.119754	0.246452	0.1	0.0108921
2.19186	0.642221	1.95028	0.000130123	-9.53962e-06	-5.98637e-05	0.000111055	0.000265499	5.14659e-05	0.24891	0.119744	0.246446	0.1	0.0105648
1.83186	0.0902501	1.37246	5.7153e-06	-0.000426685	-0.000203743	-0.000101139	0.000285705	-0.000475266	0.248903	0.119734	0.246439	0.1	0.00787515
-1.26144	-0.0663216	-2.42662	2.27774e-05	3.94991e-07	-4.19868e-05	0.000106015	-0.000152694	0.000554073	0.248902	0.119733	0.246438	0.1	0.00768633
-1.58632	2.99489	1.67113	0.000127719	-0.000328617	-9.88256e-05	-0.00101557	-0.000653473	0.000390232	0.248378	0.118978	0.245919	0.1	0.008312
1.50103	1.15282	1.31437	0.00014464	-5.43492e-05	-2.12981e-05	0.000245332	0.000241522	0.000411333	0.248178	0.11869	0.245721	0.1	0.00582535
-0.33238	0.484923	-2.01186	7.11787e-05	-0.000230534	-6.66729e-05	-0.00108705	-0.00025243	-6.47258e-06	0.24787	0.118249	0.245416	0.1	0.0070843
-1.28987	-0.240292	2.115	-5.70045e-06	7.38801e-05	-5.05673e-05	0.000236902	0.000324485	-0.000357089	0.247827	0.118187	0.245373	0.1	0.00719602
-1.61367	-1.27786	1.39959	-8.4676e-06	0.000180824	-7.968e-05	-0.000105654	0.000208342	1.56768e-05	0.247767	0.118102	0.245314	0.1	0.00796482
-1.68655	-3.53992	1.2585	1.93945e-05	0.000456244	4.19059e-05	0.000423334	8.79296e-05	-0.000149896	0.247735	0.118056	0.245282	0.1	0.00878933
1.03881	-3.44937	1.15378	2.29805e-09	3.92524e-08	-1.39194e-09	-2.54176e-28	1.85596e-27	7.87501e-28	0.247707	0.118015	0.245254	0.1	0.00975838
-0.0474666	3.78918	0.979317	2.72665e-05	-0.000394281	-2.81535e-05	3.06116e-05	-0.000106097	-7.16795e-05	0.247608	0.117873	0.245156	0.1	0.00812004
-1.68507	3.32862	0.97296	7.35105e-05	-0.000116012	-0.000139856	0.000210572	-0.000497515	0.000543971	0.247575	0.117828	0.245124	0.1	0.00802346
1.47424	0.794864	-0.873419	1.47793e-05	-0.000268112	1.97292e-05	0.000261584	4.57931e-06	4.46777e-05	0.247232	0.117337	0.244784	0.1	0.00922207
0.123042	-3.44954	-1.32603	-6.05965e-05	0.000419169	4.38629e-05	-0.000185525	-7.06772e-06	0.000311281	0.247018	0.117033	0.244572	0.1	0.00747546
0.246171	2.10133	-1.35761	-6.29795e-05	-0.000310212	4.77311e-05	0.000110181	-0.000287831	-0.000304411	0.246945	0.11693	0.2445	0.1	0.00756755
-1.91794	3.35511	-1.15026	-6.99031e-06	-0.000314481	-4.81213e-06	-0.000226746	-9.1277e-05	2.15172e-05	0.246862	0.116812	0.244418	0.1	0.0101598
-0.169497	0.512375	2.2585	2.8052e-05	-4.18445e-05	-3.08402e-05	-0.000192273	-0.00013498	3.81925e-05	0.24683	0.116767	0.244386	0.1	0.00780667
-0.794315	-1.54512	1.44045	-1.27519e-05	0.000292438	3.07779e-05	-3.26651e-05	-0.001069	0.000216767	0.246791	0.116712	0.244348	0.1	0.00670551
0.24538	3.44151	0.806801	-4.36579e-06	-0.000411124	4.83569e-05	-9.86086e-05	-0.000145525	-8.62755e-05	0.246746	0.116648	0.244303	0.1	0.00574552
-0.264737	4.02154	0.331335	-8.58517e-05	-0.000447413	-4.74148e-05	0.000139136	-0.000126075	-0.000214212	0.246741	0.11664	0.244298	0.1	0.00726341
-0.148279	1.43213	-0.790114	-1.52463e-05	-6.65464e-05	-0.000218362	-0.000111108	0.000416053	0.000280901	0.246625	0.116476	0.244183	0.1	0.00662398
1.34407	3.69506	0.816065	-0.000130451	-0.000435971	7.75224e-05	1.96365e-05	-5.79387e-05	-0.000180146	0.246618	0.116465	0.244176	0.1	0.00904985
-0.352104	0.329298	0.142874	-2.665e-05	-0.000111718	2.5329e-05	-1.32992e-05	-0.000433015	-2.65563e-05	0.246595	0.116433	0.244153	0.1	0.00632651
1.72714	2.74485	-0.573734	0.000202824	-5.40903e-05	-0.000175341	-0.000629948	-0.000143967	0.000800228	0.246366	0.11611	0.243927	0.1	0.010803
-0.834655	-1.38894	-0.0284052	4.1861e-06	-3.17869e-06	-1.79368e-05	-2.11267e-05	-8.37922e-05	9.39804e-06	0.246308	0.116027	0.243869	0.1	0.00979486
0.0640541	1.13126	0.100748	-2.71475e-05	-0.000198352	-3.18601e-05	1.27773e-05	0.000438406	2.32142e-05	0.246304	0.116021	0.243865	0.1	0.0129744
-1.22776	-1.04891	1.21151	1.12091e-05	5.10166e-05	-5.48036e-05	0.000460502	-0.000166231	-0.000513034	0.24629	0.116001	0.243851	0.1	0.00624945
-1.08293	2.02712	1.21138	2.9484e-05	-0.000206839	4.36425e-05	-8.76433e-05	0.000447225	-0.000273046	0.246171	0.115834	0.243734	0.1	0.00826783
0.636122	3.77883	-0.59976	-2.3112e-05	-0.000354692	1.76847e-05	-0.00033287	0.000206176	-0.000115745	0.246104	0.115739	0.243667	0.1	0.00467556
0.679511	-3.29594	0.8563	1.13319e-08	4.00826e-08	5.81165e-09	-2.03429e-26	2.30026e-25	7.53213e-27	0.245924	0.115485	0.243489	0.1	0.00988136
-2.30082	0.849912	2.29879	8.28775e-05	2.70133e-05	0.000107602	-0.000235308	-0.000217067	-7.83639e-05	0.245818	0.115336	0.243384	0.1	0.00956954
1.35105	0.606687	-1.32173	-3.82553e-07	-5.35836e-05	3.61305e-05	0.000139526	-0.000147799	-0.00021781	0.24563	0.115072	0.243198	0.1	0.0100799
-0.613814	0.451411	-2.40777	0.000107298	-0.000141186	-9.91896e-05	0.00064993	-8.91206e-05	-0.00123442	0.245492	0.114877	0.243061	0.1	0.00951029
2.17009	2.40546	1.43554	-6.01843e-08	1.35638e-07	-6.88656e-07	-3.49957e-20	-4.51319e-21	2.60971e-21	0.245444	0.114812	0.243014	0.1	0.0107362
2.48353	-3.18119	0.332113	-4.04271e-05	0.000266641	-1.51521e-05	0.000105383	0.000191315	4.59218e-05	0.245374	0.114714	0.242945	0.1	0.0111706
-0.720473	-0.241117	-1.5413	0.000125297	4.89643e-05	-3.66943e-05	0.00025921	-0.000582264	0.000453582	0.245244	0.114531	0.242816	0.1	0.005386
0.760421	-3.49541	2.24409	1.4313e-05	0.000205825	3.32697e-05	-0.000395625	0.000490726	-0.000188482	0.245189	0.114453	0.242761	0.1	0.00644095
1.44048	3.36229	0.42693	5.63424e-05	-0.000370559	-6.43168e-05	-0.000214351	0.000541987	-0.000565109	0.244966	0.114142	0.242541	0.1	0.0119715
-0.407788	0.839389	-0.960057	2.43242e-05	-8.92219e-05	1.55722e-05	-0.000579408	0.000238038	-7.73755e-05	0.244953	0.114123	0.242528	0.1	0.00535357
-1.96785	-0.977894	0.0449368	-4.98466e-05	-4.86247e-05	5.88554e-07	-3.41076e-05	7.28947e-05	-0.000384317	0.244934	0.114096	0.242509	0.1	0.00854882
0.209559	-1.01179	1.63658	7.27599e-05	8.81063e-05	-2.7621e-05	2.32653e-06	0.000269641	0.000482815	0.244844	0.113972	0.24242	0.1	0.00701647
-0.730477	-2.74119	-1.98867	4.58889e-05	0.000296287	3.22165e-05	8.02262e-05	0.000341679	-0.000557859	0.244741	0.113827	0.242318	0.1	0.0112537
-0.211212	2.71639	1.04882	5.03393e-05	-0.000304824	3.19754e-05	0.000125065	7.19925e-06	-0.000355477	0.244734	0.113818	0.242311	0.1	0.00615006
2.45646	-2.11939	1.15189	8.91341e-05	0.000209426	-2.48233e-05	0.000397621	-0.000231497	-0.000464108	0.244542	0.11355	0.242121	0.1	0.00987768
0.138256	-1.49378	1.67386	1.55055e-05	9.72876e-05	7.93607e-05	0.000202405	-2.02513e-05	0.0001766	0.244486	0.113471	0.242065	0.1	0.00674314
0.873348	-2.51279	-1.29317	-3.21946e-05	0.00029172	9.31187e-05	0.000100256	-9.55636e-05	-1.21911e-05	0.244454	0.113428	0.242034	0.1	0.00718096
0.688525	2.68213	-0.249204	7.70154e-07	-5.78587e-07	-9.95196e-07	4.27386e-06	1.40846e-06	1.3128e-06	0.2444	0.113351	0.24198	0.1	0.00657173
1.24651	2.73677	2.28782	-0.000131474	-0.000216776	9.51653e-06	-0.000569692	-6.83556e-05	9.69081e-05	0.244162	0.113022	0.241745	0.1	0.0111359
-2.34659	-0.984796	0.345454	-3.46105e-05	7.77255e-05	3.01596e-05	3.07669e-05	6.79226e-05	-0.000289384	0.24414	0.112991	0.241723	0.1	0.00771898
-0.0956806	-3.92704	-2.14709	-2.51814e-05	0.000370908	2.48596e-06	0.000120623	-0.000160529	-6.95972e-05	0.244103	0.112939	0.241686	0.1	0.0083342
0.344224	-2.96496	-1.06125	-1.25246e-05	0.000387922	-9.09704e-06	0.000142403	7.49974e-05	0.000376246	0.244062	0.112883	0.241646	0.1	0.00688989
-0.336056	1.2277	-1.23364	1.25643e-05	-0.000225462	-0.00011553	-3.22214e-05	0.000269088	-4.24821e-05	0.243921	0.112687	0.241506	0.1	0.00425238
-1.3865	3.03909	0.0319372	-4.14039e-05	-0.000283344	-6.94146e-06	-0.000152779	9.54024e-05	9.96362e-05	0.243692	0.112369	0.241279	0.1	0.0082654
0.911898	1.65659	1.93226	2.86129e-05	-0.000179188	3.72464e-05	0.000429293	7.04183e-05	2.43387e-05	0.24367	0.112339	0.241257	0.1	0.00945826
-1.41828	-1.27803	-0.37913	5.74417e-05	0.000100916	-4.87318e-05	-4.58384e-05	2.49702e-05	3.01476e-05	0.243648	0.11231	0.241236	0.1	0.00964326
-2.05392	2.17277	-0.953526	3.59259e-05	-0.000257053	9.29962e-05	-0.000180029	5.62103e-05	0.000176451	0.243387	0.111948	0.240977	0.1	0.00711278
-2.29808	0.975361	-0.590532	-4.95806e-07	-9.74604e-07	-1.19054e-06	-2.71686e-22	-1.26823e-21	-1.62625e-22	0.243111	0.111568	0.240704	0.1	0.00854482
-2.35186	-2.60137	1.20311	-7.12678e-06	0.000303167	-5.22216e-05	0.000102868	-0.000364	0.000130267	0.242966	0.111368	0.24056	0.1	0.00931267
0.756867	1.48566	0.796062	-2.54916e-05	-0.000131299	-7.95906e-05	0.0001691	-0.000240861	-0.00110401	0.242842	0.111198	0.240438	0.1	0.00454929
-1.64438	3.95459	-1.06264	4.81163e-05	-0.000378329	1.89655e-05	0.000384845	0.000144478	0.000205707	0.242774	0.111104	0.24037	0.1	0.00963738
1.51591	-0.687359	-2.07619	0.000238239	6.13902e-05	0.000142142	0.000832419	-0.000170274	-0.00135247	0.242496	0.110724	0.240095	0.1	0.0123786
1.77734	-1.23829	1.21033	-4.15048e-05	0.000210599	1.76225e-05	-0.000131956	-0.000100261	0.000175628	0.242131	0.110225	0.239734	0.1	0.0081396
1.11413	-0.428656	2.06526	5.72546e-05	0.000174508	-2.65116e-05	-4.35861e-05	-2.29372e-05	-0.000247609	0.241931	0.109952	0.239536	0.1	0.00902553
-0.894979	-3.95234	-0.9091	-0.000176424	0.000344249	-9.77966e-05	-0.000459612	0.000123512	0.000592521	0.24193	0.10995	0.239535	0.1	0.00765948
-2.15956	0.83292	-0.0794804	9.74673e-07	-2.95111e-07	-2.08498e-07	4.20296e-24	9.83017e-24	1.85373e-24	0.241739	0.109691	0.239346	0.1	0.011726
-1.21473	-0.725633	-1.86358	-3.07313e-07	-1.22291e-08	-4.74415e-07	-1.10604e-24	-3.38377e-24	2.10253e-24	0.241738	0.109688	0.239345	0.1	0.0135827
-1.87773	-3.77181	0.879059	1.03744e-05	0.00045972	5.04365e-05	-0.000623682	-0.000301862	-0.000288028	0.241731	0.109679	0.239338	0.1	0.00867527
-1.11103	-1.81306	-0.0878596	-1.1243e-06	-8.58945e-08	-2.9486e-07	1.01662e-24	-3.76326e-24	1.16048e-24	0.241723	0.109668	0.23933	0.1	0.00913686
-1.55321	-2.73373	-0.578288	-0.000125238	0.000365495	2.70208e-05	-9.52129e-05	9.35745e-05	6.35115e-05	0.241715	0.109657	0.239322	0.1	0.0082165
-1.40017	3.32123	1.36442	1.19606e-05	-0.000261639	-9.77264e-05	-0.00104171	-0.000683656	7.76149e-05	0.241502	0.109368	0.239111	0.1	0.00639341
-1.24247	-2.216	0.710874	-1.76253e-05	0.000142007	8.94836e-05	0.000786431	2.85055e-05	0.000101785	0.241393	0.109219	0.239003	0.1	0.00645448
-1.90713	-3.00765	-0.794127	-2.74612e-05	0.000387044	4.65304e-05	-0.000118603	0.000257787	-6.11307e-05	0.241283	0.10907	0.238894	0.1	0.00814505
2.33742	1.15001	-1.61722	0.00017102	-0.000195283	2.14028e-05	0.000437052	0.000705047	-1.03692e-05	0.241125	0.108856	0.238738	0.1	0.00635126
0.835998	2.15531	0.00808238	3.18798e-05	-0.000332215	4.56977e-06	-0.000305682	-0.000192708	-0.000462373	0.241121	0.108851	0.238734	0.1	0.00548615
2.40847	2.9827	1.89097	-3.82072e-06	-0.000253553	-2.5975e-05	0.000703886	-0.000396372	-0.000196443	0.241078	0.108793	0.238691	0.1	0.00644503
1.08716	1.25768	-2.05081	1.6217e-05	-0.000147022	9.91651e-06	-0.000337857	-3.39443e-05	-0.000142688	0.241066	0.108776	0.238679	0.1	0.00636076
-2.21435	2.18102	0.937343	-0.000178873	-0.000232667	1.85733e-05	0.000149612	-4.82447e-05	-5.15143e-05	0.241027	0.108724	0.238641	0.1	0.00877709
-2.36224	1.42923	-1.88966	2.19356e-05	-0.000115018	3.0034e-05	0.000351728	0.000323091	-7.64867e-05	0.24097	0.108646	0.238584	0.1	0.00398417
2.02556	1.31519	1.65846	0.000124942	5.00179e-05	0.000114056	0.00127708	0.000538421	-0.0001545	0.240966	0.108641	0.23858	0.1	0.00816411
1.1948	-0.16262	-1.98508	0.000168036	-6.78683e-05	5.48233e-05	-0.000311484	0.000370569	0.000180818	0.24074	0.108335	0.238356	0.1	0.00559724
0.549086	2.66497	0.209862	5.53434e-05	-0.000341949	4.91717e-06	0.000244877	-0.000167347	-0.000480968	0.240483	0.107989	0.238102	0.1	0.00433019
-2.05592	3.4963	1.23325	-1.72441e-05	-0.000266365	-0.000170583	-0.000248404	0.000360971	0.000283392	0.240458	0.107956	0.238077	0.1	0.00644463
2.49805	-0.460236	2.03404	1.53773e-05	0.000287134	0.000104814	7.27607e-05	8.64549e-05	-0.000203089	0.240401	0.107879	0.238021	0.1	0.00809709
0.466628	0.293738	1.20241	0.000139004	3.62185e-05	-0.000189458	2.90191e-05	7.08975e-05	0.000223785	0.240234	0.107654	0.237855	0.1	0.00688718
-1.84668	1.97443	-0.57068	1.53599e-05	-0.000330839	6.46981e-05	-3.92268e-05	0.000166458	-0.000199358	0.240234	0.107654	0.237855	0.1	0.011005
2.16009	1.7758	-0.639979	0.000214883	-0.000388283	-0.0002808	0.00191513	0.000186822	0.00128296	0.240084	0.107453	0.237707	0.1	0.00838006
0.430628	1.21409	1.57807	0.000124516	-0.000237975	-9.09702e-05	-0.000469774	-1.40193e-05	-8.38452e-06	0.239985	0.107319	0.237609	0.1	0.00595157
0.252346	0.688961	0.908643	0.000118921	-6.68021e-05	-6.15865e-05	0.000618001	0.000321404	-0.000341652	0.239931	0.107246	0.237555	0.1	0.00593885
2.03864	2.87622	1.50346	3.42398e-05	-2.87788e-05	1.45232e-05	-0.000120069	-5.6215e-05	0.000180685	0.239786	0.107053	0.237412	0.1	0.00941148
-0.846206	-0.881098	0.9749	2.02082e-05	-4.37187e-05	-6.99791e-05	-0.00014658	0.000436725	-0.000136297	0.239696	0.106933	0.237323	0.1	0.00571193
0.244431	-1.56821	-0.919856	-4.28424e-05	-0.000193659	0.000203966	0.00216327	0.000688186	0.000982037	0.239588	0.106787	0.237216	0.1	0.00952926
-0.295352	-3.45563	2.27846	5.46965e-07	0.000379752	-6.23041e-06	0.000347028	-1.63099e-06	-0.000345251	0.239483	0.106648	0.237112	0.1	0.00971648
-1.84236	-2.88913	0.229503	-2.9924e-05	0.00029433	4.8063e-05	0.000288474	4.00727e-05	0.000104469	0.239239	0.106322	0.23687	0.1	0.00983541
1.27381	3.83883	0.332724	-5.67657e-05	-0.000431508	-4.47952e-06	0.000169683	-0.000504201	-0.000252762	0.239237	0.106319	0.236868	0.1	0.00808092
-2.23964	-1.25957	-0.343699	3.68859e-06	0.000272235	8.65021e-05	-0.000421257	-0.00013527	0.000364127	0.239205	0.106277	0.236837	0.1	0.0110239
-2.3815	-0.643408	1.25708	-9.02961e-05	0.000211631	9.33167e-06	-0.000629326	-0.000210875	3.87948e-05	0.239191	0.106258	0.236823	0.1	0.00764335
-2.48756	-0.790028	2.41406	-2.78587e-05	0.000261435	8.78971e-05	0.000129806	0.000114225	0.00019137	0.238965	0.105957	0.236599	0.1	0.0111095
-1.67027	-3.5268	0.0400707	-5.96353e-05	0.000460439	3.41278e-05	-2.0099e-05	-0.000153913	0.000373224	0.238904	0.105876	0.236539	0.1	0.00908329
-0.687151	-1.90326	-1.37123	-2.89913e-05	0.000309345	-2.9702e-05	-0.000327978	0.000103186	0.000251741	0.238867	0.105826	0.236502	0.1	0.00805941
-1.29076	-0.55642	0.239157	-4.60895e-05	2.69129e-05	-5.14124e-05	0.000114464	8.46001e-05	0.00028959	0.238847	0.105799	0.236482	0.1	0.0044033
-0.784696	-3.60103	2.16227	5.327e-06	0.000393032	1.30992e-06	0.000214904	3.92307e-05	-0.000389161	0.23868	0.105579	0.236317	0.1	0.00708284
0.342073	-1.9359	1.51232	0.0001257	0.00026709	0.000112354	-0.000343021	-1.16781e-06	0.000798458	0.238578	0.105443	0.236216	0.1	0.00711395
-1.39277	1.0028	1.27966	-6.63488e-05	-0.000115131	2.31352e-05	0.000258971	-0.000546547	-2.55254e-05	0.238575	0.105439	0.236213	0.1	0.00857154
-2.18536	-2.88261	-1.63058	1.15999e-05	0.000331032	-6.61917e-06	6.84922e-05	0.000123813	0.000334985	0.238558	0.105416	0.236196	0.1	0.00652658
0.263177	1.86031	1.99476	1.7859e-05	3.52933e-06	-1.04645e-05	3.32836e-05	4.35497e-05	6.71133e-05	0.238531	0.105381	0.236169	0.1	0.00719714
0.101663	-0.137542	-2.23484	9.4684e-05	-4.11674e-05	8.17149e-06	-0.000881975	0.000283494	0.00020735	0.238467	0.105296	0.236106	0.1	0.00708799
-0.706786	3.97063	0.157805	-6.4082e-05	-0.000389166	-2.66109e-05	0.000127809	0.000118147	9.48241e-05	0.238429	0.105245	0.236068	0.1	0.00537939
-0.850401	-2.78571	-0.636986	-2.71934e-07	2.08398e-07	6.64566e-07	1.99769e-24	-2.70453e-24	4.56633e-25	0.238392	0.105197	0.236032	0.1	0.0120068
2.18861	-2.51323	1.11486	-6.87626e-06	0.000278183	-7.53477e-05	-0.000135342	0.000270342	-1.5165e-05	0.238069	0.10477	0.235712	0.1	0.00974448
0.179848	-2.06176	-0.775872	4.7912e-05	0.000289933	7.51517e-06	0.000145597	-0.000200912	-0.000305238	0.2379	0.104547	0.235545	0.1	0.00567219
-0.0903156	-0.520314	0.206924	-8.63441e-06	0.000180358	1.91485e-05	0.000310909	-1.94441e-05	0.000213485	0.237677	0.104254	0.235324	0.1	0.00481128
0.800467	-0.57788	0.590615	-3.81852e-05	0.000109797	3.76115e-05	-1.28525e-06	-0.000359884	-3.42345e-05	0.237634	0.104196	0.235281	0.1	0.00691415
1.71077	0.255742	2.25052	5.21039e-05	-2.69981e-06	3.81026e-05	-0.000179771	6.20346e-05	-2.62139e-05	0.237512	0.104035	0.23516	0.1	0.0115856
-2.33108	3.24312	-2.32112	1.91281e-05	-0.000300742	-8.52397e-06	0.000221085	0.000252984	5.71094e-05	0.237463	0.103972	0.235112	0.1	0.00590186
0.0807404	2.37773	1.41342	5.39796e-05	-0.00034463	-7.95181e-06	0.000106947	-6.76656e-05	-0.000219009	0.237431	0.103929	0.23508	0.1	0.0072612
0.355555	-1.92816	-2.25765	4.60967e-05	3.63557e-05	-0.000160494	-0.000196228	0.000689688	-0.000332075	0.237431	0.103929	0.23508	0.1	0.0132085
1.66988	-0.242623	-2.01502	0.000321049	2.94677e-05	0.00016016	-0.000887938	-0.000169252	0.000965523	0.237278	0.103729	0.234929	0.1	0.0106116
-2.47524	1.48878	0.384776	-2.07789e-05	-0.000101453	9.97868e-05	-0.000251457	0.000112963	-6.81685e-05	0.237254	0.103697	0.234905	0.1	0.00744841
0.576398	-2.33593	-0.915023	3.22657e-05	0.000102038	-6.92422e-05	-0.000522712	-2.62052e-05	-0.000300694	0.237202	0.103628	0.234853	0.1	0.00658758
-1.61462	-1.4448	2.22577	0.000102283	0.000219441	-6.29158e-05	-0.000268084	-0.000303351	-3.09354e-05	0.237135	0.103541	0.234787	0.1	0.00799965
0.957634	2.40861	2.47603	-5.20775e-05	-0.000232391	8.74502e-05	-0.000100109	-0.000133076	0.000486216	0.237122	0.103524	0.234774	0.1	0.00754722
-0.907999	3.94972	-0.462506	-6.85177e-05	-0.000322817	-4.2344e-05	0.000319868	-5.95447e-05	0.00012419	0.236892	0.103224	0.234547	0.1	0.00740584
0.108559	0.473949	-2.3535	-1.24672e-06	1.82006e-05	-5.97788e-06	-0.000104308	-1.79947e-05	-2.98664e-05	0.236865	0.103189	0.23452	0.1	0.00936275
-1.3842	1.9364	-0.71312	0.000100385	-0.00017467	-1.4184e-05	0.000193546	-0.000246279	-2.74616e-05	0.236787	0.103086	0.234443	0.1	0.00591571
1.05078	-0.64833	-0.0497095	8.17256e-06	7.85843e-05	2.79917e-05	-0.000221169	2.51355e-05	0.000400199	0.236379	0.102554	0.234039	0.1	0.00580744
1.69425	-1.29356	-1.24252	-4.44408e-05	0.000221907	1.03718e-05	-0.000121573	-1.70318e-05	0.000191361	0.23636	0.10253	0.23402	0.1	0.0108555
2.35727	-2.0933	-0.69011	-7.02837e-05	0.000117939	5.15644e-05	0.000424473	2.69713e-05	0.000565461	0.236341	0.102504	0.234001	0.1	0.0173706
-0.626614	1.24533	-0.856283	6.91683e-05	-0.000112197	-3.41027e-05	0.00016277	0.000237534	0.000212042	0.236281	0.102428	0.233942	0.1	0.00571892
0.851315	1.04776	0.946973	-4.4262e-05	-0.000108808	-5.39403e-05	-0.000182071	-0.000543762	0.00130807	0.236277	0.102422	0.233938	0.1	0.00538012
0.780491	-0.779356	1.00903	-5.97456e-05	0.000154289	5.45036e-06	-6.00539e-05	3.35609e-05	0.000229501	0.236117	0.102213	0.233779	0.1	0.00564942
-1.27221	1.96233	-1.24334	2.95123e-05	-0.000186448	-6.47234e-05	-0.000229926	0.000615637	0.000291927	0.236076	0.102161	0.233739	0.1	0.00586634
-1.75092	-0.570827	-0.069947	-5.80905e-05	-3.82419e-05	2.31847e-06	7.9338e-05	0.000378099	0.000120842	0.235915	0.101951	0.233579	0.1	0.00466905
-1.06815	0.50256	1.22052	-3.51476e-07	-7.1953e-07	7.18403e-07	-5.50887e-25	-8.00245e-24	-2.50532e-23	0.235774	0.10177	0.23344	0.1	0.0120318
1.45074	-0.789123	-0.235542	9.05161e-06	0.000167488	5.54763e-05	-1.36942e-05	-5.85649e-05	-3.15148e-05	0.235702	0.101675	0.233368	0.1	0.00391338
1.77133	-3.54233	1.40419	2.11846e-06	0.000339226	6.58327e-06	-0.000712142	-0.000763388	0.000111378	0.235632	0.101585	0.233299	0.1	0.00665818
0.524917	0.949738	0.627513	9.55644e-05	-0.00017933	-0.000184755	-0.00106374	0.000190196	-3.74767e-05	0.235543	0.10147	0.233211	0.1	0.00736867
-2.31745	3.36817	1.73089	1.90242e-05	-0.000224034	-3.86319e-07	0.000379674	-2.64573e-05	0.00027242	0.235542	0.101468	0.23321	0.1	0.00500618
1.84925	3.35856	-0.779539	-0.000110059	-0.000349092	-9.70668e-06	0.000306707	0.000405537	0.000400606	0.235326	0.10119	0.232996	0.1	0.00630294
-2.08266	1.37381	-1.35019	0.0001118	-0.00013254	1.25595e-05	0.00016826	0.000164961	0.000259774	0.235264	0.101109	0.232935	0.1	0.00456189
-0.158247	1.88434	-0.643019	-1.20281e-05	-0.000102946	-7.26343e-05	0.000713397	0.000832999	7.2667e-05	0.235177	0.100998	0.232849	0.1	0.00702255
-1.99075	-3.88172	-2.09132	7.00258e-05	0.000358191	-1.29764e-06	-0.000423594	0.000251816	-0.000316869	0.235106	0.100905	0.232778	0.1	0.00780503
1.372	1.04717	-0.440394	-4.45301e-05	-0.000174688	2.97351e-05	0.000436009	-0.00074893	0.000711687	0.23501	0.100782	0.232683	0.1	0.00455968
1.61189	-1.54665	0.847618	-1.00764e-05	0.000215419	5.80012e-05	8.16992e-05	-7.22108e-05	0.000127715	0.234827	0.100547	0.232502	0.1	0.0057664
0.152191	1.66311	-1.10063	2.19833e-05	-0.000297745	-0.000166359	0.000552468	0.000398919	-0.000455367	0.234781	0.100487	0.232456	0.1	0.00686368
2.28093	-1.2003	-2.43146	-5.03549e-06	0.000181186	-4.54185e-05	0.000209069	0.000903969	-0.000493677	0.234742	0.100438	0.232418	0.1	0.00520003
0.052944	2.9621	-0.465383	-6.98905e-05	-7.47509e-05	8.89287e-05	0.000452344	-0.000441491	3.98265e-06	0.234729	0.100422	0.232405	0.1	0.0112228
0.856098	-0.931385	-0.389631	1.21799e-05	8.56144e-05	2.6585e-05	6.69065e-05	-0.00014022	0.000307914	0.234723	0.100413	0.232399	0.1	0.00722079
-0.732385	2.63645	1.48543	-3.56396e-05	-0.000301813	3.76987e-05	-0.000371214	5.51209e-05	-7.296e-05	0.234716	0.100404	0.232392	0.1	0.00807569
-0.460188	-3.8189	-1.43596	-0.0001676	0.000238581	-4.79631e-05	-2.38145e-06	0.000207055	0.00113086	0.234391	0.0999882	0.23207	0.1	0.0127195
-0.41116	-1.15319	0.986654	-0.000100745	-7.0726e-06	-0.000107453	-3.11126e-05	0.000121426	3.49727e-05	0.234228	0.0997805	0.231909	0.1	0.0109358
-1.01494	1.87795	-1.87636	7.45305e-06	-0.000205603	-2.63425e-06	-9.20519e-05	-0.000142701	-0.000617718	0.234163	0.0996969	0.231845	0.1	0.00620398
-0.198565	-0.0969791	-0.00967749	2.89114e-05	-3.66481e-05	2.40196e-05	1.69001e-05	0.000164573	-0.000971949	0.233947	0.0994212	0.231631	0.1	0.00524665
2.40969	-1.99098	-2.33929	-8.74412e-06	0.000310136	9.24949e-05	-0.000109029	-2.41867e-05	0.000227081	0.233696	0.0991015	0.231382	0.1	0.0110097
-1.19445	-1.51907	1.18729	8.29798e-05	6.66672e-05	-0.000139025	-0.000122764	0.000283136	0.000809569	0.23369	0.0990929	0.231376	0.1	0.006306
-0.0329894	2.18185	2.16502	-0.000152882	-0.000185675	9.11725e-05	-6.43624e-05	-0.000225933	-0.000568009	0.233609	0.0989904	0.231296	0.1	0.00644338
-0.0703929	3.79485	-0.0374711	-3.74119e-05	-0.000469265	6.31063e-06	-0.000213305	-0.000435824	-0.000596981	0.233569	0.0989397	0.231256	0.1	0.00634347
-1.2738	-1.905	0.343755	-4.60732e-07	9.59814e-07	3.92888e-08	4.08714e-24	-4.81251e-24	-4.41537e-25	0.233337	0.0986457	0.231027	0.1	0.00563816
0.262857	-3.65956	2.06496	-0.000193014	2.98077e-05	7.1344e-05	-6.89345e-05	0.000323313	-0.000278841	0.233285	0.0985791	0.230975	0.1	0.00760819
0.36227	-3.42267	-0.313473	-4.64938e-05	0.000337589	-1.47394e-05	0.000295987	1.46252e-07	4.40829e-05	0.233155	0.0984158	0.230847	0.1	0.00533787
-1.56276	2.21605	0.479768	-2.02189e-05	-0.000200566	-9.8234e-06	-0.000317008	0.000130917	-0.000207802	0.233116	0.0983655	0.230808	0.1	0.00891416
1.44363	1.34822	-0.0955302	-2.62759e-05	-0.000129073	-1.59995e-05	-0.000766047	0.000993763	9.83432e-05	0.233102	0.0983481	0.230794	0.1	0.00521728
-1.86036	-0.901813	1.26242	-3.45987e-05	0.000127041	2.02284e-05	0.000101423	0.000163898	3.31894e-05	0.233037	0.0982664	0.23073	0.1	0.00915542
-0.215663	-0.571645	0.654769	-4.58772e-06	-5.97459e-05	3.27969e-06	-2.17618e-05	-1.77503e-05	-0.000292744	0.232987	0.0982018	0.23068	0.1	0.00719481
2.4928	-1.59697	2.43458	-7.58149e-05	0.000146933	-0.000215514	-0.000596308	0.000228565	-0.000486155	0.23297	0.0981807	0.230663	0.1	0.0085903
-1.74289	-2.96853	-0.218852	-7.02139e-05	0.000376693	4.71736e-05	5.62465e-05	0.000168683	-9.38501e-05	0.232853	0.0980333	0.230548	0.1	0.00765473
1.13825	2.54775	1.52605	-0.000121059	-0.000145862	5.46043e-05	-0.000587439	0.000108653	-0.000511639	0.232841	0.0980185	0.230536	0.1	0.0110875
2.29528	-3.65727	1.79656	6.24456e-05	0.000400589	3.02398e-05	6.37682e-06	-6.29719e-05	-6.35648e-05	0.232838	0.0980137	0.230533	0.1	0.010114
-1.37392	3.91251	-0.681606	-4.94434e-07	-0.000380805	2.80881e-05	-0.000121968	-0.000412874	7.64469e-05	0.232645	0.0977704	0.230342	0.1	0.0055859
2.25379	2.21732	-0.759174	-6.28684e-05	-0.000225411	4.57961e-05	-0.000560765	-0.000484723	6.63609e-05	0.232529	0.0976247	0.230227	0.1	0.00974879
-0.0988138	-0.275719	2.27753	6.38409e-05	-3.82316e-05	-8.06387e-06	0.000105803	-0.000527158	-0.00032202	0.232356	0.0974063	0.230055	0.1	0.00905294
2.38866	1.37643	-0.562554	0.000353744	-0.00030438	-0.000160926	-0.00169867	-0.00165755	-0.000366448	0.232305	0.0973426	0.230005	0.1	0.00606161
-1.03516	1.21596	0.934372	-2.70734e-05	-4.26461e-05	-1.29601e-05	-0.000205788	0.000103677	0.000121062	0.232166	0.097167	0.229867	0.1	0.00833097
-2.23111	-4.03022	-2.45834	4.16193e-07	0.000406424	3.27945e-07	-8.08485e-25	5.94071e-26	1.06623e-24	0.232017	0.0969806	0.22972	0.1	0.00772202
0.582716	-2.04256	-0.542543	7.8078e-05	0.000237264	-3.60738e-05	-0.000376279	8.2906e-05	-0.000377884	0.231839	0.0967586	0.229544	0.1	0.00742155
1.69143	-2.90374	-1.64159	0.000192523	0.000465637	0.000158067	5.45716e-06	0.000523185	-0.000341745	0.231804	0.0967136	0.229509	0.1	0.00986504
-0.595625	-3.14076	-0.0221803	-5.78543e-05	0.000158045	0.000137847	0.000851492	-1.22626e-06	0.000385524	0.231661	0.0965346	0.229367	0.1	0.0110817
0.266507	1.98523	-0.790673	8.62075e-05	-0.000435949	-4.76838e-05	0.000109308	-0.000594496	-0.00011863	0.231371	0.0961726	0.22908	0.1	0.00708037
1.88188	0.522301	1.56412	-0.000235324	-0.000515026	5.43988e-05	0.00123905	-0.0011304	0.00129537	0.231332	0.0961243	0.229042	0.1	0.00760172
-1.57639	3.76118	0.809092	-0.000110223	-7.27179e-05	-0.000154215	-9.17562e-05	7.44655e-07	-0.000640781	0.231276	0.0960544	0.228986	0.1	0.00905326
0.680359	1.0762	-1.90857	8.20458e-06	-0.000149853	-9.33725e-06	0.000119486	-1.36194e-05	-0.000149842	0.231257	0.0960307	0.228967	0.1	0.0106384
1.77446	1.49096	-0.547012	0.000145302	-0.000373214	-7.49157e-05	-0.000148539	0.00065861	-0.000190301	0.231228	0.0959953	0.228939	0.1	0.00542079
0.582543	0.801916	1.23053	0.000118006	-0.000225391	-3.55458e-05	-0.000456529	0.000193319	0.00024246	0.231098	0.0958324	0.22881	0.1	0.00423156
-0.412877	2.59642	-1.73216	-5.62002e-05	-0.000280246	-1.61991e-05	-4.67035e-05	-0.000245389	0.000110922	0.231097	0.0958312	0.228809	0.1	0.00892986
1.39483	3.40288	2.13601	-0.000222607	-0.000397611	5.47977e-05	0.000165783	-0.000149095	-0.00108734	0.230968	0.0956712	0.228681	0.1	0.010441
1.50714	1.13508	-2.22767	-1.55074e-06	-0.000103059	2.49565e-06	-0.000352548	-0.000318121	-5.41185e-05	0.230925	0.0956178	0.228639	0.1	0.00450838
-1.00423	-0.625116	1.87414	3.85705e-05	3.10117e-05	-1.53787e-05	1.54125e-05	-0.000119591	-0.000220487	0.230853	0.0955284	0.228567	0.1	0.0111305
2.43023	-0.273861	-0.976002	7.14772e-07	-9.77561e-07	1.26997e-06	2.98515e-18	2.56479e-18	-4.92228e-19	0.230603	0.0952189	0.22832	0.1	0.0114515
0.07533	-0.591397	-2.31146	6.01088e-05	4.16595e-06	5.14374e-05	0.000913757	8.61117e-05	-0.000332095	0.230371	0.0949306	0.22809	0.1	0.0046334
-0.249601	-1.76767	-1.27266	5.22004e-05	0.000267811	-6.962e-05	-0.000348451	5.3116e-05	-0.000147454	0.230367	0.0949265	0.228086	0.1	0.00884336
-0.0802759	3.98783	-1.38302	-2.18661e-05	-0.000352437	-2.51151e-05	-8.09867e-05	-0.000270731	5.26353e-06	0.230224	0.0947498	0.227945	0.1	0.00492524
0.642811	1.20265	0.261195	2.29761e-05	-0.000217299	-0.000229001	0.000890596	0.000143198	0.000107677	0.22985	0.0942887	0.227574	0.1	0.00804268
-1.68257	-2.21229	0.402658	-3.96995e-05	0.000246145	-1.1293e-05	0.000253598	3.79691e-05	0.000377056	0.22984	0.0942757	0.227564	0.1	0.00610828
0.20087	3.97284	0.284355	-9.73045e-05	-0.000484585	4.57906e-05	-0.000152947	-0.000149307	-0.000118414	0.229772	0.0941929	0.227497	0.1	0.00469982
-0.0590131	3.12965	-1.36741	-2.30974e-05	-0.000328246	2.25314e-06	1.28977e-05	-4.33664e-05	6.32621e-05	0.229716	0.0941249	0.227442	0.1	0.00633509
2.35131	3.57901	-1.04464	-9.33681e-05	-0.000109646	-0.000114271	0.000408013	0.000358239	-0.000654017	0.229675	0.0940734	0.227401	0.1	0.00871102
0.896054	-2.90042	1.03766	-3.61843e-05	0.000223476	1.62114e-05	2.46438e-05	-3.71026e-06	0.000147726	0.229635	0.094024	0.227361	0.1	0.00618798
0.79268	-3.54502	-2.28965	-0.000105948	0.000437085	6.59508e-05	0.000619346	-0.000214321	0.000480716	0.229633	0.0940217	0.227359	0.1	0.00719342
-0.497333	3.64439	-0.091339	-5.52046e-05	-0.000327439	-4.83973e-05	-7.75178e-05	3.95285e-05	3.22705e-05	0.229597	0.0939779	0.227324	0.1	0.00935802
1.88316	0.402474	0.995282	8.15474e-05	-3.96013e-05	-7.30841e-05	1.82299e-05	-0.000501675	0.000285892	0.229587	0.0939654	0.227314	0.1	0.00847978
0.553983	-1.02306	-0.0353242	9.96457e-05	4.62263e-05	0.00010331	0.000137133	-0.000392773	0.000610109	0.229559	0.093931	0.227286	0.1	0.00684481
-0.759267	0.138066	0.00255371	-5.96868e-05	-4.17837e-05	9.00804e-05	-2.90449e-05	0.000641779	-0.000147688	0.229502	0.0938617	0.22723	0.1	0.0067529
-0.106422	-0.80925	-0.461969	6.59113e-05	4.4687e-05	-4.43625e-05	-0.000246063	-2.91242e-05	0.000134419	0.229294	0.0936058	0.227024	0.1	0.00627673
-1.04214	-3.0121	1.3114	-3.11333e-05	2.03999e-05	7.67662e-06	6.51028e-05	2.37711e-05	0.000168975	0.229262	0.0935673	0.226992	0.1	0.00739166
2.35999	1.21564	-1.15708	0.000133428	-0.000300196	3.55887e-05	1.70567e-05	-0.00084282	0.000462356	0.229043	0.0932983	0.226775	0.1	0.00665036
2.27314	0.646726	1.37019	-0.000298212	0.000147388	0.00033407	0.000251133	0.000180304	0.00131173	0.229023	0.0932736	0.226755	0.1	0.00571318
2.05758	-3.88869	1.48499	-2.75274e-05	0.000427284	0.000134604	4.29018e-05	0.000708125	-4.55465e-05	0.22902	0.0932701	0.226752	0.1	0.00698364
2.18174	2.60097	-2.01356	-3.24636e-05	-0.000110584	-6.6264e-05	0.00159707	5.47327e-05	-0.000440579	0.228994	0.0932399	0.226727	0.1	0.00815475
0.346532	-3.29288	2.33318	1.58362e-07	0.000164622	5.74666e-05	-0.000651148	0.000128459	0.000627271	0.228978	0.0932202	0.226711	0.1	0.00621087
1.17744	2.71034	-1.06371	-0.000113864	-0.000337679	9.15073e-06	0.000594313	-0.000474112	0.000264455	0.228925	0.093155	0.226658	0.1	0.00697563
0.10519	0.67511	0.207534	1.14367e-05	-0.000184108	1.52965e-05	-0.000275775	-5.21539e-06	3.52927e-05	0.228769	0.0929649	0.226504	0.1	0.0100464
1.50343	-1.03953	2.12399	-9.26782e-05	0.000113162	6.70592e-05	0.000311481	0.000129478	-8.1994e-05	0.228681	0.0928573	0.226417	0.1	0.0051289
0.12621	1.5498	-0.104153	-4.33037e-05	-0.000204365	-4.48383e-05	6.91269e-05	0.000520398	-0.000427122	0.228633	0.0927983	0.226369	0.1	0.00893043
-0.82841	3.96031	-1.35822	2.41431e-09	3.92028e-08	-1.29568e-09	0	0	0	0.228527	0.09267	0.226264	0.1	0.00966471
0.953654	0.83087	-2.17724	5.7221e-06	-0.00012457	-3.31385e-05	0.000349356	-0.000264699	-5.6574e-05	0.228372	0.0924815	0.226111	0.1	0.00931075
1.20797	-3.42603	-2.15231	-5.84131e-05	0.000363801	-1.18943e-05	-0.000578978	0.000120271	0.000334313	0.228275	0.0923635	0.226015	0.1	0.00672171
0.437491	-0.97826	1.23399	-5.03719e-06	0.000142026	-5.93335e-06	-0.000248778	-3.67215e-05	0.000122707	0.228269	0.0923562	0.226009	0.1	0.00465819
2.38613	-1.9083	1.78374	-1.45112e-05	0.000325826	3.37153e-05	-1.22661e-05	-1.88192e-06	0.000470994	0.228148	0.0922089	0.225889	0.1	0.00855987
0.221294	3.73117	-0.386226	-2.02318e-05	-0.000511032	-1.20509e-05	0.000142249	-5.30638e-05	-0.000557682	0.227891	0.0918988	0.225635	0.1	0.00519801
1.06588	-0.113501	-0.726932	-6.30467e-05	-0.00012203	1.25467e-05	-0.00058818	0.000278603	-0.000194203	0.2278	0.0917882	0.225545	0.1	0.008296
-2.0071	-2.68078	1.50626	-4.33195e-05	0.000359324	-5.26357e-07	-0.000111828	7.46959e-05	0.000189471	0.227735	0.0917093	0.22548	0.1	0.0121308
1.00366	1.1898	0.534699	-9.72943e-05	-0.000193874	-7.34194e-05	0.000132844	-0.000820669	0.000592391	0.227721	0.0916929	0.225466	0.1	0.00577182
1.70844	-2.36152	-2.24678	-5.18859e-05	0.000286786	0.00010898	-0.000233078	0.000658652	-0.000122704	0.227719	0.0916894	0.225464	0.1	0.00795142
1.60391	-0.533539	0.124113	-0.000105702	9.1784e-05	2.91139e-05	6.18182e-05	-0.000282053	0.000408052	0.227657	0.0916158	0.225403	0.1	0.00546836
2.14728	-3.49783	-0.792832	9.19553e-05	0.000237849	-0.000104773	-0.000702926	6.89317e-05	-0.000472474	0.227655	0.0916129	0.225401	0.1	0.00870164
-1.71648	1.91339	-1.14131	6.23702e-05	-0.000151827	3.42636e-05	0.000262072	0.000244277	0.000334729	0.227637	0.0915917	0.225383	0.1	0.00594541
2.32508	-3.86057	-1.00739	2.41431e-09	3.92028e-08	-1.29568e-09	-3.06031e-33	-1.72211e-33	3.49685e-33	0.227625	0.0915767	0.225371	0.1	0.0104143
-2.39121	-3.62497	-1.94315	7.71941e-05	0.000425648	2.67764e-05	-0.000459493	-2.89475e-07	-2.82502e-05	0.227598	0.0915445	0.225345	0.1	0.00459596
1.12812	-1.71024	0.775084	8.49545e-06	0.000220592	3.51495e-05	-1.64989e-05	4.41118e-05	8.81856e-05	0.227427	0.0913378	0.225175	0.1	0.0051144
-0.935683	1.65078	1.95536	-3.51888e-05	-8.92685e-05	-8.97254e-05	-0.000423921	-0.000106458	-3.65522e-05	0.227288	0.0911706	0.225038	0.1	0.0066335
1.17277	3.14329	-1.27339	-9.76203e-05	-0.000311227	3.74963e-05	0.000521916	-0.000312832	7.63621e-07	0.227272	0.0911519	0.225022	0.1	0.00669651
