-1.38573	1.21609	-1.02878	9.33253e-05	-0.000113396	-1.19663e-05	-2.27035e-05	-9.80794e-05	-0.000102505	0.55482	1.32612	0.549327	0.1	0.0183338
2.15376	3.62513	2.24031	-1.11398e-06	-0.000309512	9.75683e-06	-3.20359e-06	1.87988e-05	0.00012926	0.554711	1.32533	0.549219	0.1	0.0177711
-0.828418	-1.27088	-0.914214	4.11901e-05	0.000198968	-9.83675e-05	4.65729e-06	2.26899e-05	-0.000196679	0.554426	1.32329	0.548937	0.1	0.0213913
-0.0772626	1.21979	-1.98122	-1.72566e-05	-0.000255017	-9.52996e-05	0.000263385	2.86947e-05	1.43468e-05	0.552434	1.30908	0.546964	0.1	0.0188792
2.47592	-3.34745	1.09584	-1.72723e-05	0.000380259	-8.12763e-06	4.9048e-05	2.12312e-05	9.83933e-05	0.551275	1.30086	0.545817	0.1	0.0249594
-0.322294	-3.4304	-0.674921	-5.92571e-05	0.000394543	3.8738e-05	0.000137324	0.00010276	-5.51967e-05	0.548893	1.28407	0.543458	0.1	0.0195094
-2.00527	0.741844	-1.79089	9.50966e-05	-2.31647e-05	-4.04867e-05	5.61881e-05	-9.39715e-06	-9.13647e-05	0.548822	1.28357	0.543388	0.1	0.0206604
1.80381	-4.01273	-0.357513	7.10062e-06	0.000370318	-8.36008e-05	0.000201136	-3.27186e-05	1.93668e-05	0.547774	1.27623	0.54235	0.1	0.0194067
-1.93065	-0.412376	0.671363	-5.14786e-05	9.9042e-06	-3.45857e-05	-0.000114793	-3.51878e-06	0.000105906	0.547358	1.27333	0.541939	0.1	0.0240867
-0.862843	-0.139375	0.726952	-5.92042e-05	-5.32792e-05	-2.5155e-05	5.72591e-05	-3.55051e-05	-9.34773e-05	0.546952	1.2705	0.541537	0.1	0.0200641
2.10155	0.368129	-1.25053	5.33444e-05	-6.96859e-05	-3.39877e-05	5.15416e-05	5.27994e-05	2.74893e-05	0.546649	1.26839	0.541237	0.1	0.0240695
1.20301	2.61227	-1.81884	-3.13108e-05	-0.000215578	5.60011e-05	-0.000134096	3.94395e-05	0.000148196	0.545348	1.25936	0.539949	0.1	0.020531
-2.42322	-2.40453	0.436173	-2.85927e-05	0.000251743	1.3483e-05	0.000148525	2.30796e-05	-2.26101e-06	0.545169	1.25811	0.539771	0.1	0.0215095
-0.0563666	-3.14697	-2.02823	-1.58825e-05	0.000322318	2.61614e-05	-6.16363e-06	-0.000132358	-2.16314e-05	0.544719	1.255	0.539326	0.1	0.0183682
-0.626526	3.36457	1.30229	2.67274e-05	-0.000333045	-1.64807e-05	4.42639e-06	0.000225202	1.17045e-05	0.543689	1.24789	0.538306	0.1	0.0185831
2.18326	-2.5192	2.16744	7.93344e-05	0.000308159	2.15895e-05	-5.23675e-05	-4.29866e-05	1.3057e-05	0.541854	1.2353	0.536489	0.1	0.0299994
1.49965	-2.02712	-1.29715	-2.24128e-05	0.000208975	3.90091e-05	3.3342e-05	0.000113233	-6.52557e-05	0.540595	1.22671	0.535243	0.1	0.0262224
2.11337	2.85178	-1.30048	-4.09345e-05	-0.000293226	6.55692e-05	-0.000300212	-6.00322e-05	0.000100828	0.540372	1.22519	0.535022	0.1	0.01927
0.242831	2.23929	-2.11896	8.36698e-06	-0.0002748	6.15373e-05	-2.88873e-05	-0.0001019	-7.47478e-05	0.540364	1.22514	0.535014	0.1	0.0173131
1.53235	1.89178	1.53936	-1.73889e-05	-9.9073e-05	4.37813e-05	-0.000159294	4.19969e-05	7.70059e-05	0.537534	1.20599	0.532212	0.1	0.0219732
1.81424	-3.00066	-0.0125172	-2.32003e-05	0.000289834	3.23063e-05	4.14393e-05	0.000111738	8.11494e-05	0.536704	1.20041	0.53139	0.1	0.022159
-1.68273	1.62212	0.94636	-1.5858e-05	-0.000105127	0.000119786	0.00021792	-7.34328e-05	2.44881e-05	0.536645	1.20002	0.531332	0.1	0.0213376
0.66184	-1.88445	0.21332	9.10236e-06	0.000227488	4.94739e-05	5.7261e-05	4.59859e-05	4.52025e-05	0.536462	1.19879	0.53115	0.1	0.0208474
0.369441	3.51339	1.654	5.61689e-06	-0.0004021	1.55187e-05	-3.43619e-05	-0.000132321	4.05676e-05	0.53632	1.19784	0.53101	0.1	0.0229919
-1.13836	-2.59769	0.0583381	-1.60818e-05	0.000305785	4.15795e-06	-0.000130632	3.55833e-06	-7.74483e-06	0.535344	1.19131	0.530044	0.1	0.0183531
-0.266787	-2.50216	-1.19899	-2.25278e-05	0.000335911	2.86875e-05	-0.00019918	3.14595e-05	-9.12457e-05	0.534798	1.18767	0.529503	0.1	0.0176762
1.35308	3.88884	1.57149	-3.15514e-05	-0.000394953	4.33612e-05	-6.52855e-05	4.96086e-05	-4.1378e-06	0.534761	1.18742	0.529466	0.1	0.0186163
0.797379	1.53266	-0.448904	-3.66316e-05	-0.000261725	-3.138e-05	0.000268462	-0.000394212	-0.000356883	0.534328	1.18454	0.529038	0.1	0.0191829
-1.44804	3.79018	0.0641983	-6.8267e-05	-0.000313017	-2.99299e-07	0.000191652	5.70886e-05	-4.11861e-06	0.533494	1.179	0.528212	0.1	0.0188051
-0.510649	1.95383	-1.32111	-2.26194e-05	-0.000302948	-5.53321e-06	0.00011113	-2.10717e-05	0.000139041	0.533315	1.17782	0.528035	0.1	0.0177193
-0.366434	3.54619	-0.829949	-5.74525e-05	-0.0003417	-3.85766e-05	-4.85961e-07	-3.59802e-05	5.22099e-05	0.533292	1.17767	0.528012	0.1	0.0180492
-2.01834	-1.19845	-2.1508	-1.39921e-06	4.66185e-05	-0.000196219	0.000211528	-3.54387e-05	-0.000113087	0.533023	1.17589	0.527746	0.1	0.0225107
-1.75782	-3.12784	-2.2066	-1.49639e-05	0.000314461	-5.63829e-06	1.45238e-05	5.16229e-05	9.61914e-05	0.53279	1.17434	0.527515	0.1	0.0258336
-0.0104459	-2.52432	1.01792	1.60601e-05	0.000297581	-2.40565e-05	-4.35897e-05	-2.23706e-05	-1.07101e-06	0.532572	1.1729	0.527299	0.1	0.026036
-1.45247	3.58443	-1.71217	-3.74512e-05	-0.000351315	1.70741e-05	-0.00017564	6.28106e-05	-5.7992e-05	0.532055	1.16949	0.526787	0.1	0.021458
0.45493	3.25289	-2.3267	-1.41128e-05	-0.000318872	2.4238e-05	-6.13604e-05	6.39902e-06	0.000124907	0.531483	1.16572	0.526221	0.1	0.0254101
2.41769	0.170595	-2.48218	5.5827e-05	2.9302e-05	-1.8912e-05	-4.88535e-05	4.01327e-05	-3.05904e-05	0.530981	1.16242	0.525724	0.1	0.0208426
-0.175066	-1.19637	-1.76062	2.20729e-05	0.000158167	-8.40026e-05	1.66041e-05	2.4367e-05	8.1057e-05	0.53052	1.15939	0.525267	0.1	0.0204971
-0.932688	-3.48697	0.58548	1.99575e-06	0.000391933	3.22791e-05	1.0165e-07	0.000100566	-9.16996e-05	0.529592	1.15332	0.524349	0.1	0.0184472
-0.0739677	-3.60265	1.37717	-3.25738e-05	0.00035772	-1.3756e-05	1.04622e-05	-1.31498e-05	0.000103886	0.528499	1.14619	0.523266	0.1	0.0222044
2.04797	0.789126	-0.23833	1.26322e-06	8.28978e-06	7.0154e-05	6.98146e-05	5.80734e-05	0.000214058	0.527475	1.13954	0.522252	0.1	0.024173
0.555298	3.54467	-1.32695	-5.14162e-05	-0.000316029	1.38384e-05	5.73447e-05	-4.97011e-05	-1.75041e-05	0.527182	1.13765	0.521962	0.1	0.0193751
-2.41583	0.787957	0.656836	2.276e-05	-8.18722e-05	5.3481e-05	0.000294456	-9.87875e-06	7.04082e-05	0.527004	1.1365	0.521786	0.1	0.0274613
2.41148	-1.15323	1.76468	-4.93577e-05	0.000248326	4.70346e-05	-7.4216e-05	4.2354e-05	-0.000192327	0.526785	1.13507	0.521569	0.1	0.0202805
0.0792578	-3.34727	0.378123	-1.53129e-05	0.000299739	-5.25035e-06	-3.11931e-06	-8.44573e-06	-7.76016e-05	0.526637	1.13412	0.521423	0.1	0.0177413
0.545124	2.7462	0.960804	2.78934e-05	-0.000351311	-1.96548e-05	0.000140445	0.000174731	7.70139e-05	0.524764	1.12206	0.519568	0.1	0.0168868
-2.43928	3.90368	0.373704	-6.0785e-05	-0.000362592	-2.48196e-05	-0.00023657	-0.000113236	0.000124648	0.523709	1.11531	0.518524	0.1	0.0236887
-2.48826	3.70845	-1.7599	-3.51782e-05	-0.00035111	1.32419e-05	0.00011581	-7.94851e-05	-6.24397e-05	0.523479	1.11384	0.518296	0.1	0.0184249
1.50005	0.937828	2.04274	0.000103731	-6.55329e-05	-4.04712e-05	-5.54147e-05	-0.000219279	4.68497e-05	0.521989	1.10436	0.516821	0.1	0.0191111
-1.84268	-1.88541	-0.275556	-4.51315e-05	0.000217555	-1.91907e-05	0.00015163	0.000370407	-0.00048587	0.521432	1.10083	0.516269	0.1	0.0214377
-0.403886	1.80066	1.46508	1.68798e-05	-0.000281832	-5.17828e-05	-6.3305e-05	6.13223e-05	-0.000163719	0.521217	1.09946	0.516056	0.1	0.0234789
-2.00413	-3.88878	1.84136	1.44107e-05	0.000383048	-4.0912e-05	3.90388e-05	-1.49505e-05	4.05959e-05	0.518617	1.08309	0.513482	0.1	0.0165761
2.08806	-0.0937464	0.465741	-3.74468e-05	1.54996e-05	-7.05604e-06	-9.00598e-05	0.000115829	-0.000212009	0.517898	1.07859	0.51277	0.1	0.0214915
2.33607	-1.0698	-0.932089	-1.10605e-05	9.64617e-05	6.84788e-06	0.00027029	0.000102404	5.15963e-05	0.517716	1.07746	0.51259	0.1	0.0238853
1.56881	3.74092	-1.3452	-6.62638e-05	-0.00035022	-6.49106e-05	-5.62908e-05	0.000184412	-4.17377e-05	0.5171	1.07361	0.51198	0.1	0.0167569
-1.8726	2.6693	-1.47354	-6.47881e-05	-0.000292954	6.76669e-05	0.000136811	0.000105779	-7.71341e-05	0.516716	1.07123	0.5116	0.1	0.0208328
-1.9435	0.343708	-0.818067	3.27408e-05	-4.24648e-05	-5.02773e-05	-2.9076e-05	-5.55247e-05	3.04239e-06	0.515931	1.06635	0.510823	0.1	0.0243708
1.14845	3.21689	-0.548169	-6.9266e-05	-0.000377303	5.1249e-06	-0.00024522	0.000235912	-0.000192759	0.515901	1.06617	0.510793	0.1	0.0140492
1.54499	2.058	-0.937318	6.66418e-05	-0.000291021	0.000150943	0.000240179	0.000305906	4.29315e-06	0.51576	1.06529	0.510653	0.1	0.016738
-1.90679	-2.05719	1.95472	6.43872e-05	0.00025897	-9.60008e-06	-7.16062e-05	5.84419e-05	-6.93211e-05	0.514995	1.06056	0.509896	0.1	0.0263368
-0.429177	3.51252	-1.86206	-2.62859e-05	-0.000398318	-1.51022e-05	-0.000108793	-1.72267e-05	8.81306e-05	0.514003	1.05444	0.508914	0.1	0.0207821
0.735054	0.112019	2.46246	5.41765e-05	1.67895e-05	-7.84145e-06	1.91756e-05	0.000113355	-7.47419e-05	0.512599	1.04583	0.507524	0.1	0.0187908
0.540845	-0.339518	1.57757	-1.04111e-05	0.000124793	-3.32125e-05	6.65038e-05	-8.66261e-06	-2.24073e-06	0.51184	1.04118	0.506772	0.1	0.0183595
-2.05607	-3.51624	-1.2988	1.13134e-05	0.000406993	1.8101e-05	-0.000162266	-2.15986e-05	-0.000136598	0.511673	1.04017	0.506607	0.1	0.0215409
-0.449617	0.819545	0.698683	-9.45349e-07	-0.000102444	6.40629e-06	3.69645e-06	9.06751e-05	-5.7125e-05	0.511494	1.03908	0.50643	0.1	0.0239559
0.880088	-3.21218	-1.51	2.11202e-05	0.000346513	4.98239e-05	3.79651e-05	-3.55695e-05	0.000154766	0.510448	1.03272	0.505394	0.1	0.0178457
-1.24669	3.48827	2.13294	-3.9296e-05	-0.000408102	-4.6099e-05	-1.17935e-05	-3.09481e-05	-9.50646e-05	0.509646	1.02785	0.5046	0.1	0.0217808
0.830186	-2.75491	-2.40553	-1.4147e-05	0.000276648	3.55869e-05	-0.000164487	4.66726e-05	2.04875e-05	0.508542	1.02119	0.503507	0.1	0.0204459
-0.637576	-0.429481	-2.25768	1.15462e-05	8.92872e-05	-9.40249e-05	-0.000128193	3.67729e-05	-4.46145e-05	0.508425	1.02048	0.503391	0.1	0.0183842
1.44621	-0.435541	-1.33869	8.15043e-05	-8.14785e-05	3.87403e-05	-0.00022786	-7.44073e-06	5.1059e-05	0.506867	1.01114	0.501849	0.1	0.0191529
1.37513	1.80545	-2.44641	2.79908e-05	-0.000143697	2.91503e-05	0.000248343	3.34039e-05	4.23579e-05	0.505037	1.00022	0.500037	0.1	0.0186984
-1.20673	2.70633	-2.23906	-0.000142936	-0.000357305	7.0752e-06	-0.000180443	0.000860706	-0.000831009	0.504957	0.999745	0.499957	0.1	0.0227824
-2.29969	-3.40815	-0.331402	-3.38267e-05	0.000409946	-1.63268e-05	0.000178934	-8.64071e-05	1.16588e-05	0.504939	0.999642	0.49994	0.1	0.0187523
-0.174076	-0.436932	-1.07905	5.49612e-05	5.14531e-05	-1.78121e-05	0.000209263	5.03887e-05	-9.52695e-05	0.504901	0.999415	0.499902	0.1	0.0170988
0.428762	-0.353268	-0.287094	4.28206e-05	2.78125e-06	-4.41845e-06	0.000146188	-0.000115502	-0.000102835	0.504788	0.998742	0.49979	0.1	0.0154547
0.696059	-0.695663	-1.94207	7.23386e-05	6.53007e-05	2.51699e-05	0.000319425	-5.8357e-05	-0.000336178	0.503937	0.993701	0.498948	0.1	0.0198353
-1.006	-2.24108	1.41756	1.50744e-05	0.000303654	1.51859e-05	-8.0897e-05	-1.37765e-05	-0.000167423	0.503345	0.990196	0.498361	0.1	0.0184912
-1.03149	0.371097	-1.80504	1.04843e-05	1.79673e-05	-4.63592e-05	0.00021895	8.95303e-05	0.000144839	0.503196	0.989325	0.498214	0.1	0.0185053
1.33131	-1.46811	-0.446407	7.86836e-06	0.000196164	3.95864e-05	8.47709e-06	-0.000135095	-4.67146e-05	0.502585	0.985721	0.497609	0.1	0.020069
-0.919018	0.812618	-0.185629	7.22678e-06	-0.00012629	1.78703e-05	-0.000105665	-9.79131e-05	-9.22207e-05	0.501771	0.98094	0.496803	0.1	0.0190012
0.271101	-2.65371	-0.337021	-6.46938e-06	0.000293171	2.98082e-05	6.06265e-05	8.09857e-05	-4.20268e-05	0.501401	0.978774	0.496437	0.1	0.0207521
2.33326	-1.46599	0.792892	-8.58753e-06	0.000204564	6.52884e-05	-6.50633e-05	4.4728e-05	-4.14602e-05	0.501352	0.978484	0.496388	0.1	0.0172176
-1.54496	1.4107	2.25345	3.61281e-05	-9.3767e-05	-3.1921e-05	7.89274e-05	0.000279069	0.000141362	0.501333	0.978374	0.496369	0.1	0.0189398
-0.42476	2.78408	2.13006	0.00010621	-0.000218323	1.47088e-05	-0.000278091	9.43738e-05	-0.000224573	0.500305	0.972365	0.495351	0.1	0.0228246
1.75179	-1.92544	1.44618	-8.77434e-06	0.000243086	4.58053e-05	8.72138e-05	-2.01003e-05	-3.06571e-05	0.500134	0.971369	0.495182	0.1	0.0140123
-0.335821	-2.12298	-2.14582	3.44894e-05	0.000163865	-2.55075e-05	-0.000128136	-8.10425e-05	-9.13267e-05	0.500114	0.971254	0.495162	0.1	0.0226019
1.20791	3.92845	-2.41843	-5.20087e-05	-0.000326327	2.055e-05	-8.53482e-05	-8.77365e-05	-5.82728e-05	0.499003	0.964792	0.494062	0.1	0.0197217
0.502877	-1.90777	-1.50758	1.72864e-05	0.000232517	4.07161e-07	-0.000128616	-0.000194027	2.66237e-06	0.49838	0.96119	0.493446	0.1	0.0174607
-0.116259	-1.23452	0.107754	2.84288e-05	0.00017546	-5.69466e-06	-4.75591e-05	-0.000221544	4.44279e-06	0.498014	0.959069	0.493083	0.1	0.0155433
-1.11283	-1.57405	-1.86794	1.68494e-05	0.000201211	-8.23328e-05	-0.000145504	-8.11993e-05	-0.000199777	0.49782	0.957951	0.492891	0.1	0.0206679
1.51491	-3.29265	2.11396	4.17935e-05	0.00039546	7.22051e-06	7.40948e-06	-2.47065e-05	-0.000165207	0.497807	0.957872	0.492878	0.1	0.0174631
-2.27641	2.68703	-0.491449	-2.38432e-05	-0.000220807	5.86802e-05	1.94968e-05	0.000150957	-0.000254512	0.497805	0.957862	0.492876	0.1	0.0223383
-1.62575	-2.83103	0.923277	-1.0971e-05	0.000351627	1.72328e-05	-0.000118162	-5.54477e-05	0.000230142	0.496356	0.949524	0.491442	0.1	0.015563
-1.29681	2.66639	0.96327	5.08133e-06	-0.000307801	5.19712e-05	1.63496e-05	-5.20252e-05	-1.75128e-05	0.495653	0.945496	0.490746	0.1	0.0178707
-0.919428	-3.6945	-2.13807	-1.48524e-05	0.000365078	-4.85905e-05	2.31848e-05	-6.6174e-06	-6.10252e-05	0.495534	0.944815	0.490628	0.1	0.0195525
-1.35036	-3.41596	-0.602205	-3.51613e-05	0.000418546	5.64205e-05	-5.32737e-05	-6.41219e-05	-8.37213e-06	0.49547	0.944444	0.490564	0.1	0.0167607
-1.27494	2.28271	1.8689	-0.000280401	-0.00030995	6.96059e-07	0.000238316	-0.000863767	0.000232801	0.495413	0.94412	0.490508	0.1	0.0199922
2.42791	1.8831	-1.37221	7.00641e-05	-0.000240593	0.000141509	0.000184796	4.20187e-05	0.000150844	0.493724	0.934499	0.488836	0.1	0.0166078
-1.72102	1.75713	-1.84404	5.95849e-05	-0.000200355	-1.39252e-05	2.23261e-05	-2.61506e-08	0.000415353	0.493582	0.933695	0.488695	0.1	0.0151907
0.80606	1.64923	-1.50335	-1.09728e-05	-0.000210689	0.000113781	3.4231e-05	-9.41646e-05	0.000285669	0.493482	0.933124	0.488596	0.1	0.0208886
0.881846	0.518207	-0.429833	-5.0793e-05	-8.38589e-05	-3.02225e-05	-9.06348e-05	0.00019075	-0.000245535	0.49325	0.93181	0.488366	0.1	0.0212613
0.683104	4.00369	0.816291	-3.25842e-05	-0.000478514	4.12419e-05	-0.000110205	-4.096e-05	5.48581e-05	0.492733	0.92888	0.487854	0.1	0.0180727
0.155081	0.0394052	0.596588	5.66019e-05	-2.97465e-05	-6.56406e-06	3.38361e-07	-3.58425e-05	0.000237123	0.492579	0.928012	0.487702	0.1	0.0175104
1.26926	2.65889	0.267	5.17892e-05	-0.000337261	-4.41044e-06	0.000189748	2.21584e-05	0.000262582	0.492206	0.925909	0.487333	0.1	0.0146479
0.759539	0.238181	-1.55264	3.36505e-05	-0.000166055	7.41979e-06	0.000342693	-0.000165124	0.000179711	0.490982	0.919016	0.486121	0.1	0.0214658
-1.21676	-2.22444	-0.979867	-4.26585e-05	0.000254014	-3.00022e-05	-0.0002471	-0.000299141	1.26554e-05	0.490889	0.918492	0.486029	0.1	0.0210681
-0.399258	-0.644126	1.48708	2.48728e-05	-1.70243e-05	-9.02148e-05	-7.48932e-05	0.000191783	0.0002219	0.490378	0.915628	0.485523	0.1	0.0209617
1.5777	-2.86443	1.23465	-3.21861e-05	0.000292997	-6.9722e-06	4.13362e-05	-4.03233e-05	5.88115e-06	0.489482	0.910617	0.484636	0.1	0.0201911
-2.19462	2.78434	1.32079	2.46231e-05	-0.000220959	3.672e-05	-0.000143224	2.15498e-05	-0.000143859	0.489469	0.910544	0.484623	0.1	0.0151498
2.26387	-2.45167	-1.81907	-2.56289e-05	0.000249931	2.31548e-05	0.000183476	-0.000168663	3.96039e-05	0.489084	0.908401	0.484242	0.1	0.0167639
-2.15486	0.998193	1.60524	4.25378e-05	-0.000133987	5.9618e-05	-0.000135557	0.000107303	0.0001732	0.488971	0.907768	0.48413	0.1	0.021985
0.972343	-1.95871	2.03421	-9.48297e-07	0.000221308	6.96728e-06	7.58137e-05	-6.76297e-07	-0.000102743	0.4888	0.906812	0.48396	0.1	0.0188763
1.58845	-2.16291	0.50774	-2.00737e-06	0.000263978	3.46058e-05	-5.19639e-05	-1.07459e-05	-2.36504e-05	0.488326	0.904178	0.483491	0.1	0.0193961
-0.718672	-0.537581	-0.202427	1.42367e-05	9.05677e-05	-3.70167e-05	0.00021753	-7.80529e-05	0.000259227	0.48828	0.903926	0.483446	0.1	0.0157984
-2.01324	3.00097	0.397274	2.94687e-05	-0.000279695	4.96865e-05	9.44676e-05	-4.69036e-06	6.30397e-05	0.488206	0.903513	0.483372	0.1	0.0228668
1.58291	-3.67449	0.705153	-2.04187e-06	0.000314259	2.55857e-05	-0.000103364	-0.000117602	-3.6624e-05	0.488125	0.903063	0.483292	0.1	0.0197756
0.051614	1.65946	0.588985	6.2752e-05	-0.000183695	-4.19384e-05	-5.47479e-05	6.73844e-05	-0.000113549	0.486774	0.895587	0.481954	0.1	0.0175014
1.40886	-0.436178	1.1017	-1.57568e-05	0.000143097	5.85702e-05	4.40755e-05	-1.81052e-05	4.18485e-05	0.486222	0.892545	0.481408	0.1	0.0150654
2.328	-0.520053	-1.75876	6.66186e-05	9.58493e-05	1.63592e-05	-6.27696e-05	0.000107988	-0.000114087	0.485931	0.890944	0.48112	0.1	0.0217622
-1.06517	-3.77689	1.53632	1.66045e-05	0.000435334	1.9842e-05	-2.41672e-05	-7.23616e-05	6.58356e-05	0.485684	0.889585	0.480875	0.1	0.0155621
2.10693	2.49818	0.720366	5.1244e-05	-0.000220908	1.72519e-05	-9.88151e-05	-0.000108234	4.99567e-05	0.485546	0.888831	0.480739	0.1	0.0209826
-1.77602	-0.24142	-1.95237	5.52821e-05	-4.90751e-06	-6.16821e-05	-1.92812e-05	3.45263e-05	-3.18467e-05	0.484993	0.885791	0.480191	0.1	0.0207214
-0.642369	1.052	2.18031	1.70535e-05	-6.43337e-05	-0.000145095	0.000132001	-0.000132991	-7.08065e-05	0.484263	0.881798	0.479468	0.1	0.0163623
-1.8313	-1.52227	-1.21705	-8.19494e-06	0.000228808	-0.000136838	0.000244101	-3.60895e-05	3.90139e-05	0.483863	0.879615	0.479072	0.1	0.0223657
-1.79239	-1.84316	0.999616	-1.13964e-05	0.000194798	-1.5868e-06	-2.43438e-05	0.000114494	2.49119e-05	0.48386	0.879599	0.479069	0.1	0.0162836
1.71463	-0.129618	-0.448863	-9.48923e-06	3.62221e-05	6.95892e-06	1.47413e-05	-0.000171075	1.10842e-05	0.483476	0.877508	0.478689	0.1	0.0171691
0.513298	2.56149	1.94922	-5.57412e-05	-0.000368648	8.14335e-05	-8.91929e-05	7.29774e-05	-0.000152812	0.483004	0.874942	0.478222	0.1	0.0166285
0.293764	0.929925	-1.07387	-2.61278e-05	-0.000170731	-8.68747e-05	-0.000483123	-2.17483e-05	-0.000104823	0.482785	0.873753	0.478005	0.1	0.018561
-1.28521	-1.20564	0.50386	-5.03038e-05	0.000116101	-9.28381e-05	-3.39318e-05	0.000207794	-0.000211979	0.482566	0.872562	0.477788	0.1	0.0152642
-0.018142	0.661278	1.56571	7.25486e-05	-0.000116532	-5.42744e-05	8.63455e-05	-0.000239684	-0.00018409	0.482132	0.870207	0.477358	0.1	0.0214347
1.93541	2.53299	2.20591	-8.94594e-05	-0.000143574	0.0001266	0.000310275	-0.000270737	-8.43945e-05	0.48194	0.869166	0.477168	0.1	0.0200229
-0.58757	2.64106	-0.475745	3.06984e-06	-0.000254312	3.0151e-05	-0.000163446	0.000117377	2.16386e-05	0.481933	0.86913	0.477161	0.1	0.0221182
-1.42433	0.701058	0.636774	2.96781e-07	-4.50808e-05	1.04536e-05	5.26851e-06	7.30669e-05	-4.20294e-06	0.481479	0.866677	0.476712	0.1	0.0220818
1.02936	-3.36376	-0.526847	-4.36508e-05	0.000329135	5.14368e-05	3.48606e-05	-4.86854e-05	-0.00012125	0.480917	0.863644	0.476155	0.1	0.0147913
-0.913921	-1.55514	2.17979	8.11334e-05	0.000163225	-7.99022e-05	-1.22648e-05	9.28698e-05	-6.13473e-05	0.480468	0.861231	0.475711	0.1	0.0178077
1.54063	0.449395	-2.09209	5.12047e-05	-2.41654e-05	-7.69868e-06	0.000150149	-5.1754e-05	0.000108526	0.47986	0.857968	0.475109	0.1	0.015418
0.468714	2.62523	-0.941389	-0.000131562	-0.000343636	8.90104e-05	3.23381e-06	-0.000249222	-2.49417e-05	0.478966	0.853181	0.474224	0.1	0.0188372
1.22425	0.500871	1.19928	9.70976e-05	-2.50572e-05	-4.93657e-05	0.000147255	0.00024521	-0.000119396	0.478473	0.850548	0.473736	0.1	0.0188106
-2.45802	0.0232394	1.50219	-2.54325e-05	9.88753e-05	-0.000109108	-2.21027e-05	-0.000159457	-6.82733e-05	0.478412	0.850219	0.473675	0.1	0.0231298
-1.69264	1.38088	-0.0682665	3.69575e-06	-0.000161879	-4.68525e-05	0.000129142	-7.95523e-05	0.000149109	0.47793	0.847656	0.473198	0.1	0.0186632
-1.07451	-3.04616	-1.44664	1.99889e-05	0.000267517	1.67856e-05	0.000219731	1.38745e-05	-2.20195e-05	0.477808	0.847007	0.473077	0.1	0.0270659
2.22226	3.53421	1.2259	-1.88863e-05	-0.000294757	7.84838e-06	-1.70328e-05	6.08979e-05	0.000274671	0.477733	0.846607	0.473003	0.1	0.0215055
-2.04342	2.72291	2.2641	-7.36125e-05	-0.000284333	4.39448e-05	-2.58189e-05	-9.84238e-05	0.000184348	0.477694	0.846395	0.472964	0.1	0.0167308
-0.647387	1.9344	-2.47046	1.85682e-05	-0.000161602	2.18549e-05	0.000267906	4.397e-05	-3.67712e-05	0.477155	0.843541	0.472431	0.1	0.0177916
-0.745914	3.12832	0.322845	-7.3153e-05	-0.000272746	1.54926e-05	-7.27199e-05	-0.000236097	6.96936e-05	0.47715	0.843513	0.472426	0.1	0.0204691
-0.702698	0.133431	1.95227	-7.7514e-06	-3.33476e-05	-0.00013996	-0.000128158	4.06538e-05	8.06524e-06	0.477062	0.843044	0.472339	0.1	0.0203125
-1.51322	0.0196458	1.48473	-4.01198e-05	-1.81717e-05	-4.76533e-05	0.000120271	2.03344e-05	-0.000184626	0.476857	0.841959	0.472136	0.1	0.0203142
1.24007	-1.10293	0.446494	1.27513e-05	0.000187085	4.76785e-05	-6.16852e-07	-3.72945e-05	-6.15649e-05	0.476785	0.841575	0.472064	0.1	0.0146109
-0.360972	3.88476	2.22495	-3.35328e-05	-0.000436119	-4.54727e-05	7.88937e-07	2.37722e-05	5.44697e-05	0.475355	0.834028	0.470649	0.1	0.0194676
-1.67513	-0.805682	1.93078	1.1658e-05	0.000122529	-6.70075e-05	6.62076e-05	0.00010408	0.000195491	0.475269	0.83357	0.470563	0.1	0.0184303
-1.65533	0.4561	2.30352	5.48815e-05	-5.72625e-05	-3.96568e-05	-2.25335e-05	1.31449e-05	-0.000139028	0.474862	0.83143	0.47016	0.1	0.017999
2.02484	-2.81554	-0.970598	8.30975e-06	0.000279506	6.17652e-05	-8.10799e-05	-0.000246299	0.00022576	0.474508	0.829578	0.46981	0.1	0.0203293
-2.17657	1.93972	1.756	-5.77011e-05	-0.000144413	0.000108839	-6.6394e-05	3.89042e-05	-5.51304e-05	0.474403	0.829024	0.469706	0.1	0.0191022
-2.37908	-0.367852	-0.310413	-9.63072e-07	6.88403e-05	1.30095e-05	-0.000237969	-7.0241e-05	-4.87862e-05	0.473731	0.82551	0.469041	0.1	0.0227714
-1.0712	-0.0730585	-0.949953	4.13454e-05	2.59905e-05	-5.53037e-05	-0.00025867	-3.16025e-05	-0.000138501	0.47183	0.815609	0.467158	0.1	0.0189073
0.694486	-3.05733	1.67826	1.32974e-05	0.000273561	1.38205e-05	-0.000277915	0.000100727	0.000313568	0.471086	0.811759	0.466422	0.1	0.0165701
-0.44264	-2.01287	-0.343379	-2.15324e-05	0.000244864	-3.2322e-05	-0.000180648	-0.000130265	0.000101389	0.470528	0.808876	0.465869	0.1	0.0227131
-2.14688	-2.39763	-1.06932	-3.03412e-05	0.00027953	-3.43717e-05	-0.00042239	0.000208922	-0.000130985	0.470355	0.807987	0.465698	0.1	0.0166168
0.474799	3.34241	0.145466	2.15032e-05	-0.000377426	7.88092e-05	6.12449e-05	2.80195e-05	0.000404632	0.470211	0.807242	0.465555	0.1	0.0175285
-1.15664	-2.41759	2.45631	2.34622e-05	0.000231598	-2.18703e-05	-9.80336e-05	4.53096e-06	-0.000155025	0.47002	0.806259	0.465366	0.1	0.0198755
0.545436	1.03747	2.24367	0.00011462	-3.19105e-06	-4.86493e-05	-0.000146114	2.9706e-05	-9.06853e-05	0.46956	0.803896	0.464911	0.1	0.0161662
-0.0980227	-1.10043	2.25967	7.14778e-05	0.000127525	-6.00925e-05	-0.000115344	-0.000187464	3.54272e-05	0.469458	0.803373	0.46481	0.1	0.0185895
-0.627979	-1.86898	0.608972	-3.50199e-05	0.000164977	-9.76427e-05	-7.44297e-05	-0.000115471	0.000298405	0.469446	0.803307	0.464798	0.1	0.0206794
-0.791579	1.73371	-0.396059	5.02766e-05	-0.000193537	4.0865e-05	0.000127691	-5.37002e-05	3.25565e-05	0.468782	0.799905	0.464141	0.1	0.0170102
1.1319	-0.0463896	0.290159	-2.35158e-05	3.67628e-05	2.85966e-05	-0.000234178	-3.33814e-05	0.000135836	0.467379	0.792743	0.462751	0.1	0.0167813
1.81011	-0.355954	1.94872	6.83999e-06	7.91214e-05	2.72221e-05	7.26799e-05	8.62551e-05	-7.89575e-05	0.467217	0.791923	0.462591	0.1	0.0183013
-0.188138	-2.14291	1.91105	3.05302e-05	0.000216719	-6.30636e-06	0.000235039	8.40685e-05	7.54375e-05	0.466675	0.789165	0.462054	0.1	0.0165002
1.64189	1.20415	-1.54894	3.59347e-05	-7.72968e-05	6.493e-05	6.68275e-05	0.000142155	-1.6998e-05	0.466232	0.786924	0.461616	0.1	0.014342
-0.6944	2.20013	0.394609	2.59632e-05	-0.000241398	4.19552e-05	1.75146e-06	0.000139139	0.000200725	0.466205	0.786785	0.461589	0.1	0.0177718
-0.904572	2.85824	-1.33046	-3.0715e-05	-0.000329239	2.91326e-05	-4.01129e-05	2.02267e-05	-0.000129818	0.466076	0.786131	0.461461	0.1	0.0153591
0.911959	-2.83122	0.355696	-1.94014e-07	0.000244876	4.03925e-05	-2.06023e-05	-0.000104171	-3.00691e-05	0.465707	0.784266	0.461096	0.1	0.0220177
-1.84236	-2.17925	-1.95298	-4.80766e-05	0.000293603	-3.16159e-05	-6.21327e-05	3.34441e-05	-1.22535e-05	0.465684	0.784148	0.461073	0.1	0.0213401
-1.43019	2.36438	-0.177154	7.47916e-06	-0.000250457	2.90737e-05	5.32883e-05	-0.000157861	2.48946e-05	0.46529	0.782163	0.460683	0.1	0.0158077
1.96969	1.76741	0.0425635	3.21319e-05	-0.000165919	-0.000155292	-0.000591174	-0.000810638	-0.000203714	0.464712	0.779251	0.460111	0.1	0.0165766
0.817145	-1.04338	2.17646	4.18032e-05	0.000191869	9.50109e-07	-7.05262e-05	4.38953e-05	8.56583e-05	0.464331	0.777336	0.459734	0.1	0.0133651
1.79161	-1.62723	2.35595	-3.22721e-05	0.000232225	3.96943e-05	0.000153536	-9.04431e-07	0.000234364	0.463321	0.772277	0.458734	0.1	0.0143999
-2.19757	2.09325	0.24439	7.10866e-06	-0.000238301	2.17619e-05	2.31765e-05	0.000178941	-8.54369e-05	0.462664	0.768994	0.458083	0.1	0.0169602
0.562092	1.84373	1.35408	1.31057e-05	-0.00025687	-1.31348e-05	0.000384993	-0.000146521	0.000291026	0.462514	0.768246	0.457935	0.1	0.0129456
2.0506	-1.02633	-0.00259142	-1.86651e-05	0.000156114	6.9724e-05	-2.74765e-05	1.99135e-05	-3.00213e-05	0.462457	0.767963	0.457878	0.1	0.0158202
1.0045	-1.33703	1.33124	1.70452e-05	0.000199867	7.9717e-07	5.51921e-05	2.89375e-05	7.58377e-06	0.460448	0.757998	0.455889	0.1	0.0147815
2.03086	-3.48249	-1.60743	2.38606e-05	0.000392563	-2.44739e-05	0.000361354	0.000134194	-0.000323153	0.4597	0.75431	0.455149	0.1	0.0131079
2.05549	3.13677	0.0400254	3.69186e-05	-0.000392716	-9.74191e-05	-0.000305129	0.000119051	2.03332e-05	0.459434	0.752999	0.454885	0.1	0.0213521
-1.547	-3.03681	1.84094	-2.86768e-05	0.000392254	1.49607e-05	9.0066e-05	-4.00479e-05	4.26279e-05	0.45935	0.752587	0.454802	0.1	0.02228
0.158006	-1.53148	0.981544	7.64624e-06	0.00017576	5.828e-05	-6.47126e-05	-1.18251e-05	-0.000135798	0.459269	0.752192	0.454722	0.1	0.0155029
-2.47959	1.93909	-2.37245	1.39814e-05	-3.77021e-05	0.00012092	-2.36234e-05	0.000132176	-0.000319386	0.459266	0.752174	0.454719	0.1	0.0182771
-0.17519	0.339103	-0.530473	2.8412e-05	-4.13989e-05	5.82625e-05	3.00805e-05	7.00865e-05	0.000261115	0.459194	0.751823	0.454648	0.1	0.0187526
1.46043	3.01071	1.15119	-3.25173e-06	-0.000323244	-1.68553e-05	0.000269634	-8.36827e-05	8.1582e-05	0.459118	0.751448	0.454572	0.1	0.0191702
2.18384	1.10034	-2.28917	-1.14726e-05	-1.98275e-05	5.30837e-05	0.000212889	-1.15533e-05	0.000214023	0.459006	0.750894	0.454461	0.1	0.0144001
2.08067	-1.41611	-1.80706	-2.72083e-05	0.000156974	3.51795e-05	5.41576e-05	3.92032e-05	-0.00010915	0.458587	0.748846	0.454047	0.1	0.0222203
-1.46391	3.13558	-0.665072	-2.09645e-05	-0.000286067	-1.14209e-05	-0.000151671	-3.66168e-05	0.000179747	0.458044	0.746189	0.453509	0.1	0.0185037
2.33789	1.65097	1.02886	-1.14891e-05	-0.000161669	0.000120746	-9.18389e-05	-0.000160989	-7.38847e-05	0.458039	0.746161	0.453504	0.1	0.0159002
-2.14184	3.7327	-0.629394	-5.66836e-05	-0.000355237	-7.15616e-05	-2.05395e-05	2.06079e-05	-4.63447e-05	0.457054	0.74136	0.452529	0.1	0.0201572
-1.43976	0.0357072	-0.0619897	-5.26746e-05	-3.92358e-05	-2.13284e-05	1.84904e-05	-0.000103259	-4.69096e-05	0.456744	0.739852	0.452222	0.1	0.0178459
1.17439	-2.40017	-0.445661	-2.15213e-05	0.000239858	3.98338e-05	-6.62744e-05	-0.00010228	-3.71066e-05	0.456538	0.738849	0.452018	0.1	0.0148359
2.3861	-3.44559	2.44227	9.17949e-06	0.000297309	2.20789e-06	0.000160763	7.56479e-06	6.57798e-06	0.456295	0.737671	0.451777	0.1	0.0172185
-1.66191	-0.742042	-0.746065	6.92562e-07	0.000109421	7.72713e-06	0.000156342	0.000132142	-2.32395e-05	0.4556	0.734306	0.451089	0.1	0.0193563
-0.642026	-2.98794	1.871	-2.11295e-05	0.000315668	2.00967e-05	-2.96156e-05	0.000188081	2.37645e-06	0.45547	0.733674	0.45096	0.1	0.0135083
0.165992	2.2162	-0.147545	3.74235e-05	-0.000204795	-3.92796e-05	5.24831e-05	7.93804e-05	2.78808e-05	0.455436	0.733515	0.450927	0.1	0.0144333
1.66634	1.14935	0.636958	-0.000113437	1.38413e-05	-5.78354e-05	1.19598e-05	0.00029152	0.000223607	0.45531	0.732903	0.450802	0.1	0.014328
0.907608	-2.22006	1.14143	-6.39768e-06	0.000286305	3.36586e-06	4.29003e-05	-3.68969e-05	-2.32257e-05	0.455197	0.732356	0.45069	0.1	0.0145256
1.08002	3.96147	-0.772454	-3.01926e-05	-0.000420776	-2.06807e-05	0.000288918	-9.51517e-05	0.000179167	0.277675	0.16624	0.274926	0.1	0.00619412
1.496	1.9998	0.574669	0.000123448	-0.000274789	7.69441e-05	-0.000592682	-0.000283503	-5.86709e-05	0.277411	0.165765	0.274664	0.1	0.00885777
1.83665	-2.21959	-0.208104	1.69786e-05	0.000242344	-9.35006e-05	-0.000536218	0.000370996	-0.000453592	0.277355	0.165667	0.274609	0.1	0.0133439
-1.11733	1.59901	0.356497	-3.72502e-05	-0.000197411	2.32411e-05	0.000183741	-9.09294e-05	-0.000606551	0.277213	0.165412	0.274468	0.1	0.0143578
0.936155	3.87582	-0.180315	0.000189966	-0.000241423	-7.99e-05	-8.28937e-05	6.62338e-05	-0.00048792	0.276217	0.163635	0.273482	0.1	0.0083961
-0.754112	-3.01284	-2.41724	1.27444e-05	0.000307779	3.84661e-06	4.51663e-05	-0.000154777	0.000202774	0.275638	0.162608	0.272909	0.1	0.00919157
0.681951	-3.78609	1.83264	-0.000137168	0.000245339	4.05513e-06	0.000224601	-0.000320203	0.00071657	0.275408	0.162201	0.272681	0.1	0.0101934
1.63289	-0.821617	-0.704277	4.6675e-05	8.13128e-05	6.65273e-05	-0.00018114	-6.88376e-05	-8.53904e-05	0.275341	0.162083	0.272615	0.1	0.00672779
-1.92802	-0.22911	2.31234	-2.64086e-06	1.43148e-05	-2.80005e-05	5.95412e-05	9.42451e-05	-3.82041e-05	0.275341	0.162083	0.272615	0.1	0.0113746
-1.33698	-3.77626	2.23435	-1.4654e-05	0.000401069	-2.30663e-05	9.59661e-05	-8.7823e-07	9.0708e-05	0.275089	0.161637	0.272365	0.1	0.00864438
0.239704	-3.83787	-1.7007	0.000104154	0.000250571	-4.58144e-05	-0.000527738	-0.000122609	-0.000591481	0.275056	0.161582	0.272333	0.1	0.0105494
1.97579	1.70907	-1.95679	4.16821e-05	-7.436e-05	0.000125062	0.000309912	7.62826e-05	-0.000326411	0.274446	0.160509	0.271729	0.1	0.00585333
-0.720979	0.957736	-1.42891	3.00735e-05	-0.000114865	1.49316e-06	0.000244888	0.000248697	-0.000102611	0.274411	0.160446	0.271694	0.1	0.00660941
-1.28073	0.690273	1.70353	5.05913e-05	-7.91162e-05	3.41136e-05	0.00017851	0.000144668	8.86313e-06	0.274202	0.16008	0.271487	0.1	0.0104718
1.4125	-1.97108	-2.12685	-2.65609e-05	0.000288472	5.68484e-05	-0.000331447	-0.000137485	0.000145939	0.274042	0.159801	0.271329	0.1	0.0119848
2.07734	-1.75168	-0.0661004	7.65089e-05	0.000192873	-0.000124913	0.000773243	0.000339549	0.000412199	0.273887	0.159529	0.271175	0.1	0.0149124
1.42473	2.96603	1.87385	-0.000143421	-0.000337577	-3.07337e-05	-0.000454559	-0.000451186	0.00121224	0.273679	0.159166	0.270969	0.1	0.0135894
1.47707	-3.5515	-1.09425	-2.75496e-05	0.000436045	2.89806e-05	0.000425408	2.32992e-06	4.32994e-05	0.273477	0.158813	0.270769	0.1	0.0120298
0.660038	1.57769	-2.28168	6.34605e-05	-0.000158835	3.39916e-05	0.00069735	-0.000290064	0.000259498	0.273324	0.158548	0.270618	0.1	0.00761657
-1.8394	3.32702	-2.35694	-6.16594e-05	-0.00031174	4.65241e-05	0.000220934	-4.6411e-05	-0.000268412	0.272973	0.157937	0.27027	0.1	0.0106017
0.478332	-1.45319	-2.1342	2.0089e-05	4.34862e-05	-8.16069e-06	0.000176482	-6.51006e-05	7.8303e-05	0.272675	0.15742	0.269975	0.1	0.010772
0.280989	2.87172	-1.63015	-1.6823e-05	-0.000291621	2.07473e-05	-5.19834e-05	8.51781e-05	0.000144001	0.272585	0.157264	0.269886	0.1	0.00892709
0.672478	0.468408	1.77477	9.12613e-05	-3.33959e-05	-3.80964e-05	-0.00017818	-2.11904e-05	0.000342517	0.27236	0.156875	0.269663	0.1	0.010345
0.578995	2.16482	0.437849	4.86765e-05	-0.000230639	-7.81049e-05	0.00011745	-2.64228e-05	0.000133692	0.272313	0.156795	0.269617	0.1	0.00607243
1.3178	0.227745	-0.973112	-7.29539e-05	-7.6707e-05	-4.132e-05	0.000163971	-0.000246362	0.000435273	0.271845	0.155987	0.269153	0.1	0.00654278
1.21491	0.950482	0.113172	-0.000118011	-9.04287e-05	-9.1591e-06	-9.33146e-05	-0.000307938	6.54084e-05	0.271451	0.15531	0.268763	0.1	0.0115261
1.85432	3.09386	-2.02162	-0.000150702	-0.000367887	7.9912e-05	4.51283e-05	-0.000318894	0.00018846	0.271375	0.155179	0.268688	0.1	0.00815205
0.223226	-0.662123	0.914491	-1.21472e-05	9.88888e-05	-3.92587e-05	3.74064e-05	-2.52413e-05	0.000223456	0.270927	0.154413	0.268245	0.1	0.00921115
1.79668	3.70898	0.392191	4.53579e-05	-0.000419943	-5.94964e-05	0.000510438	0.000316909	0.000275725	0.2707	0.154024	0.26802	0.1	0.00849435
0.407068	-3.83551	-2.21412	4.40523e-05	0.000181199	-6.5821e-05	0.000323272	0.00035972	0.000428317	0.270558	0.153782	0.267879	0.1	0.0112961
-0.125855	3.08382	0.725874	5.2162e-06	-0.000429773	-5.13417e-05	-0.000638911	4.948e-05	0.000423471	0.270297	0.153339	0.267621	0.1	0.00616017
1.4381	1.29497	-0.857062	2.70166e-05	-0.000255583	6.06103e-05	-9.92467e-05	3.31221e-05	-0.000233798	0.270287	0.153322	0.267611	0.1	0.00775628
-2.37441	-1.83285	-1.61069	-2.6193e-05	0.000225665	-2.14028e-05	-0.000351185	0.00046902	0.00019503	0.270186	0.153149	0.267511	0.1	0.0118338
-0.924553	1.3825	-1.67827	-6.74184e-06	-0.000222587	-9.60998e-05	0.000223832	1.67744e-05	-0.000271824	0.270182	0.153142	0.267507	0.1	0.00835611
-2.20608	1.47251	-0.853513	0.000373261	-8.20307e-05	5.88798e-05	2.65264e-05	0.000644943	0.000698186	0.270017	0.152863	0.267344	0.1	0.0101173
1.41287	-1.06337	-2.38833	-4.09504e-05	0.000207434	8.38527e-05	-0.000353121	0.000438473	-0.00017019	0.26995	0.152747	0.267277	0.1	0.00845557
1.55374	1.90467	-1.69614	4.08756e-05	-0.000110456	0.000119367	8.8142e-05	-0.000314502	0.000109917	0.269181	0.151447	0.266516	0.1	0.00704443
0.747242	1.67042	0.327424	1.23824e-05	-0.000222932	-7.27128e-05	-0.000633858	0.000711111	0.000164619	0.269098	0.151308	0.266434	0.1	0.00563039
0.378276	3.29881	-0.599649	-3.39384e-05	-0.000388165	-1.86089e-05	-4.52423e-05	-0.000422033	0.000410216	0.268805	0.150813	0.266144	0.1	0.00572981
-0.583203	-3.05348	1.13928	-9.85966e-07	0.000370164	-1.69831e-06	-0.000195909	-0.000233087	-0.000143901	0.268767	0.150749	0.266106	0.1	0.00981933
0.851504	-1.87481	-2.20256	6.83275e-06	0.00025108	3.0387e-05	8.37445e-05	-0.00104013	0.000815054	0.268522	0.150336	0.265863	0.1	0.00799118
0.669729	1.91975	2.28585	9.89075e-06	-0.000296017	0.000113393	-0.000223948	0.000215846	0.000468056	0.268425	0.150173	0.265767	0.1	0.00692916
1.37728	-2.57451	1.93715	4.47236e-05	0.000327102	-1.94849e-05	-7.43337e-05	-1.31929e-05	0.000441846	0.268352	0.150052	0.265695	0.1	0.0119024
-0.623285	3.81304	0.637321	-0.000101989	-0.000373966	-3.02661e-05	-0.000163555	0.000133849	-0.000105334	0.268323	0.150002	0.265666	0.1	0.00792723
2.34442	-0.714453	0.844898	-5.03518e-05	0.000123365	3.35358e-05	-0.000115886	2.54639e-05	0.00022577	0.268231	0.149848	0.265575	0.1	0.00700625
-1.18909	2.2597	-1.62179	-9.19579e-05	-0.000258087	2.79067e-05	-6.96661e-05	-0.000126045	-0.000176152	0.26816	0.14973	0.265505	0.1	0.00636266
-2.42577	1.35381	-0.103592	2.41164e-05	-3.99467e-05	1.99599e-05	9.11214e-05	0.000378367	-0.000604285	0.268094	0.149619	0.26544	0.1	0.00877423
0.184717	-3.86429	-0.202319	-1.98678e-05	0.000307742	1.81006e-05	-7.03671e-05	0.000193409	0.000347574	0.267672	0.148914	0.265022	0.1	0.00604563
0.0978704	0.097339	2.02782	1.48243e-05	5.59305e-06	6.23923e-05	-6.69866e-06	0.00049641	0.000492429	0.267644	0.148867	0.264994	0.1	0.00873059
0.104716	0.241445	-1.91473	9.99552e-05	3.42598e-05	-7.60936e-05	0.000497099	-9.08444e-05	-0.000499724	0.267399	0.148458	0.264751	0.1	0.0081067
-0.855157	0.616946	-0.923044	6.93584e-05	-5.51164e-05	-7.59211e-06	0.000471934	-0.000313482	0.000182004	0.26738	0.148428	0.264733	0.1	0.00915403
-0.625511	-0.87364	0.523247	-5.21037e-05	3.87056e-05	-9.75465e-05	0.000379545	-0.000174779	0.000221254	0.267164	0.148068	0.264519	0.1	0.0074136
1.86782	2.22275	-2.03829	-2.94645e-06	-0.000123513	3.70668e-05	-0.000767334	0.000605104	0.000431894	0.266747	0.147375	0.264106	0.1	0.00841103
-2.18127	3.9499	1.10963	4.79322e-05	-0.000376984	-6.70778e-05	0.000184288	-5.08245e-05	0.000176014	0.266696	0.14729	0.264055	0.1	0.00642109
-0.49331	0.222252	-1.27173	2.82944e-05	-6.69888e-06	1.49957e-05	-9.86893e-05	-0.000446278	0.000469174	0.266657	0.147227	0.264017	0.1	0.00580439
-0.504856	-2.83601	0.489777	2.10717e-05	0.000340921	-1.3897e-05	9.13714e-05	0.000102971	-5.67771e-05	0.266646	0.147208	0.264006	0.1	0.0146889
-0.855267	1.04651	-2.09017	-2.84469e-05	-5.53516e-05	-4.48454e-05	-0.000349872	0.000335256	-0.000325554	0.266512	0.146986	0.263873	0.1	0.00704348
-0.0191836	2.84208	1.49351	7.35169e-05	-0.000415417	1.58903e-05	-9.59759e-05	-7.9869e-05	4.91632e-05	0.266395	0.146792	0.263757	0.1	0.00607944
2.48288	-2.57825	-0.4492	5.09592e-05	0.000104052	0.000102696	0.000392092	0.000266314	-0.000462584	0.26634	0.146702	0.263703	0.1	0.0145568
-1.97639	-1.40262	0.32204	-8.26529e-05	4.98046e-05	0.000106829	-0.000163867	-0.000130662	0.000548014	0.266286	0.146613	0.26365	0.1	0.0107622
-1.5953	3.76182	1.29954	-1.78719e-05	-0.000506516	-8.79161e-06	-0.000367342	9.07068e-05	-0.000242741	0.266192	0.146457	0.263556	0.1	0.00740982
-0.932833	-0.675423	-1.4487	0.000138822	0.00012751	-0.000143439	-0.000265442	-0.000203395	-3.23279e-05	0.266027	0.146186	0.263393	0.1	0.0138383
-2.05956	3.44574	2.17181	-3.9158e-05	-0.000347598	-1.05277e-05	-0.000236408	0.000119283	-0.000405686	0.265875	0.145936	0.263243	0.1	0.00642234
1.26818	1.61508	0.275983	2.35254e-06	-5.45249e-06	-0.000177963	-0.00026338	-0.00106744	-0.000508387	0.265741	0.145715	0.26311	0.1	0.00563493
1.29379	-2.84761	-0.982982	1.87841e-06	0.000295584	5.04418e-05	0.000260592	0.000105353	-2.12434e-05	0.265638	0.145545	0.263008	0.1	0.00845775
-0.282802	0.657285	-1.4462	-1.60142e-05	-0.000152106	-7.55727e-05	-0.000705042	8.02498e-05	-0.000290375	0.265491	0.145302	0.262862	0.1	0.00603808
1.91366	-0.924499	2.37318	-8.11153e-05	0.000180172	7.43417e-05	-0.000344725	-0.000284327	-0.00018644	0.265259	0.144924	0.262633	0.1	0.00974238
1.30636	2.34839	0.939921	1.97161e-05	-0.000291323	-4.1587e-05	-0.000429438	-0.000237012	-0.000180051	0.264796	0.144165	0.262174	0.1	0.00699799
0.651235	-3.75023	0.0272085	0.000106327	0.000487698	-2.3582e-05	0.000434485	-0.000182981	0.000865106	0.264249	0.143274	0.261633	0.1	0.00921475
-1.79392	2.07879	2.48833	3.01366e-06	-0.00018769	4.733e-05	8.25112e-05	-4.23976e-05	8.18542e-05	0.264167	0.14314	0.261551	0.1	0.0098534
-0.363072	-1.47463	1.69704	5.67857e-05	0.00019899	-9.61024e-05	0.000419298	0.000207183	-0.000373446	0.264016	0.142895	0.261402	0.1	0.00711081
0.0510994	2.75785	0.349014	9.29007e-05	-0.000280113	-0.000140026	0.00106114	0.000203168	0.000383119	0.263903	0.142711	0.26129	0.1	0.0104981
0.51178	-1.1292	0.511018	3.06885e-05	5.41913e-05	1.47504e-05	-0.000373417	-9.01281e-05	0.000228247	0.263737	0.142442	0.261126	0.1	0.00745849
1.37961	-3.70253	-1.80415	-3.9125e-06	0.000447573	-1.131e-05	0.000191236	8.77914e-05	-0.000292081	0.263591	0.142206	0.260981	0.1	0.00880968
-0.0412587	-1.20767	-0.735181	-1.22232e-05	-0.000193359	0.00027416	-0.000982459	-0.00133847	-0.00140061	0.263502	0.142062	0.260893	0.1	0.010193
1.41399	-2.59045	-1.90382	3.83657e-05	0.000287821	6.63914e-05	-0.000694985	-2.44298e-05	0.000164929	0.263392	0.141884	0.260784	0.1	0.00823798
1.31985	-0.827951	1.71841	-7.13573e-06	0.000160411	1.87199e-05	-1.53904e-05	-6.6453e-05	-5.20648e-05	0.263362	0.141834	0.260754	0.1	0.00612506
0.811258	-0.03655	0.933388	5.71848e-06	8.88166e-05	2.55478e-06	-0.000134134	-3.24202e-05	-6.4537e-05	0.263318	0.141765	0.260711	0.1	0.00680845
-1.0991	3.82816	0.860477	-6.75371e-05	-0.000391505	4.0271e-05	-4.17841e-05	-0.000105929	-0.000111715	0.262863	0.14103	0.26026	0.1	0.00960696
-1.60992	-4.01396	-2.37103	5.35644e-05	0.000406528	-4.01192e-05	0.00023585	-3.60284e-06	0.000328324	0.262474	0.140406	0.259875	0.1	0.00964347
-0.864608	1.66662	0.855386	-4.1071e-05	-4.22318e-05	-6.10237e-05	0.000278071	1.40282e-05	-0.000220874	0.262445	0.140359	0.259847	0.1	0.00963087
2.02739	1.04717	1.23866	-0.000165609	-9.42061e-05	-5.97373e-05	0.000482009	-0.000556619	-0.000207426	0.262382	0.140258	0.259784	0.1	0.0076885
0.457726	-2.37348	1.6931	2.54279e-05	0.000250604	2.44611e-05	0.000746205	-0.000676168	-0.000505073	0.262307	0.140138	0.25971	0.1	0.00810197
2.30042	3.29449	-0.609418	-8.68343e-05	-0.00031873	-0.00012339	0.000777696	0.000285193	-6.93967e-05	0.261855	0.139414	0.259262	0.1	0.00797815
-0.312901	0.00348912	-1.71203	6.99518e-05	0.000130973	-6.92989e-05	-0.000873575	-7.11465e-05	0.00029424	0.261739	0.13923	0.259148	0.1	0.00507715
0.351315	-0.652099	0.403329	3.69204e-05	-9.0503e-06	-3.00598e-05	-5.1127e-05	0.000450623	-0.000340334	0.261522	0.138883	0.258933	0.1	0.00551023
0.392801	-2.63886	-1.61104	-1.80697e-05	0.000273003	5.44078e-05	-2.19097e-06	4.52407e-05	-0.000122754	0.261188	0.138352	0.258602	0.1	0.00995688
-0.134939	3.54461	0.477759	-0.000103356	-0.000473898	-9.90156e-05	0.000424219	-0.000405368	0.000223056	0.260995	0.138045	0.258411	0.1	0.00646467
1.63978	-1.22947	1.7058	-2.67613e-05	0.000210303	6.20206e-05	-8.09144e-05	-2.87489e-05	0.000159562	0.26082	0.137768	0.258238	0.1	0.0072683
0.0269767	-0.371447	-1.80702	0.000135766	0.000161233	9.47271e-05	-1.29982e-05	0.00013249	0.000109616	0.260716	0.137603	0.258135	0.1	0.0079529
2.10253	-0.611132	1.29747	-8.52567e-05	0.000189112	1.51244e-06	-0.000226099	0.00015784	0.000383076	0.260608	0.137432	0.258028	0.1	0.00890177
1.56623	0.458143	0.558907	2.01529e-05	3.19449e-05	-6.29755e-05	7.43949e-06	-0.000221133	0.000164986	0.260419	0.137134	0.257841	0.1	0.0107006
-0.144233	2.64429	-1.33362	-6.50709e-05	-0.000298182	1.53887e-05	-6.69156e-05	9.54146e-05	-0.000173173	0.25964	0.135906	0.257069	0.1	0.00901579
2.43549	-1.66667	-0.444144	1.56933e-05	0.000306862	-0.000145027	-0.00100736	-0.000261753	0.000417927	0.259308	0.135386	0.256741	0.1	0.0112917
0.779982	-2.78127	-0.891069	-2.57092e-05	0.000308397	4.0128e-05	6.16358e-05	-6.00207e-05	-0.000275615	0.259076	0.135023	0.256511	0.1	0.00416924
1.30237	1.9976	-0.0704577	6.92579e-05	-0.000157578	-0.000320309	-0.000462533	0.00127114	6.97902e-05	0.25907	0.135014	0.256505	0.1	0.00674994
-1.13109	-0.578434	1.3328	-4.16894e-05	-5.58917e-06	-1.52319e-05	-0.00029698	-3.96419e-05	0.000355024	0.258949	0.134824	0.256385	0.1	0.0084299
2.34828	1.45384	2.01112	-6.44214e-05	-0.000137359	0.000120852	-4.12201e-05	-0.000153754	0.000142216	0.258858	0.134682	0.256295	0.1	0.0154203
-0.285004	2.82058	-2.136	4.71246e-05	-0.000316248	-1.88945e-06	0.000383633	-0.00043644	7.48301e-05	0.258625	0.134319	0.256064	0.1	0.00983111
0.358383	3.96881	2.31481	-1.92408e-05	-0.000466048	-0.000137218	0.000462367	0.000321751	0.000450036	0.25855	0.134202	0.25599	0.1	0.00827501
0.215635	-1.71948	-0.413593	-1.39862e-05	0.000240882	6.74692e-05	0.000219441	-9.60693e-05	0.000302745	0.258498	0.134122	0.255939	0.1	0.00627454
-1.11926	3.64943	-1.00994	-2.66741e-05	-0.00031185	-2.68855e-05	7.51389e-05	1.41081e-05	-0.000215304	0.258358	0.133903	0.2558	0.1	0.00706542
-1.70877	-3.45632	0.526244	1.38023e-05	0.000390678	7.95187e-07	0.000433939	0.000470824	-0.000100832	0.258082	0.133476	0.255527	0.1	0.0112124
-0.848052	-3.72083	-0.149692	-6.31502e-05	0.000409909	4.0765e-05	7.85785e-05	4.26896e-05	-5.7086e-05	0.257965	0.133294	0.255411	0.1	0.00753665
-1.50343	-1.79038	-2.46021	6.27393e-05	0.000226975	-5.84458e-05	8.93804e-05	-6.06326e-05	-6.54365e-06	0.25795	0.133271	0.255396	0.1	0.00558326
1.15891	-0.60835	-0.606772	3.15519e-07	3.18522e-07	-2.57794e-07	7.87038e-25	4.8092e-24	-4.78104e-25	0.257891	0.13318	0.255338	0.1	0.00727169
-0.0773255	2.3696	0.710834	1.86262e-05	-0.00024102	-1.2785e-05	0.000373998	3.23961e-06	-0.000117434	0.25788	0.133161	0.255327	0.1	0.00847671
-0.395637	-1.823	1.30555	8.23299e-06	0.000246511	3.14803e-05	-0.000152762	-0.000193093	0.00017717	0.257497	0.13257	0.254948	0.1	0.00609605
-1.83476	3.41307	1.66127	7.58923e-05	-0.00036625	-0.000154473	0.000454008	-0.000508236	0.000198073	0.257171	0.132066	0.254625	0.1	0.00482809
1.71247	2.36332	-0.256105	0.000145079	-2.96834e-05	1.65964e-05	-0.000167444	-7.74236e-05	-0.000323595	0.257045	0.131872	0.2545	0.1	0.0110022
0.571519	0.582519	0.293929	2.22102e-05	-0.00018756	-0.000100346	0.000503193	5.39287e-05	-5.87293e-07	0.257002	0.131805	0.254457	0.1	0.0127635
0.0258608	-2.80369	1.74605	-9.57418e-06	0.000218319	-4.91262e-05	-0.000259767	-0.00014117	-0.000285061	0.2563	0.130728	0.253762	0.1	0.00697313
1.9623	1.19234	-0.895541	4.43531e-05	-0.000357385	-0.000161675	0.000315112	-0.000260561	-0.0001923	0.256161	0.130517	0.253625	0.1	0.0074557
1.53213	3.01803	-2.42541	-0.000105523	-4.66272e-05	-1.76253e-05	0.000150669	-0.00015763	-0.000453296	0.256037	0.130326	0.253502	0.1	0.00930142
0.349524	-0.521936	2.30197	-5.08394e-05	8.99613e-05	1.47309e-05	0.000191833	0.000343437	-0.000193397	0.255995	0.130262	0.25346	0.1	0.00646794
1.06619	2.45919	-0.493935	-7.62764e-05	-0.000372366	6.08952e-05	0.000327301	3.03305e-05	0.00032763	0.25592	0.130148	0.253386	0.1	0.00911082
-2.14259	-0.561477	-1.25146	5.35293e-05	1.5592e-05	2.41178e-05	0.000121603	-0.000195626	-0.000143382	0.255837	0.130021	0.253304	0.1	0.0136498
0.359555	1.21617	1.08805	2.60742e-05	-0.000238119	-6.75083e-05	-0.000418671	0.000385995	-0.000420128	0.255747	0.129885	0.253215	0.1	0.00794662
-0.0192172	1.30722	1.90165	7.67905e-05	-0.000151813	-3.61773e-05	-0.000368127	0.000224995	0.000427376	0.255291	0.129191	0.252763	0.1	0.00678149
0.431658	-3.41669	-0.936757	-2.03987e-05	0.000402342	2.89432e-05	-0.000374327	-0.000101042	-0.000316742	0.255224	0.129089	0.252697	0.1	0.00421473
-1.10682	1.48494	-2.14921	3.15915e-05	-0.000135364	-5.74012e-05	-3.67738e-05	-3.8859e-05	-4.09684e-05	0.255101	0.128903	0.252575	0.1	0.0064426
-1.02935	1.12766	1.56812	-3.96583e-05	-6.89343e-05	-8.11623e-05	-0.000287895	0.000605747	0.000164305	0.254823	0.128482	0.2523	0.1	0.0151381
1.58987	-2.79975	-2.33614	4.39344e-05	0.000301697	7.00453e-05	0.000441478	0.000338712	0.000597732	0.254506	0.128002	0.251986	0.1	0.00741897
-0.304389	1.20862	-0.374138	3.65854e-06	-4.65664e-06	2.87933e-07	-8.44999e-25	-1.42934e-24	-6.5386e-23	0.254402	0.127845	0.251883	0.1	0.0124038
1.66027	-3.54604	-2.20374	-5.07869e-05	0.000515845	3.98792e-05	-0.000665831	2.10784e-05	-0.000437868	0.254272	0.127649	0.251754	0.1	0.00608931
-0.952895	-1.10561	1.61439	-6.24344e-05	0.000167926	-2.68817e-05	0.000162643	0.000342455	0.000189761	0.254252	0.127621	0.251735	0.1	0.00762225
-1.70227	0.672475	-0.179245	2.2987e-05	-8.36263e-05	-6.47115e-05	-9.19973e-05	-2.94293e-05	-0.000190323	0.254212	0.12756	0.251695	0.1	0.00973262
1.03805	-2.24467	-1.89338	1.57695e-05	0.000254133	2.62897e-05	0.00040704	0.000130852	-6.78403e-06	0.254199	0.127539	0.251682	0.1	0.00655096
1.21501	1.62539	0.877012	-0.000142528	-0.000158273	0.000147344	0.000223583	0.000546289	0.000390939	0.254057	0.127328	0.251542	0.1	0.00599987
1.33869	3.36788	-1.95973	-0.000120542	-0.000287385	-4.52647e-06	0.000116275	-4.76323e-05	-2.26445e-05	0.253567	0.126591	0.251056	0.1	0.00934671
-1.37218	-0.861958	-0.125444	-2.6475e-07	7.80078e-05	-5.95165e-05	-9.65721e-06	-0.000253247	8.34996e-05	0.253456	0.126426	0.250947	0.1	0.00614828
1.04183	1.32533	1.32002	9.81794e-05	-0.000142308	1.65279e-06	6.2782e-07	-0.000630943	4.43743e-05	0.253434	0.126392	0.250925	0.1	0.00634978
-2.3857	2.78423	-2.02149	-9.21896e-05	-0.000193266	0.000146961	-0.000163032	0.000160041	-0.000299192	0.253312	0.12621	0.250804	0.1	0.0116999
1.23647	-0.584721	-2.47944	6.96731e-05	0.000136028	4.25893e-05	0.000372812	-8.17729e-05	-0.000326889	0.253184	0.126018	0.250677	0.1	0.00892418
0.852537	0.964671	1.60516	0.000126611	-9.90886e-05	-4.58602e-07	-0.000289072	-2.0959e-05	0.000509541	0.253182	0.126015	0.250675	0.1	0.00525234
-0.607252	2.41863	1.06494	1.72116e-05	-0.000263965	2.35789e-05	0.000285922	8.0204e-05	0.000230143	0.253176	0.126006	0.250669	0.1	0.00734529
1.87111	-0.883757	0.72158	5.13277e-06	0.000214681	5.10472e-05	-1.56619e-05	4.8653e-05	-1.77921e-05	0.253012	0.125762	0.250507	0.1	0.00752692
-2.14729	1.32037	-2.31484	4.68582e-06	-3.14652e-05	2.26675e-05	0.000152809	0.000277471	0.000501307	0.252518	0.125027	0.250018	0.1	0.00707594
0.407247	0.214367	-0.906798	-4.29197e-05	-9.24609e-05	-3.17812e-05	-0.000354289	-5.89163e-05	-0.000218324	0.252479	0.124968	0.249979	0.1	0.0090343
2.26193	2.97133	-2.3171	-5.39968e-05	-0.000205633	0.000145169	-0.00071634	0.000121238	-0.000532145	0.25247	0.124955	0.24997	0.1	0.00644556
1.25304	-1.12945	-1.1116	-6.09362e-05	0.000175087	2.73304e-05	1.79961e-05	7.39259e-05	-5.06858e-05	0.252451	0.124927	0.249951	0.1	0.0108468
1.04445	-1.39997	-2.25407	-0.000118722	0.000312988	0.000139628	-0.000440858	-0.000906445	-0.000105817	0.252394	0.124843	0.249895	0.1	0.0146574
-1.72637	-2.74638	-1.53055	2.07417e-05	0.00027042	1.79462e-05	0.000472944	-0.000428564	0.000141928	0.251969	0.124213	0.249474	0.1	0.00868445
0.743593	-3.79204	-1.05711	8.87885e-06	0.000417972	4.66958e-05	-8.40465e-05	2.21467e-05	-0.000336917	0.251672	0.123775	0.24918	0.1	0.00679409
0.30455	-1.66734	2.10309	5.47092e-05	0.00017089	4.5376e-05	-0.000185119	0.000245323	0.000163373	0.251598	0.123666	0.249107	0.1	0.0098723
-1.37277	-1.62855	1.62285	5.64237e-05	0.000302493	-3.15664e-05	-0.000160684	5.5587e-05	0.000252181	0.251461	0.123464	0.248971	0.1	0.00637631
0.151495	-2.86545	2.23184	-1.68325e-05	9.97032e-05	-4.79758e-05	-8.65692e-05	-0.000112876	-0.000519275	0.251337	0.123281	0.248849	0.1	0.00976376
-1.99078	-1.16998	0.844832	-8.47396e-06	0.000114594	2.02529e-05	-3.27084e-05	6.67164e-05	-0.000114003	0.251292	0.123215	0.248804	0.1	0.00762863
1.99573	-3.91214	-2.15726	-7.93164e-05	0.000498628	-5.40111e-05	-0.000238882	2.42801e-05	0.000286754	0.251252	0.123155	0.248764	0.1	0.00685535
0.319561	-0.999173	-1.05247	-0.000248234	0.000135672	7.64323e-05	0.000592	0.000688602	0.000761911	0.251159	0.123019	0.248672	0.1	0.0104904
0.446782	-3.81314	-0.63653	-6.43274e-05	0.000429396	3.11645e-05	0.000278244	-0.000116943	0.000239814	0.250885	0.122618	0.248401	0.1	0.00552363
-1.07415	-1.02611	-2.35689	6.18601e-05	0.000120015	-9.56786e-05	9.63512e-05	-0.000149615	0.000254855	0.250767	0.122444	0.248284	0.1	0.0106947
1.98496	-3.04042	-2.15108	0.000111883	0.00027226	-0.000127713	7.28852e-05	-0.000344457	0.000204087	0.250701	0.122347	0.248219	0.1	0.0068993
0.899966	-1.47605	-1.05422	-8.58879e-05	0.000215645	0.000107119	0.000879378	0.000741824	0.00121232	0.250676	0.122311	0.248194	0.1	0.0105665
1.77267	3.60212	-2.06198	-7.23545e-05	-0.000365312	-4.80937e-05	6.3632e-05	-0.000391498	5.09718e-05	0.250667	0.122297	0.248185	0.1	0.00572739
0.215585	-3.84313	-1.07759	-6.35079e-05	0.000446296	2.65694e-05	0.000254372	-0.000435001	-5.14172e-05	0.250642	0.12226	0.24816	0.1	0.00523261
-1.45898	-0.721706	-2.39209	4.0358e-05	4.90948e-05	-8.3325e-05	0.000250243	-2.36061e-05	2.88185e-05	0.250299	0.12176	0.247821	0.1	0.00822842
0.568491	-1.36452	-0.358912	7.45615e-05	0.00016682	-1.39586e-05	-0.000406823	0.000391347	-0.000774412	0.25018	0.121585	0.247703	0.1	0.00957099
-0.286115	-2.68528	2.38192	4.60086e-05	0.000233593	-3.56343e-05	0.000414266	0.000110395	0.000124915	0.250152	0.121546	0.247675	0.1	0.00705842
-2.48468	-3.12121	-1.95339	2.79569e-05	0.00029994	1.91511e-06	-0.000234956	3.08309e-05	1.42841e-07	0.250067	0.121421	0.247591	0.1	0.00620537
-0.037735	1.63127	2.29544	4.18189e-05	-8.03921e-05	-2.37251e-05	6.52901e-06	-0.000134113	0.000250879	0.250057	0.121407	0.247581	0.1	0.00841681
-2.19824	1.00643	-1.07151	0.000104896	-4.82502e-05	-4.5539e-05	4.62344e-05	-0.000104412	-0.000283426	0.249982	0.121297	0.247507	0.1	0.00557052
-1.70494	-0.243394	-1.22994	5.36381e-05	6.2147e-06	-7.09574e-05	-6.92112e-06	-9.44241e-05	5.18736e-05	0.249805	0.121041	0.247332	0.1	0.0105969
-1.30774	0.903561	-2.26149	4.45436e-06	-5.42203e-05	-1.81578e-05	-0.000291527	-0.000619666	-2.27096e-05	0.249501	0.120599	0.247031	0.1	0.00934311
1.1943	-3.79244	0.0930689	0.000160509	0.000476853	7.61261e-05	0.00048111	-0.0008138	0.000168825	0.249491	0.120585	0.247021	0.1	0.00882318
0.955152	2.02994	0.760129	-8.30867e-05	-0.000192392	4.49157e-05	-0.000851761	-0.000439167	-0.000659793	0.249466	0.120547	0.246996	0.1	0.0068875
0.027508	0.259429	-1.37474	2.25732e-05	-0.00010328	2.61354e-05	5.17367e-05	0.000137168	0.000459506	0.249265	0.120257	0.246797	0.1	0.00722638
0.734679	-1.08581	-1.30832	-0.000241748	0.000136107	8.70627e-05	-0.00104218	-0.000647467	-0.000486277	0.24919	0.120149	0.246723	0.1	0.0121197
0.618629	-0.613672	-0.962997	-3.89821e-07	-8.02978e-07	-4.01295e-07	5.90435e-24	1.91053e-24	-6.42998e-24	0.249006	0.119884	0.246541	0.1	0.0143545
-1.42773	2.33297	-0.963604	4.01e-05	-0.000207571	3.3268e-06	-0.000359355	0.000187325	0.00051602	0.248917	0.119754	0.246452	0.1	0.0107413
2.19714	0.642145	1.94767	0.000128694	2.9206e-06	-6.87189e-05	7.73066e-05	0.000224338	1.36059e-05	0.24891	0.119744	0.246446	0.1	0.0103404
1.83597	0.0829443	1.37694	-4.91162e-06	9.66035e-05	-1.74072e-05	0.000158727	0.000679953	6.95514e-05	0.248903	0.119734	0.246439	0.1	0.00756149
-1.26044	-0.0663948	-2.42879	2.29011e-05	-3.07296e-06	-6.79747e-05	5.79958e-06	5.9245e-05	0.000262052	0.248902	0.119733	0.246438	0.1	0.00754205
-1.58465	2.9798	1.67312	9.08697e-06	-0.000397641	9.85764e-05	-0.000923935	-0.000199055	-0.000297305	0.248378	0.118978	0.245919	0.1	0.00812136
1.50626	1.15071	1.31327	0.000104648	-6.16716e-05	-2.052e-05	0.000192175	0.000338044	0.000318552	0.248178	0.11869	0.245721	0.1	0.00564418
-0.331534	0.475868	-2.01735	-3.56392e-06	-0.000233695	-0.00015831	-0.000231821	0.000160711	-3.36454e-05	0.24787	0.118249	0.245416	0.1	0.00694357
-1.28986	-0.237478	2.11296	-4.70606e-06	6.68284e-05	-5.38467e-05	0.000108657	0.000160619	-0.000322297	0.247827	0.118187	0.245373	0.1	0.00708589
-1.61369	-1.27076	1.39682	3.86091e-06	0.000173787	-5.78216e-05	-6.58784e-05	0.000183495	7.3049e-05	0.247767	0.118102	0.245314	0.1	0.00784349
-1.6856	-3.52258	1.25841	2.67137e-05	0.000422752	-1.31641e-05	0.00010485	-5.03713e-05	-4.30647e-05	0.247735	0.118056	0.245282	0.1	0.00871219
1.03881	-3.44937	1.15378	-1.14173e-06	3.89698e-07	-9.47778e-07	1.26002e-23	1.69932e-23	-5.52799e-24	0.247707	0.118015	0.245254	0.1	0.00956661
-0.0466384	3.7734	0.978043	1.01415e-05	-0.000392867	-4.93135e-05	0.000140388	-0.000234648	-0.000260803	0.247608	0.117873	0.245156	0.1	0.0080842
-1.6828	3.31176	0.971122	5.74766e-05	-0.000555503	-7.69694e-06	-0.000373533	-0.000393366	-8.15719e-05	0.247575	0.117828	0.245124	0.1	0.00777733
1.47461	0.784228	-0.872697	1.93269e-06	-0.000255921	1.99795e-05	0.000269308	2.40141e-07	0.000163097	0.247232	0.117337	0.244784	0.1	0.00910429
0.120496	-3.43261	-1.32422	-5.96481e-05	0.00041566	4.79746e-05	-0.000236167	-3.27258e-05	0.000360938	0.247018	0.117033	0.244572	0.1	0.00755738
0.243771	2.08908	-1.35561	-6.12803e-05	-0.000295371	4.77472e-05	1.73991e-05	-0.000159265	-0.000207171	0.246945	0.11693	0.2445	0.1	0.00741439
-1.91878	3.34196	-1.15023	-4.06142e-05	-0.000339137	1.06816e-05	-0.000258327	-9.88064e-05	0.000177383	0.246862	0.116812	0.244418	0.1	0.0100127
-0.168521	0.510213	2.2569	1.39038e-05	-5.13342e-05	-3.58971e-05	-0.000167675	-0.000169694	9.78712e-05	0.24683	0.116767	0.244386	0.1	0.00781822
-0.793365	-1.53408	1.43915	3.75148e-05	0.000268541	-5.7735e-05	-0.000121807	-6.23882e-05	0.000296171	0.246791	0.116712	0.244348	0.1	0.00661388
0.244577	3.42475	0.808807	-3.12766e-05	-0.000422556	4.58566e-05	-0.000124891	-0.000228617	-5.15476e-05	0.246746	0.116648	0.244303	0.1	0.00568989
-0.26821	4.00355	0.329999	-7.96407e-05	-0.000457047	-2.3885e-05	2.1284e-05	-0.000143864	-0.000149642	0.246741	0.11664	0.244298	0.1	0.00719122
-0.148788	1.42853	-0.797773	-9.68599e-06	-0.000108972	-0.000163923	0.000153008	0.000420822	0.000312496	0.246625	0.116476	0.244183	0.1	0.00652551
1.3386	3.67785	0.819014	-0.000115649	-0.000449387	6.94983e-05	-9.51159e-05	-4.72405e-05	-0.000385254	0.246618	0.116465	0.244176	0.1	0.0090163
-0.352348	0.324917	0.144138	4.89498e-06	-0.000102911	3.21483e-05	-1.50603e-05	-0.000254753	0.000111992	0.246595	0.116433	0.244153	0.1	0.00624826
1.73399	2.74193	-0.579264	0.000136054	-0.00011821	-8.65261e-05	-0.000209211	-0.000116925	0.000913156	0.246366	0.11611	0.243927	0.1	0.0104814
-0.834498	-1.38905	-0.0290559	1.80956e-06	-1.19e-06	-7.31162e-06	-1.09453e-05	-3.36835e-05	2.16916e-06	0.246308	0.116027	0.243869	0.1	0.00979043
0.0629322	1.1233	0.0999747	-3.51012e-05	-0.000192459	-3.37255e-05	6.26759e-05	0.000305407	8.58768e-05	0.246304	0.116021	0.243865	0.1	0.0129293
-1.2272	-1.04661	1.20928	2.16355e-05	4.66751e-05	-7.33991e-05	0.000407836	-0.000235166	-0.000213277	0.24629	0.116001	0.243851	0.1	0.00618582
-1.0816	2.0184	1.21405	2.49627e-05	-0.000233667	7.90988e-05	-0.000280073	0.000516413	-0.000110683	0.246171	0.115834	0.243734	0.1	0.00804963
0.634645	3.76473	-0.599033	-3.11696e-05	-0.000353214	1.51308e-05	-0.000210044	0.000200218	-5.4152e-05	0.246104	0.115739	0.243667	0.1	0.00471391
0.679417	-3.29407	0.856353	-1.83225e-05	0.000316264	8.79803e-06	9.63207e-05	1.01043e-05	-0.000182765	0.245924	0.115485	0.243489	0.1	0.00979528
-2.29726	0.851726	2.30327	8.61022e-05	5.95242e-05	0.000111312	-0.000134013	-0.000195646	-4.38067e-05	0.245818	0.115336	0.243384	0.1	0.00947393
1.35091	0.604315	-1.32036	-6.73721e-06	-6.834e-05	3.48095e-05	8.51924e-05	-0.000125013	-0.000232444	0.24563	0.115072	0.243198	0.1	0.0101426
-0.61331	0.446531	-2.41237	-3.35508e-05	-0.000146525	-0.000102795	0.000801854	3.66228e-05	0.000330236	0.245492	0.114877	0.243061	0.1	0.00944611
2.17009	2.40546	1.43554	1.84017e-07	-3.71733e-07	2.0641e-06	-6.1182e-24	3.63407e-24	-6.89754e-25	0.245444	0.114812	0.243014	0.1	0.0107877
2.48256	-3.16941	0.331054	-3.44983e-05	0.000314369	-1.14417e-05	-0.000154399	1.47702e-05	-7.03932e-05	0.245374	0.114714	0.242945	0.1	0.0109419
-0.715565	-0.23846	-1.54384	0.000115415	8.38942e-05	-8.74192e-05	-5.99263e-05	-0.00056775	0.000342455	0.245244	0.114531	0.242816	0.1	0.00529379
0.76081	-3.48764	2.24525	-1.11054e-05	0.000184085	2.51519e-05	-0.000160095	0.000511671	-9.20643e-05	0.245189	0.114453	0.242761	0.1	0.00648873
1.44357	3.34706	0.426139	4.34478e-05	-0.000363007	1.80044e-05	-0.000157206	0.000467902	-0.000443686	0.244966	0.114142	0.242541	0.1	0.011907
-0.406748	0.835834	-0.959179	2.58059e-05	-8.94529e-05	1.87362e-05	-0.000542534	0.000224603	-0.00017742	0.244953	0.114123	0.242528	0.1	0.0053275
-1.96979	-0.979454	0.0446534	-3.52251e-05	-3.35397e-05	-2.03431e-05	0.000101637	6.1204e-06	-0.000262653	0.244934	0.114096	0.242509	0.1	0.00847791
0.212724	-1.00802	1.63543	7.36796e-05	0.000105288	-3.31978e-05	-2.08639e-05	0.000216594	0.000342997	0.244844	0.113972	0.24242	0.1	0.0069197
-0.728857	-2.73013	-1.98735	4.56478e-05	0.000267348	2.76752e-05	0.00013832	0.000173595	-0.000442847	0.244741	0.113827	0.242318	0.1	0.0111737
-0.209533	2.70393	1.05032	3.99882e-05	-0.000332003	4.66024e-05	0.000183559	0.000108121	-0.000471671	0.244734	0.113818	0.242311	0.1	0.00608667
2.45976	-2.11102	1.15133	6.84741e-05	0.000214227	4.12022e-05	0.000253612	-0.000119089	-0.000474597	0.244542	0.11355	0.242121	0.1	0.00978414
0.139352	-1.48932	1.67652	5.20672e-05	0.000156543	5.30171e-05	0.000228307	-0.000319423	9.05779e-05	0.244486	0.113471	0.242065	0.1	0.0065794
0.872423	-2.50101	-1.28965	-6.00717e-06	0.000297095	7.23095e-05	8.62859e-06	0.00022934	-4.90378e-05	0.244454	0.113428	0.242034	0.1	0.00701583
0.688526	2.68212	-0.249199	5.54091e-08	-9.12755e-08	-1.82613e-07	1.76947e-23	4.61967e-24	5.31895e-24	0.2444	0.113351	0.24198	0.1	0.00643312
1.24133	2.72838	2.28842	-0.000141172	-0.000225805	2.65068e-05	-0.000731358	-0.000410889	0.000230013	0.244162	0.113022	0.241745	0.1	0.0110527
-2.34794	-0.981679	0.346291	-1.65632e-05	6.33856e-05	5.15034e-06	-1.7036e-05	0.000122079	-0.000330856	0.24414	0.112991	0.241723	0.1	0.00760544
-0.096683	-3.91247	-2.14745	-2.41177e-05	0.000366099	-2.118e-05	0.000119908	-0.00014626	-0.000127805	0.244103	0.112939	0.241686	0.1	0.00829396
0.343865	-2.94956	-1.06138	-7.28766e-06	0.000372594	9.86303e-06	0.000317668	8.60789e-05	0.000300778	0.244062	0.112883	0.241646	0.1	0.00680076
-0.335134	1.21863	-1.23771	2.86126e-05	-0.0002221	-9.30246e-05	7.24518e-06	0.000294383	-2.20341e-05	0.243921	0.112687	0.241506	0.1	0.00411047
-1.38838	3.02823	0.0314364	-4.38195e-05	-0.000273552	-2.07678e-05	-0.00030179	0.000101797	0.000100858	0.243692	0.112369	0.241279	0.1	0.00817978
0.913361	1.64885	1.9339	3.4599e-05	-0.000198796	6.10195e-05	0.000346029	0.000115607	0.000164005	0.24367	0.112339	0.241257	0.1	0.00933438
-1.41539	-1.2739	-0.381674	8.792e-05	9.56981e-05	-7.9004e-05	2.66974e-05	0.000128382	0.000204067	0.243648	0.11231	0.241236	0.1	0.00962461
-2.05222	2.16273	-0.948513	4.53788e-05	-0.000247719	0.000150831	-6.06645e-05	-5.87603e-05	-1.00622e-05	0.243387	0.111948	0.240977	0.1	0.00704852
-2.2981	0.975338	-0.590554	-6.15314e-07	-2.78784e-07	-4.78525e-08	1.30875e-25	-6.29967e-24	-4.71934e-24	0.243111	0.111568	0.240704	0.1	0.00844481
-2.35231	-2.58749	1.2015	3.81206e-07	0.00038272	-3.11952e-05	-0.000185976	7.19858e-05	-0.000289569	0.242966	0.111368	0.24056	0.1	0.00915301
0.755761	1.47978	0.793185	-7.2707e-05	-0.000185645	-7.77551e-05	0.000627547	-0.00110205	-0.000195332	0.242842	0.111198	0.240438	0.1	0.00450216
-1.64327	3.93933	-1.062	9.1762e-06	-0.000372248	1.88993e-05	0.000313006	9.22951e-05	0.000315658	0.242774	0.111104	0.24037	0.1	0.00947767
1.5258	-0.684961	-2.0704	0.000242667	6.0524e-05	0.000157899	0.000923891	-9.98848e-05	-0.00104791	0.242496	0.110724	0.240095	0.1	0.012235
1.77579	-1.22953	1.21138	-2.62869e-05	0.000236309	2.28865e-05	-0.000280022	-0.000151848	0.000210832	0.242131	0.110225	0.239734	0.1	0.00806978
1.1164	-0.42151	2.0641	5.81195e-05	0.000178929	-3.19543e-05	-1.90955e-06	-4.12097e-05	-0.000242392	0.241931	0.109952	0.239536	0.1	0.008991
-0.90229	-3.93862	-0.913003	-0.000182107	0.000339949	-9.84593e-05	-0.000398707	0.000129234	0.00060174	0.24193	0.10995	0.239535	0.1	0.00750255
-2.15953	0.832909	-0.0794874	5.15831e-07	-2.83678e-07	-1.13804e-07	-6.5385e-25	-2.48844e-24	5.3841e-24	0.241739	0.109691	0.239346	0.1	0.0117017
-1.21474	-0.725635	-1.86359	-3.57958e-07	-1.67165e-07	-5.30962e-07	-1.00706e-24	-6.97221e-24	2.08446e-24	0.241738	0.109688	0.239345	0.1	0.0135752
-1.8756	-3.75563	0.87916	5.47377e-05	0.000407099	-1.66404e-05	-0.000287808	-0.000190065	-0.00014714	0.241731	0.109679	0.239338	0.1	0.00864188
-1.11106	-1.81306	-0.0878673	-7.33423e-07	-1.87822e-07	-1.17279e-07	1.90941e-25	-5.7928e-24	7.89688e-25	0.241723	0.109668	0.23933	0.1	0.00896721
-1.55825	-2.71873	-0.576963	-0.000112744	0.000382635	4.28547e-05	-0.000147562	0.000150711	0.000150025	0.241715	0.109657	0.239322	0.1	0.00809045
-1.39895	3.30396	1.36402	4.09093e-05	-0.000476866	3.4474e-05	0.000284612	-0.000272553	0.000554741	0.241502	0.109368	0.239111	0.1	0.00627703
-1.24309	-2.21045	0.714409	-1.93045e-05	0.000148392	9.45013e-05	0.000828426	3.37418e-05	0.000100873	0.241393	0.109219	0.239003	0.1	0.00637124
-1.90822	-2.99215	-0.792338	-2.31729e-05	0.00039138	5.46252e-05	-8.5946e-05	0.000214263	-4.10695e-05	0.241283	0.10907	0.238894	0.1	0.00797219
2.34405	1.14217	-1.61614	0.000165032	-0.0001862	2.17535e-05	0.000406789	0.000793004	1.66779e-05	0.241125	0.108856	0.238738	0.1	0.00629128
0.837692	2.14207	0.00821054	7.06347e-05	-0.000321563	-1.31618e-05	-0.000413798	-0.000170402	-0.000535225	0.241121	0.108851	0.238734	0.1	0.0054544
2.40822	2.97248	1.89002	6.52845e-06	-0.000234219	-2.83359e-05	0.000533015	-0.000422219	-0.000304956	0.241078	0.108793	0.238691	0.1	0.00638355
1.08765	1.25222	-2.0503	-1.33645e-06	-0.000133129	1.94813e-05	-0.000439953	-1.54029e-05	-0.00028872	0.241066	0.108776	0.238679	0.1	0.00638482
-2.21805	2.17261	0.940273	-2.71354e-05	-0.000193981	0.000117518	-7.86698e-05	-6.55756e-05	0.000144736	0.241027	0.108724	0.238641	0.1	0.00862831
-2.3616	1.42541	-1.88846	1.43128e-05	-7.98229e-05	2.52823e-05	0.000275606	0.000487714	-3.58059e-05	0.24097	0.108646	0.238584	0.1	0.00392296
2.02978	1.31528	1.65878	7.8461e-05	-4.0194e-05	-5.8312e-05	7.92283e-05	0.00045642	8.20552e-05	0.240966	0.108641	0.23858	0.1	0.00813026
1.20139	-0.164915	-1.98324	0.000154911	-4.5716e-05	3.68071e-05	-0.000344374	0.000405815	0.000139462	0.24074	0.108335	0.238356	0.1	0.00563886
0.551572	2.65131	0.210158	8.35731e-05	-0.000341667	-3.19551e-06	0.000245307	-0.000104298	-0.000478535	0.240483	0.107989	0.238102	0.1	0.00418426
-2.05371	3.48403	1.22816	0.000100393	-0.000301563	-0.000116588	-0.000217795	0.000526497	-0.000106069	0.240458	0.107956	0.238077	0.1	0.00639037
2.49911	-0.449838	2.03751	3.52801e-05	0.000230724	6.35072e-05	0.000245069	-3.76471e-05	6.17097e-05	0.240401	0.107879	0.238021	0.1	0.00791248
0.472113	0.295666	1.1962	0.000138925	7.23615e-05	-0.000112901	0.000287969	0.000540979	0.00100103	0.240234	0.107654	0.237855	0.1	0.00662595
-1.84579	1.96086	-0.567066	2.63127e-05	-0.00034917	0.000109512	0.000139385	0.000229338	-0.000172113	0.240234	0.107654	0.237855	0.1	0.0108037
2.16818	1.76111	-0.649431	0.000228098	-0.000334817	-0.000229812	0.00193508	0.000252551	0.00145526	0.240084	0.107453	0.237707	0.1	0.00823706
0.435627	1.20493	1.57495	0.000114594	-0.00022729	-7.54768e-05	-0.000615285	6.32448e-05	-7.53296e-05	0.239985	0.107319	0.237609	0.1	0.00581787
0.257741	0.686669	0.906907	0.000126602	-2.74978e-05	-2.95335e-05	0.000518755	0.000262211	-0.000294008	0.239931	0.107246	0.237555	0.1	0.00589835
2.03997	2.87508	1.5041	3.87265e-05	-3.5446e-05	2.3703e-05	-0.000139046	1.10216e-06	0.00023614	0.239786	0.107053	0.237412	0.1	0.00930454
-0.845437	-0.882451	0.971909	2.21994e-05	-2.01739e-05	-8.02505e-05	-9.97585e-05	0.000471105	-0.000298756	0.239696	0.106933	0.237323	0.1	0.00563784
0.242271	-1.57671	-0.91108	-6.13962e-05	-0.000208032	0.000214029	0.00219104	0.000443261	0.000768769	0.239588	0.106787	0.237216	0.1	0.00927226
-0.295245	-3.44059	2.27858	6.71488e-06	0.000369791	6.4826e-06	0.000214403	9.59809e-06	-0.000271834	0.239483	0.106648	0.237112	0.1	0.00960486
-1.84318	-2.87787	0.231194	5.1853e-06	0.000279722	4.25171e-05	0.000103103	6.58055e-05	0.000132747	0.239239	0.106322	0.23687	0.1	0.00968783
1.27137	3.82206	0.332188	-4.23127e-05	-0.000435292	-2.73073e-05	0.000207886	-0.000293977	-0.000512321	0.239237	0.106319	0.236868	0.1	0.0081548
-2.23951	-1.24891	-0.341147	4.41742e-06	0.000255258	4.404e-05	-0.000371138	-0.000240871	0.000755325	0.239205	0.106277	0.236837	0.1	0.0109019
-2.38367	-0.636727	1.25712	-1.76144e-05	0.000104777	-1.78062e-05	-0.000327019	2.58214e-05	1.09267e-06	0.239191	0.106258	0.236823	0.1	0.00760095
-2.48878	-0.779447	2.41658	-2.57974e-05	0.000257719	3.56857e-05	0.000122455	-2.53756e-05	0.000273897	0.238965	0.105957	0.236599	0.1	0.0110014
-1.67347	-3.50834	0.0410206	-8.13633e-05	0.000467576	2.80097e-05	-0.000246557	-0.000126364	0.000204058	0.238904	0.105876	0.236539	0.1	0.008954
-0.688308	-1.89164	-1.37267	-2.60706e-05	0.000249896	-5.76165e-05	-7.51423e-05	7.50309e-05	0.000294414	0.238867	0.105826	0.236502	0.1	0.00798702
-1.29253	-0.555224	0.236855	-4.93699e-05	3.59311e-05	-6.23508e-05	7.60594e-05	0.000120497	0.000174544	0.238847	0.105799	0.236482	0.1	0.0042945
-0.784829	-3.5857	2.16232	-1.2023e-05	0.0003704	4.7241e-06	0.000144155	4.6529e-05	-0.000220884	0.23868	0.105579	0.236317	0.1	0.00695723
0.346386	-1.92453	1.51691	7.42141e-05	0.000285687	0.000108257	-0.00032848	0.000160366	0.000571049	0.238578	0.105443	0.236216	0.1	0.00701427
-1.39501	0.997843	1.28081	-4.77873e-05	-0.00013938	2.56726e-05	0.000251331	-0.000298923	0.000130551	0.238575	0.105439	0.236213	0.1	0.00848049
-2.18505	-2.86926	-1.63109	9.76041e-06	0.00034251	-1.89927e-05	2.57565e-05	0.000181033	0.000340649	0.238558	0.105416	0.236196	0.1	0.00640849
0.264309	1.85928	1.99416	6.20379e-05	-0.000115875	-2.92784e-05	0.000334692	6.89603e-05	0.000476346	0.238531	0.105381	0.236169	0.1	0.0070647
0.104464	-0.137715	-2.23495	6.41186e-05	4.59248e-06	-5.41863e-06	-0.000871301	-5.80848e-05	0.000215343	0.238467	0.105296	0.236106	0.1	0.00702976
-0.709353	3.95504	0.156954	-6.00178e-05	-0.000408572	-1.04685e-05	0.00014537	0.0001147	2.10025e-05	0.238429	0.105245	0.236068	0.1	0.00531593
-0.850404	-2.78571	-0.63698	1.42189e-09	-1.03278e-07	-1.6465e-09	-6.92597e-36	7.09536e-37	1.93645e-36	0.238392	0.105197	0.236032	0.1	0.0118881
2.18788	-2.50188	1.11223	-2.74896e-05	0.000287129	-3.96388e-06	-5.40855e-05	9.82984e-05	-4.69929e-05	0.238069	0.10477	0.235712	0.1	0.00967099
0.181514	-2.04965	-0.775633	3.65774e-05	0.000307252	-7.20978e-07	0.000156123	-0.000147223	-0.000283809	0.2379	0.104547	0.235545	0.1	0.00551165
-0.0896029	-0.515736	0.207199	4.96538e-05	8.32356e-05	-4.32071e-06	0.000265474	0.000450328	-0.000276603	0.237677	0.104254	0.235324	0.1	0.00471254
0.799293	-0.573938	0.591884	-3.26971e-05	0.000109678	4.40038e-05	-6.12261e-06	-0.000316892	-4.38561e-05	0.237634	0.104196	0.235281	0.1	0.00680449
1.71347	0.256222	2.25157	7.27453e-05	1.93011e-05	2.5549e-05	-0.000121337	4.82866e-05	-1.14324e-05	0.237512	0.104035	0.23516	0.1	0.0113289
-2.33087	3.23118	-2.32145	-2.94233e-05	-0.000290704	3.34832e-05	6.77936e-05	3.06104e-06	0.000183056	0.237463	0.103972	0.235112	0.1	0.00580078
0.0840552	2.36349	1.41336	0.000101155	-0.00039452	-3.39431e-05	0.000252801	9.51104e-06	-0.000236257	0.237431	0.103929	0.23508	0.1	0.00713349
0.357243	-1.92609	-2.26357	4.43885e-05	6.9706e-05	-0.000127361	-0.000125994	0.000505941	-0.000156462	0.237431	0.103929	0.23508	0.1	0.0131396
1.68238	-0.241134	-2.00884	0.000294359	4.41361e-05	0.000149574	-0.000985699	0.000101306	0.000836746	0.237278	0.103729	0.234929	0.1	0.0104315
-2.47601	1.48438	0.388897	-2.60654e-05	-0.000129911	0.000115443	-0.000419249	3.55452e-05	-5.89716e-05	0.237254	0.103697	0.234905	0.1	0.00745726
0.577648	-2.33196	-0.91774	2.8015e-05	9.21834e-05	-6.15081e-05	-0.000461325	-1.42257e-05	-0.000264374	0.237202	0.103628	0.234853	0.1	0.00648238
-1.6105	-1.43639	2.22344	0.000104479	0.00020085	-5.6902e-05	-0.000147674	-8.66176e-05	-6.07628e-05	0.237135	0.103541	0.234787	0.1	0.00773939
0.955674	2.39959	2.47958	-6.94007e-05	-0.000241241	9.45144e-05	-0.000199487	-0.000162961	0.000532675	0.237122	0.103524	0.234774	0.1	0.00743363
-0.910489	3.9368	-0.464246	-6.26152e-05	-0.000326227	-4.77827e-05	0.000410238	-4.3452e-05	7.56954e-05	0.236892	0.103224	0.234547	0.1	0.00736897
0.11019	0.476422	-2.35515	5.77472e-05	7.40226e-05	-5.58231e-05	-0.000278269	0.000377066	0.000177533	0.236865	0.103189	0.23452	0.1	0.00918143
-1.37989	1.92984	-0.713243	0.000106371	-0.000157844	7.05612e-06	0.000240593	-0.000272815	-5.68128e-05	0.236787	0.103086	0.234443	0.1	0.00589638
1.05124	-0.645384	-0.0488872	1.18769e-05	7.52637e-05	1.62559e-05	-0.00022153	-2.62231e-05	0.000456871	0.236379	0.102554	0.234039	0.1	0.00571123
1.69228	-1.28474	-1.24238	-5.13047e-05	0.000219841	3.41739e-06	-0.00014194	7.71649e-05	0.000300742	0.23636	0.10253	0.23402	0.1	0.0107052
2.35447	-2.08864	-0.68802	-6.7897e-05	0.000111939	5.0454e-05	0.00040756	2.35463e-05	0.000540658	0.236341	0.102504	0.234001	0.1	0.0172334
-0.623595	1.24125	-0.857277	7.53545e-05	-9.89035e-05	-2.49996e-05	0.000123767	0.000274431	0.000252846	0.236281	0.102428	0.233942	0.1	0.00561722
0.850092	1.04325	0.944945	-3.01666e-05	-0.000139939	-7.99709e-05	-0.000325727	-0.000736516	0.00103737	0.236277	0.102422	0.233938	0.1	0.00534207
0.778525	-0.773172	1.0091	-3.61551e-05	0.000169938	1.62654e-05	-0.000114164	4.64437e-05	0.000266131	0.236117	0.102213	0.233779	0.1	0.00558191
-1.27059	1.9555	-1.2441	3.8852e-05	-0.000153849	1.85211e-05	2.86801e-05	0.000613397	0.00031884	0.236076	0.102161	0.233739	0.1	0.00572573
-1.75296	-0.572046	-0.0700732	-4.14927e-05	-2.52035e-05	-1.22251e-05	7.65816e-05	0.000429944	0.00010058	0.235915	0.101951	0.233579	0.1	0.00460398
-1.06815	0.50253	1.22055	4.3534e-08	-6.83803e-07	8.24586e-07	-2.22744e-24	5.87471e-24	-1.2006e-23	0.235774	0.10177	0.23344	0.1	0.0119556
1.45107	-0.782122	-0.233678	1.77809e-05	0.00017639	5.40651e-05	3.12139e-05	-8.89631e-05	-4.67936e-05	0.235702	0.101675	0.233368	0.1	0.00380506
1.77068	-3.52841	1.4044	-3.36455e-05	0.000370434	5.29856e-05	-0.000224441	-0.000605338	0.00014504	0.235632	0.101585	0.233299	0.1	0.00657279
0.528927	0.942548	0.619929	6.91264e-05	-0.000121244	-0.000167617	-0.000979159	0.000330026	8.20436e-05	0.235543	0.10147	0.233211	0.1	0.00739761
-2.31677	3.35927	1.73088	3.95883e-05	-0.000197248	1.64071e-06	0.000166695	-7.09763e-05	0.0001962	0.235542	0.101468	0.23321	0.1	0.00497294
1.84449	3.34586	-0.779509	-0.000132038	-0.000286112	1.0342e-05	0.00032242	0.00014475	0.000373	0.235326	0.10119	0.232996	0.1	0.00610388
-2.07754	1.36935	-1.34993	0.000135646	-9.45843e-05	-1.79683e-06	0.000137515	0.000188992	0.000192075	0.235264	0.101109	0.232935	0.1	0.00441477
-0.158306	1.87945	-0.645567	1.12161e-06	-0.000139606	-5.94334e-05	0.000275734	0.000686274	-1.01505e-05	0.235177	0.100998	0.232849	0.1	0.00703268
-1.98823	-3.86776	-2.09148	5.6289e-05	0.000347049	-6.98306e-06	-0.000422012	0.000154725	-0.000488428	0.235106	0.100905	0.232778	0.1	0.00774634
1.37053	1.03984	-0.439154	-1.65951e-05	-0.000181629	2.29069e-05	0.000134967	-0.000470806	0.000389877	0.23501	0.100782	0.232683	0.1	0.00447854
1.6116	-1.53789	0.850362	-1.91481e-06	0.000233865	6.84609e-05	-0.000121309	-4.80269e-05	0.000181187	0.234827	0.100547	0.232502	0.1	0.00567126
0.1532	1.65056	-1.10748	2.25237e-05	-0.000320082	-0.000170291	0.000499576	0.000482133	-0.000283905	0.234781	0.100487	0.232456	0.1	0.00663571
2.27979	-1.19206	-2.43266	-4.14443e-05	0.000223127	-1.49894e-05	0.000332528	0.00083949	-0.000154855	0.234742	0.100438	0.232418	0.1	0.00520078
0.0501051	2.95037	-0.464623	5.22614e-06	-0.000345521	-4.62167e-05	-0.000417473	-0.000192283	-0.00034544	0.234729	0.100422	0.232405	0.1	0.0110185
0.856235	-0.928139	-0.389389	1.44454e-05	9.31269e-05	-2.05248e-05	0.00010572	-0.000156784	0.000295888	0.234723	0.100413	0.232399	0.1	0.00701978
-0.733542	2.6242	1.48737	-1.19882e-05	-0.000308396	5.20285e-05	-0.000243959	-1.86108e-05	-0.000337795	0.234716	0.100404	0.232392	0.1	0.00820141
-0.465028	-3.80657	-1.43832	-3.87891e-05	0.000426336	-7.27576e-05	-0.00022418	0.000192878	0.000150797	0.234391	0.0999882	0.23207	0.1	0.0125101
-0.41509	-1.15349	0.982254	-0.000103511	1.08212e-05	-0.00011048	4.08027e-05	0.000171984	0.000242221	0.234228	0.0997805	0.231909	0.1	0.0106889
-1.01446	1.8706	-1.87657	1.61806e-05	-0.000175996	-1.09291e-05	6.6856e-05	-6.02574e-05	-0.000723199	0.234163	0.0996969	0.231845	0.1	0.00611946
-0.197189	-0.0982477	-0.00838272	4.12074e-05	-1.27291e-05	3.17788e-05	-5.54144e-05	0.000137652	-0.000803067	0.233947	0.0994212	0.231631	0.1	0.00513159
2.40962	-1.97903	-2.33616	1.92479e-06	0.0002941	7.21083e-05	-0.000200027	-5.52869e-05	0.000193342	0.233696	0.0991015	0.231382	0.1	0.0108964
-1.19216	-1.51587	1.18375	6.1923e-05	7.49671e-05	-8.53229e-05	-0.000340586	-6.72395e-05	0.000308128	0.23369	0.0990929	0.231376	0.1	0.00624417
-0.0367096	2.17111	2.16911	-7.23711e-05	-0.00032503	0.000112328	0.000177079	7.6674e-06	8.58436e-05	0.233609	0.0989904	0.231296	0.1	0.00631179
-0.0722743	3.77583	-0.0369965	-4.65187e-05	-0.000475301	9.00436e-06	4.3408e-05	-0.000333623	-0.00055161	0.233569	0.0989397	0.231256	0.1	0.00631936
-1.27386	-1.90486	0.343799	-3.40854e-06	1.06907e-05	3.85271e-06	8.39904e-24	-2.35474e-23	-2.26807e-23	0.233337	0.0986457	0.231027	0.1	0.00549403
0.255287	-3.65403	2.06524	-0.000174129	0.000324203	-0.000109779	-0.000519118	0.000227919	-6.32548e-05	0.233285	0.0985791	0.230975	0.1	0.00740091
0.360505	-3.40918	-0.313803	-3.84046e-05	0.000336111	1.58026e-06	0.000201301	-1.1162e-05	0.000121034	0.233155	0.0984158	0.230847	0.1	0.0052405
-1.56341	2.20778	0.479799	-9.40701e-06	-0.000222896	1.22554e-05	-0.000224772	0.000139523	-2.51729e-05	0.233116	0.0983655	0.230808	0.1	0.00884102
1.44296	1.34239	-0.0962451	1.33812e-06	-0.000174585	-2.19044e-05	-0.000266025	0.000419672	-0.000528624	0.233102	0.0983481	0.230794	0.1	0.00517304
-1.86154	-0.89715	1.26234	-2.66927e-05	0.000102153	-1.78369e-05	-5.55678e-05	2.43803e-05	5.55142e-05	0.233037	0.0982664	0.23073	0.1	0.0090779
-0.215772	-0.573099	0.654885	2.10468e-07	7.28983e-08	-3.95269e-07	6.50984e-09	-2.73686e-08	-2.27413e-07	0.232987	0.0982018	0.23068	0.1	0.00715939
2.48976	-1.59114	2.42629	-7.45584e-05	0.000144608	-0.000202346	-0.00050627	0.000133221	-0.000269164	0.23297	0.0981807	0.230663	0.1	0.00838283
-1.74552	-2.95381	-0.216959	-4.03284e-05	0.000362847	5.70092e-05	0.000245444	0.000189048	-0.000123309	0.232853	0.0980333	0.230548	0.1	0.00751067
1.13329	2.54164	1.52829	-0.000135594	-0.000170963	5.94478e-05	-0.000727502	0.000163398	-0.000578128	0.232841	0.0980185	0.230536	0.1	0.0109146
2.29695	-3.64096	1.7966	2.61241e-05	0.000397347	-1.00099e-05	9.57592e-05	-3.38659e-05	2.98668e-05	0.232838	0.0980137	0.230533	0.1	0.0100801
-1.37409	3.89747	-0.681058	-5.42246e-06	-0.000378366	9.62548e-06	0.000110802	-0.000157826	0.000133599	0.232645	0.0977704	0.230342	0.1	0.00548462
2.25153	2.20823	-0.755927	-7.76219e-05	-0.000197895	8.96292e-05	-0.000647129	-0.000681623	1.31416e-06	0.232529	0.0976247	0.230227	0.1	0.00960411
-0.0956551	-0.276957	2.27736	9.45004e-05	-2.24591e-05	4.05563e-06	0.000145483	-0.000584743	-0.000301153	0.232356	0.0974063	0.230055	0.1	0.00896189
2.40176	1.36521	-0.567474	0.000303676	-0.000272115	-9.65331e-05	-0.00181991	-0.00166738	-0.000852627	0.232305	0.0973426	0.230005	0.1	0.00598914
-1.03596	1.21468	0.933992	-2.6666e-05	-4.19279e-05	-1.21728e-05	-0.000198729	9.95273e-05	0.000123304	0.232166	0.097167	0.229867	0.1	0.00830599
-2.23109	4.01396	-2.45836	3.80619e-07	-0.000407162	-8.54279e-07	-2.60909e-24	-1.74966e-24	-2.37327e-24	0.232017	0.0969806	0.22972	0.1	0.00764579
0.585776	-2.03318	-0.54407	7.41773e-05	0.000230004	-3.73166e-05	-0.000352382	7.38499e-05	-0.00039456	0.231839	0.0967586	0.229544	0.1	0.00743577
1.69675	-2.88614	-1.63513	0.000114059	0.000450335	0.000161383	-8.08998e-05	0.000230927	0.000176515	0.231804	0.0967136	0.229509	0.1	0.00970922
-0.597803	-3.13451	-0.0163503	-5.2594e-05	0.000153559	0.000149946	0.000794234	-8.99668e-05	0.000394645	0.231661	0.0965346	0.229367	0.1	0.0108198
0.269612	1.96768	-0.793192	6.72718e-05	-0.000441664	-6.36008e-05	0.000227018	-0.00031309	0.000186318	0.231371	0.0961726	0.22908	0.1	0.00692735
1.88467	0.512108	1.56988	0.000102629	-3.01707e-05	1.13959e-05	0.000235173	0.000238455	-0.000183869	0.231332	0.0961243	0.229042	0.1	0.00753289
-1.57796	3.74426	0.808316	-3.60213e-05	-0.000521584	-6.14426e-06	0.000337048	-2.62923e-05	0.000722183	0.231276	0.0960544	0.228986	0.1	0.00895622
0.680703	1.07055	-1.90864	-4.80154e-06	-0.000136449	5.59401e-06	0.000295769	5.97736e-05	-0.000411124	0.231257	0.0960307	0.228967	0.1	0.0106048
1.78076	1.47583	-0.550151	0.000175628	-0.000375815	-7.39356e-05	4.03598e-05	0.000672291	-0.000306587	0.231228	0.0959953	0.228939	0.1	0.00528411
0.587152	0.794266	1.22986	8.49226e-05	-0.000143361	-3.7388e-06	-0.00110519	6.35685e-05	0.000736695	0.231098	0.0958324	0.22881	0.1	0.00412611
-0.414806	2.58488	-1.73273	-3.33336e-05	-0.000279962	-8.61174e-06	-7.36824e-06	-7.43056e-05	0.000166293	0.231097	0.0958312	0.228809	0.1	0.00895009
1.38564	3.38694	2.13795	-0.00022941	-0.000401389	4.35309e-05	0.000181877	-0.000174771	-0.00119801	0.230968	0.0956712	0.228681	0.1	0.0104112
1.50727	1.13125	-2.22785	1.08955e-05	-9.31454e-05	-7.95551e-06	-0.000377823	-0.0002208	-3.91482e-05	0.230925	0.0956178	0.228639	0.1	0.00447799
-1.00254	-0.62374	1.87351	4.16012e-05	3.39058e-05	-1.52234e-05	1.4303e-05	-0.000119046	-0.000245577	0.230853	0.0955284	0.228567	0.1	0.0110602
2.43027	-0.273922	-0.975961	1.0416e-06	-2.1134e-06	9.0587e-07	1.14201e-23	2.9208e-23	1.03833e-23	0.230603	0.0952189	0.22832	0.1	0.0112825
0.077074	-0.590596	-2.30947	4.48813e-05	2.10778e-05	5.21251e-05	0.000726189	-4.879e-05	-0.000324383	0.230371	0.0949306	0.22809	0.1	0.00461236
-0.24761	-1.75705	-1.27537	4.40612e-05	0.000256397	-7.0437e-05	-0.000178652	-1.32327e-05	-0.000111375	0.230367	0.0949265	0.228086	0.1	0.00869828
-0.0812616	3.97376	-1.38412	-2.08301e-05	-0.000349158	-2.60958e-05	-0.000104904	-0.000220849	-8.27118e-06	0.230224	0.0947498	0.227945	0.1	0.00493047
0.643349	1.19377	0.251304	-1.26244e-05	-0.000191322	-0.000240542	0.000615788	9.12625e-05	-7.03353e-05	0.22985	0.0942887	0.227574	0.1	0.00790884
-1.68398	-2.20208	0.40197	-3.68005e-05	0.000262317	-2.2512e-05	0.000274619	-2.49334e-05	0.000220419	0.22984	0.0942757	0.227564	0.1	0.00604613
0.196615	3.95338	0.286395	-0.00010278	-0.000487616	5.4516e-05	-0.000187853	-0.000106582	-0.000135689	0.229772	0.0941929	0.227497	0.1	0.00470999
-0.0599309	3.11647	-1.3672	-1.55659e-05	-0.000327078	5.17504e-06	-9.50003e-06	-6.3177e-05	1.18889e-05	0.229716	0.0941249	0.227442	0.1	0.00624789
2.34609	3.57071	-1.04613	-0.000150722	-0.00026097	4.21695e-06	-0.000458608	0.000141411	-0.000871581	0.229675	0.0940734	0.227401	0.1	0.00841445
0.894488	-2.89122	1.03822	-5.32128e-05	0.000232974	1.41837e-05	0.000117933	-0.000113753	0.000228547	0.229635	0.094024	0.227361	0.1	0.00628913
0.788028	-3.52783	-2.28724	-0.000128752	0.000422793	5.29883e-05	0.000611948	-0.000143617	0.000471295	0.229633	0.0940217	0.227359	0.1	0.00710103
-0.500035	3.63087	-0.0933096	-6.61564e-05	-0.000350781	-4.9512e-05	-1.65829e-05	6.67131e-05	5.80334e-05	0.229597	0.0939779	0.227324	0.1	0.00930378
1.88657	0.401159	0.992373	8.93492e-05	-2.79613e-05	-7.03523e-05	-1.2853e-05	-0.000444697	0.000148001	0.229587	0.0939654	0.227314	0.1	0.00848337
0.557697	-1.02131	-0.030941	8.97389e-05	5.29645e-05	0.000106945	0.000209866	-0.000413608	0.000539452	0.229559	0.093931	0.227286	0.1	0.00672185
-0.762161	0.136372	0.00636815	-8.4294e-05	-4.06917e-05	9.5573e-05	5.87538e-05	-0.000103533	-9.52596e-05	0.229502	0.0938617	0.22723	0.1	0.00661228
-0.10412	-0.807749	-0.463848	6.57501e-05	4.47144e-05	-5.38785e-05	-0.000382197	1.70692e-05	0.000153825	0.229294	0.0936058	0.227024	0.1	0.00623422
-1.04323	-3.0114	1.31167	-3.05678e-05	1.87538e-05	7.78271e-06	6.28488e-05	2.60824e-05	0.000164991	0.229262	0.0935673	0.226992	0.1	0.00733122
2.36592	1.20404	-1.15544	0.000173182	-0.000284006	3.63354e-05	2.44634e-05	-0.000740768	0.000358219	0.229043	0.0932983	0.226775	0.1	0.00657305
2.26706	0.65093	1.37261	-7.81434e-05	1.66902e-05	-0.000154072	-0.00032861	0.000734494	0.000562309	0.229023	0.0932736	0.226755	0.1	0.00563858
2.05602	-3.87118	1.48897	-4.78098e-05	0.00044236	6.7071e-05	0.000137647	0.000628288	-2.98117e-05	0.22902	0.0932701	0.226752	0.1	0.00687228
2.17796	2.59837	-2.01563	-0.0001076	-7.68332e-05	-1.28095e-05	0.000574403	-0.00074769	-9.77715e-05	0.228994	0.0932399	0.226727	0.1	0.00789388
0.34632	-3.28667	2.3353	-3.89991e-05	0.000114777	5.55657e-05	-0.000266178	-0.000192195	0.000539532	0.228978	0.0932202	0.226711	0.1	0.00623011
1.17256	2.69685	-1.06286	-0.000118014	-0.000343919	2.70668e-05	0.000699597	-0.000397951	0.000267983	0.228925	0.093155	0.226658	0.1	0.00704261
0.105611	0.667675	0.208409	1.20315e-05	-0.000176046	1.25694e-05	-0.000307088	-7.81233e-06	4.42478e-05	0.228769	0.0929649	0.226504	0.1	0.00985303
1.50131	-1.03408	2.1269	4.84626e-05	0.000179455	0.000100643	0.000362101	-0.000171925	-0.000383803	0.228681	0.0928573	0.226417	0.1	0.0050272
0.124609	1.54157	-0.105622	-4.53883e-05	-0.000200173	-4.96624e-05	-2.02353e-05	0.000539621	-0.000463282	0.228633	0.0927983	0.226369	0.1	0.00886152
-0.830616	3.95708	-1.35777	-0.000141003	-0.00021462	2.82571e-05	-0.000234351	2.02153e-05	-0.000991791	0.228527	0.09267	0.226264	0.1	0.00965576
0.953671	0.826062	-2.17841	-1.70717e-05	-0.000112173	-2.68895e-05	0.000294239	-0.000337323	2.40382e-05	0.228372	0.0924815	0.226111	0.1	0.00925173
1.2049	-3.41102	-2.15284	-9.62761e-05	0.000386452	-1.5582e-05	-0.000395772	0.000137326	0.000726414	0.228275	0.0923635	0.226015	0.1	0.00661284
0.437728	-0.972332	1.2337	2.05177e-05	0.000150598	-1.21814e-05	-0.000148827	-9.48668e-05	0.000102527	0.228269	0.0923562	0.226009	0.1	0.00454394
2.38564	-1.89608	1.78496	-1.60872e-05	0.000291733	3.45479e-05	0.00014239	7.42371e-05	0.000498077	0.228148	0.0922089	0.225889	0.1	0.00855148
0.219431	3.71116	-0.386081	-6.1748e-05	-0.000451008	-1.28273e-05	0.000317797	5.45806e-06	-0.00049539	0.227891	0.0918988	0.225635	0.1	0.00517271
1.06387	-0.117764	-0.726479	-3.37093e-05	-7.24198e-05	7.83657e-06	-0.000346965	0.000143019	-0.000144247	0.2278	0.0917882	0.225545	0.1	0.0082125
-2.00888	-2.66618	1.50636	-2.46586e-05	0.000381278	-6.14016e-07	1.28791e-05	-0.000191873	0.000126328	0.227735	0.0917093	0.22548	0.1	0.0120243
0.999452	1.18208	0.530965	-0.000114863	-0.000189967	-0.000112718	-0.000176986	-0.000820239	0.000431413	0.227721	0.0916929	0.225466	0.1	0.0057464
1.70636	-2.34989	-2.24294	-4.45576e-05	0.000296196	8.16573e-05	-9.61621e-05	0.00059653	-8.84675e-05	0.227719	0.0916894	0.225464	0.1	0.00798718
1.59927	-0.52958	0.125209	-0.000114192	8.21169e-05	1.89117e-05	2.79538e-05	-0.000237453	0.000371199	0.227657	0.0916158	0.225403	0.1	0.00530416
2.15031	-3.48771	-0.797532	8.3545e-05	0.000279636	-0.000131698	-0.000858398	-1.16074e-05	-0.000468822	0.227655	0.0916129	0.225401	0.1	0.00869959
-1.7136	1.90805	-1.13873	6.48676e-05	-0.000126938	7.39525e-05	0.000494739	0.000201807	0.000399452	0.227637	0.0915917	0.225383	0.1	0.00587602
2.32508	-3.86057	-1.00739	1.42189e-09	-1.03278e-07	-1.6465e-09	-1.26426e-50	-7.11428e-51	1.4446e-50	0.227625	0.0915767	0.225371	0.1	0.0102075
-2.389	-3.60803	-1.94263	3.53788e-05	0.000435855	1.35011e-05	-0.000329019	-3.59896e-05	-0.000121759	0.227598	0.0915445	0.225345	0.1	0.00451232
1.12843	-1.70118	0.776208	4.65273e-06	0.000236525	1.90838e-05	-4.13298e-05	2.18378e-05	6.39955e-05	0.227427	0.0913378	0.225175	0.1	0.00500267
-0.936743	1.64685	1.95156	-2.49936e-05	-8.35065e-05	-8.34907e-05	-0.000399576	-0.000350303	-0.000150594	0.227288	0.0911706	0.225038	0.1	0.00652506
1.16858	3.13093	-1.2715	-9.98629e-05	-0.000313491	4.99303e-05	0.000648434	-0.000434627	-9.21277e-05	0.227272	0.0911519	0.225022	0.1	0.00657303
