-1.39362	1.23053	-1.02784	5.91814e-05	-0.000131247	1.23608e-05	-0.000295461	-7.97899e-05	0.000120462	0.55482	1.32612	0.549327	0.1	0.0193385
2.15489	3.66017	2.23875	-3.18868e-05	-0.00031711	3.04726e-05	-4.39174e-05	6.80529e-05	0.000174467	0.554711	1.32533	0.549219	0.1	0.0181358
-0.832353	-1.2917	-0.90422	4.45172e-05	0.000188868	-8.45367e-05	-8.97385e-05	-2.61162e-05	-0.000288068	0.554426	1.32329	0.548937	0.1	0.0218631
-0.077219	1.24766	-1.97075	6.02814e-06	-0.000259547	-5.65141e-05	3.39389e-05	-0.000122896	1.82272e-05	0.552434	1.30908	0.546964	0.1	0.0193023
2.47452	-3.38406	1.09943	1.14345e-05	0.000264851	-4.24079e-05	3.41285e-06	5.91e-06	0.000180267	0.551275	1.30086	0.545817	0.1	0.0259888
-0.31645	-3.47512	-0.678132	-4.35476e-05	0.000425208	3.01554e-05	0.000234027	0.000202779	2.84654e-05	0.548893	1.28407	0.543458	0.1	0.0199475
-2.01544	0.746532	-1.78958	0.000145842	-1.60209e-05	5.08631e-06	6.37142e-05	-4.83621e-05	-0.00027971	0.548822	1.28357	0.543388	0.1	0.0211317
1.80276	-4.04954	-0.351998	4.50235e-06	0.00031224	-3.79959e-05	0.000110496	-3.65449e-05	2.85935e-05	0.547774	1.27623	0.54235	0.1	0.0202434
-1.92329	-0.414654	0.671349	-6.42629e-05	2.36527e-05	1.27466e-05	-0.000297565	-0.000105982	0.00017828	0.547358	1.27333	0.541939	0.1	0.0246345
-0.854865	-0.133217	0.728162	-8.98071e-05	-6.3608e-05	-4.09146e-06	3.97414e-05	-7.29326e-05	-0.000117167	0.546952	1.2705	0.541537	0.1	0.0204195
2.09748	0.374372	-1.24895	3.07646e-05	-5.1155e-05	-1.31643e-05	3.95735e-05	0.000179475	-0.000182809	0.546649	1.26839	0.541237	0.1	0.0245609
1.20631	2.63481	-1.82428	-6.08294e-05	-0.000208444	7.55855e-05	-0.000103329	0.000318558	8.48671e-05	0.545348	1.25936	0.539949	0.1	0.0210419
-2.42138	-2.42917	0.435611	6.07394e-06	0.000196697	4.83143e-07	6.17464e-05	-4.88761e-05	-9.2744e-05	0.545169	1.25811	0.539771	0.1	0.0223541
-0.0548348	-3.18232	-2.0317	-3.64005e-05	0.000352822	5.0181e-05	-0.000209285	-0.000238743	-1.78468e-05	0.544719	1.255	0.539326	0.1	0.0186386
-0.628497	3.40162	1.3056	1.47081e-05	-0.000385023	-2.16824e-05	0.000260532	6.31707e-05	-0.00016922	0.543689	1.24789	0.538306	0.1	0.0191783
2.1733	-2.55297	2.16323	8.76369e-05	0.000296578	4.94735e-05	-6.2256e-05	-4.13395e-05	-0.000108165	0.541854	1.2353	0.536489	0.1	0.0301938
1.49954	-2.05106	-1.30289	3.81929e-05	0.000236757	8.2888e-05	5.13922e-05	7.46934e-05	-6.92515e-05	0.540595	1.22671	0.535243	0.1	0.0269748
2.11715	2.8865	-1.3013	-6.23678e-06	-0.000331422	-3.40702e-05	-9.76699e-05	-0.000107767	0.000185401	0.540372	1.22519	0.535022	0.1	0.019946
0.241408	2.26933	-2.12459	1.4128e-05	-0.000293206	8.02087e-06	-0.000134148	-0.000567635	4.13929e-05	0.540364	1.22514	0.535014	0.1	0.0178382
1.53493	1.9015	1.53529	-4.83589e-05	-7.85134e-05	3.91415e-05	-0.000127832	-4.74132e-05	8.53903e-05	0.537534	1.20599	0.532212	0.1	0.0222539
1.81664	-3.03104	-0.0147708	-1.65393e-05	0.000259095	2.55037e-05	4.25261e-05	0.000134588	3.81086e-05	0.536704	1.20041	0.53139	0.1	0.0228818
-1.67995	1.63242	0.933983	-6.32647e-05	-0.000116161	0.000215005	0.000346017	-0.000220941	0.000199612	0.536645	1.20002	0.531332	0.1	0.0217128
0.658772	-1.9099	0.207141	5.00065e-05	0.000249281	7.80223e-05	8.55225e-05	7.38472e-05	1.39779e-05	0.536462	1.19879	0.53115	0.1	0.0215863
0.370348	3.55633	1.65311	-2.14504e-05	-0.000409782	2.44367e-05	-0.000153446	-0.000156289	0.000181496	0.53632	1.19784	0.53101	0.1	0.024187
-1.13455	-2.62862	0.058118	-3.29195e-05	0.000275036	-1.49208e-06	0.000125729	3.5578e-05	-0.000233001	0.535344	1.19131	0.530044	0.1	0.019235
-0.264741	-2.54144	-1.20253	-4.2023e-06	0.000386559	3.34182e-05	-0.000267318	7.20899e-05	-0.000276938	0.534798	1.18767	0.529503	0.1	0.0180098
1.35773	3.93097	1.56507	-6.23783e-05	-0.00037777	6.95406e-05	-2.82253e-05	2.84739e-05	-9.9442e-05	0.534761	1.18742	0.529466	0.1	0.0193958
0.800818	1.56009	-0.444066	1.23482e-05	-0.00025072	-1.9764e-05	0.000129929	-0.000474852	-0.000218741	0.534328	1.18454	0.529038	0.1	0.0203942
-1.44068	3.82476	0.0620385	-7.29116e-05	-0.000347245	3.30132e-05	0.00023453	0.000137532	6.68088e-05	0.533494	1.179	0.528212	0.1	0.0192972
-0.50684	1.98638	-1.31872	-4.72944e-05	-0.000301035	-4.32428e-05	0.00022375	0.000207137	3.19219e-05	0.533315	1.17782	0.528035	0.1	0.0181717
-0.360012	3.58331	-0.826687	-6.79122e-05	-0.000329713	-1.91393e-05	-0.000141513	1.98643e-05	-4.59811e-05	0.533292	1.17767	0.528012	0.1	0.0185398
-2.02075	-1.20231	-2.12993	-2.90115e-05	7.54322e-05	-0.000147042	-0.000278782	1.16455e-05	0.000121034	0.533023	1.17589	0.527746	0.1	0.0233429
-1.75579	-3.16335	-2.2058	-1.0409e-05	0.000341282	-9.1492e-06	-4.97982e-05	5.26036e-05	1.14613e-05	0.53279	1.17434	0.527515	0.1	0.0264568
-0.0159324	-2.5558	1.02096	9.0932e-05	0.000268262	-3.05374e-05	-6.73211e-05	8.6233e-06	-0.000178033	0.532572	1.1729	0.527299	0.1	0.0267302
-1.44781	3.62302	-1.71269	-6.29673e-05	-0.000375922	-5.70868e-06	-4.00011e-05	9.25276e-05	-0.000119679	0.532055	1.16949	0.526787	0.1	0.0217748
0.457796	3.28711	-2.32882	-3.55097e-05	-0.000316934	2.53275e-05	4.13005e-05	3.42599e-05	0.000155973	0.531483	1.16572	0.526221	0.1	0.0264494
2.41233	0.167028	-2.48192	7.44254e-05	9.48742e-05	-1.87637e-05	-4.1689e-05	-2.08226e-05	-4.0515e-05	0.530981	1.16242	0.525724	0.1	0.0216171
-0.178853	-1.21396	-1.75272	3.75473e-05	0.000145472	-6.63102e-05	0.000138088	4.55108e-05	0.000111906	0.53052	1.15939	0.525267	0.1	0.0212031
-0.934162	-3.53205	0.583274	2.2501e-05	0.000367819	4.08889e-05	1.1916e-05	0.00016945	-0.000120326	0.529592	1.15332	0.524349	0.1	0.019366
-0.0712064	-3.64418	1.3797	-5.69111e-05	0.000347619	-4.11548e-05	8.87977e-05	-2.43678e-05	-3.23554e-05	0.528499	1.14619	0.523266	0.1	0.0230148
2.04815	0.787434	-0.244147	5.57778e-05	-2.94129e-05	-5.77403e-06	-0.000257902	0.000279851	-3.85707e-05	0.527475	1.13954	0.522252	0.1	0.0248494
0.561662	3.58119	-1.32863	-6.71599e-05	-0.000363212	2.11128e-05	6.96774e-05	-6.36774e-05	1.67255e-05	0.527182	1.13765	0.521962	0.1	0.0201399
-2.41751	0.794486	0.652562	1.25394e-05	-7.91389e-05	1.28045e-05	0.000435445	-0.000374317	0.000143033	0.527004	1.1365	0.521786	0.1	0.0276478
2.41961	-1.18435	1.75806	-7.65623e-05	0.000261369	3.68609e-05	9.53004e-05	0.000336772	-0.000424417	0.526785	1.13507	0.521569	0.1	0.020813
0.0799134	-3.38014	0.38062	-4.07301e-06	0.000289063	-3.57353e-05	9.86942e-05	-1.88396e-06	-4.28592e-05	0.526637	1.13412	0.521423	0.1	0.0182911
0.543776	2.78452	0.962377	-1.55513e-05	-0.000347522	-2.35662e-05	0.000235393	0.000304731	0.000119882	0.524764	1.12206	0.519568	0.1	0.0175148
-2.43324	3.94134	0.372413	-6.56066e-05	-0.000374372	3.14637e-05	-0.000379608	-0.000127394	3.02674e-05	0.523709	1.11531	0.518524	0.1	0.0243428
-2.4843	3.74581	-1.76075	-4.44551e-05	-0.00031341	1.20427e-05	9.95117e-05	-7.23842e-05	-1.37699e-05	0.523479	1.11384	0.518296	0.1	0.0190197
1.49048	0.945141	2.04841	6.22773e-05	-4.20066e-05	-9.3854e-05	2.61681e-05	-9.15004e-05	9.47476e-05	0.521989	1.10436	0.516821	0.1	0.0194675
-1.83824	-1.90999	-0.275096	-5.59341e-05	0.000254606	1.59046e-06	0.000306091	0.000382419	-0.000137395	0.521432	1.10083	0.516269	0.1	0.021525
-0.404241	1.83183	1.4733	-2.72869e-07	-0.000288025	-0.000111166	5.1521e-05	5.71039e-05	3.45033e-05	0.521217	1.09946	0.516056	0.1	0.0236927
-2.00781	-3.93237	1.8429	5.56023e-05	0.000407001	7.15808e-06	-0.000206972	-3.55434e-05	7.0052e-05	0.518617	1.08309	0.513482	0.1	0.0170802
2.09285	-0.0966928	0.465591	-3.93958e-05	-7.04378e-06	-2.54919e-05	-0.000420899	0.000260094	-0.00030692	0.517898	1.07859	0.51277	0.1	0.0224222
2.33379	-1.08346	-0.937075	2.82534e-05	0.000166937	6.55273e-06	6.06151e-05	-4.15235e-05	7.36458e-05	0.517716	1.07746	0.51259	0.1	0.0245832
1.57585	3.78134	-1.34042	-6.42743e-05	-0.000382751	-3.18069e-05	7.24037e-05	0.000177527	-7.14582e-05	0.5171	1.07361	0.51198	0.1	0.0171852
-1.86523	2.70177	-1.47937	-0.000102238	-0.000333043	2.04784e-05	-2.55075e-05	-0.000107724	3.17043e-05	0.516716	1.07123	0.5116	0.1	0.0214162
-1.94478	0.350488	-0.815427	4.86441e-06	-9.03403e-05	-2.8853e-05	0.000105197	-0.000186378	0.000180373	0.515931	1.06635	0.510823	0.1	0.0249817
1.15669	3.26035	-0.548184	-6.82225e-05	-0.000422486	-1.2423e-05	-6.39469e-05	0.000159084	-0.000205803	0.515901	1.06617	0.510793	0.1	0.0145002
1.53817	2.09151	-0.947794	8.69682e-05	-0.000332243	4.98587e-05	0.000199443	0.000561979	-0.000192562	0.51576	1.06529	0.510653	0.1	0.0171206
-1.9142	-2.08647	1.95516	6.24601e-05	0.00026043	9.61264e-08	-0.00012679	5.35912e-05	9.36782e-05	0.514995	1.06056	0.509896	0.1	0.0268878
-0.424565	3.55697	-1.86086	-5.24352e-05	-0.000419797	-2.76839e-06	-2.93221e-05	-7.40107e-05	2.22446e-05	0.514003	1.05444	0.508914	0.1	0.0209844
0.729149	0.110398	2.463	6.52581e-05	4.61538e-05	-6.53949e-06	-0.000106881	0.000327007	4.38398e-05	0.512599	1.04583	0.507524	0.1	0.0191737
0.542662	-0.352435	1.58023	-2.71894e-05	0.000125108	-6.38741e-06	7.23904e-05	-0.000129474	4.60463e-05	0.51184	1.04118	0.506772	0.1	0.0188945
-2.0592	-3.56082	-1.30123	2.51923e-05	0.000431234	2.14812e-05	-5.94193e-05	7.10736e-05	-0.000171238	0.511673	1.04017	0.506607	0.1	0.0219794
-0.451134	0.832841	0.699703	1.64068e-05	-0.00013897	-6.4353e-07	3.62375e-05	0.000307606	-0.000130491	0.511494	1.03908	0.50643	0.1	0.024186
0.87924	-3.24968	-1.51707	-1.74015e-05	0.0003459	8.50581e-05	2.32299e-05	-0.000118119	0.000130319	0.510448	1.03272	0.505394	0.1	0.0180048
-1.23981	3.52921	2.14506	-8.24128e-05	-0.000393314	-5.84815e-05	-0.000429106	-0.000370482	-0.000169881	0.509646	1.02785	0.5046	0.1	0.0223999
0.831158	-2.78527	-2.41103	-2.10774e-05	0.000292061	7.26429e-05	-0.000128982	4.99538e-05	5.99479e-05	0.508542	1.02119	0.503507	0.1	0.0206358
-0.641088	-0.444217	-2.25368	5.39731e-05	0.000151669	-2.60708e-05	-0.000100285	8.9827e-06	-0.000167621	0.508425	1.02048	0.503391	0.1	0.018953
1.43679	-0.42669	-1.34341	5.97793e-05	-4.71588e-05	-1.26892e-06	0.000105625	2.21876e-05	0.000260885	0.506867	1.01114	0.501849	0.1	0.0201192
1.37373	1.82076	-2.44864	-7.05156e-05	-0.000136167	1.44041e-05	0.000236301	-2.32968e-05	0.000130895	0.505037	1.00022	0.500037	0.1	0.0190455
-1.19439	2.73921	-2.23626	-9.70955e-05	-0.000250384	0.000116209	-2.42063e-06	0.00017968	0.000286137	0.504957	0.999745	0.499957	0.1	0.0229734
-2.29702	-3.45198	-0.329898	-1.29204e-05	0.000365034	-2.17509e-06	0.000200513	-0.000160553	7.7911e-05	0.504939	0.999642	0.49994	0.1	0.0196424
-0.18076	-0.442194	-1.07904	5.46162e-05	3.70374e-05	6.88562e-06	0.000103223	6.65973e-05	-6.07393e-05	0.504901	0.999415	0.499902	0.1	0.0178811
0.424821	-0.352615	-0.288883	6.66085e-05	-2.23619e-05	-7.54771e-06	0.00015094	-0.000133623	-3.59174e-05	0.504788	0.998742	0.49979	0.1	0.0161838
0.686303	-0.701674	-1.94469	6.41529e-05	6.69643e-05	-7.6247e-06	0.000136047	-9.3352e-06	-0.000318884	0.503937	0.993701	0.498948	0.1	0.0205681
-1.00807	-2.27552	1.41499	3.46905e-05	0.000317527	2.7174e-05	3.19943e-06	-0.000120578	-0.000227488	0.503345	0.990196	0.498361	0.1	0.0189509
-1.0393	0.376817	-1.79539	8.83968e-05	-3.49812e-05	-9.00853e-05	-0.000140658	-0.000100882	0.000304653	0.503196	0.989325	0.498214	0.1	0.0192386
1.32608	-1.48971	-0.453583	5.15403e-05	0.00022124	7.69937e-05	-6.06775e-06	-9.09277e-05	-8.02613e-06	0.502585	0.985721	0.497609	0.1	0.0208931
-0.917329	0.827656	-0.188278	-2.67804e-05	-0.000149081	3.72527e-05	-0.00012026	-0.00021474	-9.2523e-05	0.501771	0.98094	0.496803	0.1	0.0195024
0.271008	-2.68777	-0.339781	7.8692e-06	0.00033314	4.42335e-05	8.5075e-05	7.79827e-05	-6.73868e-05	0.501401	0.978774	0.496437	0.1	0.0211325
2.33415	-1.4866	0.788736	9.01583e-07	0.000176074	1.03104e-05	-2.96707e-06	-0.000146201	5.22914e-06	0.501352	0.978484	0.496388	0.1	0.0175769
-1.54802	1.42066	2.25354	5.70796e-05	-3.29092e-05	2.51216e-05	-2.27492e-05	0.000198336	0.000272221	0.501333	0.978374	0.496369	0.1	0.0197873
-0.428277	2.81125	2.13009	-9.46023e-05	-0.000195095	-9.12211e-05	-9.29958e-05	0.000249955	2.3301e-05	0.500305	0.972365	0.495351	0.1	0.0232195
1.75007	-1.9493	1.44218	3.35766e-05	0.000166216	-2.09615e-06	-0.000139738	3.84402e-05	0.000281155	0.500134	0.971369	0.495182	0.1	0.0141672
-0.340357	-2.14226	-2.14265	6.75937e-05	0.00016559	-4.23053e-05	-0.000180046	-6.89577e-05	-7.47071e-05	0.500114	0.971254	0.495162	0.1	0.0231231
1.2145	3.96391	-2.42224	-6.44802e-05	-0.000330868	5.01401e-05	-5.18747e-05	-6.47254e-05	-0.000136853	0.499003	0.964792	0.494062	0.1	0.0206639
0.498649	-1.93317	-1.50698	7.53216e-05	0.00023415	-7.88942e-06	-0.000118441	-0.000269346	7.81655e-05	0.49838	0.96119	0.493446	0.1	0.0177237
-0.121503	-1.2551	0.108071	6.72838e-05	0.000204897	1.80187e-05	-0.000205116	-0.000156872	1.63168e-05	0.498014	0.959069	0.493083	0.1	0.0161537
-1.11538	-1.59818	-1.85861	1.61031e-05	0.000245252	-8.52326e-05	-1.74045e-06	-4.84027e-05	-0.000291598	0.49782	0.957951	0.492891	0.1	0.0211787
1.5092	-3.33641	2.11113	2.59444e-05	0.000401726	5.06454e-05	1.79482e-05	1.34136e-05	-8.93649e-05	0.497807	0.957872	0.492878	0.1	0.0176813
-2.27203	2.71301	-0.493155	-6.5995e-05	-0.0002504	1.89862e-05	-0.000163671	-6.49927e-06	2.35441e-05	0.497805	0.957862	0.492876	0.1	0.0230501
-1.62575	-2.86967	0.92034	2.80759e-05	0.000336618	3.50374e-05	-0.000290162	7.84397e-05	0.000292035	0.496356	0.949524	0.491442	0.1	0.0163556
-1.29619	2.69955	0.960722	-1.41007e-05	-0.000323343	-6.66589e-06	-0.00031067	-6.5906e-05	4.66514e-05	0.495653	0.945496	0.490746	0.1	0.0186149
-0.917445	-3.73532	-2.13259	-2.2725e-05	0.000366744	-2.15041e-05	1.89893e-05	-3.0955e-05	-2.75142e-05	0.495534	0.944815	0.490628	0.1	0.020433
-1.34754	-3.46165	-0.609757	-1.28363e-05	0.000399115	0.000104661	-0.000139522	-4.99924e-05	-9.23647e-06	0.49547	0.944444	0.490564	0.1	0.0176812
-1.26386	2.30359	1.86979	1.34728e-07	-1.31513e-08	4.9212e-07	-1.34201e-08	-8.68088e-09	7.97787e-09	0.495413	0.94412	0.490508	0.1	0.0207151
2.42049	1.91254	-1.38331	0.000107647	-0.000289811	0.00010105	-7.76199e-05	-0.000194485	3.71741e-05	0.493724	0.934499	0.488836	0.1	0.0172331
-1.72523	1.78084	-1.84254	3.1224e-06	-0.000270567	-2.84969e-05	0.000146924	5.25797e-05	0.000168636	0.493582	0.933695	0.488695	0.1	0.0161018
0.808171	1.67211	-1.51659	-2.89302e-05	-0.000205279	0.000131067	9.43696e-05	1.4124e-05	0.000292131	0.493482	0.933124	0.488596	0.1	0.021107
0.888579	0.528098	-0.427348	-4.50239e-05	-0.000113575	-1.45115e-05	-0.000201237	0.000129957	-0.000167467	0.49325	0.93181	0.488366	0.1	0.0224297
0.685679	4.05552	0.811975	-2.35618e-05	-0.000469931	3.51518e-05	-0.000227702	-0.000120478	9.14537e-05	0.492733	0.92888	0.487854	0.1	0.0192648
0.151314	0.0487818	0.598569	1.76471e-05	-0.000128552	-1.27356e-05	-9.20936e-05	-0.000191147	0.000171603	0.492579	0.928012	0.487702	0.1	0.0182933
1.26779	2.69758	0.268044	1.53214e-05	-0.000363976	-1.22552e-05	-1.47472e-05	-2.69844e-05	0.000325917	0.492206	0.925909	0.487333	0.1	0.0149396
0.756387	0.257135	-1.55475	-1.85936e-05	-0.000150271	1.58264e-05	0.000459311	-0.000512933	0.000157171	0.490982	0.919016	0.486121	0.1	0.022157
-1.21154	-2.2513	-0.978567	-4.68843e-05	0.000242194	2.28756e-05	-0.000309055	-0.000473794	5.57473e-05	0.490889	0.918492	0.486029	0.1	0.0209732
-0.402248	-0.642843	1.49568	1.881e-05	-6.98359e-07	-6.66857e-05	-0.000124685	0.000340837	0.000188574	0.490378	0.915628	0.485523	0.1	0.0213096
1.58014	-2.89323	1.24298	-1.41022e-05	0.000200379	-4.24511e-05	-8.83466e-05	5.52498e-05	-7.04064e-05	0.489482	0.910617	0.484636	0.1	0.020571
-2.19632	2.80848	1.3193	2.30223e-05	-0.000204624	-4.87431e-06	-7.36766e-05	0.000119133	-0.000129041	0.489469	0.910544	0.484623	0.1	0.0157611
2.26406	-2.47958	-1.82305	1.35188e-05	0.000259207	4.77564e-05	0.000128962	-8.96573e-05	-1.10762e-05	0.489084	0.908401	0.484242	0.1	0.0176306
-2.15792	1.01278	1.59953	4.71131e-05	-0.000134495	1.58061e-05	0.000190001	0.000350226	0.000284313	0.488971	0.907768	0.48413	0.1	0.0228083
0.970829	-1.9816	2.03366	4.37434e-05	0.000195668	-3.86108e-06	-7.21587e-05	-3.05106e-05	-0.00024613	0.4888	0.906812	0.48396	0.1	0.0195668
1.58635	-2.19123	0.505402	5.25256e-05	0.000266071	6.02468e-06	-0.00014555	9.21527e-05	-3.58106e-05	0.488326	0.904178	0.483491	0.1	0.0199213
-0.718888	-0.547237	-0.199016	1.70803e-05	9.69066e-05	-3.30823e-05	0.000276283	-0.000100111	0.000302305	0.48828	0.903926	0.483446	0.1	0.0160438
-2.01351	3.03222	0.392387	-3.639e-05	-0.000348136	3.29121e-05	0.0004006	0.000117279	5.61979e-05	0.488206	0.903513	0.483372	0.1	0.0235462
1.58422	-3.71102	0.700685	-2.63911e-05	0.000317227	4.00181e-05	-8.21619e-05	0.000121726	-0.000352765	0.488125	0.903063	0.483292	0.1	0.0206993
0.0452264	1.68039	0.595121	6.23713e-05	-0.000210372	-9.75226e-05	-0.000106179	-6.73979e-06	-3.00588e-05	0.486774	0.895587	0.481954	0.1	0.0179716
1.41077	-0.453341	1.09407	-2.37093e-05	0.000199939	7.82578e-05	0.00011788	-0.000110111	6.06056e-05	0.486222	0.892545	0.481408	0.1	0.0161328
2.31969	-0.530164	-1.76204	6.43708e-05	0.00014173	6.4893e-07	-4.80454e-05	-3.09593e-05	8.93605e-05	0.485931	0.890944	0.48112	0.1	0.0226415
-1.06843	-3.82596	1.53484	6.29777e-05	0.000421485	4.99549e-05	-0.000105429	-8.95356e-05	6.43442e-05	0.485684	0.889585	0.480875	0.1	0.0164451
2.10325	2.51801	0.722249	1.4015e-05	-0.000192075	2.38361e-05	-1.19111e-05	-7.41362e-05	4.15298e-05	0.485546	0.888831	0.480739	0.1	0.0213472
-1.78274	-0.240504	-1.94579	6.7267e-05	2.42777e-05	-7.78568e-05	0.000330752	0.00028518	-0.000392768	0.484993	0.885791	0.480191	0.1	0.0212195
-0.644399	1.05748	2.19566	4.00727e-05	-2.88509e-05	-0.000111708	0.000305479	-2.4375e-06	-0.000322378	0.484263	0.881798	0.479468	0.1	0.0167309
-1.83132	-1.54698	-1.20328	1.24718e-05	0.000233437	-0.000102491	0.000285956	0.000107273	-5.68539e-05	0.483863	0.879615	0.479072	0.1	0.0223975
-1.7908	-1.86315	1.00021	-8.53202e-06	0.000167424	-6.20351e-06	-6.22967e-05	4.91624e-05	9.61803e-05	0.48386	0.879599	0.479069	0.1	0.0170279
1.71731	-0.134123	-0.450816	-3.3859e-05	1.90387e-05	-6.06153e-06	0.000288815	-0.000291375	-0.00014932	0.483476	0.877508	0.478689	0.1	0.0174503
0.518548	2.59923	1.94239	-4.71615e-05	-0.000258875	-9.69592e-06	7.95072e-05	-2.82109e-05	-0.00018282	0.483004	0.874942	0.478222	0.1	0.0174269
0.297416	0.948772	-1.06524	-3.16825e-05	-0.000157263	-3.25701e-05	-0.000365335	0.000170934	-0.000323448	0.482785	0.873753	0.478005	0.1	0.0195061
-1.28132	-1.21585	0.514402	-1.49574e-05	7.58494e-05	-8.88947e-05	-4.29669e-05	0.000174082	-0.000289401	0.482566	0.872562	0.477788	0.1	0.0155321
-0.0263141	0.676129	1.57274	8.04611e-05	-9.797e-05	-4.0567e-05	-0.000189511	-0.000321957	-0.000275178	0.482132	0.870207	0.477358	0.1	0.021802
1.94381	2.54713	2.19443	-6.56762e-05	-9.41587e-05	5.26342e-05	0.000178463	2.74139e-05	-7.27151e-05	0.48194	0.869166	0.477168	0.1	0.0203445
-0.586583	2.66937	-0.47869	-2.69158e-05	-0.000266966	1.51662e-05	8.42676e-05	8.50402e-05	7.36592e-05	0.481933	0.86913	0.477161	0.1	0.0225412
-1.42367	0.705334	0.633798	-2.60265e-06	-3.02189e-05	5.47853e-05	-3.66315e-05	0.000286614	-6.86911e-05	0.481479	0.866677	0.476712	0.1	0.0226145
1.03428	-3.39932	-0.531416	-4.15308e-05	0.000323616	3.8172e-05	4.3608e-05	-8.01522e-05	-0.000133066	0.480917	0.863644	0.476155	0.1	0.0153348
-0.922366	-1.57574	2.18587	4.46352e-05	0.000229282	-4.52212e-05	-4.75111e-05	0.000120571	0.000112787	0.480468	0.861231	0.475711	0.1	0.0183692
1.53578	0.451575	-2.09221	6.30517e-05	9.40185e-06	-1.85397e-05	0.000374196	-0.000202577	4.00951e-05	0.47986	0.857968	0.475109	0.1	0.0155264
0.484642	2.66229	-0.948565	-0.000158358	-0.000337528	3.88474e-05	0.000190805	7.30441e-05	4.93448e-05	0.478966	0.853181	0.474224	0.1	0.0188909
1.21666	0.50227	1.20613	3.81669e-05	9.55727e-06	-9.39753e-05	-1.5843e-05	1.32137e-05	-0.000397735	0.478473	0.850548	0.473736	0.1	0.0199332
-2.45482	0.00515706	1.50102	0.000176352	0.000161067	8.53659e-05	1.00085e-05	-0.000261868	-9.48374e-05	0.478412	0.850219	0.473675	0.1	0.0240903
-1.69221	1.39727	-0.0644267	7.69126e-07	-0.00012393	-1.7633e-05	0.000266188	-2.32023e-05	-3.0899e-06	0.47793	0.847656	0.473198	0.1	0.0193119
-1.07699	-3.07512	-1.44972	3.28453e-05	0.000256453	6.83881e-05	0.000293406	4.81236e-05	-0.000113066	0.477808	0.847007	0.473077	0.1	0.0277343
2.22625	3.56583	1.22382	-5.18432e-05	-0.000283331	4.52293e-05	8.43324e-05	9.241e-06	0.000325184	0.477733	0.846607	0.473003	0.1	0.0222128
-2.03184	2.75565	2.26207	-0.000182943	-0.000294107	3.14719e-05	-0.000255315	-9.67866e-05	5.19522e-05	0.477694	0.846395	0.472964	0.1	0.0175175
-0.649438	1.95601	-2.47488	-9.7311e-06	-0.000171441	-1.9377e-05	0.000146246	0.000654888	-0.000247025	0.477155	0.843541	0.472431	0.1	0.0180663
-0.741258	3.15782	0.32076	-1.14095e-05	-0.000280111	2.31516e-05	-0.000150443	-6.58151e-05	-0.000200891	0.47715	0.843513	0.472426	0.1	0.0210407
-0.701703	0.136338	1.96488	-2.04399e-05	-1.15017e-06	-0.000117784	-0.000256787	0.00014792	0.000227656	0.477062	0.843044	0.472339	0.1	0.0206402
-1.508	0.019559	1.4877	-6.55382e-05	4.94389e-05	-2.92435e-05	0.000127785	2.35007e-05	-0.000427479	0.476857	0.841959	0.472136	0.1	0.0211159
1.23579	-1.12354	0.439602	5.90758e-05	0.00022081	6.4806e-05	-0.000110926	-9.9388e-05	-5.60817e-05	0.476785	0.841575	0.472064	0.1	0.0153086
-0.356058	3.93228	2.23044	-6.28865e-05	-0.000445513	-3.51416e-05	-1.98816e-05	0.000127098	2.18306e-05	0.475355	0.834028	0.470649	0.1	0.0202735
-1.67574	-0.820768	1.94112	-9.01765e-06	0.000172874	-0.000148109	6.83894e-05	0.000127084	0.000336117	0.475269	0.83357	0.470563	0.1	0.0192669
-1.66138	0.462668	2.30444	9.54101e-05	-1.48484e-05	2.78977e-06	0.00011016	1.01625e-06	-0.000211453	0.474862	0.83143	0.47016	0.1	0.0188757
2.02675	-2.84823	-0.976034	-4.10861e-05	0.000326254	5.11264e-05	7.4447e-05	-0.000138634	5.49992e-05	0.474508	0.829578	0.46981	0.1	0.0210918
-2.17096	1.95525	1.7449	-4.11743e-05	-0.000146866	6.2102e-05	-9.92802e-05	-2.46434e-05	-6.23401e-05	0.474403	0.829024	0.469706	0.1	0.0197401
-2.3769	-0.375755	-0.312002	8.5226e-06	0.000140801	-3.99534e-05	-7.95709e-05	-7.25345e-05	8.21577e-06	0.473731	0.82551	0.469041	0.1	0.0233471
-1.0743	-0.0758556	-0.943613	6.09509e-05	7.09341e-05	-4.17136e-05	-0.000225973	-6.44817e-05	-0.000154423	0.47183	0.815609	0.467158	0.1	0.018963
0.691135	-3.08743	1.67669	6.43969e-07	0.000233915	1.82693e-05	-0.000159552	-6.47779e-05	0.000429814	0.471086	0.811759	0.466422	0.1	0.0162605
-0.43929	-2.03935	-0.342491	-2.96207e-05	0.000256424	2.03756e-05	-0.00015372	-9.05983e-05	0.000236271	0.470528	0.808876	0.465869	0.1	0.0234486
-2.14274	-2.42758	-1.0645	-4.00292e-05	0.000277462	-3.97468e-05	-0.000316384	0.000242668	-0.000125062	0.470355	0.807987	0.465698	0.1	0.0169599
0.472806	3.3852	0.137079	4.57302e-05	-0.000425973	9.24711e-05	8.83845e-06	0.000165755	0.000282632	0.470211	0.807242	0.465555	0.1	0.0183716
-1.1602	-2.4438	2.45888	4.57842e-05	0.000258416	-2.70674e-05	3.79408e-05	2.82906e-05	-0.000199605	0.47002	0.806259	0.465366	0.1	0.0203959
0.534716	1.03887	2.25114	9.10547e-05	1.95078e-05	-4.73277e-05	-8.5317e-05	0.000217053	-0.000226502	0.46956	0.803896	0.464911	0.1	0.0165764
-0.10695	-1.11465	2.26521	7.86195e-05	0.000132323	-4.51601e-05	-0.000178539	-0.000133716	-0.000230915	0.469458	0.803373	0.46481	0.1	0.0190874
-0.628002	-1.88646	0.620056	4.0962e-05	0.00015588	-8.85257e-05	4.9966e-05	-0.000204613	0.000507163	0.469446	0.803307	0.464798	0.1	0.021125
-0.794561	1.75612	-0.397807	2.28789e-05	-0.000226965	-1.71541e-05	-5.03969e-05	-8.5048e-05	2.47518e-05	0.468782	0.799905	0.464141	0.1	0.0176673
1.13565	-0.050953	0.285157	-3.33112e-05	1.80578e-05	6.56485e-05	-0.000130936	-8.01543e-05	0.000165364	0.467379	0.792743	0.462751	0.1	0.0175066
1.80831	-0.364929	1.94523	5.16912e-05	0.000101243	3.05486e-05	0.000239623	0.000337013	0.000236929	0.467217	0.791923	0.462591	0.1	0.019175
-0.193461	-2.16559	1.91218	0.000107902	0.000202381	-1.76174e-05	0.000251318	-2.1398e-05	9.58637e-05	0.466675	0.789165	0.462054	0.1	0.0169461
1.6381	1.21137	-1.55441	3.84814e-05	-5.02416e-05	4.57469e-05	-0.00017176	0.000239415	5.38645e-05	0.466232	0.786924	0.461616	0.1	0.0148381
-0.695621	2.22786	0.392199	3.46819e-06	-0.000275985	-2.14261e-06	0.000192232	0.000196873	0.000221731	0.466205	0.786785	0.461589	0.1	0.0180542
-0.898501	2.89428	-1.33457	-7.71977e-05	-0.000341599	3.38194e-05	-0.000195644	1.26649e-05	3.84232e-05	0.466076	0.786131	0.461461	0.1	0.0156657
0.911334	-2.85808	0.352027	1.04484e-05	0.000247527	4.2526e-05	6.55269e-07	-0.000119067	-6.09512e-05	0.465707	0.784266	0.461096	0.1	0.0224916
-1.83897	-2.21199	-1.95208	-3.03549e-05	0.000321548	-1.5318e-05	2.8599e-05	0.000275737	0.000137697	0.465684	0.784148	0.461073	0.1	0.0220695
-1.42991	2.3914	-0.178536	2.4008e-06	-0.000252237	4.53308e-05	9.45199e-05	7.17299e-05	-0.00017589	0.46529	0.782163	0.460683	0.1	0.0160385
1.9672	1.78224	0.0586264	3.79466e-05	-0.00010713	-0.000114894	-2.57239e-06	-0.000426952	-0.000120714	0.464712	0.779251	0.460111	0.1	0.0165656
0.811449	-1.0633	2.1769	5.36286e-05	0.000164982	-1.99323e-05	4.21661e-05	4.25039e-05	0.000288638	0.464331	0.777336	0.459734	0.1	0.0138215
1.79489	-1.65227	2.35072	-1.67855e-05	0.000230797	5.46282e-05	0.000152862	-0.000100575	0.000365224	0.463321	0.772277	0.458734	0.1	0.0147062
-2.19775	2.11582	0.242928	1.20181e-05	-0.000176106	6.10557e-05	-1.56313e-05	1.59815e-05	-2.48634e-05	0.462664	0.768994	0.458083	0.1	0.0176144
0.561813	1.871	1.3564	-1.07913e-05	-0.000188983	-6.86445e-05	0.000126342	-0.000158246	0.000144555	0.462514	0.768246	0.457935	0.1	0.0135251
2.05574	-1.04262	-0.00840371	2.695e-05	0.000152548	-6.70273e-07	-4.24699e-05	7.38611e-05	1.52018e-05	0.462457	0.767963	0.457878	0.1	0.0165379
1.00024	-1.3582	1.33111	8.03673e-05	0.000185218	-7.05477e-06	-8.21831e-05	2.5178e-06	5.52618e-05	0.460448	0.757998	0.455889	0.1	0.0153204
2.02864	-3.52451	-1.60644	1.06971e-05	0.000386015	9.06371e-06	7.19323e-05	-0.000109809	-0.000158598	0.4597	0.75431	0.455149	0.1	0.0133206
2.05428	3.17201	0.0551825	-1.58996e-05	-0.000342694	-0.000115217	4.59076e-05	-5.07759e-05	0.000398275	0.459434	0.752999	0.454885	0.1	0.0223783
-1.54639	-3.08145	1.83857	3.34691e-05	0.000405194	2.79292e-05	0.000199645	-0.000142955	-5.17802e-05	0.45935	0.752587	0.454802	0.1	0.0232344
0.15543	-1.55109	0.974848	2.16178e-05	0.000214982	5.72399e-05	-3.52552e-05	-0.00016988	-1.84507e-05	0.459269	0.752192	0.454722	0.1	0.0158109
-2.47921	1.94868	-2.38384	-1.25556e-05	-0.000104156	6.26733e-05	0.000173585	9.85145e-05	-0.000392646	0.459266	0.752174	0.454719	0.1	0.0189069
-0.177548	0.343787	-0.538527	2.29467e-05	-5.72099e-05	9.48588e-05	0.000156958	8.64023e-05	0.000262741	0.459194	0.751823	0.454648	0.1	0.0192562
1.46254	3.04418	1.15344	-5.21891e-05	-0.000304113	-8.14042e-06	0.000280653	-0.000214892	7.47107e-05	0.459118	0.751448	0.454572	0.1	0.0197635
2.18485	1.1008	-2.2909	-1.72077e-05	6.49714e-05	-5.66206e-05	-1.23876e-05	-4.41751e-05	0.000243374	0.459006	0.750894	0.454461	0.1	0.0148223
2.07977	-1.43218	-1.81086	2.05037e-05	0.000175588	3.40186e-05	2.98536e-05	0.000246992	-0.000188062	0.458587	0.748846	0.454047	0.1	0.022662
-1.45947	3.16597	-0.665165	-8.125e-05	-0.000267415	-1.91119e-05	-6.99466e-05	-3.9604e-05	6.56132e-06	0.458044	0.746189	0.453509	0.1	0.0190162
2.33968	1.66467	1.0184	-5.84734e-05	-0.000164776	9.91168e-05	-0.000142189	-2.47086e-06	-0.000163251	0.458039	0.746161	0.453504	0.1	0.016089
-2.14011	3.77344	-0.623379	5.58668e-07	-0.000417692	-3.15413e-05	-2.4208e-05	-0.000420293	-0.000242975	0.457054	0.74136	0.452529	0.1	0.0208041
-1.43206	0.0416349	-0.0616692	-7.524e-05	-6.85404e-05	-4.94628e-07	7.36382e-07	-5.0824e-05	-1.80976e-06	0.456744	0.739852	0.452222	0.1	0.018295
1.17554	-2.42674	-0.449883	8.52158e-06	0.000257099	6.22971e-05	-1.48489e-05	-9.50232e-05	-9.982e-05	0.456538	0.738849	0.452018	0.1	0.0154145
2.38222	-3.48278	2.44064	3.96004e-05	0.000391207	-6.31621e-06	9.29439e-05	0.000101511	0.000107176	0.456295	0.737671	0.451777	0.1	0.0181796
-1.66108	-0.754094	-0.748673	2.83757e-05	0.000143169	6.4569e-06	2.24538e-05	-4.01263e-06	4.81614e-05	0.4556	0.734306	0.451089	0.1	0.0199838
-0.642322	-3.02473	1.868	-8.36581e-06	0.000317696	2.31572e-05	-7.28479e-05	0.000266285	7.74857e-05	0.45547	0.733674	0.45096	0.1	0.0139597
0.163103	2.23943	-0.141772	1.94427e-05	-0.000231123	-9.78865e-05	7.81878e-05	8.56034e-05	6.33201e-05	0.455436	0.733515	0.450927	0.1	0.0147559
1.67558	1.14904	0.644525	-5.31553e-05	-2.88337e-05	-9.36579e-05	-0.000137307	0.000292038	-6.53853e-05	0.45531	0.732903	0.450802	0.1	0.01455
0.90392	-2.24699	1.14036	7.87968e-05	0.000231689	2.06868e-06	0.000140466	-7.39792e-05	0.000148326	0.455197	0.732356	0.45069	0.1	0.0150912
1.08248	4.00906	-0.771888	-2.48275e-05	-0.000445441	3.17811e-06	0.000122404	-0.000151664	0.000188554	0.277675	0.16624	0.274926	0.1	0.00649694
1.4829	2.02804	0.561149	0.000113519	-0.000287596	9.51876e-05	-0.000342791	-0.000150916	-0.000104366	0.277411	0.165765	0.274664	0.1	0.00871146
1.84042	-2.24754	-0.207074	1.26685e-06	6.67385e-06	-8.86378e-07	6.64724e-23	-1.69704e-23	1.00774e-23	0.277355	0.165667	0.274609	0.1	0.0136252
-1.11705	1.62586	0.354619	7.97887e-06	-0.000265488	2.27307e-05	-0.000206585	-6.35982e-05	-0.000401263	0.277213	0.165412	0.274468	0.1	0.0145481
0.926248	3.91148	-0.170875	1.67013e-05	-0.00038767	-0.000127744	0.000619121	-3.83783e-05	0.000116041	0.276217	0.163635	0.273482	0.1	0.00864035
-0.756224	-3.04742	-2.41799	7.12994e-06	0.000314362	7.67619e-06	-4.2257e-05	-0.000388724	0.000232044	0.275638	0.162608	0.272909	0.1	0.0095595
0.699255	-3.81116	1.82735	-0.000184913	0.00024523	6.36963e-05	0.000288467	-0.000248904	0.000975752	0.275408	0.162201	0.272681	0.1	0.0109525
1.62588	-0.830993	-0.712203	4.96977e-05	9.22337e-05	6.46617e-06	-0.000539817	-0.000285825	0.000118357	0.275341	0.162083	0.272615	0.1	0.00727963
-1.9267	-0.230382	2.31462	-1.24973e-05	5.74772e-05	-5.53169e-05	0.000149619	0.000260731	-0.00015771	0.275341	0.162083	0.272615	0.1	0.0119308
-1.33777	-3.82244	2.23756	1.0256e-05	0.000438977	1.53526e-06	0.000123845	-4.03417e-05	-0.000147628	0.275089	0.161637	0.272365	0.1	0.00893031
0.228804	-3.8653	-1.69476	9.66214e-05	0.000258947	-4.87407e-05	-0.000551226	-8.99262e-06	-0.000664905	0.275056	0.161582	0.272333	0.1	0.0104618
1.97435	1.71518	-1.96704	-4.14144e-06	-3.34155e-05	5.93058e-05	0.000599915	0.000218924	-0.000377999	0.274446	0.160509	0.271729	0.1	0.00601533
-0.723714	0.972386	-1.42535	3.1024e-05	-0.000123949	-7.77411e-06	0.000728712	0.000217957	-0.000353957	0.274411	0.160446	0.271694	0.1	0.00691857
-1.28012	0.697227	1.69252	-2.97363e-07	-3.17922e-07	3.0452e-07	-3.79841e-17	9.93637e-19	3.88505e-17	0.274202	0.16008	0.271487	0.1	0.0110345
1.41448	-2.00123	-2.13363	1.18266e-05	0.00026085	5.59334e-05	-0.000295366	-4.24041e-05	0.000307756	0.274042	0.159801	0.271329	0.1	0.0121764
2.07649	-1.77451	-0.0699327	-6.00993e-05	1.88682e-05	3.92542e-05	0.000177761	0.000144268	0.000208674	0.273887	0.159529	0.271175	0.1	0.0153572
1.44374	3.00391	1.87728	-0.000174732	-0.000279019	-2.02561e-05	-0.000610783	-0.000141713	0.000844401	0.273679	0.159166	0.270969	0.1	0.0139528
1.47774	-3.59847	-1.09822	-1.76925e-05	0.000390805	5.64979e-05	0.000235334	-5.40544e-05	8.58851e-05	0.273477	0.158813	0.270769	0.1	0.0121757
0.651451	1.59567	-2.28425	0.0001827	-0.000154678	6.88897e-05	0.000846504	-3.20027e-05	0.000357006	0.273324	0.158548	0.270618	0.1	0.00797486
-1.83859	3.36283	-2.35606	-3.23719e-05	-0.000329394	-1.66853e-05	0.000331799	-0.00015979	0.0003667	0.272973	0.157937	0.27027	0.1	0.0107808
0.475761	-1.45654	-2.13356	3.92122e-05	4.31325e-05	2.57924e-06	3.93759e-05	-7.1641e-05	0.000206636	0.272675	0.15742	0.269975	0.1	0.0111145
0.284854	2.90337	-1.62997	-9.20102e-05	-0.00029992	-9.37396e-05	0.000302987	-1.52327e-05	-0.000204781	0.272585	0.157264	0.269886	0.1	0.0090848
0.662085	0.472374	1.77869	0.000106636	-2.7139e-05	-5.15356e-05	-1.51584e-05	3.57439e-05	0.00025992	0.27236	0.156875	0.269663	0.1	0.0105173
0.575975	2.19001	0.445948	9.26296e-06	-0.00021532	-0.000108795	4.43662e-05	-0.000107827	0.000224846	0.272313	0.156795	0.269617	0.1	0.00652469
1.33082	0.239695	-0.97046	-4.84992e-05	-4.77961e-05	-4.39137e-05	-0.000421924	0.000178844	0.000839259	0.271845	0.155987	0.269153	0.1	0.00671051
1.22691	0.958423	0.115236	-1.46572e-06	-6.5789e-05	3.63686e-05	4.03189e-05	-0.000162226	-0.000270205	0.271451	0.15531	0.268763	0.1	0.0119779
1.87084	3.12999	-2.02633	-0.000134681	-0.000329449	2.02579e-05	-0.000225084	-0.000481313	0.000450786	0.271375	0.155179	0.268688	0.1	0.00845994
0.225413	-0.670425	0.918461	-3.80759e-05	9.36287e-05	-4.13034e-06	-9.74949e-05	0.000424763	0.000365375	0.270927	0.154413	0.268245	0.1	0.00968242
1.79813	3.75506	0.39544	-0.000188768	-0.000492865	-3.06255e-05	0.000437798	-9.2819e-05	3.71448e-05	0.2707	0.154024	0.26802	0.1	0.00846828
0.404535	-3.86019	-2.20536	1.55561e-05	0.000230346	-7.37506e-05	0.000551943	0.000317545	0.000388924	0.270558	0.153782	0.267879	0.1	0.0118331
-0.124865	3.12808	0.728982	-1.27517e-05	-0.000376427	-1.83708e-05	0.000337854	0.000320923	0.000194458	0.270297	0.153339	0.267621	0.1	0.00621828
1.43575	1.32521	-0.863462	3.34089e-05	-0.000300599	6.27609e-05	-0.0002868	-8.28065e-05	4.99963e-05	0.270287	0.153322	0.267611	0.1	0.00792671
-2.374	-1.85681	-1.61011	-1.60557e-06	0.000239285	5.31692e-06	-0.000507681	9.17478e-05	0.000221216	0.270186	0.153149	0.267511	0.1	0.0125506
-0.923052	1.40805	-1.67104	-4.32593e-05	-0.000243707	-4.91252e-05	-7.94737e-05	0.000114508	0.00014837	0.270182	0.153142	0.267507	0.1	0.00863563
-2.25514	1.47692	-0.857672	0.000430279	2.06055e-05	0.00014848	-5.68321e-05	0.000328184	0.00197113	0.270017	0.152863	0.267344	0.1	0.0109715
1.42104	-1.08427	-2.39528	-0.000158798	0.00014038	4.90853e-05	-6.02523e-05	-0.000197185	-0.000117493	0.26995	0.152747	0.267277	0.1	0.00875996
1.55118	1.91719	-1.70452	-6.02266e-06	-0.000120457	3.50897e-05	0.00032678	-0.000715875	0.000169199	0.269181	0.151447	0.266516	0.1	0.00700465
0.747019	1.69445	0.337374	3.57865e-05	-0.000171051	-7.2087e-05	-0.000523506	0.000905156	0.000196967	0.269098	0.151308	0.266434	0.1	0.00590114
0.382483	3.32175	-0.606435	-4.15076e-05	-0.000132368	0.000110753	-0.000763639	0.000148166	-0.000106432	0.268805	0.150813	0.266144	0.1	0.00603383
-0.584586	-3.0952	1.14058	1.64198e-05	0.000387004	-1.46273e-05	-0.000266682	-0.000345273	-9.54586e-06	0.268767	0.150749	0.266106	0.1	0.00991775
0.847231	-1.89189	-2.20053	0.000111186	-5.09575e-05	8.26832e-06	2.51319e-05	-0.000139063	7.40814e-06	0.268522	0.150336	0.265863	0.1	0.008426
0.670879	1.95325	2.27842	-7.8726e-05	-0.000303296	-4.49748e-05	5.98454e-05	0.00105236	-0.000183209	0.268425	0.150173	0.265767	0.1	0.00720617
1.37322	-2.61054	1.93826	-2.68025e-05	0.000368817	-4.27861e-05	-0.000406792	1.21484e-05	0.000362279	0.268352	0.150052	0.265695	0.1	0.0119033
-0.616559	3.85028	0.638666	-3.30651e-05	-0.000284549	4.33811e-05	-0.000371955	4.02608e-05	-0.000928689	0.268323	0.150002	0.265666	0.1	0.00822162
2.35194	-0.727657	0.838509	-5.99964e-05	0.000110058	7.48503e-05	0.000127977	5.80249e-05	0.000190378	0.268231	0.149848	0.265575	0.1	0.00738273
-1.1845	2.28896	-1.61748	5.82952e-05	-0.000362238	-1.09375e-05	0.000521651	-0.000240793	0.000386826	0.26816	0.14973	0.265505	0.1	0.00666457
-2.42819	1.35767	-0.102297	4.15646e-05	-7.97292e-05	5.01223e-06	0.00118445	0.000162923	5.43247e-05	0.268094	0.149619	0.26544	0.1	0.00904092
0.185005	-3.89712	-0.202154	-5.68601e-06	0.000287582	-1.51045e-05	-0.00032189	0.000445427	0.000590048	0.267672	0.148914	0.265022	0.1	0.0059344
0.0965172	0.0973146	2.02007	1.86225e-05	2.87789e-05	8.26621e-05	-7.35655e-05	0.000751247	0.000293622	0.267644	0.148867	0.264994	0.1	0.00905416
0.0924911	0.246955	-1.90481	0.000110303	-0.000187173	-0.000202298	-0.000405959	-5.93207e-06	7.67675e-05	0.267399	0.148458	0.264751	0.1	0.00826464
-0.863726	0.623398	-0.91985	0.000134417	-9.89192e-06	-3.0569e-05	0.0005034	0.000589413	4.36849e-05	0.26738	0.148428	0.264733	0.1	0.00957913
-0.621298	-0.878024	0.532312	-3.15164e-05	4.54391e-05	-7.72268e-05	0.000444282	-0.00015153	0.000501501	0.267164	0.148068	0.264519	0.1	0.00778355
1.87028	2.23542	-2.03765	-5.54761e-05	-9.18867e-05	-2.63457e-05	-0.00103936	0.000555477	0.000647744	0.266747	0.147375	0.264106	0.1	0.00867039
-2.175	3.98048	1.11171	-0.000112832	-0.000216932	-1.19664e-05	-0.000210223	0.000242121	-0.000247244	0.266696	0.14729	0.264055	0.1	0.00697285
-0.496091	0.22525	-1.27236	6.44659e-05	-1.87825e-05	1.52404e-05	-9.59644e-05	-0.000330127	0.000235934	0.266657	0.147227	0.264017	0.1	0.00605734
-0.510237	-2.8741	0.491728	4.56182e-05	0.000330878	-8.35492e-06	3.91093e-05	7.02266e-05	1.25232e-05	0.266646	0.147208	0.264006	0.1	0.0149213
-0.857047	1.05858	-2.0805	2.66629e-05	-8.30784e-05	-9.241e-05	0.000186311	0.000237482	-0.000485662	0.266512	0.146986	0.263873	0.1	0.00736914
-0.0238527	2.8859	1.49263	-3.4263e-05	-0.000368223	-3.4482e-05	-7.94065e-05	-0.000709734	-0.000752202	0.266395	0.146792	0.263757	0.1	0.00615878
2.47798	-2.5887	-0.459317	4.41062e-05	9.67871e-05	8.87189e-05	0.000342208	0.000243461	-0.000421972	0.26634	0.146702	0.263703	0.1	0.0150691
-1.96682	-1.40864	0.308198	-8.42673e-05	0.000129744	0.000100083	-0.000106518	-0.000140276	0.000521506	0.266286	0.146613	0.26365	0.1	0.0112947
-1.59461	3.79914	1.31007	1.51312e-05	-0.00027636	-0.000116649	0.00101835	0.000351374	-5.48856e-05	0.266192	0.146457	0.263556	0.1	0.00758614
-0.94954	-0.686766	-1.43244	6.61877e-05	0.000108014	-0.000126794	-0.000138451	0.000323063	0.000168239	0.266027	0.146186	0.263393	0.1	0.0145193
-2.055	3.48466	2.17222	-5.4243e-05	-0.000341638	1.06307e-05	0.000318261	-9.84123e-05	-0.00051974	0.265875	0.145936	0.263243	0.1	0.00654089
1.26796	1.61583	0.290899	-8.13478e-07	-7.19482e-05	-0.000157448	-6.20005e-05	-0.000588526	9.0874e-05	0.265741	0.145715	0.26311	0.1	0.00545028
1.2952	-2.88049	-0.988193	-3.10991e-05	0.000314064	6.27304e-05	0.000158976	0.000310864	-2.22822e-05	0.265638	0.145545	0.263008	0.1	0.00879933
-0.280634	0.674357	-1.43779	-1.94435e-05	-0.000130582	-1.84594e-05	-0.000590548	-0.000321155	0.000197502	0.265491	0.145302	0.262862	0.1	0.00629224
1.91853	-0.942877	2.3674	3.78007e-05	0.000168174	3.32037e-05	-0.000533963	-0.00016875	-0.000824939	0.265259	0.144924	0.262633	0.1	0.0100787
1.3068	2.3778	0.943453	-4.89579e-06	-0.000260876	-3.62398e-05	-0.00036953	-0.000165155	-0.000115114	0.264796	0.144165	0.262174	0.1	0.00737498
0.653143	-3.78942	0.0244672	-0.000104381	0.000251971	7.26938e-05	0.00034615	1.02123e-05	0.000449531	0.264249	0.143274	0.261633	0.1	0.00916561
-1.79037	2.09972	2.48257	-0.000102921	-0.0001737	8.23852e-05	0.00023664	2.77843e-05	0.000377741	0.264167	0.14314	0.261551	0.1	0.010532
-0.364489	-1.4947	1.70256	-1.00692e-05	0.000169702	-2.58716e-05	-0.000465524	3.58225e-05	0.000311002	0.264016	0.142895	0.261402	0.1	0.0074895
0.0430001	2.78554	0.362782	4.79213e-05	-0.000197943	-0.000153174	0.000357204	-0.000162094	0.000316713	0.263903	0.142711	0.26129	0.1	0.0107351
0.505809	-1.13117	0.507926	7.22164e-05	6.08495e-05	5.6028e-05	0.000244106	7.89818e-05	-0.000389357	0.263737	0.142442	0.261126	0.1	0.00795939
1.37978	-3.7518	-1.80542	-3.65648e-06	0.000452237	2.22551e-05	0.000177	0.000297177	2.13209e-05	0.263591	0.142206	0.260981	0.1	0.00926987
-0.0359161	-1.19417	-0.756227	-2.50467e-05	-1.5081e-05	2.25704e-05	-3.64898e-06	-1.10537e-05	-1.14786e-05	0.263502	0.142062	0.260893	0.1	0.0104638
1.40473	-2.62504	-1.91298	-2.26218e-05	0.00010555	0.000173745	0.000156691	-0.000430196	0.000275687	0.263392	0.141884	0.260784	0.1	0.00841537
1.3198	-0.84588	1.71647	2.65545e-05	0.000171751	2.57467e-05	3.95446e-05	-0.000102672	-0.000400511	0.263362	0.141834	0.260754	0.1	0.00650601
0.813404	-0.0455178	0.932141	-4.04237e-05	8.09951e-05	2.3663e-05	-0.000376857	8.77118e-05	0.000265514	0.263318	0.141765	0.260711	0.1	0.00738725
-1.09503	3.86798	0.856193	-2.22402e-05	-0.000387482	7.85525e-05	-0.000204971	4.02467e-05	1.40901e-05	0.262863	0.14103	0.26026	0.1	0.00980267
-1.61494	-4.05571	-2.36725	3.34997e-07	1.10479e-06	-9.56754e-07	-4.28429e-24	1.15628e-24	6.33116e-24	0.262474	0.140406	0.259875	0.1	0.00996636
-0.859198	1.67316	0.865221	-6.55837e-05	-8.06847e-05	-0.000115544	0.000512871	0.000101235	-0.000415186	0.262445	0.140359	0.259847	0.1	0.0101944
2.05487	1.04868	1.23652	-0.000209797	-0.000118909	-3.49692e-05	0.000429013	-0.000995459	-9.76266e-05	0.262382	0.140258	0.259784	0.1	0.00774478
0.453842	-2.39955	1.69495	2.46048e-06	6.99546e-06	1.11416e-06	-1.09135e-06	-6.75011e-08	-3.17941e-06	0.262307	0.140138	0.25971	0.1	0.00833756
2.30679	3.32713	-0.593916	-6.98436e-05	-0.000312807	-0.000107956	-0.000296978	0.000103798	5.09198e-05	0.261855	0.139414	0.259262	0.1	0.00854082
-0.324667	-0.00297359	-1.71066	6.43212e-05	6.15374e-05	-1.29709e-05	9.92108e-05	0.000718816	9.69607e-05	0.261739	0.13923	0.259148	0.1	0.00540986
0.348526	-0.645945	0.406568	-6.82096e-05	-2.43681e-06	-1.50661e-05	-0.000393498	-0.000339963	0.000109445	0.261522	0.138883	0.258933	0.1	0.00583499
0.393751	-2.66912	-1.61609	7.52448e-06	0.000299643	4.93766e-06	2.31762e-05	-0.000355597	-0.000370766	0.261188	0.138352	0.258602	0.1	0.0103027
-0.12513	3.59436	0.487145	-3.24054e-05	-0.000432906	-5.65497e-05	-0.000593842	-0.000660315	3.48786e-05	0.260995	0.138045	0.258411	0.1	0.00658075
1.64397	-1.25025	1.70143	-6.64356e-05	0.000135701	-1.05938e-05	0.000216006	8.65149e-05	-1.50188e-05	0.26082	0.137768	0.258238	0.1	0.00752197
0.0146478	-0.380221	-1.80922	9.66266e-05	0.000131339	-6.47717e-05	-0.000262722	-0.000217333	0.000302396	0.260716	0.137603	0.258135	0.1	0.00817666
2.11043	-0.62091	1.29057	-5.26093e-05	3.14527e-05	9.29177e-05	7.9284e-05	2.43554e-05	3.6912e-05	0.260608	0.137432	0.258028	0.1	0.00942071
1.5648	0.454696	0.565241	9.80394e-06	6.73499e-06	-6.81629e-05	0.000198599	2.5593e-05	0.000384754	0.260419	0.137134	0.257841	0.1	0.0111234
-0.13569	2.67746	-1.3345	-9.43334e-05	-0.000319362	4.47204e-06	-0.000151963	-0.000361607	-2.86735e-05	0.25964	0.135906	0.257069	0.1	0.00922566
2.44063	-1.68733	-0.441995	-9.52711e-05	0.000137255	3.43897e-05	-0.000160335	-0.000152042	0.000392215	0.259308	0.135386	0.256741	0.1	0.0113147
0.780558	-2.81516	-0.893357	-2.76546e-07	0.000298337	-3.90066e-05	-0.000423105	0.000126518	6.92268e-05	0.259076	0.135023	0.256511	0.1	0.00447479
1.29837	2.01715	-0.043229	1.02172e-05	-0.00025754	-0.000125615	0.000457137	0.000566119	0.000875815	0.25907	0.135014	0.256505	0.1	0.00695765
-1.12442	-0.57937	1.3319	-0.000150313	1.42668e-05	9.62764e-06	-0.000218957	-0.000288169	0.000314329	0.258949	0.134824	0.256385	0.1	0.00862758
2.35065	1.46865	1.99261	-8.67366e-05	-0.000101186	6.11458e-05	5.32195e-05	-9.44008e-05	-8.2182e-05	0.258858	0.134682	0.256295	0.1	0.0158121
-0.28739	2.85659	-2.13368	-4.56908e-06	-0.000337003	-0.000126538	0.000708963	-0.000100234	8.04399e-05	0.258625	0.134319	0.256064	0.1	0.0101523
0.360987	3.99875	2.34123	-2.38427e-05	-0.000254729	-0.000256896	0.000916219	2.27902e-05	-8.90513e-05	0.25855	0.134202	0.25599	0.1	0.00913176
0.214668	-1.74438	-0.42184	1.05735e-05	1.14306e-05	2.62425e-06	-6.85348e-06	-5.59494e-07	-4.24737e-05	0.258498	0.134122	0.255939	0.1	0.00666764
-1.1158	3.68365	-1.00694	-4.87856e-05	-0.000326795	-3.83035e-05	-0.000204529	-0.000100468	-3.81659e-05	0.258358	0.133903	0.2558	0.1	0.0072913
-1.71105	-3.50157	0.523016	2.67754e-05	0.000493207	6.02602e-05	-4.0652e-05	0.000843959	0.000140699	0.258082	0.133476	0.255527	0.1	0.0116331
-0.843655	-3.76751	-0.153872	-2.14055e-05	0.000418921	6.33106e-05	0.000267097	-6.58576e-07	0.000142422	0.257965	0.133294	0.255411	0.1	0.0079356
-1.51022	-1.81822	-2.45387	2.15347e-05	0.000314261	-5.54207e-05	0.000114956	3.51118e-05	0.000233466	0.25795	0.133271	0.255396	0.1	0.00598403
1.15889	-0.608344	-0.606764	1.59441e-07	-7.76902e-08	-4.49731e-08	1.28027e-08	1.305e-08	2.99305e-08	0.257891	0.13318	0.255338	0.1	0.00758374
-0.0780608	2.39661	0.713676	-2.74822e-06	-0.000279003	-2.88382e-05	0.000589837	-5.07309e-05	0.000149041	0.25788	0.133161	0.255327	0.1	0.00863913
-0.398183	-1.84906	1.30251	4.68378e-05	0.000238528	3.71318e-05	-0.000159835	0.000142262	0.000166688	0.257497	0.13257	0.254948	0.1	0.0061054
-1.83833	3.4531	1.68489	-3.1608e-05	-0.000388231	-0.000116077	0.00074997	0.000705083	-0.000387919	0.257171	0.132066	0.254625	0.1	0.00489594
1.68389	2.36217	-0.247312	0.000348201	1.79388e-05	-0.000147644	2.40733e-05	0.000304635	-0.0010056	0.257045	0.131872	0.2545	0.1	0.0110692
0.570182	0.606182	0.309639	-1.3617e-05	-0.00010025	-0.000143879	-0.000534153	-0.000321329	0.00041378	0.257002	0.131805	0.254457	0.1	0.0136317
0.0240086	-2.82807	1.75181	-2.04301e-06	0.000195634	-7.3378e-05	-8.62406e-05	-0.000126961	-0.000624526	0.2563	0.130728	0.253762	0.1	0.00715978
1.96269	1.23196	-0.880863	6.24927e-06	-0.000404967	-3.85123e-05	0.000718927	-7.54347e-05	-0.000198085	0.256161	0.130517	0.253625	0.1	0.00796452
1.54828	3.02842	-2.42391	-0.000168573	-0.000152702	1.12267e-05	0.000513277	0.000452479	-0.000597613	0.256037	0.130326	0.253502	0.1	0.00961266
0.354076	-0.530102	2.2971	2.70289e-06	7.71248e-05	7.30874e-05	0.000307414	0.000139245	-0.000171112	0.255995	0.130262	0.25346	0.1	0.00677716
1.07579	2.50219	-0.498685	-8.05935e-05	-0.00041985	2.63361e-05	1.25355e-06	3.10444e-05	0.00033562	0.25592	0.130148	0.253386	0.1	0.00896274
-2.14676	-0.563099	-1.25385	5.7338e-07	-3.68111e-08	5.48434e-07	4.38261e-25	-7.18116e-24	-1.10413e-24	0.255837	0.130021	0.253304	0.1	0.0138833
0.359821	1.24026	1.09752	-1.80364e-05	-0.000177554	-8.87846e-05	-0.0001565	0.000185664	-0.000330346	0.255747	0.129885	0.253215	0.1	0.00812486
-0.0265861	1.32424	1.90844	7.85135e-05	-0.000107449	-5.07313e-05	-0.000608577	-0.000130114	0.000483793	0.255291	0.129191	0.252763	0.1	0.00684061
0.434843	-3.46044	-0.940756	-3.21076e-05	0.000379227	5.22426e-05	-0.000202785	9.68968e-05	-0.000120334	0.255224	0.129089	0.252697	0.1	0.00428568
-1.10939	1.5035	-2.14633	2.97295e-05	-0.000133233	-1.21136e-05	0.000543859	-0.000360455	-0.000148109	0.255101	0.128903	0.252575	0.1	0.0068854
-1.01942	1.13546	1.57259	-0.000102507	1.73406e-06	8.14333e-06	-0.000658327	0.000797481	0.00030104	0.254823	0.128482	0.2523	0.1	0.0157772
1.58427	-2.83247	-2.34606	5.46251e-05	0.000307297	0.000112559	0.000448901	0.000468746	0.00050773	0.254506	0.128002	0.251986	0.1	0.00727207
-0.302984	1.21354	-0.377267	-3.31295e-05	-0.000112172	7.10525e-05	-0.000579905	4.64451e-05	-0.000194869	0.254402	0.127845	0.251883	0.1	0.012734
1.66345	-3.59761	-2.20905	-4.48029e-05	0.0004491	7.7249e-05	0.000114839	-4.96739e-05	4.67103e-05	0.254272	0.127649	0.251754	0.1	0.00619592
-0.942141	-1.12937	1.6129	-0.000157514	0.000300364	6.90877e-05	0.000843906	0.000766169	-0.00178063	0.254252	0.127621	0.251735	0.1	0.00830981
-1.70137	0.681602	-0.173789	-4.43601e-05	-8.4389e-05	-4.64122e-05	-0.000298173	0.0002902	-0.000147485	0.254212	0.12756	0.251695	0.1	0.00992824
1.03431	-2.27093	-1.8979	8.1036e-05	0.000241143	5.39495e-05	0.000381566	0.000241797	-0.000287687	0.254199	0.127539	0.251682	0.1	0.0067871
1.22561	1.64092	0.864258	-7.62317e-05	-0.000154465	9.46844e-05	0.000324375	0.000600448	0.000798509	0.254057	0.127328	0.251542	0.1	0.00618665
1.35303	3.3983	-1.95995	-0.00013947	-0.00028757	7.99074e-06	8.01989e-05	2.95178e-05	-1.7083e-05	0.253567	0.126591	0.251056	0.1	0.0100396
-1.37292	-0.87089	-0.120079	2.65646e-05	9.7719e-05	-4.50416e-05	0.000171261	-4.30914e-05	-1.52894e-05	0.253456	0.126426	0.250947	0.1	0.00640303
1.02941	1.33942	1.32189	9.13288e-05	-0.000102112	-3.3222e-05	-0.000104467	-5.46645e-05	0.000252614	0.253434	0.126392	0.250925	0.1	0.00652777
-2.37951	2.80792	-2.03169	-1.91867e-05	-0.000245195	-1.61518e-05	0.000564008	-0.000133236	-3.38867e-05	0.253312	0.12621	0.250804	0.1	0.0120223
1.22917	-0.599338	-2.48418	4.8404e-05	0.000127519	3.88281e-05	0.000359159	-2.97382e-06	-0.000433997	0.253184	0.126018	0.250677	0.1	0.00896587
0.83946	0.973153	1.60708	0.000116025	-0.000112958	-2.41142e-05	9.00604e-05	7.75069e-05	-0.000136909	0.253182	0.126015	0.250675	0.1	0.00551285
-0.607402	2.44694	1.06421	-2.26659e-05	-0.000255198	5.59638e-06	0.000350065	9.07935e-05	3.44329e-05	0.253176	0.126006	0.250669	0.1	0.00749676
1.86806	-0.907825	0.714654	6.48776e-05	0.00018543	4.77456e-05	0.000172219	0.000224161	-0.000153201	0.253012	0.125762	0.250507	0.1	0.00789892
-2.14879	1.32777	-2.31381	1.28322e-05	-3.8735e-05	-4.21198e-05	-3.60126e-05	-0.000731032	-0.000455339	0.252518	0.125027	0.250018	0.1	0.00738668
0.412879	0.226273	-0.904535	-6.30654e-05	-0.000127175	-1.67862e-05	-0.000674598	0.000533512	-0.000601786	0.252479	0.124968	0.249979	0.1	0.00948779
2.26642	2.99416	-2.33226	-4.69081e-05	-0.000186372	9.7619e-05	0.000224441	0.000211391	0.000230302	0.25247	0.124955	0.24997	0.1	0.0067561
1.25511	-1.1473	-1.11558	-1.23862e-05	0.000203136	2.09364e-05	-2.44303e-05	0.000106776	-0.000170041	0.252451	0.124927	0.249951	0.1	0.011308
1.05502	-1.42377	-2.26061	-6.27101e-05	2.9043e-05	3.32756e-05	5.93831e-05	0.00011541	0.000738014	0.252394	0.124843	0.249895	0.1	0.0152542
-1.73077	-2.77719	-1.53247	-7.45825e-05	0.000216809	2.80415e-05	0.000578772	-0.000671189	-0.000319265	0.251969	0.124213	0.249474	0.1	0.00871484
0.743772	-3.83623	-1.0637	-1.8797e-05	0.000383629	6.88682e-05	2.85887e-05	0.000232666	-0.000271088	0.251672	0.123775	0.24918	0.1	0.00717044
0.293308	-1.6815	2.09753	0.000132968	0.000145247	6.02558e-05	5.79543e-05	9.36583e-05	-0.000308975	0.251598	0.123666	0.249107	0.1	0.0102652
-1.37702	-1.6622	1.62759	1.85084e-05	0.0002943	-3.26383e-05	4.94103e-05	-0.000433463	0.000385194	0.251461	0.123464	0.248971	0.1	0.00655957
0.151179	-2.87741	2.2369	1.68905e-05	2.77621e-05	-8.52698e-06	-0.000125406	-4.98291e-05	-3.04593e-05	0.251337	0.123281	0.248849	0.1	0.00984314
-1.98835	-1.18263	0.840396	-1.19625e-05	0.000110364	7.67178e-05	0.00032307	0.000152191	-0.000178272	0.251292	0.123215	0.248804	0.1	0.00798218
1.99966	-3.96377	-2.15463	-3.94734e-05	0.000462518	7.69995e-06	5.25141e-05	0.000183117	4.26487e-05	0.251252	0.123155	0.248764	0.1	0.00708698
0.330427	-1.00566	-1.05602	-7.30532e-05	6.67657e-05	1.28408e-05	0.000242516	0.000176569	0.00027215	0.251159	0.123019	0.248672	0.1	0.0103987
0.452278	-3.85863	-0.638058	-5.94448e-05	0.000378552	-5.96983e-07	0.000314784	-0.000364589	0.000137566	0.250885	0.122618	0.248401	0.1	0.00568763
-1.08183	-1.04476	-2.3493	3.24797e-05	0.000212622	-6.41006e-05	6.9248e-06	0.000163744	0.000296318	0.250767	0.122444	0.248284	0.1	0.0111336
1.97255	-3.07218	-2.14188	0.000131542	0.000315459	-5.34073e-05	-0.000572723	0.000367626	-0.000588354	0.250701	0.122347	0.248219	0.1	0.00727257
0.900059	-1.49299	-1.06549	2.23584e-05	0.000178099	9.7949e-05	1.85915e-05	0.000328662	0.000313237	0.250676	0.122311	0.248194	0.1	0.010741
1.78128	3.63763	-2.05756	-9.25527e-05	-0.000332884	-2.71154e-05	0.000251335	-0.000441508	-0.000572933	0.250667	0.122297	0.248185	0.1	0.00578693
0.222771	-3.89167	-1.0801	-6.4261e-05	0.000445023	-2.71372e-07	0.000173386	-0.000710684	-0.000369439	0.250642	0.12226	0.24816	0.1	0.00530571
-1.46106	-0.727377	-2.3801	-2.52829e-05	8.42486e-05	-0.000156808	3.57986e-05	-0.000598612	0.000241251	0.250299	0.12176	0.247821	0.1	0.00832803
0.558452	-1.38104	-0.355684	-7.31992e-06	6.26463e-05	-8.63362e-05	-0.000312843	1.5584e-05	5.8067e-05	0.25018	0.121585	0.247703	0.1	0.00974741
-0.293033	-2.712	2.38466	7.37821e-05	0.000240164	-5.01721e-05	0.000529277	0.00011072	8.63266e-05	0.250152	0.121546	0.247675	0.1	0.00730712
-2.48839	-3.15427	-1.95582	3.41496e-05	0.00031349	2.91602e-05	-0.000159803	0.000101762	0.00012263	0.250067	0.121421	0.247591	0.1	0.00662077
-0.0416983	1.64174	2.30104	-2.72062e-05	-0.0001483	-9.76772e-05	-0.000477029	-0.000190286	0.000596687	0.250057	0.121407	0.247581	0.1	0.00848504
-2.21434	1.01081	-1.07114	0.000415872	8.27977e-05	6.77881e-05	0.000424556	-0.000197579	-0.00204215	0.249982	0.121297	0.247507	0.1	0.00588227
-1.71027	-0.24401	-1.22229	0.000117884	2.08029e-05	-0.000102992	-0.000679212	-0.000328724	-0.000235947	0.249805	0.121041	0.247332	0.1	0.0106425
-1.31099	0.911312	-2.26012	4.67107e-05	-3.84707e-05	4.33194e-06	-0.000120131	-2.45491e-05	0.000458558	0.249501	0.120599	0.247031	0.1	0.00976434
1.18259	-3.83259	0.0854976	6.81826e-05	0.000239566	9.15566e-05	0.000565882	7.94354e-05	-0.000379732	0.249491	0.120585	0.247021	0.1	0.00902956
0.964477	2.05109	0.75621	-0.00010521	-0.000195645	3.86052e-05	-0.000729924	-0.000424198	-0.0006964	0.249466	0.120547	0.246996	0.1	0.00710411
0.0246504	0.270692	-1.37821	4.22102e-05	-7.3072e-05	5.10791e-05	0.000324335	0.000261937	0.00010546	0.249265	0.120257	0.246797	0.1	0.00762201
0.743642	-1.09509	-1.31408	-6.13868e-05	9.74513e-05	2.169e-05	-0.000470454	-0.000176567	5.38967e-06	0.24919	0.120149	0.246723	0.1	0.0125841
0.618614	-0.613836	-0.963048	2.41841e-06	1.24296e-05	2.53143e-06	-3.9908e-06	1.71638e-05	-5.96943e-05	0.249006	0.119884	0.246541	0.1	0.0147128
-1.43261	2.35266	-0.964272	0.000113515	-9.66565e-05	-1.50107e-06	-0.000221936	0.000590443	0.0012719	0.248917	0.119754	0.246452	0.1	0.0110976
2.18463	0.642441	1.95399	9.82184e-05	3.45617e-05	-8.05447e-05	-0.000161462	0.000121333	0.000124472	0.24891	0.119744	0.246446	0.1	0.0107044
1.84153	0.113124	1.38067	-5.3986e-05	-0.000144408	-3.23548e-05	0.000282372	-0.00020221	0.000372109	0.248903	0.119734	0.246439	0.1	0.00852799
-1.26532	-0.0682178	-2.42531	7.01956e-05	3.83196e-05	-4.19621e-05	-7.45017e-05	-5.12863e-05	0.00056366	0.248902	0.119733	0.246438	0.1	0.00799395
-1.59421	3.01636	1.67711	7.46017e-05	-0.000329344	-9.5884e-05	-0.000908439	-0.00059187	0.000900068	0.248378	0.118978	0.245919	0.1	0.00860543
1.49371	1.15668	1.3164	7.68106e-05	-2.72689e-05	-7.05052e-05	0.000129425	-4.03996e-05	0.000512352	0.248178	0.11869	0.245721	0.1	0.00618106
-0.33772	0.500891	-2.00618	7.98805e-05	-0.000252657	-0.000159731	0.000338961	0.000250594	0.00014804	0.24787	0.118249	0.245416	0.1	0.00740475
-1.28888	-0.245683	2.11712	-1.30352e-05	9.12685e-05	-4.61484e-05	0.000490223	3.02845e-05	-0.000718562	0.247827	0.118187	0.245373	0.1	0.00734263
-1.61309	-1.29046	1.40551	2.48824e-06	0.000179854	-0.000100382	-0.000232764	0.000246037	-2.70441e-05	0.247767	0.118102	0.245314	0.1	0.00815264
-1.68598	-3.57111	1.25053	7.05588e-06	0.00034157	0.000135121	0.000433208	0.00046403	0.00034066	0.247735	0.118056	0.245282	0.1	0.00907143
1.03881	-3.44937	1.15378	-1.49717e-08	1.75667e-09	-1.10629e-08	5.71651e-26	-7.871e-26	2.24979e-26	0.247707	0.118015	0.245254	0.1	0.0101157
-0.0471316	3.81581	0.983722	-4.54707e-05	-0.000400732	-7.72106e-05	-2.89972e-05	0.000422241	0.000271391	0.247608	0.117873	0.245156	0.1	0.00822825
-1.68733	3.33488	0.982007	-3.43688e-05	-3.84747e-05	-5.44383e-05	0.000222246	0.000113867	-0.000143656	0.247575	0.117828	0.245124	0.1	0.00776242
1.47267	0.814433	-0.875936	2.80989e-05	-0.000299739	3.40354e-05	0.000423192	3.01945e-05	-6.90112e-05	0.247232	0.117337	0.244784	0.1	0.00946137
0.126073	-3.47914	-1.32983	-3.35763e-05	0.000464493	6.5018e-05	0.000127275	0.000329045	0.000472341	0.247018	0.117033	0.244572	0.1	0.00735254
0.251774	2.1217	-1.35959	-9.00568e-05	-0.000304428	-1.31738e-08	-0.000297856	-0.000566579	-0.000103133	0.246945	0.11693	0.2445	0.1	0.00781902
-1.91793	3.37988	-1.15215	-2.07056e-05	-0.000386729	1.40415e-05	0.000238368	0.000268489	-0.00032103	0.246862	0.116812	0.244418	0.1	0.0104067
-0.169735	0.515074	2.26141	-1.0964e-06	-4.63922e-05	-5.70847e-05	-0.000173259	0.000140501	0.00063199	0.24683	0.116767	0.244386	0.1	0.00786595
-0.78975	-1.56679	1.43843	-0.000126421	0.000335168	0.000134399	-0.00044535	-0.00277897	0.00109855	0.246791	0.116712	0.244348	0.1	0.0068413
0.24805	3.46985	0.804689	-3.93791e-05	-0.000399181	3.83759e-05	-0.000268019	-0.000649699	-0.000233207	0.246746	0.116648	0.244303	0.1	0.00591235
-0.260415	4.05339	0.335751	-3.36676e-05	-0.000484914	-9.21213e-05	0.000418521	0.000773863	-9.64154e-06	0.246741	0.11664	0.244298	0.1	0.00743607
-0.146929	1.4511	-0.783737	-6.94397e-06	-0.000396086	-8.50489e-05	0.000829479	-7.70943e-05	0.000326022	0.246625	0.116476	0.244183	0.1	0.00681021
1.3524	3.72576	0.81063	-0.000159928	-0.000444182	7.92763e-05	6.42609e-05	-7.87238e-06	7.85818e-05	0.246618	0.116465	0.244176	0.1	0.00919362
-0.352766	0.332454	0.146226	4.91162e-06	8.43254e-07	-4.99621e-08	6.65532e-06	3.60249e-06	-2.37113e-05	0.246595	0.116433	0.244153	0.1	0.00649796
1.71114	2.74883	-0.559979	0.000264115	-5.45935e-05	-0.000236516	-0.000466815	4.97673e-05	0.00119822	0.246366	0.11611	0.243927	0.1	0.0113434
-0.8353	-1.38844	-0.0260048	1.2093e-05	-1.07617e-05	-3.9489e-05	-1.08579e-05	-0.000190734	5.12265e-05	0.246308	0.116027	0.243869	0.1	0.00977828
0.0635309	1.14324	0.107457	1.0461e-05	-0.000180308	-0.000131891	0.000387666	7.90312e-05	-0.000137117	0.246304	0.116021	0.243865	0.1	0.0131696
-1.22943	-1.05371	1.21658	4.24093e-05	4.87691e-05	-0.000104875	0.000568649	-0.000292363	0.00038644	0.24629	0.116001	0.243851	0.1	0.0063448
-1.08326	2.04255	1.20764	-2.88864e-05	-0.000217483	0.000151907	-0.000384296	0.00104804	-0.000544224	0.246171	0.115834	0.243734	0.1	0.00858717
0.637858	3.80515	-0.600667	-2.38459e-05	-0.000393605	1.88824e-05	-0.000287558	0.000240386	9.89186e-05	0.246104	0.115739	0.243667	0.1	0.00483571
0.679469	-3.296	0.856337	2.3729e-06	4.22359e-06	-1.57467e-06	3.2867e-14	1.35212e-14	2.86278e-14	0.245924	0.115485	0.243489	0.1	0.0100187
-2.30914	0.846672	2.29114	0.000149378	9.54477e-05	8.86857e-05	-3.86255e-05	-0.000747637	-8.47911e-06	0.245818	0.115336	0.243384	0.1	0.00974557
1.35224	0.609943	-1.32375	-5.92489e-05	-2.77527e-05	-2.12679e-05	0.000577753	-0.000566977	-0.000521384	0.24563	0.115072	0.243198	0.1	0.00988598
-0.620749	0.458225	-2.40161	2.6817e-05	-3.16127e-05	-0.000123862	0.000626229	4.4396e-05	-0.000273857	0.245492	0.114877	0.243061	0.1	0.00968469
2.17002	2.40642	1.4342	2.03048e-06	-3.51107e-05	4.96019e-05	-0.000281672	2.6876e-05	3.0718e-05	0.245444	0.114812	0.243014	0.1	0.0106543
2.48681	-3.19921	0.333407	-3.79349e-05	0.000245881	-1.43994e-05	-2.36142e-05	8.72499e-05	-7.31772e-05	0.245374	0.114714	0.242945	0.1	0.0115668
-0.729471	-0.245255	-1.5405	9.66624e-05	5.00905e-05	-1.6658e-05	0.00035299	-0.000519968	-0.000254528	0.245244	0.114531	0.242816	0.1	0.00566078
0.76355	-3.51154	2.24167	-0.000149437	0.000311463	1.24997e-05	-0.000634437	0.000569923	-0.000780121	0.245189	0.114453	0.242761	0.1	0.00637446
1.44536	3.38757	0.42691	-0.000289362	-0.000392646	-1.67939e-05	-0.000364673	0.0003097	-0.000649751	0.244966	0.114142	0.242541	0.1	0.0120455
-0.410982	0.845784	-0.9614	0.000120912	-9.94221e-05	3.58606e-05	-0.000347563	-0.00084994	-0.000271212	0.244953	0.114123	0.242528	0.1	0.0054374
-1.96613	-0.97278	0.0483874	6.06751e-06	-6.96755e-05	-2.31739e-05	-0.000115398	0.000206501	9.00646e-05	0.244934	0.114096	0.242509	0.1	0.00871318
0.204719	-1.01838	1.63825	5.92877e-05	0.000102706	-2.71196e-05	0.000273786	0.000286474	0.000380865	0.244844	0.113972	0.24242	0.1	0.00712051
-0.730049	-2.75312	-1.99602	-2.6804e-05	0.000170316	0.000109779	0.000776162	0.000294626	-0.000254156	0.244741	0.113827	0.242318	0.1	0.0112907
-0.212159	2.74015	1.0469	2.40928e-05	-0.000342413	-1.65239e-05	-0.000370182	6.31293e-05	-0.000403964	0.244734	0.113818	0.242311	0.1	0.00627567
2.45251	-2.1245	1.15215	-3.70618e-07	2.20196e-06	-8.06553e-07	7.85988e-24	-1.32457e-23	-1.79003e-23	0.244542	0.11355	0.242121	0.1	0.00990375
0.137995	-1.49773	1.66934	-9.88925e-06	5.56016e-05	6.97761e-05	0.000375898	9.75634e-05	3.10298e-05	0.244486	0.113471	0.242065	0.1	0.00685302
0.872371	-2.52848	-1.29061	4.14402e-05	0.000161957	-0.000134751	-0.000202625	-0.000120059	-0.000415365	0.244454	0.113428	0.242034	0.1	0.00745709
0.687835	2.683	-0.247641	1.39657e-05	-2.31607e-05	-3.71281e-05	0.0001984	4.26456e-05	6.02267e-05	0.2444	0.113351	0.24198	0.1	0.00681135
1.25911	2.75242	2.28397	-0.000185148	-0.000166093	3.90124e-05	-0.000454544	-0.000649628	0.000321321	0.244162	0.113022	0.241745	0.1	0.0112957
-2.34534	-0.989498	0.348648	2.54153e-05	5.08957e-05	-7.84583e-06	0.000311736	-0.000141453	-0.000376565	0.24414	0.112991	0.241723	0.1	0.00781426
-0.0937489	-3.95251	-2.14868	-2.22745e-05	0.000377196	7.37308e-05	0.000287531	-0.000160028	-6.94711e-05	0.244103	0.112939	0.241686	0.1	0.00837196
0.346121	-2.99029	-1.06273	-5.07784e-05	0.000348741	3.64121e-05	5.16545e-05	0.000202886	0.000200875	0.244062	0.112883	0.241646	0.1	0.00703451
-0.33745	1.24296	-1.22641	3.18279e-05	-0.000209294	-6.61437e-05	-0.000568014	8.59831e-05	0.000343518	0.243921	0.112687	0.241506	0.1	0.00447929
-1.38562	3.05885	0.0308749	1.92949e-05	-0.000293204	4.6299e-07	-0.000338194	-0.000115212	0.000241993	0.243692	0.112369	0.241279	0.1	0.00833757
0.914004	1.67135	1.93463	-8.81462e-05	-0.000225243	-0.000112165	0.000100496	-0.000722377	0.000671369	0.24367	0.112339	0.241257	0.1	0.00969
-1.42197	-1.28635	-0.377055	1.58827e-05	0.000154404	-1.978e-05	-0.000120076	0.000100728	-0.000225075	0.243648	0.11231	0.241236	0.1	0.00970584
-2.05486	2.19117	-0.960498	3.57346e-05	-0.000265931	0.000132637	3.94721e-05	7.90878e-06	0.000111036	0.243387	0.111948	0.240977	0.1	0.0072564
-2.29914	0.975192	-0.591699	4.82552e-05	-5.79686e-06	-5.20466e-06	0.000145721	-0.000362353	0.000116547	0.243111	0.111568	0.240704	0.1	0.00876547
-2.35533	-2.62354	1.20404	2.52032e-05	0.00025339	1.4852e-05	0.000235993	1.64647e-05	-0.00046371	0.242966	0.111368	0.24056	0.1	0.00961326
0.760059	1.4954	0.802581	-3.90006e-05	-0.000140329	-9.13828e-05	0.000483337	-0.000623166	-0.00174721	0.242842	0.111198	0.240438	0.1	0.00464785
-1.64763	3.98048	-1.06442	2.63299e-05	-0.000376188	1.49074e-05	-3.53951e-05	0.000143523	0.000270746	0.242774	0.111104	0.24037	0.1	0.00986109
1.50944	-0.691361	-2.08694	-2.95992e-05	4.60181e-05	0.000133538	0.000504811	0.00017169	-0.000599285	0.242496	0.110724	0.240095	0.1	0.0126542
1.77908	-1.25012	1.21042	-4.56497e-05	4.91609e-05	1.88268e-05	0.00020972	0.000116936	0.000209961	0.242131	0.110225	0.239734	0.1	0.00832717
1.11368	-0.429977	2.06547	3.67915e-07	5.1333e-08	-1.54107e-07	-8.66491e-26	-2.24322e-25	-1.50331e-24	0.241931	0.109952	0.239536	0.1	0.00928334
-0.882444	-3.97708	-0.902976	-0.000192345	0.000370355	-9.62113e-05	-0.000296264	0.000209774	0.000719947	0.24193	0.10995	0.239535	0.1	0.00795338
-2.15958	0.832927	-0.0794757	-1.38302e-07	4.18357e-08	2.11344e-08	-2.98742e-25	-1.02238e-24	-1.07315e-24	0.241739	0.109691	0.239346	0.1	0.0118686
-1.21472	-0.725635	-1.86355	8.22094e-07	4.0934e-07	-5.91695e-07	-1.72028e-23	4.43282e-24	-1.65553e-23	0.241738	0.109688	0.239345	0.1	0.0136072
-1.8798	-3.80628	0.873993	3.54465e-05	0.000483401	4.2286e-05	0.00025142	-0.00062404	-0.000440048	0.241731	0.109679	0.239338	0.1	0.00898175
-1.11101	-1.81306	-0.0878554	-4.53807e-07	-6.07907e-08	-1.18625e-07	2.94784e-25	1.82052e-24	4.01532e-25	0.241723	0.109668	0.23933	0.1	0.00946181
-1.5424	-2.75925	-0.580923	-9.24823e-05	0.000342533	4.00059e-05	-7.93225e-05	0.000157077	0.000294572	0.241715	0.109657	0.239322	0.1	0.00845685
-1.4005	3.33984	1.37206	2.75577e-06	-0.000277378	-8.97306e-05	-0.00116973	-0.000482579	-7.98193e-07	0.241502	0.109368	0.239111	0.1	0.00653444
-1.24173	-2.22379	0.705883	3.17607e-07	5.89762e-06	4.6632e-06	-5.15657e-14	5.02875e-14	7.56809e-14	0.241393	0.109219	0.239003	0.1	0.0065803
-1.90724	-3.03402	-0.796914	-3.8796e-06	0.000374124	6.17444e-05	-0.000198707	0.000170818	5.23484e-05	0.241283	0.10907	0.238894	0.1	0.00847382
2.33484	1.15412	-1.61561	3.12794e-06	-1.73126e-06	-2.90754e-06	9.31226e-08	3.75302e-08	-1.14058e-08	0.241125	0.108856	0.238738	0.1	0.00642718
0.833627	2.17771	0.00921981	3.96663e-05	-0.000313078	-2.15897e-05	-0.000169019	-0.000284927	-0.000781003	0.241121	0.108851	0.238734	0.1	0.0055902
2.41036	2.99969	1.89489	-4.31549e-05	-0.000226556	-7.06447e-05	0.000700499	-0.000487776	-0.000475597	0.241078	0.108793	0.238691	0.1	0.0066539
1.08757	1.26698	-2.05235	-4.30337e-05	-0.000136059	2.97397e-05	-0.000544025	0.00013307	-0.000189992	0.241066	0.108776	0.238679	0.1	0.00631132
-2.21128	2.19136	0.935391	1.5249e-06	-2.15899e-05	4.18943e-05	-0.000218767	-3.20654e-05	-8.53907e-07	0.241027	0.108724	0.238641	0.1	0.00900502
-2.36384	1.43849	-1.88973	7.09701e-06	-0.000137849	-2.5017e-05	0.00102615	0.000485716	-0.000586719	0.24097	0.108646	0.238584	0.1	0.00417757
2.0208	1.31444	1.65731	5.29906e-05	2.27055e-05	-4.30042e-05	7.30181e-05	-8.39484e-06	9.1666e-05	0.240966	0.108641	0.23858	0.1	0.0082898
1.18296	-0.158825	-1.98548	0.000131115	-2.24962e-05	-8.47058e-05	-0.000505414	0.000273706	0.000220616	0.24074	0.108335	0.238356	0.1	0.00558494
0.545353	2.69015	0.210716	5.81151e-05	-0.00040003	-1.85813e-05	0.000478248	-5.64304e-05	-0.000495724	0.240483	0.107989	0.238102	0.1	0.00457877
-2.05187	3.51251	1.24476	-3.74153e-05	-0.000193989	-1.86755e-05	0.000156395	6.47933e-05	0.00049655	0.240458	0.107956	0.238077	0.1	0.00644322
2.49483	-0.478153	2.02734	7.32557e-05	0.000240974	8.63427e-05	5.80919e-05	-0.000184372	0.000458632	0.240401	0.107879	0.238021	0.1	0.00847086
0.459802	0.301056	1.20602	8.66439e-05	-0.000109689	-1.9909e-05	0.00048971	0.000337343	0.000300433	0.240234	0.107654	0.237855	0.1	0.00736684
-1.84651	1.99674	-0.57631	-9.57722e-06	-0.00032307	0.000130427	0.000214593	-0.000204953	-0.000134342	0.240234	0.107654	0.237855	0.1	0.011386
2.14534	1.8053	-0.617973	0.000210145	-0.000340427	-0.000234176	0.00108347	-0.000464912	0.00127042	0.240084	0.107453	0.237707	0.1	0.00858454
0.424721	1.22973	1.58488	9.26506e-05	-0.000158628	-6.39203e-05	-0.000536657	-0.000369873	0.000361509	0.239985	0.107319	0.237609	0.1	0.00615092
0.248442	0.696856	0.913102	2.76885e-05	-0.000179945	-6.04105e-05	-0.000148535	0.00070349	0.000453791	0.239931	0.107246	0.237555	0.1	0.00599239
2.0366	2.87813	1.5023	1.86685e-05	-1.98423e-05	1.4886e-05	-6.73555e-05	3.16758e-05	0.0001284	0.239786	0.107053	0.237412	0.1	0.00961293
-0.848473	-0.88101	0.979477	2.69279e-05	3.25477e-05	-7.82333e-05	-0.000370797	0.000346019	-0.0005885	0.239696	0.106933	0.237323	0.1	0.0058367
0.249467	-1.56601	-0.925773	-1.22507e-06	1.77712e-06	2.66865e-06	2.72527e-24	-1.91761e-24	-5.96841e-24	0.239588	0.106787	0.237216	0.1	0.00986645
-0.295376	-3.46392	2.27854	-3.19832e-07	1.57401e-06	4.42766e-07	4.92741e-23	-2.22107e-24	-3.00874e-23	0.239483	0.106648	0.237112	0.1	0.00992285
-1.84011	-2.9091	0.225601	-2.82598e-05	0.000245213	6.71506e-05	0.00055072	0.000138233	0.000567114	0.239239	0.106322	0.23687	0.1	0.0101648
1.28002	3.86409	0.337487	-0.000163239	-0.000322435	-0.000103899	0.0008765	-0.000404036	-0.000139709	0.239237	0.106319	0.236868	0.1	0.00816132
-2.24139	-1.27874	-0.351615	-5.33531e-05	0.00027043	0.000100129	-0.000397711	-0.000475008	0.000243998	0.239205	0.106277	0.236837	0.1	0.0112778
-2.3767	-0.65617	1.2552	-2.36033e-05	0.000178998	4.71777e-05	0.000153419	0.000486247	-0.000693322	0.239191	0.106258	0.236823	0.1	0.00777052
-2.48549	-0.807905	2.40913	-6.28159e-05	0.000255428	4.09136e-05	0.000346849	-0.000419612	0.000182883	0.238965	0.105957	0.236599	0.1	0.0112733
-1.66335	-3.56148	0.0372894	-9.97591e-05	0.000461059	6.21294e-05	-9.95655e-05	-0.000347793	0.000197543	0.238904	0.105876	0.236539	0.1	0.00925515
-0.687337	-1.92502	-1.36761	-7.47937e-06	0.000317628	-6.83826e-05	-0.000191215	3.92739e-05	0.000689698	0.238867	0.105826	0.236502	0.1	0.00812597
-1.28799	-0.55755	0.24203	-1.95767e-05	6.51263e-06	-4.62967e-05	0.000149914	1.739e-05	0.000386963	0.238847	0.105799	0.236482	0.1	0.00456245
-0.784541	-3.628	2.16194	7.24664e-06	0.000382009	3.36663e-05	0.00015803	-3.27424e-05	-0.000358291	0.23868	0.105579	0.236317	0.1	0.00736865
0.335271	-1.94563	1.51275	0.000134244	0.000137341	-2.7471e-05	-0.000271783	0.000152582	-0.000747003	0.238578	0.105443	0.236216	0.1	0.00732631
-1.38661	1.01155	1.27615	-5.77607e-05	-0.000153387	8.65192e-05	0.000496157	-0.000721124	0.000348194	0.238575	0.105439	0.236213	0.1	0.00876538
-2.18862	-2.90702	-1.62897	-7.36156e-05	0.000335238	-0.000130774	-0.000676529	0.000279592	0.000616752	0.238558	0.105416	0.236196	0.1	0.00679386
0.264808	1.86148	1.99822	-9.52332e-05	-5.62632e-05	-0.000100274	0.000440785	-0.000361106	-0.000115134	0.238531	0.105381	0.236169	0.1	0.00736992
0.0953583	-0.132776	-2.23121	3.75746e-05	-0.000220658	-0.000163664	0.000252108	0.000236504	-0.000269861	0.238467	0.105296	0.236106	0.1	0.00736091
-0.702946	3.99876	0.158747	-6.05824e-05	-0.000430345	1.55386e-05	0.000118639	-0.000280189	-5.40279e-05	0.238429	0.105245	0.236068	0.1	0.00550325
-0.850353	-2.78574	-0.637102	-1.08199e-06	5.9987e-07	2.59029e-06	9.09962e-14	5.30236e-14	2.55464e-14	0.238392	0.105197	0.236032	0.1	0.0121708
2.18763	-2.52099	1.11795	-2.44033e-05	2.30341e-05	-4.55909e-06	-3.25003e-05	-9.51637e-06	0.000162944	0.238069	0.10477	0.235712	0.1	0.00982785
0.174893	-2.08104	-0.777684	6.23511e-06	3.50991e-06	3.32388e-06	-5.50923e-07	-3.81885e-06	3.67459e-06	0.2379	0.104547	0.235545	0.1	0.00585044
-0.0886528	-0.533969	0.204886	5.7604e-06	0.000209972	1.00942e-05	0.000378092	-3.03638e-05	0.000186814	0.237677	0.104254	0.235324	0.1	0.00503263
0.80378	-0.584076	0.588423	-9.4965e-05	8.19283e-05	2.49591e-05	1.95726e-05	-0.000351006	-0.000343679	0.237634	0.104196	0.235281	0.1	0.00706442
1.7067	0.254277	2.24799	8.1301e-05	5.03484e-05	1.50603e-05	-0.000620607	0.000283151	-6.80842e-05	0.237512	0.104035	0.23516	0.1	0.0120124
-2.3321	3.26465	-2.31977	-8.61043e-06	-0.000288669	5.05955e-06	-0.000254344	0.00026402	-0.000609024	0.237463	0.103972	0.235112	0.1	0.00602544
0.0777574	2.40401	1.41673	3.77477e-05	-0.000357389	-4.01486e-05	-7.68618e-05	-0.00039079	-0.000402438	0.237431	0.103929	0.23508	0.1	0.00743147
0.350451	-1.93167	-2.25008	0.000107772	3.32918e-05	-3.40577e-05	-2.17569e-05	-8.80025e-06	-0.000352907	0.237431	0.103929	0.23508	0.1	0.0133844
1.6573	-0.24454	-2.02365	9.36105e-05	1.96527e-05	3.23391e-05	-0.000899661	3.54669e-05	9.31905e-05	0.237278	0.103729	0.234929	0.1	0.0108356
-2.47543	1.4961	0.377174	5.81952e-06	-0.000102553	0.000104828	-0.000487943	-0.000495306	0.000134202	0.237254	0.103697	0.234905	0.1	0.00740189
0.573642	-2.34403	-0.909852	4.05735e-05	0.000116442	-6.92478e-05	-0.000600074	2.70957e-05	-0.000303834	0.237202	0.103628	0.234853	0.1	0.00669565
-1.62174	-1.46055	2.2309	6.35978e-05	0.000255975	-9.11628e-05	-0.000361687	-0.000344488	-0.00032191	0.237135	0.103541	0.234787	0.1	0.00842789
0.965237	2.4254	2.46949	-9.01577e-05	-0.000189164	7.41069e-06	-0.000715239	9.28165e-05	-3.79164e-05	0.237122	0.103524	0.234774	0.1	0.00781689
-0.903816	3.9724	-0.460182	-3.98137e-05	-0.000298635	-3.63722e-05	0.000267737	5.61956e-06	-0.0001772	0.236892	0.103224	0.234547	0.1	0.00744447
0.107508	0.470441	-2.35084	6.17742e-05	-6.81104e-05	-0.000126077	0.00101057	9.09499e-05	0.000265887	0.236865	0.103189	0.23452	0.1	0.00961094
-1.38973	1.9467	-0.710635	5.38287e-05	-0.000126278	-3.61621e-05	0.000519694	-0.00156868	-0.00102829	0.236787	0.103086	0.234443	0.1	0.00593006
1.04964	-0.65365	-0.0520436	6.15647e-05	8.43335e-05	9.75115e-06	-5.03746e-05	-6.37731e-05	0.000574209	0.236379	0.102554	0.234039	0.1	0.0059889
1.69246	-1.30895	-1.24504	-1.69655e-06	0.000255778	-4.99127e-06	-0.000428793	0.000148232	0.000369529	0.23636	0.10253	0.23402	0.1	0.0110954
2.36195	-2.10126	-0.693471	-7.60188e-05	0.000125537	4.35788e-05	0.000461818	5.07124e-05	0.000625594	0.236341	0.102504	0.234001	0.1	0.0176452
-0.630694	1.25344	-0.852793	7.56744e-05	-0.000146204	-5.26945e-05	0.000363103	0.000165923	0.000341687	0.236281	0.102428	0.233942	0.1	0.00586795
0.858664	1.05738	0.953371	-0.000125592	-0.000130986	-0.000113075	-0.000412751	0.000455417	0.0015093	0.236277	0.102422	0.233938	0.1	0.00540757
0.783397	-0.788604	1.00905	-3.68593e-05	0.000123916	-7.18326e-06	-5.65223e-05	0.000499788	0.000290109	0.236117	0.102213	0.233779	0.1	0.00575109
-1.27322	1.97506	-1.23978	6.32897e-05	-0.000236402	8.21636e-05	-0.00136723	0.000120832	-0.000246363	0.236076	0.102161	0.233739	0.1	0.0060478
-1.74635	-0.567385	-0.0689328	-5.93707e-05	-5.43368e-05	-3.41827e-05	0.000121235	-2.18144e-05	0.000105308	0.235915	0.101951	0.233579	0.1	0.00475931
-1.06814	0.502603	1.22046	3.55227e-07	-1.50574e-07	5.16147e-07	-4.74353e-15	1.29149e-14	1.55512e-14	0.235774	0.10177	0.23344	0.1	0.0120579
1.45022	-0.803018	-0.238177	6.59827e-05	0.000197866	3.59483e-05	-6.43389e-05	3.01941e-05	-0.000190068	0.235702	0.101675	0.233368	0.1	0.00415944
1.77563	-3.5675	1.40694	-0.000269262	0.000396978	-2.63342e-05	-0.000430171	-0.000272152	0.000365223	0.235632	0.101585	0.233299	0.1	0.00684889
0.525718	0.961766	0.640242	-0.000102817	-0.000122172	-0.000135087	0.000850485	-0.000341292	-0.000766365	0.235543	0.10147	0.233211	0.1	0.00738103
-2.31829	3.38307	1.73136	-2.27069e-05	-0.000254138	2.36096e-05	0.000168283	-7.1933e-05	-0.000103248	0.235542	0.101468	0.23321	0.1	0.00506898
1.85409	3.38219	-0.776992	-6.23145e-05	-0.00034226	-3.3722e-05	-0.000677959	0.000196691	-0.000459694	0.235326	0.10119	0.232996	0.1	0.00659593
-2.09364	1.3812	-1.35095	0.000341763	-1.84068e-05	-3.22972e-05	-0.000531032	0.00210177	0.00120954	0.235264	0.101109	0.232935	0.1	0.00488812
-0.160375	1.90678	-0.643899	7.17792e-05	-0.000419701	-3.18066e-06	-0.000511447	-4.4443e-05	-0.000715248	0.235177	0.100998	0.232849	0.1	0.00696392
-1.99495	-3.90223	-2.0921	6.05736e-05	0.000114733	8.62436e-05	0.000631644	6.72676e-06	-0.000410219	0.235106	0.100905	0.232778	0.1	0.00789423
1.3743	1.05998	-0.444696	1.0557e-05	-0.000193747	8.50854e-05	0.000334049	-0.000153532	0.000651576	0.23501	0.100782	0.232683	0.1	0.00473622
1.61084	-1.56126	0.843406	-4.28456e-06	0.000207726	6.45803e-05	0.000678538	-0.000384465	0.000266872	0.234827	0.100547	0.232502	0.1	0.00598941
0.152295	1.68201	-1.09115	-1.48932e-06	-0.000297303	-0.000160382	0.000840779	0.000413204	-0.000757714	0.234781	0.100487	0.232456	0.1	0.00714613
2.28074	-1.21231	-2.42954	-6.33329e-05	1.61436e-05	-2.65706e-05	0.000459392	0.0005046	-7.50654e-05	0.234742	0.100438	0.232418	0.1	0.00520169
0.0581962	2.96783	-0.472063	-8.46713e-05	-9.56729e-05	0.000107683	0.000573731	-0.000529474	3.20194e-06	0.234729	0.100422	0.232405	0.1	0.011347
0.852117	-0.937866	-0.393112	1.45111e-05	9.21784e-05	9.94729e-06	-6.79939e-05	-7.29836e-05	0.000312856	0.234723	0.100413	0.232399	0.1	0.00757173
-0.729208	2.65905	1.48526	-0.000109982	-0.000369993	-3.5676e-05	-0.000613723	-0.000463516	-8.5267e-05	0.234716	0.100404	0.232392	0.1	0.00824743
-0.448231	-3.83552	-1.43255	-0.000172375	0.000232602	-4.97063e-05	3.10309e-05	0.000218285	0.000932243	0.234391	0.0999882	0.23207	0.1	0.0131868
-0.404669	-1.15454	0.992991	-0.000113561	2.84219e-05	-9.60548e-05	0.000160566	0.000105742	0.000442723	0.234228	0.0997805	0.231909	0.1	0.0113111
-1.01464	1.893	-1.87547	-3.53849e-05	-0.000216237	4.45441e-06	-0.000294269	-0.000313119	-0.000146604	0.234163	0.0996969	0.231845	0.1	0.00644238
-0.201064	-0.0931562	-0.0110041	4.77709e-05	-6.66257e-05	2.46738e-05	3.63913e-06	0.000294313	-0.00106827	0.233947	0.0994212	0.231631	0.1	0.00549143
2.4067	-2.00655	-2.35058	6.27614e-05	0.000182624	0.00018373	0.000849615	-0.000177479	0.000155331	0.233696	0.0991015	0.231382	0.1	0.0113296
-1.19766	-1.52668	1.19773	9.12011e-05	9.10054e-05	-0.000248349	-1.14504e-05	0.00104701	-0.000276801	0.23369	0.0990929	0.231376	0.1	0.00639294
-0.0222026	2.19448	2.15943	-0.00012587	-0.00013065	2.75508e-05	-0.000264768	0.000194879	-0.000297057	0.233609	0.0989904	0.231296	0.1	0.00663881
-0.0681842	3.82707	-0.0376683	-1.77509e-05	-0.0004634	4.38313e-05	-2.45647e-05	-0.000528223	-0.000815076	0.233569	0.0989397	0.231256	0.1	0.0063875
-1.27379	-1.90511	0.343733	-2.8387e-08	2.11813e-06	5.18721e-07	-1.79852e-23	2.814e-26	-1.88922e-25	0.233337	0.0986457	0.231027	0.1	0.005888
0.277784	-3.6623	2.05919	-0.00023955	3.43729e-05	8.91973e-05	1.48038e-05	0.00031542	-0.000286603	0.233285	0.0985791	0.230975	0.1	0.00808972
0.36471	-3.44742	-0.311875	-2.73644e-05	0.000362174	-3.13566e-05	0.00015812	-6.34631e-05	1.72731e-05	0.233155	0.0984158	0.230847	0.1	0.00544682
-1.56265	2.23275	0.48087	2.09264e-06	-0.000307601	3.34421e-05	0.000256883	-1.80557e-05	-0.000416183	0.233116	0.0983655	0.230808	0.1	0.009087
1.44314	1.3581	-0.0921346	6.60484e-05	-0.000157031	-6.81817e-05	-0.000605792	0.000620439	0.000355163	0.233102	0.0983481	0.230794	0.1	0.00532216
-1.85688	-0.910023	1.25963	-3.16793e-05	0.000124748	3.85762e-05	0.000421472	0.000112198	0.00012692	0.233037	0.0982664	0.23073	0.1	0.00937721
-0.215197	-0.566505	0.65445	-2.73653e-05	-0.000127851	2.8967e-06	-8.3266e-05	6.12063e-06	-0.000476242	0.232987	0.0982018	0.23068	0.1	0.00727748
2.49586	-1.60244	2.44428	-5.37264e-05	5.90335e-05	-0.000107577	-0.000500758	5.33036e-05	-0.000227109	0.23297	0.0981807	0.230663	0.1	0.0088212
-1.73771	-2.99608	-0.221753	-8.41169e-05	0.00038914	4.31595e-05	-9.58142e-05	0.000267307	0.000124342	0.232853	0.0980333	0.230548	0.1	0.00789891
1.14903	2.55916	1.52177	-0.000188698	-0.000162917	5.7616e-05	-0.000754979	0.000359894	-0.000534919	0.232841	0.0980185	0.230536	0.1	0.0114456
2.29091	-3.68679	1.79611	-1.90186e-05	0.000438328	-1.17233e-05	-7.57079e-05	-0.00017571	-0.00100663	0.232838	0.0980137	0.230533	0.1	0.0101699
-1.37366	3.93953	-0.684408	-1.49023e-05	-0.000400359	3.54294e-05	0.000387755	-0.000397699	-4.3505e-05	0.232645	0.0977704	0.230342	0.1	0.00577693
2.25723	2.2353	-0.762056	-3.49883e-05	-0.00024239	2.93829e-05	-5.85238e-05	-0.000304802	-0.000100321	0.232529	0.0976247	0.230227	0.1	0.0100282
-0.105328	-0.274577	2.27569	0.000118344	1.72769e-05	4.80215e-05	0.000375585	-0.000284102	-0.000409508	0.232356	0.0974063	0.230055	0.1	0.00920201
2.36322	1.39813	-0.549329	0.000292073	-0.000223551	-0.00010513	-0.00060101	-0.00186184	-0.000477886	0.232305	0.0973426	0.230005	0.1	0.00618776
-1.03227	1.22058	0.93584	-4.38608e-05	-7.17614e-05	-2.36883e-05	-0.000339888	0.000162656	0.000203017	0.232166	0.097167	0.229867	0.1	0.00832058
-2.23025	4.05609	-2.45702	-5.98619e-05	-0.000117234	-8.94838e-05	0.000665145	7.08708e-06	-0.000431977	0.232017	0.0969806	0.22972	0.1	0.00785454
0.576474	-2.0603	-0.539579	9.14033e-05	0.000268043	-3.74002e-05	-0.000459558	0.000112696	-0.000362298	0.231839	0.0967586	0.229544	0.1	0.00735755
1.67808	-2.93812	-1.65019	-0.000101411	0.000324354	-8.81006e-06	-0.00011663	-6.3156e-06	0.000862605	0.231804	0.0967136	0.229509	0.1	0.0101739
-0.592095	-3.15201	-0.032704	-5.07249e-05	0.000216191	0.000145033	0.000471386	-0.000335539	0.000192492	0.231661	0.0965346	0.229367	0.1	0.0115398
0.263937	2.01379	-0.79055	6.10828e-05	-0.000429126	-3.74747e-05	4.48938e-05	9.43196e-05	0.000858991	0.231371	0.0961726	0.22908	0.1	0.0073726
1.90035	0.544489	1.57163	-1.06006e-05	-0.000141148	-5.37662e-05	-0.00039978	0.000293804	-0.000577878	0.231332	0.0961243	0.229042	0.1	0.00757614
-1.5718	3.76494	0.819324	-7.92541e-05	-5.67828e-05	-0.000142113	-0.000185722	-3.55786e-05	-0.000553572	0.231276	0.0960544	0.228986	0.1	0.00957318
0.681193	1.08427	-1.90795	4.69862e-06	-0.000109223	-1.89398e-05	0.000473684	7.76045e-05	-0.000267978	0.231257	0.0960307	0.228967	0.1	0.0107522
1.76608	1.51568	-0.54388	0.0001163	-0.000358532	-1.8606e-05	-0.000720689	0.000235563	-0.000426352	0.231228	0.0959953	0.228939	0.1	0.00563458
0.574687	0.820598	1.23142	0.000158348	-0.000267898	4.16746e-05	-0.000209989	0.000131228	7.05002e-05	0.231098	0.0958324	0.22881	0.1	0.00430715
-0.40828	2.61413	-1.73162	-5.59946e-05	-0.000192629	-4.82119e-05	0.000151005	9.1827e-05	-0.00032163	0.231097	0.0958312	0.228809	0.1	0.00888798
1.41738	3.42993	2.13569	-0.000237742	-0.000293464	-4.94877e-05	0.000639188	0.000416889	-0.000487305	0.230968	0.0956712	0.228681	0.1	0.010321
1.50628	1.14014	-2.22868	1.48183e-05	-4.88701e-05	2.18408e-05	-0.000681103	0.000456798	8.13836e-05	0.230925	0.0956178	0.228639	0.1	0.00453673
-1.00711	-0.627466	1.87536	4.11305e-05	3.42885e-05	-1.75058e-05	1.72397e-05	-0.000140514	-0.000239181	0.230853	0.0955284	0.228567	0.1	0.0112653
2.43026	-0.273759	-0.975693	-5.87292e-07	3.05547e-07	-1.99823e-06	6.29331e-24	1.10887e-23	7.11409e-25	0.230603	0.0952189	0.22832	0.1	0.0118252
0.0722924	-0.591104	-2.31785	2.80498e-05	7.91649e-05	5.67369e-05	-0.00036482	-0.000194451	0.00011628	0.230371	0.0949306	0.22809	0.1	0.00479689
-0.254924	-1.78683	-1.26785	5.22831e-05	0.000339563	-5.14818e-05	0.000286735	4.04461e-05	0.000486574	0.230367	0.0949265	0.228086	0.1	0.00914772
-0.078603	4.01311	-1.38106	-2.55477e-05	-0.000374844	-3.18678e-05	2.03944e-05	-0.000349913	0.00017172	0.230224	0.0947498	0.227945	0.1	0.00490394
0.64378	1.21399	0.272958	-6.51902e-05	-4.15891e-05	-8.18216e-05	0.000275828	0.000311229	-0.000361145	0.22985	0.0942887	0.227574	0.1	0.0083111
-1.68182	-2.22792	0.399382	4.85254e-05	5.0639e-05	8.69325e-06	-3.80989e-05	7.85646e-05	-0.000343036	0.22984	0.0942757	0.227564	0.1	0.00627675
0.206081	4.00682	0.282423	-3.82745e-05	-0.000495443	3.49677e-05	-0.000499921	0.000127249	1.2185e-05	0.229772	0.0941929	0.227497	0.1	0.00480517
-0.0560828	3.15341	-1.36809	-7.09528e-05	-0.000369049	1.97838e-05	4.25193e-05	-6.2771e-05	6.9953e-05	0.229716	0.0941249	0.227442	0.1	0.00648886
2.35536	3.58441	-1.03872	-4.45402e-06	-1.67033e-06	-3.66569e-06	5.57924e-23	-1.55717e-22	-6.16646e-23	0.229675	0.0940734	0.227401	0.1	0.00906715
0.899148	-2.91746	1.0374	-3.10878e-05	0.000235157	2.15364e-05	6.90738e-05	8.99773e-05	-4.7108e-05	0.229635	0.094024	0.227361	0.1	0.00605893
0.800608	-3.57675	-2.29433	-0.000117194	0.000451386	4.42674e-05	0.000411617	-0.000258875	0.000498039	0.229633	0.0940217	0.227359	0.1	0.00737783
-0.494504	3.66803	-0.0886908	-1.95468e-05	-0.000327717	-2.06998e-05	0.000182921	0.000248658	0.000331225	0.229597	0.0939779	0.227324	0.1	0.00948043
1.87907	0.40503	0.998293	5.09167e-05	-3.58123e-05	-3.1631e-05	6.97755e-05	-0.000165243	0.000297451	0.229587	0.0939654	0.227314	0.1	0.00855379
0.546204	-1.02531	-0.0412588	1.85392e-05	-2.66005e-05	1.52238e-05	-0.000125287	-5.68038e-05	-3.99006e-05	0.229559	0.093931	0.227286	0.1	0.00705821
-0.754776	0.133734	0.000999304	-4.25935e-05	7.09173e-05	4.3245e-05	-0.000233065	9.98902e-05	-0.000398633	0.229502	0.0938617	0.22723	0.1	0.00691659
-0.110683	-0.812642	-0.45859	7.70814e-05	4.04244e-05	-4.5615e-05	-0.000210293	0.000198317	-8.46639e-05	0.229294	0.0936058	0.227024	0.1	0.00638286
-1.04006	-3.01356	1.31085	-4.19228e-05	3.0131e-05	9.14596e-06	9.93271e-05	7.0502e-05	0.000232632	0.229262	0.0935673	0.226992	0.1	0.00749154
2.35499	1.23662	-1.15791	6.01971e-05	-0.000306206	4.44338e-05	0.000348116	-0.000329373	-5.65166e-05	0.229043	0.0932983	0.226775	0.1	0.00660004
2.28907	0.639777	1.35463	-3.99621e-05	2.8304e-05	1.24688e-05	0.000139939	-0.000608009	0.00153972	0.229023	0.0932736	0.226755	0.1	0.00570381
2.06161	-3.9207	1.47735	-0.000174806	0.000491336	6.13227e-05	-0.000233253	0.000489792	0.000124428	0.22902	0.0932701	0.226752	0.1	0.00715774
2.18812	2.60768	-2.00654	-7.5289e-05	-8.95123e-05	-0.000145658	0.00140198	0.000440833	-0.00071511	0.228994	0.0932399	0.226727	0.1	0.00856574
0.350823	-3.29926	2.32809	-2.21595e-05	2.94121e-05	4.50949e-05	-0.000138692	0.000205506	-0.000221508	0.228978	0.0932202	0.226711	0.1	0.00612138
1.18343	2.73382	-1.06372	-4.81911e-05	-0.000286229	-0.000145385	0.000982116	-0.000439861	0.000499927	0.228925	0.093155	0.226658	0.1	0.0068513
0.106507	0.686352	0.210337	-3.96184e-05	-0.000173072	-7.76381e-05	-0.000700594	0.000253509	-0.000152092	0.228769	0.0929649	0.226504	0.1	0.0104396
1.5088	-1.04631	2.11974	-2.32116e-05	4.51107e-05	4.53353e-05	0.00021828	0.000101746	2.0513e-05	0.228681	0.0928573	0.226417	0.1	0.00527801
0.12911	1.56442	-0.0985607	-3.19274e-05	-0.000224601	-0.000105696	-5.9093e-05	0.000342616	-0.000330508	0.228633	0.0927983	0.226369	0.1	0.00915169
-0.82841	3.96031	-1.35822	-8.37284e-09	-1.05973e-09	-5.60081e-09	0	0	0	0.228527	0.09267	0.226264	0.1	0.00967159
0.955684	0.839116	-2.17686	-5.17831e-05	-0.000130266	1.94195e-05	0.000594179	-0.00022362	0.000136912	0.228372	0.0924815	0.226111	0.1	0.00933026
1.21216	-3.45226	-2.15075	-7.92286e-05	0.000387297	5.18802e-06	-0.000481548	-9.73617e-05	0.000211888	0.228275	0.0923635	0.226015	0.1	0.00686209
0.435966	-0.98808	1.23297	2.19487e-05	0.000160533	1.88811e-05	-0.000225927	-0.000263745	-0.000256243	0.228269	0.0923562	0.226009	0.1	0.00485053
2.38658	-1.92985	1.78098	-6.68876e-05	0.000286328	-6.24458e-07	-6.84174e-05	0.000293338	0.000951353	0.228148	0.0922089	0.225889	0.1	0.00853792
0.222927	3.7668	-0.385103	-4.32833e-05	-0.000520652	-3.90892e-05	0.000435009	-2.66965e-05	-0.000670031	0.227891	0.0918988	0.225635	0.1	0.00538751
1.07047	-0.105241	-0.729769	-5.28822e-06	-3.33868e-05	2.13707e-05	-1.06029e-05	-0.000110767	-0.000168688	0.2278	0.0917882	0.225545	0.1	0.00847172
-2.00421	-2.69324	1.50306	-4.23013e-05	7.11521e-05	7.07407e-05	0.00045353	-3.83603e-05	0.000308275	0.227735	0.0917093	0.22548	0.1	0.012267
1.00991	1.20356	0.53948	-6.2534e-05	-0.00015826	-9.03553e-05	0.000487656	-0.000503705	0.000662409	0.227721	0.0916929	0.225466	0.1	0.0057571
1.70938	-2.38154	-2.25427	7.62205e-06	0.000292883	9.61643e-05	-0.00023027	0.000433404	-0.000157118	0.227719	0.0916894	0.225464	0.1	0.00796688
1.60898	-0.536506	0.123087	-4.1445e-05	-2.24444e-05	-3.09641e-06	0.000102791	-0.000189504	9.70916e-05	0.227657	0.0916158	0.225403	0.1	0.00577627
2.14208	-3.51296	-0.786264	4.18179e-06	1.03807e-05	-5.86515e-06	-6.31919e-16	-1.10002e-16	5.47592e-16	0.227655	0.0916129	0.225401	0.1	0.00861136
-1.71875	1.9242	-1.14207	5.19209e-05	-0.000142794	3.50667e-05	0.00107254	-0.000319787	-0.000119869	0.227637	0.0915917	0.225383	0.1	0.00609286
2.32511	-3.86064	-1.00743	-6.9738e-08	1.155e-07	6.85491e-08	-1.22367e-16	-6.56918e-18	-9.09272e-17	0.227625	0.0915767	0.225371	0.1	0.0107286
-2.39422	-3.65703	-1.94473	4.22341e-05	0.000479772	9.24413e-06	-0.000323797	-0.000260997	-0.000250473	0.227598	0.0915445	0.225345	0.1	0.00470926
1.12501	-1.72536	0.772495	8.01531e-05	0.000224915	2.90426e-05	0.00020085	0.000157526	0.000232276	0.227427	0.0913378	0.225175	0.1	0.00530177
-0.931983	1.65643	1.96241	-7.91223e-06	-6.65724e-05	-8.9191e-05	-0.00130241	-0.000260982	-0.000159609	0.227288	0.0911706	0.225038	0.1	0.00669632
1.17872	3.16496	-1.27616	-6.77256e-05	-0.000311645	4.26057e-05	0.000442191	-0.000362547	0.000196452	0.227272	0.0911519	0.225022	0.1	0.00694692
