-1.38665	1.21721	-1.0287	8.93407e-05	-0.000111037	-6.19556e-06	-3.19573e-05	-0.000105908	-0.000104261	0.55482	1.32612	0.549327	0.1	0.0184255
2.15382	3.62826	2.2402	9.7681e-07	-0.000311127	1.00567e-05	-2.32224e-05	3.23237e-05	0.000105767	0.554711	1.32533	0.549219	0.1	0.0178221
-0.828752	-1.27282	-0.913252	2.98071e-05	0.000190521	-9.51897e-05	1.45377e-05	-6.59447e-06	-0.000225204	0.554426	1.32329	0.548937	0.1	0.0214313
-0.0770839	1.22233	-1.9803	-1.38088e-05	-0.000256009	-9.35917e-05	0.000268267	1.42129e-05	1.87334e-05	0.552434	1.30908	0.546964	0.1	0.0189161
2.47593	-3.35091	1.09615	1.41385e-05	0.000323364	-5.54664e-05	-6.88754e-05	-5.11285e-05	5.37078e-05	0.551275	1.30086	0.545817	0.1	0.0250135
-0.321677	-3.43439	-0.675293	-6.13958e-05	0.000398901	3.50998e-05	0.000134269	0.000117129	-4.78581e-05	0.548893	1.28407	0.543458	0.1	0.019555
-2.00622	0.742065	-1.7905	9.3307e-05	-2.18573e-05	-3.8238e-05	5.90055e-05	-8.46902e-06	-9.17974e-05	0.548822	1.28357	0.543388	0.1	0.0207313
1.80375	-4.01642	-0.356719	4.97031e-06	0.000365913	-7.691e-05	0.000178708	-3.46211e-05	1.54382e-05	0.547774	1.27623	0.54235	0.1	0.0194819
-1.93013	-0.412527	0.671696	-5.40288e-05	1.77712e-05	-3.24622e-05	-0.000144218	-7.68934e-06	9.6148e-05	0.547358	1.27333	0.541939	0.1	0.0241663
-0.862281	-0.138851	0.727195	-5.77236e-05	-5.79427e-05	-2.36334e-05	6.02808e-05	-3.37778e-05	-9.97673e-05	0.546952	1.2705	0.541537	0.1	0.0201073
2.101	0.368845	-1.25019	5.64381e-05	-7.55007e-05	-3.61831e-05	6.36065e-05	4.97438e-05	3.21327e-05	0.546649	1.26839	0.541237	0.1	0.0241157
1.20334	2.61443	-1.81941	-2.90859e-05	-0.000217372	5.36687e-05	-0.000125129	3.09166e-05	0.000133157	0.545348	1.25936	0.539949	0.1	0.0205678
-2.42293	-2.40704	0.436064	-3.00076e-05	0.000247719	1.16348e-05	0.00011939	-1.88569e-05	-3.0178e-05	0.545169	1.25811	0.539771	0.1	0.0215787
-0.056223	-3.15018	-2.02847	-9.92338e-06	0.000318804	2.14704e-05	-3.45933e-05	-0.000145262	-3.30437e-05	0.544719	1.255	0.539326	0.1	0.0184044
-0.626774	3.36787	1.3025	2.1445e-05	-0.000329535	-1.11779e-05	3.16497e-06	0.000132664	-7.26147e-05	0.543689	1.24789	0.538306	0.1	0.0186263
2.18239	-2.52222	2.16721	9.29289e-05	0.000298804	2.47467e-05	-6.87179e-05	-4.17216e-05	2.13791e-05	0.541854	1.2353	0.536489	0.1	0.0300153
1.49988	-2.02922	-1.2975	-2.47028e-05	0.000212699	3.63453e-05	3.20583e-05	0.000123989	-6.49012e-05	0.540595	1.22671	0.535243	0.1	0.0262829
2.11378	2.85473	-1.30109	-3.74302e-05	-0.000293875	5.14949e-05	-0.000272547	-5.90336e-05	0.000129884	0.540372	1.22519	0.535022	0.1	0.019332
0.242759	2.24202	-2.11957	8.69675e-06	-0.000273777	5.84349e-05	-4.69274e-05	-9.67922e-05	-6.72724e-05	0.540364	1.22514	0.535014	0.1	0.0173692
1.53252	1.89277	1.53892	-1.28266e-05	-9.61277e-05	4.01852e-05	-0.000147498	4.58455e-05	8.39067e-05	0.537534	1.20599	0.532212	0.1	0.0219999
1.81448	-3.00357	-0.0127867	-2.3006e-05	0.000290174	2.56753e-05	3.80602e-05	0.000126753	8.4341e-05	0.536704	1.20041	0.53139	0.1	0.0222297
-1.68258	1.62315	0.945145	-1.34192e-05	-9.94041e-05	0.000113483	0.000179349	-3.98413e-05	4.86966e-05	0.536645	1.20002	0.531332	0.1	0.0213878
0.661731	-1.88671	0.212838	1.06432e-05	0.000221839	5.00849e-05	6.3206e-05	3.81426e-05	5.03895e-05	0.536462	1.19879	0.53115	0.1	0.0209143
0.369408	3.51738	1.65387	2.30514e-06	-0.00038925	1.12962e-05	-1.34387e-05	-0.000155912	-7.04197e-09	0.53632	1.19784	0.53101	0.1	0.0230975
-1.13807	-2.60056	0.0583352	-3.62257e-05	0.000272218	8.73603e-07	-0.000123745	6.65878e-06	-0.000131533	0.535344	1.19131	0.530044	0.1	0.0184284
-0.266534	-2.50559	-1.19932	-2.97466e-05	0.000344979	3.59961e-05	-0.000174113	3.87637e-05	-0.000100511	0.534798	1.18767	0.529503	0.1	0.0177135
1.35342	3.89274	1.57103	-3.27011e-05	-0.000388501	5.17063e-05	-4.17489e-05	5.80532e-05	7.73844e-06	0.534761	1.18742	0.529466	0.1	0.0186822
0.797749	1.53527	-0.4486	-3.62189e-05	-0.000252043	-3.9943e-05	0.000296427	-0.000327447	-0.000272998	0.534328	1.18454	0.529038	0.1	0.0192928
-1.44732	3.79319	0.0642216	-7.20576e-05	-0.000292981	-7.71457e-07	0.000137014	8.91763e-05	-5.90052e-06	0.533494	1.179	0.528212	0.1	0.0188464
-0.510395	1.95684	-1.32108	-2.70465e-05	-0.000303066	-3.2428e-07	0.000122205	-1.88516e-05	0.000143413	0.533315	1.17782	0.528035	0.1	0.017769
-0.365845	3.54958	-0.829577	-5.54288e-05	-0.000339285	-3.48806e-05	-1.02219e-05	-2.32811e-05	5.67384e-05	0.533292	1.17767	0.528012	0.1	0.0180869
-2.01833	-1.19893	-2.14882	-2.08636e-06	5.06049e-05	-0.000199648	0.000206446	-5.24757e-05	-0.000126978	0.533023	1.17589	0.527746	0.1	0.0225827
-1.75768	-3.131	-2.20653	-1.21923e-05	0.000317116	-6.82452e-06	4.44697e-06	7.87572e-05	0.000106141	0.53279	1.17434	0.527515	0.1	0.0258884
-0.0106879	-2.52723	1.01811	2.95189e-05	0.000290332	-1.60284e-05	6.72531e-06	-1.65082e-06	3.73736e-06	0.532572	1.1729	0.527299	0.1	0.026095
-1.45212	3.58794	-1.7123	-3.10228e-05	-0.000351309	1.44672e-05	-0.000178638	5.73803e-05	-2.80148e-05	0.532055	1.16949	0.526787	0.1	0.0214948
0.455096	3.25606	-2.32695	-1.93785e-05	-0.000314414	2.21784e-05	-3.61758e-05	9.99595e-06	0.000125137	0.531483	1.16572	0.526221	0.1	0.0255347
2.41713	0.170303	-2.482	5.69117e-05	2.70864e-05	-1.75801e-05	-5.79171e-05	3.42e-05	-2.85444e-05	0.530981	1.16242	0.525724	0.1	0.0208955
-0.175283	-1.19798	-1.75982	1.97149e-05	0.000161525	-7.92425e-05	3.88817e-05	3.35019e-05	8.42842e-05	0.53052	1.15939	0.525267	0.1	0.0205513
-0.932701	-3.49105	0.585255	2.53301e-06	0.000420296	1.88399e-05	3.37216e-05	7.24689e-05	-0.000111086	0.529592	1.15332	0.524349	0.1	0.0185249
-0.0737289	-3.60633	1.37728	-1.25519e-05	0.000380573	-1.05365e-05	1.08835e-06	2.42554e-05	9.04613e-05	0.528499	1.14619	0.523266	0.1	0.0222884
2.04792	0.789045	-0.239005	9.48507e-07	1.01535e-05	6.15628e-05	4.29734e-05	0.000116173	0.000194716	0.527475	1.13954	0.522252	0.1	0.0242265
0.555833	3.54782	-1.3271	-5.30763e-05	-0.00031633	1.33674e-05	4.5048e-05	-5.05226e-05	-1.47676e-05	0.527182	1.13765	0.521962	0.1	0.0194477
-2.41608	0.788737	0.65631	2.64343e-05	-7.38645e-05	4.55036e-05	0.000294352	-6.20489e-05	5.6636e-05	0.527004	1.1365	0.521786	0.1	0.0275115
2.41192	-1.15565	1.76426	-4.79652e-05	0.0002565	4.79205e-05	-2.87736e-05	5.46041e-05	-0.000183751	0.526785	1.13507	0.521569	0.1	0.0203318
0.079404	-3.35028	0.378216	-1.39615e-05	0.00030472	-1.03906e-05	-2.0628e-05	2.67928e-06	-9.55321e-05	0.526637	1.13412	0.521423	0.1	0.017787
0.544856	2.74971	0.960981	2.32467e-05	-0.000346591	-1.14718e-05	0.000107292	0.000152255	7.17542e-05	0.524764	1.12206	0.519568	0.1	0.0169386
-2.43866	3.90714	0.373874	-6.1694e-05	-0.000332586	-1.23623e-05	-0.000286611	-0.000116653	0.000149296	0.523709	1.11531	0.518524	0.1	0.0237445
-2.48792	3.71198	-1.76001	-2.68905e-05	-0.000349685	7.86048e-06	0.000104494	-8.2722e-05	-0.000102091	0.523479	1.11384	0.518296	0.1	0.0184713
1.49904	0.938494	2.04314	0.000102011	-6.73339e-05	-4.51691e-05	-5.3898e-05	-0.000227564	5.12945e-05	0.521989	1.10436	0.516821	0.1	0.0191471
-1.84222	-1.8876	-0.275361	-4.88583e-05	0.000218393	-1.80636e-05	0.000185408	0.000408072	-0.000442087	0.521432	1.10083	0.516269	0.1	0.0214462
-0.404052	1.80337	1.46552	1.82001e-05	-0.000247967	-3.19151e-05	4.48177e-06	1.02126e-05	-0.000101794	0.521217	1.09946	0.516056	0.1	0.0234974
-2.00434	-3.89259	1.84172	2.78171e-05	0.000380725	-3.56425e-05	-2.52836e-06	2.53554e-05	6.35665e-05	0.518617	1.08309	0.513482	0.1	0.0166093
2.08844	-0.0939571	0.46583	-4.05971e-05	2.64013e-05	-7.49697e-06	-0.000124849	0.000139619	-0.000221103	0.517898	1.07859	0.51277	0.1	0.0215928
2.33622	-1.07074	-0.932155	-2.07777e-05	9.09784e-05	8.6799e-06	0.000272811	8.97448e-05	7.86685e-05	0.517716	1.07746	0.51259	0.1	0.0239406
1.56948	3.74446	-1.34459	-6.71781e-05	-0.000354408	-5.87678e-05	-3.96368e-05	0.000177404	-5.81528e-05	0.5171	1.07361	0.51198	0.1	0.0167932
-1.87196	2.67222	-1.47421	-6.13214e-05	-0.000291929	6.22103e-05	0.000133749	8.71669e-05	-0.000108869	0.516716	1.07123	0.5116	0.1	0.0208963
-1.94383	0.344146	-0.817571	3.39225e-05	-4.66921e-05	-5.024e-05	-1.25326e-05	-5.91158e-05	1.9241e-05	0.515931	1.06635	0.510823	0.1	0.0244175
1.14916	3.22068	-0.548229	-7.34009e-05	-0.000380022	5.9465e-06	-0.00021926	0.00022415	-0.000196234	0.515901	1.06617	0.510793	0.1	0.0140825
1.54436	2.06091	-0.938787	5.17595e-05	-0.000278016	0.000130413	0.000201029	0.000268713	-6.14847e-05	0.51576	1.06529	0.510653	0.1	0.0167738
-1.90745	-2.05979	1.95485	6.80511e-05	0.000262407	-1.28587e-05	-4.99726e-05	7.46063e-05	-5.03138e-05	0.514995	1.06056	0.509896	0.1	0.0264081
-0.428889	3.5165	-1.86192	-3.07481e-05	-0.000399628	-1.24198e-05	-0.000106154	-1.82522e-05	8.68879e-05	0.514003	1.05444	0.508914	0.1	0.0208009
0.734515	0.111858	2.46256	5.69798e-05	1.0622e-05	-1.04256e-05	3.51149e-05	9.79522e-05	-7.25394e-05	0.512599	1.04583	0.507524	0.1	0.0188355
0.54094	-0.340692	1.57788	-8.68128e-06	0.00011379	-3.10601e-05	6.13568e-05	-4.93019e-06	-3.28191e-05	0.51184	1.04118	0.506772	0.1	0.0184051
-2.05622	-3.52028	-1.29895	1.9749e-05	0.000405232	1.42326e-05	-0.000156667	-5.23656e-05	-0.000117205	0.511673	1.04017	0.506607	0.1	0.0215891
-0.449603	0.820551	0.698578	-5.17275e-06	-0.000107704	1.34127e-05	2.34555e-05	0.00011031	-4.4315e-05	0.511494	1.03908	0.50643	0.1	0.0239776
0.879894	-3.21564	-1.51052	2.20042e-05	0.000346563	5.43047e-05	3.91558e-05	-4.85597e-05	0.000160789	0.510448	1.03272	0.505394	0.1	0.0178613
-1.24629	3.49227	2.13348	-3.65257e-05	-0.000395045	-6.34132e-05	-4.40047e-06	-7.12684e-05	-0.000130039	0.509646	1.02785	0.5046	0.1	0.0218155
0.830292	-2.75766	-2.40592	-6.41666e-06	0.000276584	4.12738e-05	-0.000162727	2.42301e-05	5.57724e-05	0.508542	1.02119	0.503507	0.1	0.0204605
-0.637698	-0.430416	-2.25678	1.3231e-05	9.59854e-05	-8.85692e-05	-0.00014262	2.54202e-05	-5.49813e-05	0.508425	1.02048	0.503391	0.1	0.0184167
1.44537	-0.434713	-1.33905	8.3393e-05	-8.42009e-05	3.72781e-05	-0.000242046	-4.46424e-06	3.77982e-05	0.506867	1.01114	0.501849	0.1	0.019242
1.37486	1.80689	-2.4467	2.48485e-05	-0.000145805	2.38416e-05	0.000249436	1.59823e-05	2.52291e-05	0.505037	1.00022	0.500037	0.1	0.0187338
-1.20522	2.70976	-2.23913	-0.000160351	-0.000332934	6.0295e-06	-0.000224651	0.000795047	-0.000762043	0.504957	0.999745	0.499957	0.1	0.0227958
-2.29931	-3.41226	-0.331159	-3.90153e-05	0.0004137	-2.89906e-05	0.000156551	-8.69207e-05	1.49537e-05	0.504939	0.999642	0.49994	0.1	0.0188394
-0.174603	-0.437466	-1.07892	5.04355e-05	5.27167e-05	-1.05509e-05	0.000192602	2.79203e-05	-0.000105005	0.504901	0.999415	0.499902	0.1	0.0171788
0.428405	-0.353258	-0.287139	3.06577e-05	-5.93888e-06	7.60225e-06	0.000109927	-0.000111374	-0.000130001	0.504788	0.998742	0.49979	0.1	0.015517
0.695314	-0.696298	-1.94231	7.36711e-05	6.10137e-05	2.64928e-05	0.000288087	-7.00746e-05	-0.00035315	0.503937	0.993701	0.498948	0.1	0.0199036
-1.00616	-2.24418	1.41744	1.57845e-05	0.000314434	1.28787e-05	-6.77707e-05	-7.53299e-06	-0.000158488	0.503345	0.990196	0.498361	0.1	0.018543
-1.03159	0.370892	-1.8046	1.23743e-05	1.96654e-05	-4.2306e-05	0.000233128	8.78121e-05	0.000151835	0.503196	0.989325	0.498214	0.1	0.0185633
1.33126	-1.47007	-0.44678	2.89897e-07	0.000196624	4.0798e-05	1.6478e-05	-0.000138855	-2.06425e-05	0.502585	0.985721	0.497609	0.1	0.0201317
-0.919075	0.813855	-0.185849	4.06514e-06	-0.00012512	2.36113e-05	-0.000103643	-0.000115373	-8.25977e-05	0.501771	0.98094	0.496803	0.1	0.0190372
0.271151	-2.65667	-0.33728	-3.78455e-06	0.000295922	2.26245e-05	7.76939e-05	9.18288e-05	-5.44127e-05	0.501401	0.978774	0.496437	0.1	0.0207878
2.33338	-1.46803	0.792255	-1.52665e-05	0.000203588	6.26774e-05	-2.5907e-05	5.94269e-05	-1.6001e-05	0.501352	0.978484	0.496388	0.1	0.0172585
-1.54532	1.41162	2.25377	3.69682e-05	-9.63046e-05	-3.23637e-05	8.06047e-05	0.000261462	0.000133795	0.501333	0.978374	0.496369	0.1	0.0190414
-0.425742	2.78623	2.12993	7.25874e-05	-0.000217301	2.03722e-05	-0.000267578	0.000134642	-0.000157791	0.500305	0.972365	0.495351	0.1	0.022823
1.7518	-1.92771	1.44576	4.2028e-06	0.000218805	4.11289e-05	7.785e-05	-1.06047e-05	-8.94946e-06	0.500134	0.971369	0.495182	0.1	0.0140384
-0.336146	-2.12466	-2.14561	2.96881e-05	0.000169298	-1.72129e-05	-0.000158908	-8.61133e-05	-9.80153e-05	0.500114	0.971254	0.495162	0.1	0.0226622
1.20845	3.93172	-2.41867	-5.40795e-05	-0.000327223	3.0955e-05	-8.51537e-05	-0.000100247	-7.0691e-05	0.499003	0.964792	0.494062	0.1	0.0198126
0.502711	-1.91012	-1.50758	1.41598e-05	0.000235232	2.93467e-06	-0.000155005	-0.000192779	-3.57796e-06	0.49838	0.96119	0.493446	0.1	0.0174828
-0.116533	-1.23622	0.107803	2.44848e-05	0.000163253	-1.39346e-06	-9.27775e-05	-0.000173776	8.78285e-06	0.498014	0.959069	0.493083	0.1	0.0156065
-1.11301	-1.57609	-1.86711	1.46046e-05	0.000205768	-8.32569e-05	-0.000144363	-9.0147e-05	-0.000203838	0.49782	0.957951	0.492891	0.1	0.0207107
1.51444	-3.29658	2.11381	5.12403e-05	0.000391258	2.14959e-05	1.14605e-05	-9.11205e-06	-0.000185534	0.497807	0.957872	0.492878	0.1	0.0174993
-2.27616	2.68925	-0.491992	-2.33821e-05	-0.000224109	4.48521e-05	2.8457e-05	0.00013377	-0.000242379	0.497805	0.957862	0.492876	0.1	0.0224044
-1.62561	-2.8346	0.923083	-1.5314e-05	0.000360241	2.29169e-05	-0.000132546	-6.81902e-06	0.000268765	0.496356	0.949524	0.491442	0.1	0.0156286
-1.29681	2.66943	0.96274	-4.39477e-06	-0.000294401	4.65113e-05	-2.37998e-05	-3.66507e-05	1.55951e-05	0.495653	0.945496	0.490746	0.1	0.0179604
-0.919288	-3.69817	-2.13755	-1.30649e-05	0.000367996	-5.17909e-05	1.47547e-05	-1.46813e-05	-7.19881e-05	0.495534	0.944815	0.490628	0.1	0.0196281
-1.34998	-3.42017	-0.602733	-3.65085e-05	0.000423402	5.30028e-05	-3.7143e-05	-8.1849e-05	-1.39248e-05	0.49547	0.944444	0.490564	0.1	0.0168394
-1.27218	2.28578	1.86885	-0.000271039	-0.000307155	7.10657e-06	0.000241495	-0.000825883	0.000225538	0.495413	0.94412	0.490508	0.1	0.0200696
2.42719	1.88552	-1.3736	7.28039e-05	-0.000240843	0.000132346	0.000148966	3.24114e-05	0.000119213	0.493724	0.934499	0.488836	0.1	0.0166499
-1.72161	1.75914	-1.84391	5.48798e-05	-0.000203488	-1.48258e-05	1.8959e-05	2.38817e-06	0.000424377	0.493582	0.933695	0.488695	0.1	0.01527
0.806218	1.65139	-1.50446	-1.34457e-05	-0.000217811	0.000106854	8.57679e-05	-0.000119479	0.000285395	0.493482	0.933124	0.488596	0.1	0.0209059
0.882366	0.519101	-0.429548	-5.41542e-05	-9.84951e-05	-3.30514e-05	-0.000164689	0.000251058	-0.000365862	0.49325	0.93181	0.488366	0.1	0.0213675
0.683402	4.00843	0.815896	-2.97354e-05	-0.000468615	4.44117e-05	-9.64485e-05	-7.03289e-05	8.46885e-05	0.492733	0.92888	0.487854	0.1	0.0181598
0.154585	0.0397494	0.596603	3.95062e-05	-4.63168e-05	-7.14463e-07	-3.01327e-05	-4.09799e-05	0.00019378	0.492579	0.928012	0.487702	0.1	0.017574
1.26877	2.66226	0.267024	3.61662e-05	-0.000337608	-6.98272e-07	0.000150876	2.45627e-05	0.000241571	0.492206	0.925909	0.487333	0.1	0.0146795
0.759211	0.239881	-1.55271	3.31709e-05	-0.000170528	5.80409e-06	0.000330402	-0.000146779	0.000192792	0.490982	0.919016	0.486121	0.1	0.0215372
-1.21626	-2.22697	-0.979531	-5.58989e-05	0.000252186	-3.5056e-05	-0.000257321	-0.000329868	2.26209e-05	0.490889	0.918492	0.486029	0.1	0.0210634
-0.39955	-0.643936	1.48799	3.41561e-05	-2.53542e-05	-9.39589e-05	-8.0891e-05	0.000227279	0.000209053	0.490378	0.915628	0.485523	0.1	0.0210006
1.57785	-2.86718	1.23504	-1.84282e-06	0.00026511	-6.89923e-05	0.000162974	8.01578e-06	2.36847e-05	0.489482	0.910617	0.484636	0.1	0.0202187
-2.19483	2.78649	1.32041	1.50132e-05	-0.000218005	3.34416e-05	-0.000166368	1.8349e-05	-0.000133752	0.489469	0.910544	0.484623	0.1	0.0152244
2.2641	-2.45418	-1.81931	-2.45824e-05	0.000250627	2.56226e-05	0.000181675	-0.000192489	3.59117e-05	0.489084	0.908401	0.484242	0.1	0.0168222
-2.15526	0.999489	1.60464	3.61466e-05	-0.000138084	5.54768e-05	-0.000124359	0.000132422	0.000157616	0.488971	0.907768	0.48413	0.1	0.022057
0.972285	-1.96086	2.03415	9.63825e-06	0.000213181	5.54299e-06	4.52021e-05	-1.27527e-05	-0.000123004	0.4888	0.906812	0.48396	0.1	0.018931
1.58845	-2.16555	0.507456	1.1386e-06	0.000263762	2.61248e-05	-4.96756e-05	1.94558e-05	-5.00391e-06	0.488326	0.904178	0.483491	0.1	0.0194179
-0.718794	-0.538435	-0.202069	1.08572e-05	8.01695e-05	-3.45745e-05	0.000207285	-7.70541e-05	0.000231919	0.48828	0.903926	0.483446	0.1	0.0158232
-2.01351	3.00364	0.39672	2.19639e-05	-0.000258692	5.41055e-05	0.000160248	-5.33998e-06	2.75601e-05	0.488206	0.903513	0.483372	0.1	0.0229268
1.58301	-3.67776	0.704871	-1.55255e-05	0.000329888	3.06348e-05	-8.22812e-05	-4.58457e-06	-0.000215811	0.488125	0.903063	0.483292	0.1	0.0198513
0.0510381	1.66125	0.58934	4.79834e-05	-0.000181432	-2.20673e-05	-4.37508e-05	4.46624e-05	-0.000107591	0.486774	0.895587	0.481954	0.1	0.0175392
1.40895	-0.437539	1.10113	-1.15214e-05	0.000137835	5.72191e-05	4.90378e-05	-6.49644e-06	5.81158e-05	0.486222	0.892545	0.481408	0.1	0.0151464
2.32731	-0.520978	-1.75891	6.90834e-05	9.10646e-05	1.64589e-05	-4.98185e-05	9.28071e-05	-8.85348e-05	0.485931	0.890944	0.48112	0.1	0.0218616
-1.06536	-3.78133	1.53621	2.78064e-05	0.000453644	9.38846e-06	-3.01207e-05	-2.34029e-05	9.8653e-05	0.485684	0.889585	0.480875	0.1	0.0156269
2.10644	2.50033	0.720167	4.18129e-05	-0.000210845	9.71484e-06	-0.000103466	-7.75801e-05	6.86429e-05	0.485546	0.888831	0.480739	0.1	0.0210208
-1.77658	-0.241385	-1.95177	5.65186e-05	-2.3475e-06	-5.66927e-05	-3.28919e-05	3.89235e-05	-4.15446e-05	0.484993	0.885791	0.480191	0.1	0.020758
-0.642541	1.05263	2.18175	2.03161e-05	-6.57156e-05	-0.000147066	0.000149347	-0.000116818	-5.47873e-05	0.484263	0.881798	0.479468	0.1	0.0163885
-1.8312	-1.52457	-1.21566	-1.40829e-05	0.000230986	-0.000139537	0.00027189	-2.98962e-05	2.50585e-05	0.483863	0.879615	0.479072	0.1	0.022373
-1.79226	-1.84512	0.99967	-1.58586e-05	0.000196653	-5.66496e-06	-5.27603e-05	0.00010761	2.02414e-05	0.48386	0.879599	0.479069	0.1	0.0163588
1.71476	-0.129985	-0.448927	-1.80894e-05	3.65417e-05	8.63645e-06	4.06997e-05	-0.000181943	7.32473e-05	0.483476	0.877508	0.478689	0.1	0.0171918
0.513831	2.56513	1.94839	-4.64463e-05	-0.000356827	7.75747e-05	-0.000110858	9.77736e-05	-8.21386e-05	0.483004	0.874942	0.478222	0.1	0.0167029
0.294005	0.931652	-1.07301	-2.49865e-05	-0.000173673	-8.48648e-05	-0.000483723	-1.20325e-05	-0.000106655	0.482785	0.873753	0.478005	0.1	0.0186446
-1.28478	-1.20675	0.504818	-4.27221e-05	0.000107826	-9.70156e-05	-3.17652e-05	0.000184699	-0.000218024	0.482566	0.872562	0.477788	0.1	0.0152924
-0.0189108	0.662424	1.56623	8.95766e-05	-0.000115288	-5.40582e-05	7.67434e-05	-0.000266015	-0.000173704	0.482132	0.870207	0.477358	0.1	0.0214776
1.93636	2.53441	2.20462	-0.000100507	-0.000139019	0.00012961	0.000330001	-0.000260075	-2.7293e-05	0.48194	0.869166	0.477168	0.1	0.020048
-0.587594	2.64356	-0.476089	5.84315e-06	-0.000250637	3.93187e-05	-0.000163218	0.000106533	1.521e-05	0.481933	0.86913	0.477161	0.1	0.0221598
-1.42435	0.701499	0.636618	3.33603e-06	-4.54145e-05	1.85499e-05	-1.75399e-06	9.95849e-05	-6.58348e-06	0.481479	0.866677	0.476712	0.1	0.0221304
1.02981	-3.36705	-0.527346	-4.50067e-05	0.000326084	5.04098e-05	3.47177e-05	-5.1803e-05	-0.000121158	0.480917	0.863644	0.476155	0.1	0.0148696
-0.914731	-1.55682	2.18056	8.18715e-05	0.000170343	-7.54866e-05	-1.07165e-05	9.48714e-05	-4.93404e-05	0.480468	0.861231	0.475711	0.1	0.0178592
1.54013	0.449666	-2.09203	5.14116e-05	-3.00765e-05	-6.76517e-06	0.000150667	-3.99404e-05	0.000117483	0.47986	0.857968	0.475109	0.1	0.0154327
0.470009	2.62868	-0.942228	-0.00012968	-0.000343456	7.74885e-05	-7.44247e-05	-0.000317965	-5.58584e-05	0.478966	0.853181	0.474224	0.1	0.01888
1.2233	0.50116	1.19976	8.78904e-05	-2.38603e-05	-5.5503e-05	0.000137182	0.000241631	-0.000174518	0.478473	0.850548	0.473736	0.1	0.0189031
-2.45777	0.0221465	1.50339	-7.77919e-06	0.000125774	-0.000112335	-6.65093e-05	-0.000161488	-6.17297e-05	0.478412	0.850219	0.473675	0.1	0.0232156
-1.69268	1.38244	-0.0678514	4.29818e-06	-0.000154911	-3.5937e-05	0.000140499	-5.77233e-05	0.000124826	0.47793	0.847656	0.473198	0.1	0.0187219
-1.07471	-3.04884	-1.44677	2.18318e-05	0.000268653	1.33404e-05	0.000230012	2.52318e-05	-7.09064e-06	0.477808	0.847007	0.473077	0.1	0.0271178
2.22247	3.53706	1.2258	-2.13172e-05	-0.000280578	1.07219e-05	5.12895e-05	4.19803e-05	0.000250907	0.477733	0.846607	0.473003	0.1	0.0215484
-2.04264	2.72576	2.26366	-7.3499e-05	-0.000287908	3.90925e-05	-2.79334e-05	-0.000105867	0.000176231	0.477694	0.846395	0.472964	0.1	0.0168293
-0.647565	1.93601	-2.47067	1.90639e-05	-0.0001671	2.68732e-05	0.000265173	4.44434e-05	-4.1968e-05	0.477155	0.843541	0.472431	0.1	0.0178117
-0.745143	3.13097	0.322664	-7.14242e-05	-0.000256567	1.98716e-05	-7.93221e-05	-0.000223385	7.06247e-05	0.47715	0.843513	0.472426	0.1	0.0205182
-0.702667	0.133766	1.95367	6.61952e-06	-3.61875e-05	-0.000145725	-0.000140282	2.45589e-05	1.70195e-05	0.477062	0.843044	0.472339	0.1	0.0203496
-1.51284	0.0198008	1.48519	-3.21539e-05	-1.70402e-05	-4.48442e-05	0.000146567	1.34984e-05	-0.000234568	0.476857	0.841959	0.472136	0.1	0.0203788
1.23979	-1.10472	0.446045	2.34599e-05	0.00017707	4.93394e-05	-2.56946e-05	-7.11682e-05	-9.59135e-05	0.476785	0.841575	0.472064	0.1	0.0146701
-0.360629	3.88911	2.22543	-3.25114e-05	-0.000427282	-4.92266e-05	7.31685e-06	4.13927e-05	8.17655e-05	0.475355	0.834028	0.470649	0.1	0.0195347
-1.67526	-0.806917	1.93144	1.58286e-05	0.000124816	-6.52648e-05	7.27121e-05	0.000100086	0.000192273	0.475269	0.83357	0.470563	0.1	0.0184988
-1.65589	0.456658	2.30389	5.81882e-05	-5.82332e-05	-3.50078e-05	-3.78062e-05	-1.31806e-06	-0.000127391	0.474862	0.83143	0.47016	0.1	0.0180643
2.0248	-2.81834	-0.971167	9.32252e-07	0.000280925	5.5607e-05	-7.62422e-05	-0.000245281	0.000215854	0.474508	0.829578	0.46981	0.1	0.0204013
-2.17598	1.94112	1.75491	-5.49218e-05	-0.000143498	0.000104915	-4.01465e-05	3.19002e-05	-3.39058e-05	0.474403	0.829024	0.469706	0.1	0.0191977
-2.37903	-0.368521	-0.310536	-9.0603e-06	6.71025e-05	1.29319e-05	-0.000254814	-6.15656e-05	-9.3165e-05	0.473731	0.82551	0.469041	0.1	0.0228105
-1.07163	-0.0733046	-0.949413	4.33838e-05	2.11254e-05	-5.41498e-05	-0.000256837	-2.58848e-05	-0.000151165	0.47183	0.815609	0.467158	0.1	0.0189287
0.694227	-3.06013	1.67815	3.75925e-05	0.000290274	1.2277e-05	-0.000249508	3.9001e-05	0.000301197	0.471086	0.811759	0.466422	0.1	0.0165541
-0.442333	-2.01521	-0.343077	-3.60379e-05	0.00022605	-2.67161e-05	-0.000152685	-0.000149205	0.000198107	0.470528	0.808876	0.465869	0.1	0.0227843
-2.14652	-2.40042	-1.0689	-3.94042e-05	0.000278771	-4.68865e-05	-0.000419004	0.000225982	-0.00013008	0.470355	0.807987	0.465698	0.1	0.0166467
0.474601	3.34623	0.144659	1.26628e-05	-0.000376971	7.53999e-05	5.73738e-05	1.98287e-05	0.000371512	0.470211	0.807242	0.465555	0.1	0.0175685
-1.15689	-2.41993	2.45654	2.58911e-05	0.000235151	-2.40869e-05	-9.28319e-05	-2.86976e-05	-0.000154328	0.47002	0.806259	0.465366	0.1	0.0199272
0.544304	1.0375	2.24413	0.000113623	-1.01078e-05	-4.74129e-05	-0.000141562	-6.00596e-06	-7.15808e-05	0.46956	0.803896	0.464911	0.1	0.0162099
-0.0987619	-1.1017	2.26025	7.6909e-05	0.000124881	-5.73144e-05	-0.000148375	-0.000204314	-3.762e-06	0.469458	0.803373	0.46481	0.1	0.0186471
-0.627706	-1.87059	0.609855	-2.58513e-05	0.000160006	-7.77456e-05	-7.29173e-05	-0.000166422	0.000318374	0.469446	0.803307	0.464798	0.1	0.0207267
-0.792064	1.73561	-0.396505	4.63784e-05	-0.000189846	4.83363e-05	0.000126818	-5.85347e-05	2.70829e-05	0.468782	0.799905	0.464141	0.1	0.0170675
1.13216	-0.0467311	0.28983	-3.19795e-05	3.33739e-05	3.51115e-05	-0.000219894	-3.46473e-05	0.000164136	0.467379	0.792743	0.462751	0.1	0.0168494
1.81	-0.356709	1.94845	1.35147e-05	7.2906e-05	2.58541e-05	7.88615e-05	8.11506e-05	-6.98464e-05	0.467217	0.791923	0.462591	0.1	0.0183691
-0.188454	-2.14497	1.91106	3.2505e-05	0.000194916	4.97373e-06	0.000195658	7.30636e-05	0.000151787	0.466675	0.789165	0.462054	0.1	0.0165438
1.64154	1.20494	-1.54958	3.54872e-05	-8.30324e-05	6.12806e-05	5.50732e-05	0.000139296	-1.36981e-05	0.466232	0.786924	0.461616	0.1	0.014376
-0.694614	2.20249	0.394159	1.72812e-05	-0.000232958	4.77683e-05	-6.13373e-06	0.000125728	0.000192986	0.466205	0.786785	0.461589	0.1	0.0178013
-0.904242	2.8615	-1.33079	-3.18902e-05	-0.000326789	3.96669e-05	-5.31473e-05	4.62482e-05	-0.000142962	0.466076	0.786131	0.461461	0.1	0.0153851
0.911948	-2.83366	0.355335	2.78148e-06	0.00024089	3.5392e-05	-7.83121e-06	-0.000120063	-2.82411e-05	0.465707	0.784266	0.461096	0.1	0.0220706
-1.84189	-2.18219	-1.95268	-4.84238e-05	0.00029548	-3.05064e-05	-5.07293e-05	6.04257e-05	3.55608e-07	0.465684	0.784148	0.461073	0.1	0.0213992
-1.43025	2.36683	-0.177463	6.81078e-06	-0.000241203	3.27515e-05	4.52291e-05	-0.000160551	1.99093e-05	0.46529	0.782163	0.460683	0.1	0.0158254
1.96931	1.7691	0.0441608	3.74198e-05	-0.000166229	-0.000172238	-0.000519817	-0.000815185	-0.000190285	0.464712	0.779251	0.460111	0.1	0.0165905
0.816696	-1.04522	2.17645	4.76182e-05	0.000183285	2.85533e-06	-4.28765e-05	5.64849e-05	0.000115146	0.464331	0.777336	0.459734	0.1	0.0133861
1.79188	-1.62949	2.35559	-2.2538e-05	0.000222927	3.47376e-05	0.000148664	2.48897e-06	0.000238302	0.463321	0.772277	0.458734	0.1	0.0144301
-2.19764	2.09554	0.244142	4.17686e-06	-0.000223293	2.05395e-05	-2.99062e-05	0.00015536	-5.39492e-05	0.462664	0.768994	0.458083	0.1	0.0170047
0.56196	1.84628	1.35418	1.51689e-05	-0.000254599	-4.37827e-06	0.000368439	-7.4941e-05	0.000278385	0.462514	0.768246	0.457935	0.1	0.0129993
2.05092	-1.02796	-0.00333559	-4.21602e-05	0.000169144	7.97565e-05	-2.99702e-05	1.34642e-05	-2.37264e-05	0.462457	0.767963	0.457878	0.1	0.0158584
1.00429	-1.33898	1.33124	2.10746e-05	0.000195939	1.98659e-06	2.92508e-05	4.45872e-05	4.01749e-05	0.460448	0.757998	0.455889	0.1	0.0148364
2.0306	-3.48637	-1.60721	2.67874e-05	0.000384962	-1.83545e-05	0.000323159	0.000111947	-0.000302797	0.4597	0.75431	0.455149	0.1	0.0131297
2.05515	3.1406	0.0409183	2.03071e-05	-0.00037953	-0.000100534	-0.00029008	0.00011791	-5.24647e-06	0.459434	0.752999	0.454885	0.1	0.0214357
-1.54673	-3.04076	1.8408	-2.45928e-05	0.000398553	1.58405e-05	0.000116417	-7.96401e-05	3.97907e-05	0.45935	0.752587	0.454802	0.1	0.0223381
0.157799	-1.53321	0.98092	2.78285e-05	0.000168152	6.9135e-05	-1.16267e-07	2.05874e-05	-1.84953e-05	0.459269	0.752192	0.454722	0.1	0.015533
-2.47972	1.93948	-2.37366	1.058e-05	-4.15047e-05	0.000115027	-4.47746e-05	0.000123084	-0.000327099	0.459266	0.752174	0.454719	0.1	0.0183202
-0.17547	0.339496	-0.531105	2.75233e-05	-3.96771e-05	6.4805e-05	4.48324e-05	7.64195e-05	0.000249054	0.459194	0.751823	0.454648	0.1	0.0187858
1.46048	3.01389	1.15133	-6.00151e-06	-0.000313838	-1.40186e-05	0.000248537	-5.95739e-05	8.35704e-05	0.459118	0.751448	0.454572	0.1	0.0192254
2.18398	1.10055	-2.2897	-1.6198e-05	-2.21108e-05	5.14933e-05	0.000218461	-1.42558e-05	0.0002188	0.459006	0.750894	0.454461	0.1	0.0144349
2.08091	-1.41764	-1.80736	-2.23728e-05	0.000152064	2.97326e-05	4.40886e-05	2.32388e-05	-0.000131375	0.458587	0.748846	0.454047	0.1	0.0222802
-1.46368	3.13841	-0.664998	-2.12391e-05	-0.000279475	-2.02033e-06	-0.0001371	-6.43652e-05	0.000190628	0.458044	0.746189	0.453509	0.1	0.0185411
2.338	1.65254	1.02766	-8.3084e-06	-0.000151867	0.000110443	-8.58929e-05	-0.000151491	-7.63792e-05	0.458039	0.746161	0.453504	0.1	0.0159236
-2.14123	3.73625	-0.628664	-5.9776e-05	-0.000354478	-6.93349e-05	-3.24713e-05	2.90545e-05	-4.22658e-05	0.457054	0.74136	0.452529	0.1	0.0202088
-1.43925	0.0361049	-0.061778	-5.04592e-05	-4.31741e-05	-2.27179e-05	2.13521e-05	-0.000108133	-3.82311e-05	0.456744	0.739852	0.452222	0.1	0.0178919
1.1746	-2.40257	-0.446005	-2.01735e-05	0.000239638	3.54338e-05	-6.02046e-05	-0.000113059	-3.88648e-05	0.456538	0.738849	0.452018	0.1	0.0148874
2.38596	-3.44852	2.4422	1.94122e-05	0.000289557	1.0415e-05	0.000178814	-2.83596e-06	2.86864e-05	0.456295	0.737671	0.451777	0.1	0.0173075
-1.6619	-0.743133	-0.746154	-2.87874e-06	0.000109065	1.10441e-05	0.000140674	0.000119115	-2.14698e-05	0.4556	0.734306	0.451089	0.1	0.0194106
-0.641887	-2.99119	1.8708	-4.9556e-06	0.000334746	2.10132e-05	-4.16564e-05	0.000165178	4.73415e-05	0.45547	0.733674	0.45096	0.1	0.0135587
0.165645	2.21826	-0.14719	3.16215e-05	-0.000212285	-2.31261e-05	1.8996e-05	9.19801e-05	-6.64053e-06	0.455436	0.733515	0.450927	0.1	0.0144716
1.66746	1.14922	0.637582	-0.000106818	5.55531e-06	-8.18317e-05	-1.77269e-06	0.000365837	0.000145331	0.45531	0.732903	0.450802	0.1	0.014342
0.907578	-2.2228	1.14139	9.33459e-06	0.000268239	5.97815e-06	6.32073e-05	-3.14751e-05	-3.43802e-05	0.455197	0.732356	0.45069	0.1	0.0145668
1.08033	3.96569	-0.772286	-3.18279e-05	-0.000423353	-1.58531e-05	0.000264752	-9.54979e-05	0.000185456	0.277675	0.16624	0.274926	0.1	0.0062261
1.49477	2.00254	0.573877	0.00011679	-0.000273217	8.24314e-05	-0.000554911	-0.000255959	2.93108e-05	0.277411	0.165765	0.274664	0.1	0.00883988
1.8366	-2.22208	-0.207412	-8.96068e-06	0.000254239	-3.76303e-05	-0.000297193	0.000194891	-0.00032031	0.277355	0.165667	0.274609	0.1	0.01336
-1.11702	1.60099	0.356214	-2.78801e-05	-0.000199204	3.27102e-05	0.000150992	-0.000104112	-0.000511029	0.277213	0.165412	0.274468	0.1	0.0143762
0.934283	3.87822	-0.17941	0.000183557	-0.000237897	-9.47486e-05	-0.000207572	0.000142219	-0.000439271	0.276217	0.163635	0.273482	0.1	0.00840671
-0.754245	-3.01595	-2.41727	1.63647e-05	0.00031273	4.66062e-06	8.08794e-05	-0.000171897	0.000222031	0.275638	0.162608	0.272909	0.1	0.00922676
0.683362	-3.78862	1.8326	-0.000143292	0.000251599	4.61329e-06	0.00018624	-0.000384008	0.000681623	0.275408	0.162201	0.272681	0.1	0.010256
1.63244	-0.82242	-0.704913	4.23238e-05	8.11963e-05	6.63635e-05	-0.000199288	-3.99378e-05	-0.000158676	0.275341	0.162083	0.272615	0.1	0.00677545
-1.92802	-0.229263	2.3126	1.29506e-06	1.32675e-05	-2.24284e-05	7.18702e-05	8.31429e-05	-4.4814e-05	0.275341	0.162083	0.272615	0.1	0.0114186
-1.33692	-3.78034	2.23464	2.87066e-06	0.000412602	-3.21587e-05	0.000121272	-4.66337e-05	7.79416e-05	0.275089	0.161637	0.272365	0.1	0.00866707
0.238667	-3.84038	-1.70026	0.000102815	0.000253146	-4.66087e-05	-0.000509126	-0.000103166	-0.00058827	0.275056	0.161582	0.272333	0.1	0.0105501
1.97539	1.70982	-1.95804	3.95056e-05	-7.80491e-05	0.000120713	0.00032315	9.89788e-05	-0.000339419	0.274446	0.160509	0.271729	0.1	0.00585934
-0.721268	0.958866	-1.42898	2.66292e-05	-0.000114165	1.02781e-05	0.000245896	0.000264853	-9.33515e-05	0.274411	0.160446	0.271694	0.1	0.00664635
-1.28123	0.691072	1.70308	5.03028e-05	-8.62178e-05	5.55739e-05	0.000174661	7.51114e-05	8.88922e-05	0.274202	0.16008	0.271487	0.1	0.0105221
1.41279	-1.97402	-2.12743	-3.22452e-05	0.000301639	6.18096e-05	-0.000323284	-0.000173696	0.000191653	0.274042	0.159801	0.271329	0.1	0.012
2.07686	-1.75365	-0.0653016	2.19316e-05	0.000201296	-3.59509e-05	0.00049803	0.000192037	0.000278979	0.273887	0.159529	0.271175	0.1	0.0149117
1.42622	2.96936	1.87412	-0.000146957	-0.000323291	-2.75657e-05	-0.000440608	-0.000494372	0.00109593	0.273679	0.159166	0.270969	0.1	0.0136184
1.47731	-3.55585	-1.09455	-2.20098e-05	0.000434624	3.12449e-05	0.00037916	-8.13702e-06	3.9649e-05	0.273477	0.158813	0.270769	0.1	0.0120481
0.659415	1.57925	-2.28202	6.05788e-05	-0.000160634	3.13965e-05	0.000673986	-0.00021366	0.000254226	0.273324	0.158548	0.270618	0.1	0.00765159
-1.83889	3.33017	-2.35734	-3.27742e-05	-0.00031611	2.88802e-05	0.000224893	-0.000143906	-0.000301341	0.272973	0.157937	0.27027	0.1	0.0106163
0.478152	-1.45358	-2.13413	1.32156e-05	2.87352e-05	-5.40764e-06	0.000116024	-4.28999e-05	5.17203e-05	0.272675	0.15742	0.269975	0.1	0.0108136
0.281179	2.87462	-1.63035	-1.89839e-05	-0.000290151	1.73545e-05	-2.08766e-05	7.09058e-05	0.00013309	0.272585	0.157264	0.269886	0.1	0.00893982
0.671495	0.468704	1.77516	0.000106854	-3.42122e-05	-3.71745e-05	-0.000176726	2.66824e-05	0.000342602	0.27236	0.156875	0.269663	0.1	0.0103619
0.578519	2.16714	0.43858	4.39685e-05	-0.000242029	-5.441e-05	8.81306e-05	-3.71158e-05	8.25836e-05	0.272313	0.156795	0.269617	0.1	0.00611182
1.3186	0.228626	-0.972753	-9.75787e-05	-9.9123e-05	-3.98212e-05	0.000256272	-0.000305407	0.000574971	0.271845	0.155987	0.269153	0.1	0.00655879
1.21613	0.951424	0.113314	-0.000130646	-9.64186e-05	-2.27015e-05	-0.000223378	-0.000383289	5.01425e-05	0.271451	0.15531	0.268763	0.1	0.0115714
1.85577	3.09751	-2.02236	-0.00013347	-0.000355213	6.16992e-05	4.14184e-05	-0.000505639	0.00034187	0.271375	0.155179	0.268688	0.1	0.00818373
0.223376	-0.663069	0.914854	-1.82448e-05	9.27197e-05	-3.55641e-05	1.20997e-05	-4.3626e-05	0.00018458	0.270927	0.154413	0.268245	0.1	0.0092504
1.79651	3.71312	0.392792	-5.90536e-06	-0.000414177	-6.608e-05	0.00049752	0.000159341	0.000406903	0.2707	0.154024	0.26802	0.1	0.00849383
0.406626	-3.83733	-2.21348	4.71151e-05	0.000181148	-6.1192e-05	0.000321981	0.000363907	0.000426356	0.270558	0.153782	0.267879	0.1	0.0113397
-0.125956	3.08805	0.726425	1.13288e-05	-0.000413293	-6.22128e-05	-0.000530202	-1.40111e-05	0.000454747	0.270297	0.153339	0.267621	0.1	0.00615381
1.43787	1.29754	-0.857656	1.40123e-05	-0.000252373	4.92905e-05	-2.85143e-05	-7.18509e-05	-7.68566e-05	0.270287	0.153322	0.267611	0.1	0.00777116
-2.37415	-1.8351	-1.61049	-2.82279e-05	0.00022466	-1.77079e-05	-0.000393668	0.000471134	0.000221775	0.270186	0.153149	0.267511	0.1	0.0118893
-0.924469	1.38472	-1.67733	-1.05202e-05	-0.000223197	-9.12684e-05	0.000208474	2.253e-05	-0.000272776	0.270182	0.153142	0.267507	0.1	0.00838733
-2.20988	1.47333	-0.85405	0.000383864	-8.19711e-05	4.18781e-05	3.91767e-05	0.000595331	0.000854567	0.270017	0.152863	0.267344	0.1	0.0101907
1.41328	-1.06538	-2.38905	-3.93507e-05	0.000196072	6.73702e-05	-0.000445017	0.000498338	-9.53327e-05	0.26995	0.152747	0.267277	0.1	0.00849022
1.55337	1.90581	-1.69731	3.51285e-05	-0.000119474	0.000111009	0.00012966	-0.000381622	0.000127283	0.269181	0.151447	0.266516	0.1	0.0070315
0.74717	1.67273	0.328116	-1.19306e-05	-0.0002561	-7.93947e-05	-0.00052905	0.00048731	4.52556e-05	0.269098	0.151308	0.266434	0.1	0.00565096
0.37863	3.30277	-0.599451	-3.59508e-05	-0.000405302	-2.00046e-05	2.80792e-05	-0.000430641	0.000464687	0.268805	0.150813	0.266144	0.1	0.00574265
-0.583279	-3.05712	1.13932	1.25718e-05	0.000365244	-5.13137e-06	-8.83259e-05	-0.000113849	-0.000170033	0.268767	0.150749	0.266106	0.1	0.00983174
0.851447	-1.87726	-2.2028	5.25284e-06	0.000238393	1.81394e-05	1.71508e-05	-0.00111277	0.00081154	0.268522	0.150336	0.265863	0.1	0.00801966
0.669664	1.92272	2.28474	-3.58065e-06	-0.000309672	9.5805e-05	-8.74534e-05	0.000189866	0.0002005	0.268425	0.150173	0.265767	0.1	0.00696722
1.37675	-2.57774	1.93726	5.48457e-05	0.000319859	-3.43256e-06	-7.83916e-05	-2.25643e-05	0.000477469	0.268352	0.150052	0.265695	0.1	0.0119099
-0.622298	3.8168	0.637684	-8.13533e-05	-0.000387147	-3.19114e-05	-0.000225447	0.000190481	5.69068e-05	0.268323	0.150002	0.265666	0.1	0.00795635
2.34495	-0.715731	0.844495	-5.71458e-05	0.00013126	4.41508e-05	-0.000127668	3.52497e-05	0.000190068	0.268231	0.149848	0.265575	0.1	0.00704876
-1.1881	2.26221	-1.62204	-0.00010997	-0.000243417	2.13039e-05	6.1607e-05	-8.51198e-05	-0.000190878	0.26816	0.14973	0.265505	0.1	0.00640245
-2.426	1.35413	-0.103701	2.40337e-05	-3.6914e-05	8.29359e-06	0.000116896	0.000261055	-0.000555997	0.268094	0.149619	0.26544	0.1	0.00880294
0.18486	-3.86735	-0.202482	-9.81786e-06	0.000302438	1.89485e-05	-6.62453e-05	0.000121708	0.000387541	0.267672	0.148914	0.265022	0.1	0.00602874
0.0977214	0.0973071	2.02723	1.65071e-05	5.19202e-07	6.03277e-05	3.5083e-05	0.000430803	0.00048713	0.267644	0.148867	0.264994	0.1	0.00875706
0.103728	0.241127	-1.91397	9.95932e-05	3.01854e-05	-7.67807e-05	0.000538215	-0.000119016	-0.000514824	0.267399	0.148458	0.264751	0.1	0.00812203
-0.855851	0.61749	-0.923026	6.89199e-05	-5.53677e-05	-1.28835e-07	0.000499374	-0.000317068	0.000205419	0.26738	0.148428	0.264733	0.1	0.00919846
-0.625041	-0.874026	0.524187	-4.80366e-05	3.45601e-05	-9.15534e-05	0.000359916	-0.00018138	0.000248064	0.267164	0.148068	0.264519	0.1	0.00744524
1.86785	2.22398	-2.03869	-1.87493e-06	-0.00012637	3.88627e-05	-0.000763094	0.000603084	0.000436002	0.266747	0.147375	0.264106	0.1	0.00843312
-2.18204	3.95388	1.11029	7.7995e-05	-0.000410691	-6.27251e-05	0.000264214	-0.000135758	0.00030762	0.266696	0.14729	0.264055	0.1	0.00644245
-0.493581	0.222315	-1.27189	2.7202e-05	-6.1736e-06	1.65152e-05	-6.99836e-05	-0.000445964	0.000494489	0.266657	0.147227	0.264017	0.1	0.0058241
-0.505195	-2.83947	0.489897	3.73529e-05	0.000355213	-1.1105e-05	3.27155e-05	4.03142e-05	-9.92802e-05	0.266646	0.147208	0.264006	0.1	0.0147115
-0.854972	1.04704	-2.08975	-2.8213e-05	-5.44825e-05	-4.22313e-05	-0.000375331	0.000375932	-0.000336408	0.266512	0.146986	0.263873	0.1	0.00707333
-0.0198188	2.84614	1.49339	3.02173e-05	-0.000373467	-3.73756e-06	-2.05588e-05	-2.37253e-05	4.75258e-06	0.266395	0.146792	0.263757	0.1	0.00608775
2.48239	-2.57926	-0.45019	4.83901e-05	9.9843e-05	9.83201e-05	0.000373288	0.00025725	-0.00044309	0.26634	0.146702	0.263703	0.1	0.0146115
-1.97559	-1.40309	0.320917	-8.26553e-05	4.396e-05	0.000116531	-0.000189576	-0.000155367	0.000535033	0.266286	0.146613	0.26365	0.1	0.0108007
-1.59501	3.76708	1.29963	-3.45994e-05	-0.00053364	-9.91455e-06	-0.000293344	5.23829e-05	-0.000453585	0.266192	0.146457	0.263556	0.1	0.00741885
-0.93423	-0.676714	-1.44733	0.000142892	0.0001282	-0.000134171	-0.00024564	-0.000188869	-9.61686e-06	0.266027	0.146186	0.263393	0.1	0.0138994
-2.05918	3.44923	2.17177	-2.9293e-05	-0.000350643	1.60611e-06	-0.00017014	1.34217e-05	-0.000412891	0.265875	0.145936	0.263243	0.1	0.00643501
1.26816	1.6151	0.277806	-2.45824e-06	-5.32853e-06	-0.000190764	-0.000338864	-0.00101034	-0.000512966	0.265741	0.145715	0.26311	0.1	0.00561298
1.29379	-2.85055	-0.98347	3.40361e-07	0.00029424	4.96442e-05	0.000245353	0.000129647	-3.96057e-05	0.265638	0.145545	0.263008	0.1	0.00848494
-0.282627	0.658791	-1.44547	-1.83912e-05	-0.000149975	-7.32695e-05	-0.00072557	9.34395e-05	-0.000314795	0.265491	0.145302	0.262862	0.1	0.00605997
1.91444	-0.926253	2.37246	-7.89289e-05	0.000172606	7.21169e-05	-0.000336415	-0.000352334	-0.000164112	0.265259	0.144924	0.262633	0.1	0.00978905
1.30618	2.35125	0.940288	1.04515e-05	-0.000279777	-3.2096e-05	-0.00040556	-0.000187514	-0.000189044	0.264796	0.144165	0.262174	0.1	0.00702974
0.650223	-3.75511	0.0275994	0.000100239	0.000490359	-4.01908e-05	0.000499391	-0.000172857	0.000865365	0.264249	0.143274	0.261633	0.1	0.00920057
-1.79392	2.08067	2.48786	-2.54025e-07	-0.000191686	4.53229e-05	8.74993e-05	-5.87853e-05	9.48253e-05	0.264167	0.14314	0.261551	0.1	0.00994298
-0.363704	-1.47654	1.69793	6.95146e-05	0.000180191	-8.45106e-05	0.000339696	9.94271e-05	-0.000424765	0.264016	0.142895	0.261402	0.1	0.0071475
0.050137	2.76062	0.350429	0.000101092	-0.000272287	-0.000148156	0.000950535	0.000228404	0.000299242	0.263903	0.142711	0.26129	0.1	0.0105158
0.511382	-1.12968	0.510871	3.57496e-05	4.49221e-05	1.59868e-05	-0.000481382	-7.24814e-05	4.47076e-05	0.263737	0.142442	0.261126	0.1	0.00749751
1.37964	-3.707	-1.80408	-1.82821e-06	0.000447837	-5.07671e-06	0.000163793	0.000130427	-0.000287799	0.263591	0.142206	0.260981	0.1	0.00885562
-0.0410789	-1.20563	-0.737983	-2.06095e-05	-0.000211333	0.000289964	-0.00111814	-0.00131665	-0.00142226	0.263502	0.142062	0.260893	0.1	0.0102217
1.41364	-2.59332	-1.90451	2.48072e-05	0.000279698	7.9359e-05	-0.00067605	-0.000108931	0.00010565	0.263392	0.141884	0.260784	0.1	0.00825192
1.31987	-0.829492	1.71823	-1.91391e-06	0.000156727	1.67546e-05	-1.86626e-05	-6.97668e-05	-0.000102138	0.263362	0.141834	0.260754	0.1	0.00615385
0.811221	-0.0373512	0.933345	-5.75571e-06	8.05573e-05	2.91543e-06	-0.000110428	7.38457e-06	1.83133e-05	0.263318	0.141765	0.260711	0.1	0.00685673
-1.09844	3.83197	0.860161	-5.61978e-05	-0.000376374	2.43653e-05	-5.87741e-05	-3.05965e-06	-7.12963e-05	0.262863	0.14103	0.26026	0.1	0.00961207
-1.61047	4.01802	-2.37061	5.79019e-05	-0.000406526	-4.34302e-05	0.000254857	-4.14696e-06	0.00035431	0.262474	0.140406	0.259875	0.1	0.00967211
-0.864245	1.667	0.855933	-2.53371e-05	-3.01532e-05	-4.56278e-05	0.000193127	5.05885e-05	-0.000164214	0.262445	0.140359	0.259847	0.1	0.00967894
2.02926	1.04794	1.2391	-0.000229342	-5.42175e-05	-3.54212e-05	0.000135391	-0.00104559	-0.00038979	0.262382	0.140258	0.259784	0.1	0.00771591
0.457361	-2.37605	1.69275	4.71836e-05	0.00026682	4.82222e-05	0.000847406	-0.00071925	-0.000483627	0.262307	0.140138	0.25971	0.1	0.00811103
2.30131	3.29769	-0.608221	-7.89616e-05	-0.000319902	-0.000120817	0.000687017	0.000185413	-2.20838e-05	0.261855	0.139414	0.259262	0.1	0.00803294
-0.313577	0.00219942	-1.71129	6.67897e-05	0.000127964	-7.79045e-05	-0.000958854	-0.000106633	0.000335358	0.261739	0.13923	0.259148	0.1	0.00509302
0.350892	-0.651963	0.403582	3.86888e-05	-1.98482e-05	-2.5087e-05	2.76902e-05	0.000456939	-0.000169035	0.261522	0.138883	0.258933	0.1	0.0055367
0.392997	-2.64159	-1.6116	-1.90958e-05	0.000272892	5.68769e-05	3.86718e-05	6.59919e-06	-0.000110494	0.261188	0.138352	0.258602	0.1	0.00998333
-0.13389	3.54928	0.478782	-0.000103536	-0.000454671	-9.771e-05	0.000351759	-0.000366379	0.000227332	0.260995	0.138045	0.258411	0.1	0.00647051
1.64	-1.23143	1.7052	-2.54015e-05	0.000188625	5.7638e-05	-5.62131e-05	-5.42263e-05	0.000148689	0.26082	0.137768	0.258238	0.1	0.00728871
0.0255789	-0.373079	-1.80796	0.000141543	0.000163448	9.71355e-05	1.37402e-05	0.00017463	0.000117433	0.260716	0.137603	0.258135	0.1	0.00795469
2.10336	-0.613048	1.29738	-8.70105e-05	0.000199294	5.51155e-06	-0.000301479	8.9902e-05	0.000407786	0.260608	0.137432	0.258028	0.1	0.00894183
1.56609	0.457825	0.559536	7.25042e-06	3.01903e-05	-6.91348e-05	1.08721e-06	-0.000205167	0.000240817	0.260419	0.137134	0.257841	0.1	0.010735
-0.143561	2.64726	-1.33379	-6.94497e-05	-0.000298715	1.37635e-05	-2.68749e-05	0.000270714	-0.000184902	0.25964	0.135906	0.257069	0.1	0.00903227
2.43553	-1.66948	-0.443163	-2.55148e-05	0.000255223	-5.35845e-05	-0.000952608	-0.000185387	0.000444317	0.259308	0.135386	0.256741	0.1	0.0113327
0.780248	-2.78434	-0.891477	-2.64501e-05	0.000304477	4.52665e-05	4.82645e-05	1.18188e-05	-0.000213272	0.259076	0.135023	0.256511	0.1	0.00419976
1.30163	1.99912	-0.0671732	6.54745e-05	-0.000148648	-0.000322028	-0.000340134	0.00125569	4.564e-05	0.25907	0.135014	0.256505	0.1	0.00678707
-1.1307	-0.578411	1.33297	-3.30812e-05	-4.73805e-06	-1.53271e-05	-0.000306321	-6.91332e-05	0.000435178	0.258949	0.134824	0.256385	0.1	0.00844632
2.3488	1.45523	2.00982	-4.77239e-05	-0.000141839	0.000134735	-0.000108251	-6.95709e-05	0.000119858	0.258858	0.134682	0.256295	0.1	0.0154349
-0.285453	2.82373	-2.13596	4.1515e-05	-0.000317753	-2.66116e-06	0.000394218	-0.000407616	8.08416e-05	0.258625	0.134319	0.256064	0.1	0.00986265
0.358594	3.97349	2.31617	-2.40719e-05	-0.000463767	-0.000133863	0.000489831	0.000340504	0.000487901	0.25855	0.134202	0.25599	0.1	0.00832721
0.215755	-1.72192	-0.414282	-1.18875e-05	0.000242513	7.16664e-05	0.000235826	-8.96612e-05	0.000317781	0.258498	0.134122	0.255939	0.1	0.00632526
-1.11896	3.6525	-1.00968	-2.76152e-05	-0.000305323	-2.14667e-05	5.6026e-05	-1.86469e-06	-0.000229727	0.258358	0.133903	0.2558	0.1	0.00710468
-1.70888	-3.46029	0.526269	1.253e-05	0.000397737	2.57201e-06	0.0004826	0.000517319	-5.50276e-05	0.258082	0.133476	0.255527	0.1	0.0112521
-0.847428	-3.72504	-0.150055	-5.89339e-05	0.000428607	3.64146e-05	2.70193e-06	7.55196e-05	-2.95611e-05	0.257965	0.133294	0.255411	0.1	0.00757401
-1.50407	-1.79265	-2.45961	6.49847e-05	0.000229163	-6.04176e-05	8.96188e-05	-6.41196e-05	1.22677e-05	0.25795	0.133271	0.255396	0.1	0.0056191
1.15891	-0.608353	-0.60677	-6.00762e-08	2.83176e-07	-6.05954e-08	-2.44193e-24	7.59541e-26	2.53994e-24	0.257891	0.13318	0.255338	0.1	0.00730027
-0.0774691	2.37196	0.710927	1.11851e-05	-0.000237749	9.85577e-10	0.000344614	7.01706e-07	-0.000135248	0.25788	0.133161	0.255327	0.1	0.00849664
-0.395884	-1.8253	1.30525	3.34558e-05	0.000220611	3.52067e-05	-0.000138269	-0.000220235	-1.69801e-05	0.257497	0.13257	0.254948	0.1	0.00611184
-1.8355	3.41678	1.66279	7.89305e-05	-0.00037015	-0.000162785	0.000427169	-0.000412407	0.000351724	0.257171	0.132066	0.254625	0.1	0.00485364
1.7109	2.36361	-0.256193	0.000170068	-2.24885e-05	-1.14752e-05	-9.84376e-05	2.60297e-05	-0.000407706	0.257045	0.131872	0.2545	0.1	0.0110504
0.571228	0.584677	0.295117	3.65467e-05	-0.000252455	-0.000135321	0.000675791	0.000119545	-5.37799e-05	0.257002	0.131805	0.254457	0.1	0.0128488
0.0258126	-2.80586	1.74651	1.7187e-05	0.000217212	-4.85518e-05	-0.000118606	-9.48971e-05	-0.000255227	0.2563	0.130728	0.253762	0.1	0.00698939
1.96201	1.19596	-0.893863	1.49637e-06	-0.000357526	-0.000173004	0.000280027	-0.000227154	-0.000169226	0.256161	0.130517	0.253625	0.1	0.00748996
1.53324	3.01848	-2.42526	-0.000113586	-4.25597e-05	-1.4877e-05	5.49732e-05	-6.13766e-05	-0.000511021	0.256037	0.130326	0.253502	0.1	0.00932931
0.349958	-0.522778	2.30178	-4.18557e-05	8.0438e-05	2.41136e-05	9.70499e-05	0.000370957	-0.00017362	0.255995	0.130262	0.25346	0.1	0.00649672
1.06696	2.46293	-0.494525	-7.7372e-05	-0.000376026	5.93909e-05	0.000314765	2.84361e-05	0.000332638	0.25592	0.130148	0.253386	0.1	0.00911448
-2.14313	-0.561632	-1.2517	5.6318e-05	1.74266e-05	2.60493e-05	0.000134174	-0.000201054	-0.000156271	0.255837	0.130021	0.253304	0.1	0.0136658
0.359318	1.21853	1.08869	2.22178e-05	-0.000238322	-5.45369e-05	-0.000376833	0.000396864	-0.000355524	0.255747	0.129885	0.253215	0.1	0.00797286
-0.019982	1.30871	1.90199	7.98045e-05	-0.000145273	-3.91164e-05	-0.000282832	0.00023506	0.000390737	0.255291	0.129191	0.252763	0.1	0.00678861
0.431892	-3.42073	-0.937052	-2.28673e-05	0.000406843	2.86676e-05	-0.000376089	-9.82677e-05	-0.000350642	0.255224	0.129089	0.252697	0.1	0.0042171
-1.10713	1.48628	-2.14864	3.00033e-05	-0.000139599	-5.48056e-05	-3.24732e-05	-5.94106e-05	-2.83176e-05	0.255101	0.128903	0.252575	0.1	0.00648393
-1.02889	1.12835	1.56887	-5.81885e-05	-7.10986e-05	-6.65545e-05	-0.000308126	0.000679699	0.000173618	0.254823	0.128482	0.2523	0.1	0.0151985
1.58938	-2.80278	-2.33689	5.08724e-05	0.000300025	8.56647e-05	0.000441922	0.000347466	0.000694715	0.254506	0.128002	0.251986	0.1	0.00740584
-0.304419	1.20866	-0.374141	2.31214e-06	-3.4542e-06	2.95742e-07	-5.8713e-24	-1.92933e-24	-3.3498e-23	0.254402	0.127845	0.251883	0.1	0.0124311
1.66076	-3.5511	-2.20417	-4.12443e-05	0.000498543	4.63891e-05	-0.000638723	3.17292e-05	-0.000479126	0.254272	0.127649	0.251754	0.1	0.00610301
-0.952277	-1.10729	1.61466	-6.26136e-05	0.00016621	-2.82925e-05	0.000105608	0.000243991	0.000325489	0.254252	0.127621	0.251735	0.1	0.00768003
-1.70246	0.673278	-0.178608	1.63517e-05	-8.14473e-05	-6.24712e-05	-7.4438e-05	-2.34533e-05	-0.000175298	0.254212	0.12756	0.251695	0.1	0.00975185
1.03792	-2.24721	-1.89365	1.00229e-05	0.000254801	3.08515e-05	0.000413494	0.000154237	2.87018e-06	0.254199	0.127539	0.251682	0.1	0.00656359
1.21633	1.62689	0.875601	-9.16968e-05	-0.000138497	0.000118187	0.000268019	0.000404261	0.000323206	0.254057	0.127328	0.251542	0.1	0.00601131
1.33992	3.37076	-1.95972	-0.000120477	-0.000287648	1.03274e-06	0.000122395	-3.01932e-05	2.07524e-05	0.253567	0.126591	0.251056	0.1	0.00941
-1.37222	-0.86274	-0.124845	3.55036e-06	7.66518e-05	-5.98424e-05	-3.74758e-06	-0.000178229	3.02973e-05	0.253456	0.126426	0.250947	0.1	0.00616628
1.04085	1.32676	1.31998	0.000104113	-0.000141085	2.63406e-06	-5.4198e-05	-0.000647577	5.22946e-05	0.253434	0.126392	0.250925	0.1	0.00636825
-2.38486	2.78623	-2.02286	-6.57553e-05	-0.000204216	0.000119322	-0.000234276	7.41818e-05	-0.000256046	0.253312	0.12621	0.250804	0.1	0.0117314
1.23579	-0.586045	-2.47985	6.89203e-05	0.000134284	4.35179e-05	0.000359842	-7.21086e-05	-0.000324625	0.253184	0.126018	0.250677	0.1	0.00892149
0.851281	0.96568	1.60516	0.000135962	-9.12826e-05	1.21792e-06	-0.000248001	-2.82418e-06	0.000514559	0.253182	0.126015	0.250675	0.1	0.00527887
-0.607402	2.42118	1.06468	1.11627e-05	-0.000236873	2.71148e-05	0.000147584	8.33249e-05	0.000197096	0.253176	0.126006	0.250669	0.1	0.00735715
1.87103	-0.885969	0.720994	3.65208e-06	0.000220229	6.27747e-05	-6.40332e-05	3.97037e-05	-8.61509e-05	0.253012	0.125762	0.250507	0.1	0.00756475
-2.14729	1.32052	-2.31471	-1.05331e-05	-4.92902e-06	-2.94388e-05	-0.000172988	-0.000136666	-5.08761e-05	0.252518	0.125027	0.250018	0.1	0.00709333
0.407703	0.215291	-0.906463	-4.96134e-05	-0.000100307	-3.56284e-05	-0.000362745	-0.000107108	-0.000205474	0.252479	0.124968	0.249979	0.1	0.00907497
2.26241	2.97341	-2.31853	-3.78815e-05	-0.000212695	0.000136325	-0.000657749	0.000321112	-0.000588033	0.25247	0.124955	0.24997	0.1	0.00647054
1.25364	-1.13128	-1.11187	-6.27341e-05	0.000185495	2.66437e-05	1.53235e-05	0.000103787	-7.97932e-05	0.252451	0.124927	0.249951	0.1	0.0108756
1.04558	-1.40301	-2.25545	-0.00010898	0.0002942	0.000134997	-0.000408838	-0.000955968	-0.000128843	0.252394	0.124843	0.249895	0.1	0.0147018
-1.72659	-2.74909	-1.53071	2.48882e-05	0.000272757	1.73731e-05	0.000379176	-0.000401349	9.29139e-05	0.251969	0.124213	0.249474	0.1	0.00868508
0.743524	-3.79621	-1.05759	6.684e-06	0.000415901	4.63691e-05	-6.60034e-05	1.34713e-05	-0.000345461	0.251672	0.123775	0.24918	0.1	0.00682912
0.303979	-1.66897	2.10259	6.25707e-05	0.00016298	5.08562e-05	-0.000146105	0.000297239	0.000221861	0.251598	0.123666	0.249107	0.1	0.00991554
-1.37329	-1.63159	1.62316	4.44787e-05	0.000303439	-2.91695e-05	-0.000165246	3.66451e-05	0.000296461	0.251461	0.123464	0.248971	0.1	0.00639738
0.151715	-2.8665	2.23235	-1.47361e-05	0.000110727	-5.86229e-05	-9.92553e-07	-5.76076e-05	-0.000435263	0.251337	0.123281	0.248849	0.1	0.00977622
-1.99066	-1.17116	0.844638	-1.54835e-05	0.000120392	2.07421e-05	3.87955e-05	9.24215e-05	-0.000114653	0.251292	0.123215	0.248804	0.1	0.00767196
1.99649	-3.91706	-2.15677	-6.3555e-05	0.000488874	-4.53595e-05	-0.000169292	8.05838e-05	0.000354698	0.251252	0.123155	0.248764	0.1	0.00687143
0.321991	-1.00051	-1.05323	-0.000235211	0.000129702	7.59145e-05	0.000549643	0.000609615	0.000709952	0.251159	0.123019	0.248672	0.1	0.0104989
0.447382	-3.81744	-0.636826	-6.06687e-05	0.000431633	3.04689e-05	0.000281514	-2.54495e-05	0.000239314	0.250885	0.122618	0.248401	0.1	0.00553853
-1.07477	-1.02735	-2.35596	6.22982e-05	0.000126804	-9.1835e-05	0.000106435	-0.000150213	0.000258451	0.250767	0.122444	0.248284	0.1	0.0107396
1.9838	-3.04312	-2.14984	0.000120731	0.000266598	-0.000120009	6.24024e-07	-0.000394062	0.000197249	0.250701	0.122347	0.248219	0.1	0.00693287
0.900792	-1.47822	-1.05523	-7.93131e-05	0.000214075	0.000102471	0.000824933	0.000691342	0.00112362	0.250676	0.122311	0.248194	0.1	0.0105722
1.77343	3.60575	-2.06152	-7.12919e-05	-0.00035189	-4.57245e-05	0.00015237	-0.000418365	-8.99744e-05	0.250667	0.122297	0.248185	0.1	0.00573043
0.216247	-3.84762	-1.07784	-6.52897e-05	0.000450659	2.15544e-05	0.000277312	-0.000477043	-7.33632e-05	0.250642	0.12226	0.24816	0.1	0.00523932
-1.45939	-0.722216	-2.39128	4.10834e-05	5.11334e-05	-7.86503e-05	0.000258769	-2.65717e-05	5.26936e-05	0.250299	0.12176	0.247821	0.1	0.00824256
0.567702	-1.3662	-0.358753	8.17406e-05	0.000163701	-1.33175e-05	-0.000385836	0.00043785	-0.000804622	0.25018	0.121585	0.247703	0.1	0.00959792
-0.286531	-2.68769	2.38223	4.75533e-05	0.000247198	-2.8617e-05	0.000513607	0.00013809	0.000162645	0.250152	0.121546	0.247675	0.1	0.00708405
-2.48498	-3.12418	-1.95345	3.14376e-05	0.000295371	1.09168e-05	-0.000242276	1.795e-05	1.42456e-05	0.250067	0.121421	0.247591	0.1	0.00623785
-0.0381471	1.63206	2.29568	4.72181e-05	-7.06313e-05	-3.00485e-05	5.69857e-05	-0.000107284	0.000315603	0.250057	0.121407	0.247581	0.1	0.0084322
-2.19929	1.00693	-1.07109	0.000104603	-5.23476e-05	-4.03124e-05	4.25167e-05	-9.73196e-05	-0.000307523	0.249982	0.121297	0.247507	0.1	0.00559855
-1.70549	-0.243458	-1.22925	5.8288e-05	5.40908e-06	-6.65267e-05	2.87595e-05	-8.51763e-05	4.53534e-05	0.249805	0.121041	0.247332	0.1	0.0106054
-1.30777	0.904053	-2.26133	1.2769e-06	-4.90803e-05	-1.24074e-05	-0.000310377	-0.000665919	-5.95981e-05	0.249501	0.120599	0.247031	0.1	0.00938824
1.19278	-3.79724	0.0924025	0.000150178	0.000481384	6.35004e-05	0.000590093	-0.000928431	0.000110783	0.249491	0.120585	0.247021	0.1	0.00885368
0.955954	2.03183	0.759671	-6.95353e-05	-0.000191275	4.78257e-05	-0.000669592	-0.000372112	-0.000393876	0.249466	0.120547	0.246996	0.1	0.00690631
0.0272947	0.260454	-1.375	2.1e-05	-0.000103029	2.62853e-05	5.53687e-05	0.000140623	0.000470604	0.249265	0.120257	0.246797	0.1	0.00726653
0.737051	-1.08717	-1.30917	-0.000229463	0.000132696	8.66857e-05	-0.000984854	-0.000571575	-0.000442409	0.24919	0.120149	0.246723	0.1	0.0121722
0.618633	-0.613666	-0.962995	-3.91834e-07	-5.08393e-07	-1.67524e-07	-1.01148e-24	4.38191e-25	1.04184e-23	0.249006	0.119884	0.246541	0.1	0.0143919
-1.42811	2.33502	-0.963662	3.45762e-05	-0.00020789	4.22775e-06	-0.000396895	0.000211843	0.00051663	0.248917	0.119754	0.246452	0.1	0.0107808
2.19587	0.642123	1.94835	0.000127834	-6.23305e-07	-6.7823e-05	8.94555e-05	0.000223296	2.48431e-05	0.24891	0.119744	0.246446	0.1	0.0103674
1.83607	0.08213	1.3769	-9.30412e-06	-4.06127e-05	0.000229189	0.00225599	0.00157975	0.000377258	0.248903	0.119734	0.246439	0.1	0.00761307
-1.26069	-0.0663939	-2.42812	2.7148e-05	1.26714e-06	-6.36846e-05	4.76425e-05	5.28895e-05	0.000281481	0.248902	0.119733	0.246438	0.1	0.00757144
-1.58471	2.98382	1.67203	1.29928e-05	-0.000402398	0.000110227	-0.000984967	-0.000325512	-0.000516085	0.248378	0.118978	0.245919	0.1	0.00818327
1.50522	1.15133	1.31348	0.000118414	-6.18246e-05	-3.21322e-05	0.000176094	0.000269521	0.000334224	0.248178	0.11869	0.245721	0.1	0.00568775
-0.3315	0.4782	-2.01576	-1.97166e-06	-0.00023457	-0.000163466	-0.000221782	0.000174543	-4.42357e-05	0.24787	0.118249	0.245416	0.1	0.00697138
-1.28985	-0.238147	2.1135	5.11408e-06	6.76251e-05	-5.3248e-05	8.77978e-05	0.000190083	-0.000338761	0.247827	0.118187	0.245373	0.1	0.00711555
-1.61371	-1.27251	1.39743	4.53281e-07	0.000175496	-6.23332e-05	-5.7666e-05	0.000158909	1.05808e-05	0.247767	0.118102	0.245314	0.1	0.00787447
-1.68584	-3.52698	1.25842	2.55097e-05	0.000444219	3.08167e-06	0.000169845	-3.49745e-05	-9.91448e-05	0.247735	0.118056	0.245282	0.1	0.00872931
1.03881	-3.44937	1.15378	-2.89075e-08	5.08942e-08	-2.47758e-08	-4.75481e-25	8.87713e-26	2.53069e-25	0.247707	0.118015	0.245254	0.1	0.00960826
-0.046758	3.77728	0.978533	2.13385e-05	-0.000389976	-2.97862e-05	8.58334e-05	-0.000124725	-0.000124198	0.247608	0.117873	0.245156	0.1	0.00809392
-1.68364	3.31724	0.971427	8.14244e-05	-0.000538476	-3.73119e-05	-0.000393343	-0.000262464	4.10599e-05	0.247575	0.117828	0.245124	0.1	0.00786222
1.47455	0.786803	-0.872883	1.14035e-05	-0.000251075	1.3087e-05	0.000194252	-2.16027e-06	6.4141e-05	0.247232	0.117337	0.244784	0.1	0.00913074
0.121099	-3.4368	-1.32469	-5.84564e-05	0.000424106	4.83162e-05	-0.000222038	-3.56984e-05	0.000401013	0.247018	0.117033	0.244572	0.1	0.00754556
0.244398	2.09207	-1.35609	-6.09275e-05	-0.000302771	4.90746e-05	4.41029e-05	-0.000161465	-0.00025207	0.246945	0.11693	0.2445	0.1	0.00745014
-1.91838	3.34533	-1.15032	-3.49002e-05	-0.000337705	1.1124e-05	-0.000235723	-0.000125235	0.000203681	0.246862	0.116812	0.244418	0.1	0.0100482
-0.168668	0.510722	2.25726	1.77237e-05	-5.25268e-05	-3.82146e-05	-0.00018456	-0.000183705	7.92673e-05	0.24683	0.116767	0.244386	0.1	0.00781081
-0.793812	-1.5368	1.43971	5.04532e-05	0.000273633	-5.32739e-05	-8.14957e-05	3.83833e-05	0.000224901	0.246791	0.116712	0.244348	0.1	0.00663871
0.24484	3.42894	0.808326	-2.41086e-05	-0.000413823	4.50987e-05	-0.000113606	-0.000153655	-0.000101529	0.246746	0.116648	0.244303	0.1	0.00570726
-0.267376	4.00808	0.330281	-8.30708e-05	-0.000446972	-2.91229e-05	5.64397e-05	-0.000158584	-0.000139142	0.246741	0.11664	0.244298	0.1	0.00720869
-0.148688	1.42968	-0.796182	-1.3424e-05	-0.000101811	-0.000178335	7.70285e-05	0.000378389	0.000330109	0.246625	0.116476	0.244183	0.1	0.0065501
1.33988	3.68222	0.8183	-0.000139411	-0.000432245	7.27877e-05	-3.12805e-05	-2.20077e-05	-9.50199e-05	0.246618	0.116465	0.244176	0.1	0.00903002
-0.352445	0.325935	0.143775	4.35021e-05	-0.000122222	4.16805e-05	-0.000149962	-9.67728e-05	0.000751082	0.246595	0.116433	0.244153	0.1	0.00626486
1.73256	2.74305	-0.578318	0.000152332	-9.96319e-05	-0.000108153	-0.000277993	-0.000138859	0.000877886	0.246366	0.11611	0.243927	0.1	0.0105555
-0.834542	-1.38902	-0.0288809	4.55491e-06	-2.89553e-06	-1.87306e-05	-2.64829e-05	-8.66167e-05	6.55614e-06	0.246308	0.116027	0.243869	0.1	0.00979191
0.0632458	1.12524	0.100162	-2.94821e-05	-0.000199871	-5.49857e-06	-1.03589e-05	0.000170457	1.73702e-05	0.246304	0.116021	0.243865	0.1	0.012943
-1.22737	-1.04714	1.20991	1.12591e-05	5.57036e-05	-5.21324e-05	0.000292204	-0.000152888	-0.000393437	0.24629	0.116001	0.243851	0.1	0.00620201
-1.08186	2.02068	1.21326	2.81847e-05	-0.000218757	7.58505e-05	-0.000216908	0.00045873	-8.63696e-05	0.246171	0.115834	0.243734	0.1	0.008101
0.634981	3.76829	-0.599199	-3.60633e-05	-0.000355588	1.5767e-05	-0.000248252	0.000174182	-9.60857e-05	0.246104	0.115739	0.243667	0.1	0.00470305
0.679511	-3.29586	0.856305	6.42807e-09	1.03035e-05	6.16878e-07	-1.52673e-23	3.99559e-25	2.73269e-24	0.245924	0.115485	0.243489	0.1	0.0098136
-2.29812	0.851159	2.30219	8.72355e-05	5.30022e-05	0.000107389	-0.000131757	-0.000209862	-4.76515e-05	0.245818	0.115336	0.243384	0.1	0.0094934
1.35098	0.605016	-1.32072	-7.39153e-06	-7.13604e-05	3.62626e-05	8.55206e-05	-0.000127493	-0.000236738	0.24563	0.115072	0.243198	0.1	0.0101262
-0.612942	0.448021	-2.41135	-3.90437e-05	-0.000153527	-0.00010346	0.000870661	6.85986e-05	0.000493052	0.245492	0.114877	0.243061	0.1	0.00945786
2.17009	2.40547	1.43552	5.45341e-08	-4.1461e-08	5.98987e-07	8.77878e-25	9.50972e-26	-2.00006e-25	0.245444	0.114812	0.243014	0.1	0.0107812
2.48286	-3.17243	0.33127	-2.21868e-05	0.000290966	-3.07104e-05	5.09076e-05	0.000188473	5.93696e-05	0.245374	0.114714	0.242945	0.1	0.0109937
-0.716711	-0.239322	-1.543	0.00011567	8.54169e-05	-8.42059e-05	-8.14683e-05	-0.000534378	0.000319394	0.245244	0.114531	0.242816	0.1	0.00530738
0.76086	-3.48952	2.24498	5.0725e-06	0.000189686	2.84656e-05	-0.000183043	0.000444739	-0.000137269	0.245189	0.114453	0.242761	0.1	0.00647234
1.44326	3.35068	0.426071	2.53277e-05	-0.000369458	1.58659e-06	-0.000146746	0.000543299	-0.000414032	0.244966	0.114142	0.242541	0.1	0.0119281
-0.40701	0.8367	-0.959423	2.53634e-05	-8.61616e-05	2.69805e-05	-0.000565173	0.000227863	-0.000186789	0.244953	0.114123	0.242528	0.1	0.0053362
-1.96938	-0.979108	0.0447825	-4.52126e-05	-3.5107e-05	-8.10979e-06	5.20007e-05	-4.73761e-05	-0.000250406	0.244934	0.114096	0.242509	0.1	0.00849511
0.21196	-1.009	1.63571	7.91366e-05	9.36775e-05	-2.61701e-05	-2.85075e-06	0.000234623	0.000419278	0.244844	0.113972	0.24242	0.1	0.00694637
-0.729302	-2.73281	-1.98764	4.33365e-05	0.000277505	2.86399e-05	7.15099e-05	0.000179946	-0.000503472	0.244741	0.113827	0.242318	0.1	0.0111972
-0.209908	2.70716	1.04988	2.77956e-05	-0.000306895	2.97184e-05	3.09678e-05	-5.28748e-05	-0.000412055	0.244734	0.113818	0.242311	0.1	0.00610166
2.45899	-2.11313	1.15124	8.60837e-05	0.000209297	-2.12697e-05	0.000365315	-0.000207341	-0.000494357	0.244542	0.11355	0.242121	0.1	0.00980541
0.138823	-1.49069	1.67597	5.47802e-05	0.000129289	5.8717e-05	0.000151434	-0.000379432	0.000154456	0.244486	0.113471	0.242065	0.1	0.00661838
0.872526	-2.50398	-1.2904	-1.60299e-05	0.000297287	8.28888e-05	4.21076e-05	0.000172636	-5.15356e-05	0.244454	0.113428	0.242034	0.1	0.00705691
0.688526	2.68212	-0.249199	-6.93626e-08	2.42477e-08	2.35398e-07	3.91349e-19	1.28968e-19	1.2021e-19	0.2444	0.113351	0.24198	0.1	0.0064713
1.24273	2.73062	2.28813	-0.000129595	-0.000211596	3.14442e-05	-0.000697437	-0.000273534	0.000277452	0.244162	0.113022	0.241745	0.1	0.0110706
-2.34766	-0.982404	0.346184	-3.3701e-05	7.58219e-05	1.35479e-05	-7.65687e-07	0.000144568	-0.000370041	0.24414	0.112991	0.241723	0.1	0.00763387
-0.0964325	-3.91613	-2.14726	-2.40485e-05	0.000362568	-1.33882e-05	0.000127332	-0.00016741	-0.000137686	0.244103	0.112939	0.241686	0.1	0.00830285
0.343954	-2.95333	-1.06148	-9.2096e-06	0.000381876	5.7267e-06	0.000310555	9.51646e-05	0.000342478	0.244062	0.112883	0.241646	0.1	0.00682341
-0.335431	1.22083	-1.23682	2.81792e-05	-0.000222352	-9.03018e-05	-2.99617e-06	0.000298148	-2.49167e-05	0.243921	0.112687	0.241506	0.1	0.00414732
-1.3879	3.03088	0.0315973	-4.82025e-05	-0.000260063	-8.14719e-06	-0.00025215	9.46204e-05	0.00011956	0.243692	0.112369	0.241279	0.1	0.00820469
0.913029	1.6508	1.93332	3.06388e-05	-0.000203777	3.90192e-05	0.00040953	-4.81671e-05	0.000269557	0.24367	0.112339	0.241257	0.1	0.00936741
-1.41618	-1.2749	-0.380942	7.15274e-05	0.000100408	-7.10994e-05	1.99183e-05	0.000101453	0.000167269	0.243648	0.11231	0.241236	0.1	0.00962812
-2.05268	2.16522	-0.949993	4.58382e-05	-0.000248439	0.000137767	-8.05006e-05	-7.51248e-05	6.65581e-06	0.243387	0.111948	0.240977	0.1	0.00706119
-2.29809	0.97534	-0.590552	-4.16394e-07	-3.30335e-07	-3.39014e-07	-6.42479e-24	1.01832e-23	6.46023e-24	0.243111	0.111568	0.240704	0.1	0.00846953
-2.3522	-2.59097	1.20184	-1.24899e-05	0.000327819	-4.3774e-05	0.000117213	-0.000293228	-5.73908e-05	0.242966	0.111368	0.24056	0.1	0.00919366
0.756387	1.48162	0.793892	-2.42333e-05	-0.000145552	-6.38553e-05	0.000100476	-0.000223996	-0.000835292	0.242842	0.111198	0.240438	0.1	0.00451808
-1.64339	3.9431	-1.06216	1.37653e-05	-0.000382488	1.50727e-05	0.000360884	0.0001201	0.000285364	0.242774	0.111104	0.24037	0.1	0.00951408
1.52338	-0.68556	-2.07182	0.000246206	5.74955e-05	0.000135106	0.00100798	-0.000144329	-0.00111825	0.242496	0.110724	0.240095	0.1	0.0122741
1.77611	-1.23177	1.2111	-3.44998e-05	0.000217583	3.0505e-05	-0.000209278	-0.00012975	0.000245479	0.242131	0.110225	0.239734	0.1	0.00808708
1.11584	-0.423247	2.0644	5.38441e-05	0.000175464	-2.85879e-05	-2.69791e-05	-3.4134e-05	-0.000270471	0.241931	0.109952	0.239536	0.1	0.00900078
-0.900449	-3.94204	-0.912019	-0.000182055	0.000340141	-9.67193e-05	-0.000400967	0.000118621	0.000600157	0.24193	0.10995	0.239535	0.1	0.00753306
-2.15954	0.832911	-0.0794861	6.33079e-07	-1.82547e-07	-1.36752e-07	2.75475e-24	4.69881e-24	-3.7348e-24	0.241739	0.109691	0.239346	0.1	0.0117069
-1.21474	-0.725634	-1.86359	-2.31448e-07	-2.48483e-09	-3.45382e-07	1.46816e-24	-1.35109e-23	-1.73093e-25	0.241738	0.109688	0.239345	0.1	0.0135744
-1.8762	-3.75982	0.879233	6.73218e-05	0.000411388	-8.18767e-08	-0.000426617	-0.000265853	-3.78556e-05	0.241731	0.109679	0.239338	0.1	0.00863199
-1.11105	-1.81306	-0.0878658	-8.30915e-07	-5.33189e-08	-1.73815e-07	4.61365e-25	-5.38021e-24	9.5978e-25	0.241723	0.109668	0.23933	0.1	0.00900989
-1.55702	-2.72255	-0.577321	-0.000125874	0.000380853	3.12705e-05	-0.000211458	8.15611e-05	0.000190481	0.241715	0.109657	0.239322	0.1	0.0081215
-1.39936	3.3089	1.36369	3.63854e-05	-0.000497632	2.37255e-05	0.000207461	-0.000142242	0.00084056	0.241502	0.109368	0.239111	0.1	0.00630556
-1.24293	-2.21184	0.713519	-1.44468e-05	0.000135199	8.62819e-05	0.000749992	3.31867e-08	0.000109019	0.241393	0.109219	0.239003	0.1	0.00639359
-1.90796	-2.99608	-0.792796	-2.4792e-05	0.000394834	4.25159e-05	-7.52792e-05	0.000162741	-8.28681e-07	0.241283	0.10907	0.238894	0.1	0.00801463
2.34247	1.14399	-1.61637	0.000152187	-0.000182684	2.13678e-05	0.000370335	0.000780753	1.64826e-05	0.241125	0.108856	0.238738	0.1	0.00630316
0.836997	2.14531	0.00828252	5.5397e-05	-0.000327629	2.84597e-06	-0.000354963	-0.000132197	-0.000484374	0.241121	0.108851	0.238734	0.1	0.00545891
2.4082	2.97482	1.89031	5.12027e-08	-0.000238497	-2.90208e-05	0.000565058	-0.000390192	-0.000262192	0.241078	0.108793	0.238691	0.1	0.00639737
1.08765	1.25361	-2.05047	-1.05439e-06	-0.000139412	1.1872e-05	-0.000432171	2.30462e-05	-0.000253443	0.241066	0.108776	0.238679	0.1	0.0063771
-2.21778	2.17451	0.939066	-2.69063e-05	-0.000189763	0.000113944	-3.64215e-05	-8.36941e-05	0.000130954	0.241027	0.108724	0.238641	0.1	0.00865415
-2.36172	1.42622	-1.88874	9.5924e-06	-8.6066e-05	2.71738e-05	0.000296828	0.000485177	-2.89612e-05	0.24097	0.108646	0.238584	0.1	0.00393826
2.02892	1.31562	1.65921	7.97234e-05	-2.70425e-05	-3.38133e-05	0.000181503	0.000449921	0.000171252	0.240966	0.108641	0.23858	0.1	0.00814992
1.1998	-0.164408	-1.98358	0.000161329	-5.49785e-05	3.65974e-05	-0.000332723	0.000390718	0.000148949	0.24074	0.108335	0.238356	0.1	0.00562899
0.550732	2.65478	0.210179	7.30242e-05	-0.000342162	1.30938e-06	0.000237227	-0.00012103	-0.000423141	0.240483	0.107989	0.238102	0.1	0.00421832
-2.05499	3.48713	1.22936	0.000120508	-0.000317332	-0.000123379	-0.000218783	0.000376265	-0.000226465	0.240458	0.107956	0.238077	0.1	0.00640358
2.49871	-0.452077	2.03689	3.5803e-05	0.000238593	7.23849e-05	0.000176274	-2.49239e-05	5.32546e-05	0.240401	0.107879	0.238021	0.1	0.0079477
0.4708	0.295032	1.1973	0.000112397	4.59593e-05	-0.00011594	0.000183389	0.000782445	0.000808977	0.240234	0.107654	0.237855	0.1	0.00668475
-1.84606	1.96427	-0.56816	2.71624e-05	-0.000332588	0.000103495	0.000140226	0.000206941	-0.000173313	0.240234	0.107654	0.237855	0.1	0.0108559
2.16615	1.7647	-0.64725	0.000174998	-0.000368144	-0.000213302	0.00177864	9.40461e-05	0.000713879	0.240084	0.107453	0.237707	0.1	0.00827723
0.43447	1.20719	1.57568	0.000124267	-0.000222778	-6.66458e-05	-0.000572601	7.0067e-05	-6.66773e-05	0.239985	0.107319	0.237609	0.1	0.00585126
0.25641	0.687015	0.907193	0.000140933	-4.71926e-05	-3.07498e-05	0.000463935	0.000329351	-0.000381643	0.239931	0.107246	0.237555	0.1	0.00590683
2.03959	2.87543	1.50386	3.96509e-05	-3.54116e-05	2.21261e-05	-0.000142661	-1.7726e-05	0.000233326	0.239786	0.107053	0.237412	0.1	0.00933183
-0.845659	-0.882186	0.972688	1.86291e-05	-3.73453e-05	-7.49582e-05	-6.92588e-05	0.000446645	-0.000216811	0.239696	0.106933	0.237323	0.1	0.005657
0.242878	-1.57456	-0.913283	-6.13197e-05	-0.000218341	0.000229124	0.00227666	0.0005152	0.000883861	0.239588	0.106787	0.237216	0.1	0.0093374
-0.29531	-3.44429	2.27852	3.79137e-06	0.00037822	5.67034e-06	0.000225708	1.068e-05	-0.000308556	0.239483	0.106648	0.237112	0.1	0.00963452
-1.8431	-2.88064	0.230788	-1.91471e-05	0.00027574	4.14178e-05	0.000109652	6.19238e-05	0.000130445	0.239239	0.106322	0.23687	0.1	0.00972387
1.27191	3.82631	0.33242	-6.44944e-05	-0.000418207	-2.10489e-05	0.000111094	-0.000580804	-0.000252694	0.239237	0.106319	0.236868	0.1	0.00813933
-2.23949	-1.25144	-0.341621	-5.67529e-06	0.000256471	5.30708e-05	-0.000443636	-0.000234081	0.000671607	0.239205	0.106277	0.236837	0.1	0.0109345
-2.38353	-0.637827	1.25725	-1.88738e-05	0.000129221	-6.38898e-06	-0.000302581	7.99263e-05	-7.44698e-05	0.239191	0.106258	0.236823	0.1	0.00762114
-2.48852	-0.782026	2.41627	-3.10473e-05	0.000268639	3.83308e-05	9.54212e-05	2.00885e-05	0.000296806	0.238965	0.105957	0.236599	0.1	0.0110291
-1.67259	-3.51309	0.0408179	-9.01092e-05	0.000480096	1.94457e-05	-0.000255594	-0.000128038	0.000214355	0.238904	0.105876	0.236539	0.1	0.00898715
-0.688011	-1.89422	-1.37216	-3.31855e-05	0.00027029	-4.07333e-05	-0.000132338	6.95985e-05	0.000305515	0.238867	0.105826	0.236502	0.1	0.00800356
-1.29212	-0.555564	0.237484	-4.01012e-05	3.02815e-05	-6.38738e-05	8.98123e-05	7.96483e-05	0.000212087	0.238847	0.105799	0.236482	0.1	0.00432221
-0.784776	-3.58945	2.16232	1.30013e-06	0.000382889	1.8178e-07	0.000188059	-1.18394e-05	-0.000279873	0.23868	0.105579	0.236317	0.1	0.00698807
0.345441	-1.92742	1.51579	0.000107373	0.000296172	0.000123916	-0.000444187	-4.04682e-06	0.000587449	0.238578	0.105443	0.236216	0.1	0.00703861
-1.3945	0.999213	1.2805	-5.868e-05	-0.000133402	3.39354e-05	0.000262341	-0.000437897	5.4056e-05	0.238575	0.105439	0.236213	0.1	0.00850751
-2.18517	-2.87269	-1.63092	1.20395e-05	0.000345345	-1.36732e-05	9.28334e-05	0.000159748	0.000383503	0.238558	0.105416	0.236196	0.1	0.0064389
0.263714	1.86039	1.99444	3.14465e-05	-4.2023e-05	-1.52168e-05	0.000132281	5.17919e-05	0.000206921	0.238531	0.105381	0.236169	0.1	0.00709717
0.103819	-0.137759	-2.23488	6.51434e-05	2.14306e-06	-6.57584e-06	-0.000915898	-6.90239e-05	0.000199979	0.238467	0.105296	0.236106	0.1	0.00704239
-0.708726	3.959	0.157121	-6.02923e-05	-0.000385975	-1.99806e-05	0.000172487	8.58718e-05	-4.20213e-05	0.238429	0.105245	0.236068	0.1	0.0053324
-0.850404	-2.78571	-0.63698	1.24062e-09	3.8014e-08	1.84846e-10	-1.53516e-31	1.57271e-32	4.2922e-32	0.238392	0.105197	0.236032	0.1	0.011919
2.1881	-2.50473	1.11267	-1.37993e-05	0.00028405	-7.55353e-05	-0.000130731	0.000152108	-4.53562e-07	0.238069	0.10477	0.235712	0.1	0.00968785
0.181152	-2.05276	-0.775653	3.64162e-05	0.000308445	5.68939e-06	0.000127613	-0.000139432	-0.000295571	0.2379	0.104547	0.235545	0.1	0.00555328
-0.0899949	-0.516523	0.20721	3.1765e-05	7.10512e-05	-3.47108e-06	0.000338409	0.000403712	-0.00022921	0.237677	0.104254	0.235324	0.1	0.0047356
0.79954	-0.574863	0.591583	-3.04026e-05	9.03214e-05	2.80884e-05	4.28606e-05	-0.000399879	1.74306e-05	0.237634	0.104196	0.235281	0.1	0.00683218
1.71275	0.256058	2.25132	7.27474e-05	1.48674e-05	2.39586e-05	-0.000127342	4.21863e-05	-9.61867e-06	0.237512	0.104035	0.23516	0.1	0.0113862
-2.33065	3.23408	-2.32165	-4.97065e-06	-0.000301642	-2.33913e-06	0.000233794	7.02135e-05	0.000223549	0.237463	0.103972	0.235112	0.1	0.00582911
0.0830815	2.36733	1.41364	7.59888e-05	-0.000342712	-6.04509e-06	-3.18586e-05	-0.000100847	-0.000199624	0.237431	0.103929	0.23508	0.1	0.00716529
0.35682	-1.92677	-2.26224	4.04382e-05	6.13133e-05	-0.000139033	-0.000175856	0.000573267	-0.000183994	0.237431	0.103929	0.23508	0.1	0.013155
1.6794	-0.24154	-2.01031	0.000305031	3.80278e-05	0.000150678	-0.000987081	8.61488e-05	0.000866459	0.237278	0.103729	0.234929	0.1	0.010476
-2.47586	1.48563	0.387703	-1.1123e-05	-0.000121643	0.000113653	-0.000369681	-2.15994e-05	-1.17602e-05	0.237254	0.103697	0.234905	0.1	0.00745132
0.577342	-2.33293	-0.917081	3.22806e-05	9.92934e-05	-6.7793e-05	-0.000512218	-1.93482e-05	-0.000293613	0.237202	0.103628	0.234853	0.1	0.00650821
-1.61153	-1.4384	2.22401	0.000104149	0.000203188	-5.55187e-05	-0.00015361	-9.4739e-05	-6.74136e-05	0.237135	0.103541	0.234787	0.1	0.00780256
0.95634	2.40198	2.47863	-5.21568e-05	-0.000228225	8.81349e-05	-0.0001282	-0.000202391	0.000458963	0.237122	0.103524	0.234774	0.1	0.00746586
-0.909867	3.94003	-0.463791	-6.00486e-05	-0.000316811	-3.97033e-05	0.000429698	-4.13528e-05	6.76977e-05	0.236892	0.103224	0.234547	0.1	0.00737756
0.109631	0.475688	-2.3546	5.62877e-05	7.36284e-05	-5.41124e-05	-0.000281504	0.000369589	0.000172102	0.236865	0.103189	0.23452	0.1	0.00922959
-1.38094	1.93139	-0.71334	0.000103548	-0.00015295	1.24544e-05	0.000246449	-0.000269119	-6.02203e-05	0.236787	0.103086	0.234443	0.1	0.00590285
1.05111	-0.646111	-0.0490461	9.77826e-06	7.06743e-05	1.58421e-05	-0.000192647	8.25401e-05	0.000524899	0.236379	0.102554	0.234039	0.1	0.00573498
1.69284	-1.28696	-1.24236	-5.73782e-05	0.000222625	-3.00892e-06	-0.000148983	7.5812e-05	0.000306928	0.23636	0.10253	0.23402	0.1	0.0107442
2.35516	-2.08976	-0.688518	-6.91536e-05	0.000113669	4.99612e-05	0.000415858	3.54132e-05	0.000543499	0.236341	0.102504	0.234001	0.1	0.0172733
-0.624335	1.24221	-0.857063	7.18965e-05	-9.46301e-05	-1.86848e-05	0.000130494	0.000287464	0.000267725	0.236281	0.102428	0.233942	0.1	0.00564415
0.850334	1.04461	0.945643	-3.11767e-05	-0.000109221	-3.34272e-05	-0.000136706	-0.000488311	0.00107718	0.236277	0.102422	0.233938	0.1	0.00534495
0.778915	-0.774725	1.00905	-4.67645e-05	0.00015018	1.14732e-06	-0.000170794	6.60803e-05	0.000243568	0.236117	0.102213	0.233779	0.1	0.00559949
-1.27098	1.95705	-1.2442	3.89703e-05	-0.000156892	3.55807e-06	-2.23204e-05	0.000707212	0.000283298	0.236076	0.102161	0.233739	0.1	0.0057615
-1.75252	-0.57178	-0.0699866	-4.80984e-05	-2.98927e-05	-6.76793e-06	1.4245e-05	0.000406785	5.13918e-05	0.235915	0.101951	0.233579	0.1	0.00462046
-1.06815	0.502536	1.22054	-8.99512e-08	-7.5549e-07	9.98328e-07	4.78096e-24	6.89861e-24	5.53421e-24	0.235774	0.10177	0.23344	0.1	0.0119801
1.45095	-0.783902	-0.234101	3.51274e-06	0.000182162	4.30899e-05	-4.75482e-05	-0.000132391	-7.14791e-05	0.235702	0.101675	0.233368	0.1	0.00383291
1.77091	-3.532	1.40404	-1.87642e-05	0.000349636	1.18918e-05	-0.00057882	-0.000692704	4.49505e-05	0.235632	0.101585	0.233299	0.1	0.00659458
0.528094	0.944014	0.62177	0.00010263	-0.000189352	-0.000195859	-0.00113134	0.000256772	3.25574e-05	0.235543	0.10147	0.233211	0.1	0.00739995
-2.31712	3.36121	1.73086	3.1686e-05	-0.000200641	2.74884e-07	0.000226509	-6.18488e-05	0.000204964	0.235542	0.101468	0.23321	0.1	0.00498157
1.84584	3.34882	-0.779633	-0.000115687	-0.000294446	-5.26327e-07	0.000241317	0.000205163	0.000304727	0.235326	0.10119	0.232996	0.1	0.0061529
-2.0789	1.37031	-1.34993	0.00013173	-9.82191e-05	3.04737e-06	0.000144321	0.000201536	0.000220409	0.235264	0.101109	0.232935	0.1	0.00444964
-0.158324	1.88091	-0.645015	-5.23772e-06	-0.000131121	-5.6998e-05	0.000407415	0.000749856	-2.11937e-05	0.235177	0.100998	0.232849	0.1	0.00703233
-1.9888	-3.87123	-2.0914	6.03932e-05	0.000355847	-6.8551e-06	-0.000370106	0.000170769	-0.000385352	0.235106	0.100905	0.232778	0.1	0.00776046
1.37073	1.04171	-0.43941	-3.21604e-05	-0.000193255	2.25924e-05	0.00040075	-0.000629736	0.000613921	0.23501	0.100782	0.232683	0.1	0.00449838
1.61161	-1.54012	0.849664	-5.95344e-06	0.000219991	7.46221e-05	-3.26935e-05	-3.98646e-05	0.000215267	0.234827	0.100547	0.232502	0.1	0.00569482
0.152993	1.65374	-1.10579	2.16088e-05	-0.000315193	-0.000166877	0.000483611	0.000474015	-0.000269245	0.234781	0.100487	0.232456	0.1	0.00669044
2.2802	-1.19427	-2.43247	-4.05333e-05	0.000222175	-2.07423e-05	0.000377566	0.000869198	-8.64356e-05	0.234742	0.100438	0.232418	0.1	0.00519795
0.0500497	2.95386	-0.464194	1.06437e-05	-0.000356808	-3.90072e-05	-0.000602552	-0.000245818	-0.000392865	0.234729	0.100422	0.232405	0.1	0.0110779
0.856195	-0.928996	-0.389297	-6.31824e-06	7.91288e-05	-5.91028e-06	0.000135328	-0.000118419	0.000320805	0.234723	0.100413	0.232399	0.1	0.00706943
-0.733371	2.62725	1.48685	-3.02469e-05	-0.000306086	5.17264e-05	-0.000239999	2.61703e-05	-0.000144051	0.234716	0.100404	0.232392	0.1	0.0081612
-0.464637	-3.81084	-1.43759	-4.57265e-05	0.000423313	-6.87072e-05	-0.000237049	0.000201026	0.000122085	0.234391	0.0999882	0.23207	0.1	0.0125314
-0.41414	-1.15347	0.983293	-9.30225e-05	-1.34903e-05	-0.000102563	4.68508e-05	0.00013704	6.84765e-05	0.234228	0.0997805	0.231909	0.1	0.010749
-1.0146	1.87233	-1.87647	1.18097e-05	-0.000175169	-8.1967e-06	5.36473e-05	-7.71443e-05	-0.000734242	0.234163	0.0996969	0.231845	0.1	0.00613916
-0.197575	-0.0980596	-0.00872549	3.50163e-05	-2.35408e-05	3.33728e-05	-2.68913e-05	0.000101606	-0.000762902	0.233947	0.0994212	0.231631	0.1	0.0051552
2.40959	-1.98196	-2.33687	3.18252e-06	0.000292197	7.08728e-05	-0.000226665	-5.23133e-05	0.00024821	0.233696	0.0991015	0.231382	0.1	0.0109262
-1.19276	-1.51664	1.18451	5.82076e-05	7.54333e-05	-6.77865e-05	-0.000209315	-0.000111447	0.000543941	0.23369	0.0990929	0.231376	0.1	0.00626172
-0.03596	2.17427	2.16802	-7.49815e-05	-0.000277469	0.000108646	0.000169506	-0.000108268	-7.39592e-05	0.233609	0.0989904	0.231296	0.1	0.00633991
-0.0717743	3.78055	-0.0370826	-4.74143e-05	-0.000472088	1.10152e-05	-4.98172e-05	-0.000348445	-0.000609969	0.233569	0.0989397	0.231256	0.1	0.00632082
-1.27383	-1.90494	0.343769	-2.1196e-06	6.2278e-06	2.13653e-06	-9.79774e-23	-7.13398e-24	1.12791e-23	0.233337	0.0986457	0.231027	0.1	0.00553019
0.257091	-3.65726	2.06631	-0.000182476	0.000319878	-0.000101936	-0.000540895	0.000235045	-9.4038e-05	0.233285	0.0985791	0.230975	0.1	0.00743777
0.36091	-3.41256	-0.313779	-4.04182e-05	0.000335573	-4.59948e-06	0.00023848	-2.7358e-05	9.92253e-05	0.233155	0.0984158	0.230847	0.1	0.00526567
-1.56332	2.20999	0.47967	-1.57923e-05	-0.000212389	1.15515e-05	-0.000189941	0.000108447	-8.41854e-05	0.233116	0.0983655	0.230808	0.1	0.008861
1.44299	1.34409	-0.0959807	-1.16634e-05	-0.00017344	-3.3982e-05	-0.000415489	0.000782488	-2.96379e-06	0.233102	0.0983481	0.230794	0.1	0.00518435
-1.86126	-0.898234	1.26249	-2.49155e-05	0.000113656	-1.26169e-05	-9.01005e-06	4.78848e-05	8.74899e-05	0.233037	0.0982664	0.23073	0.1	0.00910021
-0.215768	-0.573031	0.654883	-1.63283e-06	-2.23414e-05	1.3164e-06	-4.45662e-06	-9.24706e-06	-0.000110292	0.232987	0.0982018	0.23068	0.1	0.00716466
2.4905	-1.59258	2.42832	-7.49132e-05	0.000143974	-0.000201933	-0.000510441	0.000135314	-0.000287928	0.23297	0.0981807	0.230663	0.1	0.00843287
-1.74496	-2.95748	-0.21745	-6.52055e-05	0.000369466	4.55076e-05	0.000230947	0.000136342	-6.58486e-05	0.232853	0.0980333	0.230548	0.1	0.00754757
1.13462	2.54333	1.52769	-0.00012644	-0.000166849	5.70986e-05	-0.000699632	0.000145009	-0.000569198	0.232841	0.0980185	0.230536	0.1	0.0109549
2.29658	-3.64495	1.79666	4.27739e-05	0.000398285	-3.16222e-06	8.14706e-05	-5.5842e-05	-7.74405e-05	0.232838	0.0980137	0.230533	0.1	0.0100949
-1.37399	3.9012	-0.681158	-1.46643e-05	-0.000368097	1.39625e-05	-0.000132488	-0.000312014	8.35219e-05	0.232645	0.0977704	0.230342	0.1	0.00550777
2.25205	2.21056	-0.757003	-4.36651e-05	-0.000240439	0.000101113	-0.000483973	-0.000349327	0.000340135	0.232529	0.0976247	0.230227	0.1	0.00963467
-0.0965834	-0.276734	2.27732	9.24598e-05	-2.88698e-05	-1.16265e-07	9.83134e-05	-0.000535784	-0.000291136	0.232356	0.0974063	0.230055	0.1	0.00898494
2.39869	1.368	-0.566388	0.000315381	-0.000277036	-0.000114428	-0.0014192	-0.00162784	0.000262658	0.232305	0.0973426	0.230005	0.1	0.00601353
-1.03574	1.21503	0.934093	-1.63524e-05	-2.64366e-05	-7.80734e-06	-0.000124935	6.28834e-05	7.50544e-05	0.232166	0.097167	0.229867	0.1	0.00831678
-2.23109	-4.01802	-2.45836	4.89076e-07	0.000406441	-6.99089e-07	4.34644e-24	4.91433e-24	7.59859e-25	0.232017	0.0969806	0.22972	0.1	0.00766564
0.585011	-2.0355	-0.543674	7.77156e-05	0.000234883	-3.89607e-05	-0.000348391	7.48989e-05	-0.000380305	0.231839	0.0967586	0.229544	0.1	0.00743097
1.69565	-2.89056	-1.63671	0.000103182	0.000435185	0.000165025	-8.79486e-05	0.00039508	0.000195936	0.231804	0.0967136	0.229509	0.1	0.00974616
-0.597272	-3.13606	-0.0178602	-5.21519e-05	0.000155606	0.000149515	0.00080515	-9.42356e-05	0.000403286	0.231661	0.0965346	0.229367	0.1	0.0108845
0.268964	1.97208	-0.792568	5.87898e-05	-0.000432817	-6.12814e-05	0.000266203	-0.000316005	0.000200856	0.231371	0.0961726	0.22908	0.1	0.0069644
1.88374	0.512667	1.56957	0.000107303	-0.000197188	0.000212248	-0.00174539	0.000939615	0.000588765	0.231332	0.0961243	0.229042	0.1	0.00757126
-1.57758	3.74936	0.808403	-3.16315e-05	-0.000498555	-7.7572e-06	0.000477903	-6.90336e-05	0.000644188	0.231276	0.0960544	0.228986	0.1	0.0089625
0.680757	1.07198	-1.90865	-1.55889e-06	-0.000144736	-3.16927e-06	0.000320026	0.000119533	-0.000437213	0.231257	0.0960307	0.228967	0.1	0.0106139
1.77902	1.47958	-0.549366	0.000153527	-0.00035744	-8.63018e-05	3.38468e-06	0.000849255	-0.000271888	0.231228	0.0959953	0.228939	0.1	0.00532068
0.58621	0.79569	1.2298	0.000115901	-0.000186905	-6.63211e-07	-0.000455488	0.000263253	0.000206082	0.231098	0.0958324	0.22881	0.1	0.00415332
-0.414427	2.58764	-1.73266	-4.55621e-05	-0.000282137	-9.65171e-06	-7.24727e-05	-0.000127122	0.000151194	0.231097	0.0958312	0.228809	0.1	0.00894382
1.38798	3.39091	2.1375	-0.000219468	-0.000394485	5.3439e-05	0.000217183	-0.000183235	-0.00114288	0.230968	0.0956712	0.228681	0.1	0.0104182
1.50719	1.1322	-2.22779	3.16266e-06	-9.81963e-05	-9.81945e-06	-0.000391084	-0.000211692	-2.72518e-05	0.230925	0.0956178	0.228639	0.1	0.00448525
-1.00296	-0.624084	1.87367	4.35138e-05	3.58144e-05	-1.54927e-05	1.27381e-05	-0.00011836	-0.000258836	0.230853	0.0955284	0.228567	0.1	0.011079
2.43026	-0.273903	-0.975969	9.90621e-07	-1.88509e-06	8.38814e-07	-1.27947e-23	1.33286e-24	4.14662e-23	0.230603	0.0952189	0.22832	0.1	0.0113266
0.0765877	-0.590802	-2.31	4.79636e-05	1.88068e-05	5.48484e-05	0.000757013	-9.73895e-05	-0.000308072	0.230371	0.0949306	0.22809	0.1	0.00461718
-0.248061	-1.75966	-1.2747	4.45623e-05	0.000263733	-6.30156e-05	-0.000239869	-4.96225e-06	-0.000127203	0.230367	0.0949265	0.228086	0.1	0.00873243
-0.0810376	3.97726	-1.38385	-2.33474e-05	-0.00035278	-2.53425e-05	-0.00012771	-0.000255588	2.44362e-05	0.230224	0.0947498	0.227945	0.1	0.00493034
0.643376	1.19581	0.253867	9.95907e-06	-0.000237015	-0.000258741	0.000828772	0.0001087	0.000155771	0.22985	0.0942887	0.227574	0.1	0.00794685
-1.68364	-2.20468	0.402203	-3.18289e-05	0.000257655	-2.09404e-05	0.000289156	-1.95664e-05	0.000313329	0.22984	0.0942757	0.227564	0.1	0.00606121
0.197668	3.95827	0.285883	-0.000104585	-0.000483234	5.21751e-05	-0.000162101	-0.000129545	-0.000113337	0.229772	0.0941929	0.227497	0.1	0.00470806
-0.0597589	3.11974	-1.36727	-1.87303e-05	-0.000328124	6.54614e-06	-9.73427e-06	-5.06401e-05	1.21337e-05	0.229716	0.0941249	0.227442	0.1	0.00626974
2.34761	3.57328	-1.04614	-0.000149838	-0.000254139	-2.72209e-06	-0.000428833	0.000144078	-0.000920633	0.229675	0.0940734	0.227401	0.1	0.00848826
0.894888	-2.89357	1.03812	-2.98706e-05	0.000238808	8.88489e-06	5.15363e-05	4.18826e-05	0.000118332	0.229635	0.094024	0.227361	0.1	0.00627587
0.789307	-3.53208	-2.28779	-0.000129844	0.000427431	5.62611e-05	0.00058668	-0.000138014	0.000480926	0.229633	0.0940217	0.227359	0.1	0.00712369
-0.499347	3.63432	-0.0928127	-6.73283e-05	-0.000337221	-4.86982e-05	-5.13789e-05	2.80007e-05	6.68942e-05	0.229597	0.0939779	0.227324	0.1	0.00931242
1.88569	0.401447	0.993067	8.13384e-05	-3.40552e-05	-7.10389e-05	5.72545e-06	-0.000479333	0.000226933	0.229587	0.0939654	0.227314	0.1	0.00851937
0.556804	-1.0218	-0.0320477	8.62068e-05	4.47372e-05	0.000113537	0.000230396	-0.000450019	0.000655939	0.229559	0.093931	0.227286	0.1	0.00675096
-0.76115	0.136811	0.00532967	-0.000138202	-4.81842e-05	0.000123032	0.000226357	-0.00115481	-6.61413e-05	0.229502	0.0938617	0.22723	0.1	0.00664778
-0.104676	-0.808153	-0.463323	4.78464e-05	3.66358e-05	-4.95292e-05	-0.000287954	-2.28223e-05	0.000187204	0.229294	0.0936058	0.227024	0.1	0.00624416
-1.04302	-3.01153	1.31162	-2.00514e-05	1.26466e-05	5.18139e-06	3.97498e-05	8.51639e-06	0.000107643	0.229262	0.0935673	0.226992	0.1	0.00734736
2.36433	1.20689	-1.1558	0.000138883	-0.000280898	3.5936e-05	6.54281e-05	-0.000845157	0.00030734	0.229043	0.0932983	0.226775	0.1	0.00659272
2.26808	0.650669	1.37399	-0.000164179	2.72368e-05	-6.89624e-05	0.000460804	0.000174554	0.00111142	0.229023	0.0932736	0.226755	0.1	0.00567106
2.05648	-3.8756	1.48812	-4.53308e-05	0.000441246	9.40058e-05	9.88306e-05	0.000731274	3.29716e-05	0.22902	0.0932701	0.226752	0.1	0.00690409
2.17904	2.59909	-2.0154	-8.77637e-05	-8.55195e-05	-2.89607e-05	0.000507297	-0.000672166	-0.000173956	0.228994	0.0932399	0.226727	0.1	0.007958
0.346621	-3.28794	2.33476	-1.17314e-05	0.000143777	5.49119e-05	-0.000485583	-6.13865e-05	0.000536564	0.228978	0.0932202	0.226711	0.1	0.0062337
1.17375	2.70029	-1.06313	-0.000121639	-0.000342579	2.41182e-05	0.000669705	-0.000411486	0.000237621	0.228925	0.093155	0.226658	0.1	0.00702655
0.105519	0.669488	0.208187	8.11228e-06	-0.000189194	2.85595e-05	-0.000164339	1.87816e-05	0.00010507	0.228769	0.0929649	0.226504	0.1	0.00990326
1.50085	-1.03569	2.126	2.508e-05	0.000147741	9.13089e-05	0.000342434	0.00022833	-0.000503701	0.228681	0.0928573	0.226417	0.1	0.00505362
0.124982	1.54359	-0.105229	-2.95296e-05	-0.000210031	-2.40613e-05	1.552e-07	0.000407508	-0.000304824	0.228633	0.0927983	0.226369	0.1	0.00888142
-0.829192	3.95923	-1.35806	-0.000136737	-0.000212724	2.59952e-05	-0.000245482	3.49805e-05	-0.00100751	0.228527	0.09267	0.226264	0.1	0.00965242
0.953826	0.827248	-2.17809	-8.50839e-06	-0.000116318	-4.05473e-05	0.000282946	-0.000402579	8.37424e-05	0.228372	0.0924815	0.226111	0.1	0.00926624
1.20582	-3.41483	-2.15265	-8.81349e-05	0.000373553	-2.75567e-05	-0.000506537	0.000115676	0.000624281	0.228275	0.0923635	0.226015	0.1	0.006641
0.437557	-0.973804	1.23376	1.12306e-05	0.00014596	-2.50944e-06	-0.000173088	-4.77081e-05	8.7439e-05	0.228269	0.0923562	0.226009	0.1	0.00457169
2.38576	-1.89892	1.78467	-5.69992e-06	0.000288973	2.60412e-05	0.000108469	5.28833e-05	0.000524094	0.228148	0.0922089	0.225889	0.1	0.00856541
0.220033	3.71575	-0.385984	-5.18107e-05	-0.000464264	-7.06406e-06	0.000284499	-4.26141e-05	-0.000632271	0.227891	0.0918988	0.225635	0.1	0.00517115
1.06426	-0.116892	-0.726578	-4.63368e-05	-0.00010009	1.08625e-05	-0.000480322	0.000192198	-0.000201521	0.2278	0.0917882	0.225545	0.1	0.00823305
-2.0085	-2.66988	1.50634	-4.5008e-05	0.000361336	3.39208e-06	-0.000203416	5.09834e-05	0.000185297	0.227735	0.0917093	0.22548	0.1	0.0120556
1.00059	1.18396	0.53212	-0.000116642	-0.00020158	-9.82588e-05	0.000125991	-0.000820121	0.000662199	0.227721	0.0916929	0.225466	0.1	0.00575654
1.70679	-2.3529	-2.24377	-4.76475e-05	0.000303309	8.72774e-05	-0.00012749	0.00067444	-0.000134922	0.227719	0.0916894	0.225464	0.1	0.00797898
1.60051	-0.530516	0.124996	-0.000131605	0.000100811	2.63256e-05	3.2068e-05	-0.000299384	0.000453933	0.227657	0.0916158	0.225403	0.1	0.00534828
2.14958	-3.49049	-0.796194	7.03528e-05	0.000274743	-0.000133787	-0.000863091	-4.15202e-05	-0.000356874	0.227655	0.0916129	0.225401	0.1	0.00870241
-1.71427	1.90931	-1.13947	6.96094e-05	-0.000124121	7.22666e-05	0.000516474	0.000150336	0.000377891	0.227637	0.0915917	0.225383	0.1	0.00589179
2.32508	-3.86057	-1.00739	1.24063e-09	3.8014e-08	1.84807e-10	-2.80226e-46	-1.5769e-46	3.202e-46	0.227625	0.0915767	0.225371	0.1	0.0102562
-2.38945	-3.61231	-1.94273	5.37453e-05	0.000428449	1.08705e-05	-0.000309272	4.61331e-06	-8.12369e-05	0.227598	0.0915445	0.225345	0.1	0.0045323
1.12835	-1.70349	0.775996	7.17509e-06	0.0002284	2.41813e-05	-2.76126e-05	5.98887e-05	9.97802e-05	0.227427	0.0913378	0.225175	0.1	0.0050314
-0.936487	1.64767	1.95236	-2.6754e-05	-8.96819e-05	-8.43202e-05	-0.000432713	-0.000311633	-0.000137973	0.227288	0.0911706	0.225038	0.1	0.00655232
1.1696	3.13406	-1.272	-0.000100145	-0.000312915	4.85364e-05	0.00061741	-0.000416942	-7.12418e-05	0.227272	0.0911519	0.225022	0.1	0.00660121
