-1.39434	1.23194	-1.0281	6.88045e-05	-0.000136942	3.35826e-05	-0.000254434	-0.0001359	0.000146761	0.55482	1.32612	0.549327	0.1	0.0194512
2.15517	3.66335	2.23852	-2.25055e-05	-0.00032864	1.69969e-05	-3.00686e-05	4.54766e-05	8.87458e-05	0.554711	1.32533	0.549219	0.1	0.0181708
-0.832769	-1.29361	-0.903352	3.41751e-05	0.000209346	-8.92256e-05	-6.60239e-05	-4.2051e-05	-0.000287401	0.554426	1.32329	0.548937	0.1	0.0219052
-0.0772686	1.2502	-1.9702	1.29927e-05	-0.000256736	-3.69056e-05	8.14161e-05	-9.53658e-05	8.76881e-05	0.552434	1.30908	0.546964	0.1	0.0193089
2.47445	-3.3869	1.09984	-2.38987e-05	0.000276265	-4.34974e-05	-5.02528e-05	3.46233e-05	7.98473e-05	0.551275	1.30086	0.545817	0.1	0.026095
-0.315994	-3.47927	-0.678454	-4.07203e-05	0.00040199	3.06077e-05	0.000137942	0.000177111	5.27836e-05	0.548893	1.28407	0.543458	0.1	0.0199893
-2.01684	0.746868	-1.78969	0.000120048	-5.12049e-05	1.94092e-05	3.89098e-05	-5.46434e-05	-0.000235242	0.548822	1.28357	0.543388	0.1	0.0211639
1.80279	-4.05279	-0.351643	6.39096e-06	0.000335538	-2.80581e-05	7.51593e-05	-5.75647e-06	4.07261e-05	0.547774	1.27623	0.54235	0.1	0.0203319
-1.92259	-0.41492	0.671141	-8.03354e-05	3.55783e-05	4.15397e-05	-0.000217068	-3.84825e-05	3.56704e-05	0.547358	1.27333	0.541939	0.1	0.0246872
-0.854031	-0.132528	0.728144	-7.35174e-05	-6.27194e-05	1.11344e-05	1.52395e-05	-5.12745e-06	-7.80415e-05	0.546952	1.2705	0.541537	0.1	0.0204587
2.09714	0.374833	-1.2488	2.49604e-05	-2.46394e-05	-1.29092e-05	-4.33401e-06	4.50789e-05	-9.88102e-05	0.546649	1.26839	0.541237	0.1	0.0246035
1.20684	2.63694	-1.82485	-5.53744e-05	-0.000211974	3.25938e-05	-3.99009e-05	8.28977e-05	0.00013819	0.545348	1.25936	0.539949	0.1	0.0210965
-2.42138	-2.43128	0.435607	-2.73491e-07	0.000228222	-2.89311e-06	7.39556e-05	-5.78104e-05	-0.000105767	0.545169	1.25811	0.539771	0.1	0.0224314
-0.054544	-3.18567	-2.03225	-1.47086e-05	0.000308658	6.63077e-05	-5.84208e-05	-0.000166639	-8.73513e-05	0.544719	1.255	0.539326	0.1	0.0186671
-0.62861	3.4054	1.30568	1.80765e-05	-0.000380065	-6.56684e-06	0.00018724	7.16301e-05	-0.000125069	0.543689	1.24789	0.538306	0.1	0.019251
2.17247	-2.55601	2.16279	8.63679e-05	0.000308321	3.25985e-05	-9.83935e-05	-3.53778e-05	-0.000114568	0.541854	1.2353	0.536489	0.1	0.0302223
1.4992	-2.05338	-1.30371	3.24591e-05	0.000219458	7.31363e-05	6.08542e-06	9.16505e-05	-0.000102153	0.540595	1.22671	0.535243	0.1	0.0270296
2.11717	2.88981	-1.301	-5.44753e-06	-0.000336235	-3.7278e-05	-4.47348e-05	-6.47562e-05	0.000156551	0.540372	1.22519	0.535022	0.1	0.0200061
0.241305	2.2722	-2.1247	5.36321e-07	-0.000284577	1.69216e-05	-9.72679e-05	-0.000232158	-4.01513e-05	0.540364	1.22514	0.535014	0.1	0.0178656
1.53535	1.90239	1.53514	-1.75456e-05	-9.59235e-05	5.60388e-07	-0.000140447	7.39616e-05	9.35943e-05	0.537534	1.20599	0.532212	0.1	0.0222902
1.81683	-3.03377	-0.0149978	-1.87255e-05	0.000282586	2.06872e-05	5.30734e-05	0.000146661	6.2647e-05	0.536704	1.20041	0.53139	0.1	0.0229598
-1.67955	1.63359	0.932028	-1.52099e-05	-0.000108776	0.000157392	8.00071e-05	2.88577e-05	5.45922e-05	0.536645	1.20002	0.531332	0.1	0.0217513
0.658373	-1.9124	0.206405	3.16874e-05	0.000254918	6.62007e-05	6.83864e-05	0.000103605	2.92837e-05	0.536462	1.19879	0.53115	0.1	0.0216527
0.370532	3.56037	1.65288	-1.04955e-05	-0.000394268	1.82608e-05	-0.000101509	-0.000126134	0.000136423	0.53632	1.19784	0.53101	0.1	0.0243069
-1.13422	-2.63135	0.0580343	-2.30337e-05	0.000265196	6.80628e-06	1.09408e-05	-4.64296e-05	-8.09243e-05	0.535344	1.19131	0.530044	0.1	0.019336
-0.26471	-2.54517	-1.20286	-1.17304e-06	0.000357356	2.51049e-05	-0.000190514	5.02642e-05	-0.000272078	0.534798	1.18767	0.529503	0.1	0.0180676
1.35829	3.93474	1.56446	-4.82682e-05	-0.000369176	5.61606e-05	-2.89979e-05	4.4017e-05	-5.91295e-05	0.534761	1.18742	0.529466	0.1	0.01949
0.800728	1.56255	-0.443855	3.83125e-06	-0.000232803	-1.68838e-05	0.000152605	-0.0002786	-0.000134974	0.534328	1.18454	0.529038	0.1	0.0204928
-1.43998	3.82823	0.0618312	-5.86838e-05	-0.000353228	1.20065e-05	0.000216878	0.000107952	9.58412e-06	0.533494	1.179	0.528212	0.1	0.0193413
-0.506369	1.98943	-1.31843	-5.31976e-05	-0.000314355	-1.5039e-05	2.47653e-05	5.66006e-05	4.92169e-05	0.533315	1.17782	0.528035	0.1	0.0182163
-0.359439	3.58671	-0.826434	-4.32229e-05	-0.000354378	-3.24592e-05	-1.58834e-05	-2.54488e-05	-3.7679e-05	0.533292	1.17767	0.528012	0.1	0.0185891
-2.02054	-1.20318	-2.12869	-7.74302e-06	0.00011287	-0.000121144	-0.000443534	3.39541e-05	3.94941e-05	0.533023	1.17589	0.527746	0.1	0.0234092
-1.75557	-3.16667	-2.20571	-3.45059e-05	0.000319716	-1.55629e-05	-0.000103013	0.000150724	8.08246e-05	0.53279	1.17434	0.527515	0.1	0.0264803
-0.0167967	-2.55859	1.0213	8.0886e-05	0.000297893	-3.87151e-05	-4.06152e-05	-1.89974e-06	-0.000126295	0.532572	1.1729	0.527299	0.1	0.0267961
-1.44723	3.62674	-1.71267	-5.51784e-05	-0.000374009	-8.97584e-06	-0.000118427	8.25326e-05	-5.49703e-05	0.532055	1.16949	0.526787	0.1	0.0218577
0.458114	3.29028	-2.32904	-2.76031e-05	-0.000319415	1.25779e-05	3.08789e-05	-2.33676e-07	0.000131133	0.531483	1.16572	0.526221	0.1	0.0265444
2.41162	0.1662	-2.48174	5.95057e-05	5.36226e-05	-4.66529e-06	6.32734e-06	-8.30812e-06	-4.02895e-05	0.530981	1.16242	0.525724	0.1	0.0216646
-0.179247	-1.21535	-1.75204	4.52708e-05	0.000144631	-5.65173e-05	0.000125515	1.29111e-05	3.80421e-05	0.53052	1.15939	0.525267	0.1	0.0212543
-0.934292	-3.53579	0.582885	1.53516e-05	0.000368469	3.71393e-05	4.51406e-06	0.000110146	-6.4622e-05	0.529592	1.15332	0.524349	0.1	0.0194395
-0.0706167	-3.64771	1.3801	-4.68173e-05	0.000360878	-3.63796e-05	5.22773e-05	-5.66916e-05	1.29894e-05	0.528499	1.14619	0.523266	0.1	0.0230928
2.04778	0.787584	-0.244076	2.20714e-05	3.33228e-06	-8.20707e-06	-0.000236646	0.000154367	-3.76308e-06	0.527475	1.13954	0.522252	0.1	0.0249246
0.562266	3.58473	-1.32876	-4.83038e-05	-0.000349625	4.45617e-06	4.23551e-05	-1.20848e-05	3.67942e-05	0.527182	1.13765	0.521962	0.1	0.0202046
-2.4177	0.79511	0.652617	2.57485e-05	-3.04465e-05	-2.39554e-05	0.00031686	-0.000133357	-5.29516e-07	0.527004	1.1365	0.521786	0.1	0.0276851
2.4204	-1.18697	1.75756	-8.27036e-05	0.000268519	5.55768e-05	-6.12553e-05	7.90925e-05	-0.000361846	0.526785	1.13507	0.521569	0.1	0.0208705
0.080016	-3.38308	0.380951	-1.02368e-05	0.000305422	-3.13422e-05	3.31444e-05	3.28738e-05	-6.095e-05	0.526637	1.13412	0.521423	0.1	0.0183427
0.543785	2.78794	0.962603	1.39116e-05	-0.000341891	-1.24953e-05	0.000179935	0.000187622	2.4951e-05	0.524764	1.12206	0.519568	0.1	0.0175936
-2.43259	3.94504	0.372183	-4.68922e-05	-0.000358418	1.98866e-05	-0.000279704	-9.73699e-05	2.24819e-05	0.523709	1.11531	0.518524	0.1	0.024392
-2.48386	3.74898	-1.76084	-3.55848e-05	-0.000330738	2.38031e-06	5.57379e-05	-6.1628e-05	-4.055e-05	0.523479	1.11384	0.518296	0.1	0.0190795
1.48987	0.945757	2.0492	5.8034e-05	-7.55148e-05	-5.67733e-05	-6.01998e-05	-0.000110169	-8.09905e-07	0.521989	1.10436	0.516821	0.1	0.0194994
-1.83785	-1.91251	-0.275165	-1.27517e-05	0.000251246	1.03218e-05	0.000199529	0.000277086	-0.000135692	0.521432	1.10083	0.516269	0.1	0.0215197
-0.404358	1.83462	1.47438	1.39205e-05	-0.000274325	-7.35342e-05	1.58439e-05	9.76166e-05	-0.00010277	0.521217	1.09946	0.516056	0.1	0.0237213
-2.00819	-3.93632	1.84295	7.21779e-07	0.000374062	-3.38999e-05	-0.000130601	2.92422e-05	3.83904e-05	0.518617	1.08309	0.513482	0.1	0.0171387
2.09321	-0.0967955	0.465825	-3.24736e-05	3.95416e-05	-1.58845e-05	-0.000347122	0.000116614	-0.000174078	0.517898	1.07859	0.51277	0.1	0.0224819
2.33358	-1.08492	-0.937071	1.00279e-05	0.000115534	1.47338e-05	0.000169249	-0.000224055	1.94389e-05	0.517716	1.07746	0.51259	0.1	0.0246455
1.57644	3.78517	-1.34014	-4.43087e-05	-0.000376349	-2.31547e-05	7.1272e-05	9.17649e-05	-8.3517e-05	0.5171	1.07361	0.51198	0.1	0.0172266
-1.86435	2.70509	-1.47969	-8.64253e-05	-0.00033052	4.17732e-05	-6.6666e-06	-0.000102415	-1.31165e-05	0.516716	1.07123	0.5116	0.1	0.0214852
-1.94482	0.351424	-0.815244	-1.59208e-05	-8.32146e-05	-1.12646e-06	2.98464e-05	-0.000107728	-1.75336e-05	0.515931	1.06635	0.510823	0.1	0.0250622
1.1573	3.26453	-0.547955	-3.96116e-05	-0.000411666	-3.88572e-05	3.36166e-05	0.000107233	-0.000166269	0.515901	1.06617	0.510793	0.1	0.0145519
1.53739	2.09473	-0.948278	4.70144e-05	-0.000311896	2.18706e-05	0.00011229	0.000397163	-0.000216094	0.51576	1.06529	0.510653	0.1	0.0171369
-1.91481	-2.0891	1.95518	7.52675e-05	0.000244162	-1.23493e-05	-5.73008e-05	4.92707e-05	2.90622e-05	0.514995	1.06056	0.509896	0.1	0.026911
-0.424077	3.56106	-1.86078	-4.39455e-05	-0.000407876	-1.44494e-05	-9.54048e-05	4.63759e-06	5.54674e-05	0.514003	1.05444	0.508914	0.1	0.0210185
0.728468	0.110069	2.46311	6.40099e-05	1.46647e-05	-1.7377e-05	-0.000211856	0.00021083	2.57808e-05	0.512599	1.04583	0.507524	0.1	0.0192162
0.542903	-0.353704	1.58045	-2.02657e-05	0.000131831	-5.08499e-05	4.80149e-07	-0.000185537	8.15709e-05	0.51184	1.04118	0.506772	0.1	0.0189431
-2.05948	-3.56506	-1.30147	3.11963e-05	0.000411103	2.03426e-05	-3.19258e-05	-5.35719e-06	-0.000173515	0.511673	1.04017	0.506607	0.1	0.0220013
-0.451352	0.834309	0.699677	1.58552e-05	-0.000139772	-4.17641e-07	2.45969e-05	0.000214961	-0.000155204	0.511494	1.03908	0.50643	0.1	0.0242104
0.879368	-3.25327	-1.51793	7.63319e-06	0.000372505	8.40411e-05	-6.1127e-07	-0.000107541	2.53254e-05	0.510448	1.03272	0.505394	0.1	0.0180743
-1.23891	3.53265	2.14574	-0.00011325	-0.000244198	-4.47954e-05	-0.000136879	-0.000169701	-0.000359091	0.509646	1.02785	0.5046	0.1	0.0225057
0.831418	-2.78821	-2.41172	-3.14731e-05	0.00030407	6.69132e-05	-0.000131166	9.10094e-05	0.000199361	0.508542	1.02119	0.503507	0.1	0.0206534
-0.641598	-0.445668	-2.25348	5.36285e-05	0.000138272	-2.1132e-05	-0.000109914	5.30253e-05	-6.88045e-05	0.508425	1.02048	0.503391	0.1	0.0189945
1.43621	-0.426315	-1.3434	6.45842e-05	-2.87418e-05	-5.57747e-06	-2.46974e-05	-5.50345e-05	0.000190116	0.506867	1.01114	0.501849	0.1	0.0202012
1.37403	1.82209	-2.44861	6.87186e-06	-0.000125604	-1.80292e-05	0.00019246	-5.51124e-05	3.08919e-05	0.505037	1.00022	0.500037	0.1	0.0190681
-1.1936	2.74123	-2.23734	-6.59583e-05	-0.000116218	4.78322e-05	-0.000127637	0.00019947	0.000271086	0.504957	0.999745	0.499957	0.1	0.0230106
-2.29685	-3.45574	-0.329852	-1.71211e-05	0.000383178	-1.58698e-05	0.000100737	-0.000104657	6.46388e-05	0.504939	0.999642	0.49994	0.1	0.0197058
-0.181405	-0.44248	-1.07909	8.8267e-05	2.55765e-05	2.46119e-05	0.000153361	0.000111006	-3.52576e-05	0.504901	0.999415	0.499902	0.1	0.0179462
0.42414	-0.352272	-0.28887	8.53022e-05	-3.64123e-05	8.90394e-06	0.000185303	-0.000120252	-6.09883e-05	0.504788	0.998742	0.49979	0.1	0.0162514
0.68566	-0.702318	-1.94468	6.96396e-05	6.00866e-05	9.17329e-08	0.000182304	6.47699e-05	-0.000258208	0.503937	0.993701	0.498948	0.1	0.0206418
-1.00834	-2.2787	1.41491	3.08622e-05	0.000298601	-1.06367e-05	-0.000283531	7.25769e-05	-8.27256e-05	0.503345	0.990196	0.498361	0.1	0.0189755
-1.04006	0.376988	-1.79461	7.2151e-05	-9.49662e-06	-9.02591e-05	-9.60974e-05	-8.2278e-05	0.000270651	0.503196	0.989325	0.498214	0.1	0.0193097
1.3258	-1.49201	-0.454174	2.12775e-05	0.000225229	4.08449e-05	-5.80595e-05	-0.000102208	3.37279e-05	0.502585	0.985721	0.497609	0.1	0.0209368
-0.91716	0.829237	-0.188702	-2.6698e-05	-0.000173455	3.84742e-05	-0.000122556	-0.00021761	-0.000116495	0.501771	0.98094	0.496803	0.1	0.019563
0.271023	-2.6911	-0.340178	-9.16855e-06	0.000336372	2.87881e-05	0.000117403	7.68438e-05	-5.70399e-05	0.501401	0.978774	0.496437	0.1	0.0211738
2.33441	-1.48846	0.788616	-3.88823e-05	0.000197635	2.76104e-05	7.53997e-05	-0.000318003	3.96032e-05	0.501352	0.978484	0.496388	0.1	0.017595
-1.54859	1.42111	2.25327	5.36717e-05	-7.21054e-05	3.94428e-05	-5.12393e-05	0.0001703	0.000252441	0.501333	0.978374	0.496369	0.1	0.0198337
-0.427731	2.81289	2.13066	-4.75625e-05	-0.000141645	-4.54572e-05	0.000127049	2.84104e-05	-0.000203413	0.500305	0.972365	0.495351	0.1	0.0233015
1.74997	-1.95097	1.44221	-8.93805e-06	0.000156266	-1.17129e-05	-0.000162593	0.000162514	0.000287883	0.500134	0.971369	0.495182	0.1	0.0141958
-0.340873	-2.14388	-2.14226	3.74665e-05	0.000174266	-3.27623e-05	-0.000170675	2.50255e-05	-5.42306e-05	0.500114	0.971254	0.495162	0.1	0.0231577
1.21512	3.96721	-2.42268	-5.03184e-05	-0.000331145	4.79944e-05	-4.89576e-05	-6.9475e-05	-0.000104886	0.499003	0.964792	0.494062	0.1	0.0207425
0.497938	-1.93542	-1.5069	6.74881e-05	0.000221266	5.29557e-06	-0.000112601	-0.000233679	0.000104972	0.49838	0.96119	0.493446	0.1	0.017755
-0.122086	-1.25712	0.107885	5.43443e-05	0.000212306	9.83618e-06	-0.000165203	-0.000201818	-8.32219e-06	0.498014	0.959069	0.493083	0.1	0.0161897
-1.11556	-1.60052	-1.8578	2.7153e-05	0.00021784	-7.47224e-05	-8.93331e-05	-5.44335e-05	-0.000178877	0.49782	0.957951	0.492891	0.1	0.0212109
1.50897	-3.34047	2.1107	2.40047e-05	0.000412763	4.93402e-05	2.0275e-05	1.02566e-06	-8.18e-05	0.497807	0.957872	0.492878	0.1	0.0177035
-2.27151	2.71571	-0.493289	-6.13737e-05	-0.000291311	1.02852e-05	-0.000167151	-5.18448e-05	3.48178e-06	0.497805	0.957862	0.492876	0.1	0.0231092
-1.62586	-2.87302	0.91999	2.35693e-06	0.000327813	2.29921e-05	-0.000236092	6.08175e-05	0.000243684	0.496356	0.949524	0.491442	0.1	0.0164175
-1.29613	2.70269	0.960894	-2.57104e-06	-0.00030764	-2.79667e-05	-0.00015499	-0.00012284	1.87729e-05	0.495653	0.945496	0.490746	0.1	0.0186602
-0.917179	-3.73903	-2.13227	-2.91504e-05	0.000371688	-3.92883e-05	5.10367e-05	-7.20878e-05	-3.96069e-05	0.495534	0.944815	0.490628	0.1	0.0205038
-1.34736	-3.46565	-0.610699	-1.4327e-05	0.00038516	7.54362e-05	-7.33514e-05	-8.22324e-05	-4.90281e-05	0.49547	0.944444	0.490564	0.1	0.0177511
-1.26381	2.30353	1.86984	-9.17483e-06	1.47302e-05	-1.01281e-05	-3.34753e-05	5.06193e-07	3.16446e-05	0.495413	0.94412	0.490508	0.1	0.0207481
2.41932	1.91537	-1.38409	0.000102331	-0.000286125	3.27914e-05	-6.89551e-06	-0.000214149	6.65068e-05	0.493724	0.934499	0.488836	0.1	0.0173023
-1.72548	1.78357	-1.84241	3.30511e-05	-0.000267468	-1.53177e-05	0.000151595	-1.27438e-06	0.000224695	0.493582	0.933695	0.488695	0.1	0.0161973
0.808436	1.67419	-1.51777	-2.01183e-05	-0.000213316	0.000104043	8.52814e-05	-1.49495e-05	0.000309092	0.493482	0.933124	0.488596	0.1	0.021133
0.889027	0.529144	-0.427209	-6.20317e-05	-0.000105628	-3.2987e-06	-1.77014e-05	7.40184e-05	-9.30448e-06	0.49325	0.93181	0.488366	0.1	0.0225106
0.685903	4.0602	0.811681	-1.8233e-05	-0.000451371	3.03142e-05	-0.000160653	-0.000118798	0.000133219	0.492733	0.92888	0.487854	0.1	0.0193793
0.151116	0.0501117	0.598731	2.19871e-05	-0.000122585	3.29481e-06	-0.000181214	-6.14479e-06	0.000221342	0.492579	0.928012	0.487702	0.1	0.0183581
1.26766	2.70122	0.268245	2.36619e-06	-0.000354775	-2.67397e-05	-0.000154205	4.89113e-05	0.000104208	0.492206	0.925909	0.487333	0.1	0.0149844
0.756546	0.25851	-1.55484	-1.11279e-05	-0.000126022	2.60872e-06	0.00049308	-0.000355962	0.000187316	0.490982	0.919016	0.486121	0.1	0.0221983
-1.21117	-2.25368	-0.978817	-2.38014e-05	0.00024597	1.31857e-05	-0.000261898	-0.000268516	0.00015396	0.490889	0.918492	0.486029	0.1	0.0209564
-0.402489	-0.642773	1.49631	2.8556e-05	-3.62877e-06	-5.19871e-05	-3.59888e-05	0.000194149	0.000208687	0.490378	0.915628	0.485523	0.1	0.0213345
1.58041	-2.89526	1.24346	-4.8185e-05	0.000208079	-4.44681e-05	-0.000171017	0.000107668	-1.04044e-05	0.489482	0.910617	0.484636	0.1	0.0206247
-2.19657	2.8106	1.31947	2.23443e-05	-0.000225995	-2.03916e-05	-0.000150008	0.000187588	-4.20543e-05	0.489469	0.910544	0.484623	0.1	0.0158212
2.26398	-2.48219	-1.82347	1.19769e-05	0.000255744	3.25324e-05	0.000197463	-0.000100023	3.59641e-05	0.489084	0.908401	0.484242	0.1	0.0176984
-2.15826	1.01408	1.59949	9.25045e-06	-0.00013214	1.8316e-06	0.000225357	0.000102058	0.000231272	0.488971	0.907768	0.48413	0.1	0.0228905
0.97054	-1.98365	2.03365	1.7533e-05	0.000216332	-1.59699e-06	-6.73438e-05	-0.000126817	-0.000317306	0.4888	0.906812	0.48396	0.1	0.0196307
1.5859	-2.194	0.505376	4.18204e-05	0.000293813	-7.40758e-06	-0.000170993	8.21143e-05	-2.09118e-05	0.488326	0.904178	0.483491	0.1	0.0199684
-0.719017	-0.548189	-0.198703	-1.98805e-06	0.000106631	-2.66861e-05	0.000294738	-5.6373e-05	0.000349229	0.48828	0.903926	0.483446	0.1	0.0160678
-2.0133	3.03558	0.392266	-4.40102e-06	-0.000320204	-2.62854e-06	0.000325605	0.000104711	0.000103558	0.488206	0.903513	0.483372	0.1	0.0236172
1.58445	-3.71427	0.700345	-2.76086e-05	0.000317284	1.96136e-05	-0.000105375	3.9876e-05	-0.000257842	0.488125	0.903063	0.483292	0.1	0.0207867
0.0446	1.68256	0.595953	6.8736e-05	-0.000216648	-6.04073e-05	-2.59879e-05	5.7446e-05	-3.19009e-06	0.486774	0.895587	0.481954	0.1	0.0180305
1.411	-0.455346	1.09344	-1.73791e-05	0.000199432	4.54766e-05	9.8287e-05	-4.60173e-05	3.76033e-05	0.486222	0.892545	0.481408	0.1	0.0162001
2.31906	-0.531554	-1.76212	7.89921e-05	0.000113063	2.9687e-05	-0.00013398	-1.6356e-05	0.000143147	0.485931	0.890944	0.48112	0.1	0.0226976
-1.06893	-3.83021	1.53437	2.53571e-05	0.000408722	3.8374e-05	-7.14728e-05	-0.000118971	0.000106627	0.485684	0.889585	0.480875	0.1	0.0165454
2.103	2.51988	0.722251	2.41934e-05	-0.000173696	-2.85871e-05	-0.000207451	1.61326e-05	0.000100119	0.485546	0.888831	0.480739	0.1	0.0213952
-1.78341	-0.240758	-1.94525	7.3371e-05	1.00132e-05	-3.9681e-05	-1.90837e-05	0.000121964	-0.000322286	0.484993	0.885791	0.480191	0.1	0.0212716
-0.644836	1.05784	2.19674	4.60299e-05	-4.22624e-05	-8.50097e-05	0.000312158	4.62468e-06	-0.000235617	0.484263	0.881798	0.479468	0.1	0.0167722
-1.83147	-1.5492	-1.20239	1.81223e-05	0.000227396	-7.94819e-05	0.000300229	1.87092e-05	-8.80542e-05	0.483863	0.879615	0.479072	0.1	0.0224083
-1.7906	-1.86502	1.00025	-9.64908e-06	0.000193846	-8.93145e-06	-3.61586e-05	9.12226e-05	0.00012721	0.48386	0.879599	0.479069	0.1	0.0170506
1.71761	-0.134362	-0.450772	-3.18883e-05	3.51038e-05	-1.48227e-06	0.000282069	-0.000130682	5.91468e-05	0.483476	0.877508	0.478689	0.1	0.0174872
0.518972	2.60185	1.94246	-3.27688e-05	-0.00028267	1.43029e-07	1.87471e-05	-0.000141111	-0.000295124	0.483004	0.874942	0.478222	0.1	0.0175065
0.297772	0.950309	-1.06493	-3.54078e-05	-0.000157039	-1.45299e-05	-0.00035807	7.81731e-05	-0.000282337	0.482785	0.873753	0.478005	0.1	0.0196098
-1.28112	-1.21673	0.515254	-2.66706e-05	0.000103449	-9.14006e-05	-1.20568e-05	0.000217255	-0.000356285	0.482566	0.872562	0.477788	0.1	0.0155587
-0.0271165	0.677185	1.5731	6.38702e-05	-9.83688e-05	-3.32328e-05	-9.54731e-05	-0.000324031	-0.000179853	0.482132	0.870207	0.477358	0.1	0.0218384
1.9443	2.54841	2.194	-3.60176e-05	-0.000144528	3.67399e-05	0.000397803	6.23288e-05	9.14641e-05	0.48194	0.869166	0.477168	0.1	0.0203699
-0.586378	2.67218	-0.478676	-2.87595e-05	-0.000291858	-6.88911e-06	-5.3657e-05	8.95653e-05	2.59214e-05	0.481933	0.86913	0.477161	0.1	0.0225693
-1.42367	0.705748	0.633304	-5.67888e-07	-4.56835e-05	5.82268e-05	0.000146663	-6.55791e-05	-3.51878e-05	0.481479	0.866677	0.476712	0.1	0.0226697
1.03471	-3.40268	-0.531785	-3.69911e-05	0.000349102	4.0234e-05	7.30788e-05	-8.40111e-05	-0.000143778	0.480917	0.863644	0.476155	0.1	0.0153573
-0.922916	-1.57785	2.18628	5.49361e-05	0.000192326	-1.83099e-05	-0.000108813	6.8457e-06	2.64142e-05	0.480468	0.861231	0.475711	0.1	0.018408
1.53516	0.451533	-2.09202	5.24422e-05	-6.54872e-06	-1.8633e-05	0.00020867	-0.000107083	6.22485e-05	0.47986	0.857968	0.475109	0.1	0.0155236
0.486007	2.66577	-0.948803	-0.00011978	-0.00034227	1.83766e-05	3.03857e-05	0.00010222	2.99641e-05	0.478966	0.853181	0.474224	0.1	0.0188621
1.21631	0.502354	1.20692	3.80956e-05	-3.02981e-05	-4.96794e-05	2.4494e-05	-2.80322e-05	-0.000390398	0.478473	0.850548	0.473736	0.1	0.02004
-2.4559	0.00372935	1.50041	4.11469e-05	0.00012983	2.7901e-05	-9.48351e-05	-0.000155533	-7.59637e-05	0.478412	0.850219	0.473675	0.1	0.0241833
-1.6923	1.39869	-0.0643701	5.17256e-06	-0.000160218	7.45551e-06	0.000261581	4.76094e-05	3.74785e-05	0.47793	0.847656	0.473198	0.1	0.0193638
-1.07737	-3.0777	-1.45032	3.14732e-05	0.000266199	4.45871e-05	0.000248984	9.89686e-05	-0.000118581	0.477808	0.847007	0.473077	0.1	0.0277849
2.22671	3.5687	1.22345	-4.14822e-05	-0.000291784	2.61135e-05	8.80106e-05	1.65839e-05	0.000199631	0.477733	0.846607	0.473003	0.1	0.0222815
-2.02994	2.75874	2.2615	-0.000183314	-0.000326369	5.28877e-05	-0.000101406	-0.000104996	-3.19944e-05	0.477694	0.846395	0.472964	0.1	0.0175852
-0.649268	1.95742	-2.47461	-1.84336e-05	-9.68803e-05	-6.91133e-05	0.000202659	0.000106332	-0.00032601	0.477155	0.843541	0.472431	0.1	0.0180738
-0.741103	3.16068	0.32077	-8.76928e-06	-0.000293238	-1.12135e-05	-0.000138227	-6.80586e-05	5.50477e-05	0.47715	0.843513	0.472426	0.1	0.0210938
-0.701539	0.13643	1.96599	-1.93446e-05	-8.97517e-06	-0.000102162	-0.000227728	0.000109692	0.000112332	0.477062	0.843044	0.472339	0.1	0.0206547
-1.50744	0.0191997	1.48792	-4.92242e-05	2.62643e-05	-8.56308e-06	0.000106168	3.92801e-05	-0.000268968	0.476857	0.841959	0.472136	0.1	0.0212365
1.23521	-1.12568	0.439021	5.86102e-05	0.000211011	4.72253e-05	-0.000172728	-0.000249562	-0.000151354	0.476785	0.841575	0.472064	0.1	0.0153577
-0.355507	3.93662	2.23081	-4.52966e-05	-0.000417214	-3.90809e-05	-3.66089e-05	9.68657e-05	3.26371e-05	0.475355	0.834028	0.470649	0.1	0.0203783
-1.67563	-0.822376	1.94216	-1.54516e-05	0.000142029	-5.0214e-05	1.63814e-05	0.000138261	0.000120055	0.475269	0.83357	0.470563	0.1	0.0193522
-1.66228	0.462898	2.3044	8.11e-05	-4.88712e-05	2.34054e-05	0.000125838	-5.41174e-06	-0.000219023	0.474862	0.83143	0.47016	0.1	0.0189488
2.02717	-2.85157	-0.976503	-3.58009e-05	0.000344807	4.71264e-05	8.08519e-05	-0.000145812	-6.13708e-05	0.474508	0.829578	0.46981	0.1	0.0211275
-2.17059	1.95669	1.74419	-2.12016e-05	-0.000149416	8.35087e-05	-0.000108896	7.15355e-05	-0.000186519	0.474403	0.829024	0.469706	0.1	0.0197877
-2.37691	-0.37695	-0.311693	-1.54e-05	0.00010118	-1.31105e-05	0.000248052	-0.000145582	-9.65493e-05	0.473731	0.82551	0.469041	0.1	0.0234062
-1.07486	-0.0764714	-0.943163	3.94308e-05	6.32315e-05	-5.76123e-05	-0.000313058	-0.000135222	-0.000193064	0.47183	0.815609	0.467158	0.1	0.0189789
0.691138	-3.08988	1.67657	-1.18205e-06	0.000269019	3.08738e-05	-0.000120972	2.43791e-05	0.000264467	0.471086	0.811759	0.466422	0.1	0.0162489
-0.438906	-2.04191	-0.342678	-4.61586e-05	0.000267732	1.35264e-05	-0.000164761	-7.88302e-05	0.000214068	0.470528	0.808876	0.465869	0.1	0.023522
-2.14241	-2.43026	-1.06412	-2.21125e-05	0.000268322	-3.13325e-05	-0.000349453	0.000197016	-5.6365e-05	0.470355	0.807987	0.465698	0.1	0.0169783
0.472436	3.38938	0.136455	4.26514e-05	-0.000398695	3.47947e-05	-7.47359e-05	0.000112982	0.000170325	0.470211	0.807242	0.465555	0.1	0.0184869
-1.16054	-2.44628	2.45914	3.62353e-05	0.000226101	-2.23981e-05	8.41118e-05	-7.22061e-05	-9.12973e-05	0.47002	0.806259	0.465366	0.1	0.0204325
0.533836	1.03881	2.25158	7.84717e-05	-1.31541e-05	-4.38348e-05	8.01053e-05	0.000163678	-0.000143576	0.46956	0.803896	0.464911	0.1	0.0166088
-0.107749	-1.11593	2.26565	7.68891e-05	0.000116809	-3.49645e-05	-0.000195702	-7.20223e-05	-0.000152637	0.469458	0.803373	0.46481	0.1	0.0191217
-0.628236	-1.88804	0.620905	1.54048e-06	0.00015689	-0.000105182	-0.000105186	-7.61968e-05	0.000478683	0.469446	0.803307	0.464798	0.1	0.021161
-0.794794	1.75847	-0.397747	1.18975e-05	-0.000245917	9.16458e-06	2.63553e-05	8.5341e-05	3.80395e-05	0.468782	0.799905	0.464141	0.1	0.0177322
1.13587	-0.0510803	0.284658	-2.42987e-08	6.06757e-06	4.40183e-05	-0.000220194	-4.67846e-06	0.000147494	0.467379	0.792743	0.462751	0.1	0.0175653
1.80779	-0.365939	1.94508	4.13139e-05	9.73516e-05	7.25855e-06	0.000214707	0.000216008	0.000140313	0.467217	0.791923	0.462591	0.1	0.0192203
-0.194341	-2.1676	1.91235	6.04864e-05	0.000214777	-1.99857e-05	0.000257906	-8.77365e-05	5.11446e-05	0.466675	0.789165	0.462054	0.1	0.0169621
1.63765	1.21185	-1.55475	4.45271e-05	-4.48478e-05	1.01086e-05	-9.69046e-05	0.00020415	2.44563e-05	0.466232	0.786924	0.461616	0.1	0.0148825
-0.695819	2.2306	0.392195	3.5017e-05	-0.000277994	1.2248e-05	7.55977e-05	8.38709e-05	0.000127825	0.466205	0.786785	0.461589	0.1	0.0180811
-0.897824	2.8977	-1.33476	-6.84412e-05	-0.00034559	9.13174e-06	-2.13194e-05	-7.57396e-08	-5.70556e-06	0.466076	0.786131	0.461461	0.1	0.0157468
0.911275	-2.86058	0.351637	5.80203e-06	0.000258051	3.27865e-05	1.27978e-05	-0.000156818	-5.60747e-05	0.465707	0.784266	0.461096	0.1	0.0225223
-1.83866	-2.21511	-1.95198	-2.09979e-05	0.000294975	-5.0907e-06	0.000119597	0.000278122	1.49849e-05	0.465684	0.784148	0.461073	0.1	0.0221204
-1.43002	2.39399	-0.178954	3.37523e-06	-0.000270888	4.19916e-05	0.000148967	8.10065e-05	-0.000106315	0.46529	0.782163	0.460683	0.1	0.0160621
1.96691	1.78322	0.0593211	1.49521e-05	-0.000126839	-3.48176e-05	0.000122222	-0.000179261	-0.00014714	0.464712	0.779251	0.460111	0.1	0.0165631
0.810929	-1.06507	2.17708	4.62233e-05	0.00018932	-2.54958e-05	5.08547e-05	1.20083e-05	0.00029898	0.464331	0.777336	0.459734	0.1	0.0138706
1.79518	-1.65463	2.3501	-3.17256e-05	0.000239504	5.73201e-05	0.000183448	3.74026e-05	0.000429228	0.463321	0.772277	0.458734	0.1	0.014732
-2.19798	2.11772	0.242355	1.59473e-05	-0.000211767	5.58972e-05	-0.000122201	-1.93046e-05	-2.53042e-05	0.462664	0.768994	0.458083	0.1	0.0176936
0.561926	1.87296	1.35698	9.79268e-06	-0.000221103	-4.36423e-05	0.000165429	-0.000161533	0.000184608	0.462514	0.768246	0.457935	0.1	0.0135943
2.05568	-1.04397	-0.00827068	-1.17144e-05	0.000122663	-4.81566e-06	-0.000224293	0.000220155	3.09448e-05	0.462457	0.767963	0.457878	0.1	0.0165767
0.999692	-1.3601	1.33119	3.83192e-05	0.00019562	-1.58373e-05	-0.000140415	0.000146692	0.000128858	0.460448	0.757998	0.455889	0.1	0.0153741
2.02864	-3.52842	-1.60653	-1.16307e-06	0.000404605	9.81722e-06	4.5909e-05	-4.85066e-05	-5.904e-05	0.4597	0.75431	0.455149	0.1	0.0133558
2.05448	3.17531	0.0564694	-2.91513e-05	-0.000308454	-0.000147278	-7.48198e-05	-1.99708e-06	0.000102542	0.459434	0.752999	0.454885	0.1	0.0224544
-1.54642	-3.08541	1.83831	-2.66957e-05	0.000371219	1.30555e-05	0.000205001	-0.000185161	-4.36025e-05	0.45935	0.752587	0.454802	0.1	0.0233393
0.155043	-1.5531	0.974057	2.56916e-05	0.000170854	8.74765e-05	5.21628e-06	-5.51194e-05	0.000166119	0.459269	0.752192	0.454722	0.1	0.0158368
-2.47936	1.94954	-2.38464	1.43622e-05	-6.80169e-05	8.49479e-05	0.000112355	1.26037e-05	-0.00030664	0.459266	0.752174	0.454719	0.1	0.0189865
-0.177832	0.344445	-0.539429	3.18927e-05	-7.34309e-05	0.000111142	9.91861e-05	9.26571e-05	0.000332117	0.459194	0.751823	0.454648	0.1	0.0193188
1.4629	3.0472	1.15365	-2.21324e-05	-0.000292709	-2.84412e-05	0.000264108	-1.67368e-05	0.000168992	0.459118	0.751448	0.454572	0.1	0.0198106
2.18494	1.10026	-2.29037	-6.33559e-06	3.01867e-05	-3.58977e-05	-7.19242e-05	-5.98114e-07	0.000192319	0.459006	0.750894	0.454461	0.1	0.0148427
2.07951	-1.43388	-1.81129	4.67465e-05	0.000143057	4.397e-05	0.000131428	0.000195211	-0.000223551	0.458587	0.748846	0.454047	0.1	0.0227187
-1.45878	3.16881	-0.664939	-7.39592e-05	-0.000306124	-2.36602e-05	-0.000128435	-2.58129e-05	3.63308e-05	0.458044	0.746189	0.453509	0.1	0.0190641
2.34004	1.66616	1.0175	-2.98524e-06	-0.000114474	7.69459e-05	6.71304e-06	-0.000213615	-7.28714e-05	0.458039	0.746161	0.453504	0.1	0.0161032
-2.14007	3.77751	-0.623029	-3.09157e-06	-0.000402086	-3.45365e-05	2.97962e-05	-0.000306629	-0.000159182	0.457054	0.74136	0.452529	0.1	0.0208766
-1.43131	0.0423417	-0.0617539	-9.36461e-05	-7.47364e-05	2.05348e-05	-3.84736e-05	-2.63091e-05	-1.68314e-05	0.456744	0.739852	0.452222	0.1	0.0183398
1.17555	-2.42937	-0.450489	-5.14339e-06	0.000264111	5.69372e-05	-2.63105e-05	-0.000117567	-9.91678e-05	0.456538	0.738849	0.452018	0.1	0.0154625
2.38185	-3.48668	2.44069	3.50973e-05	0.000382695	-6.33359e-06	6.51042e-05	0.00013162	3.53644e-05	0.456295	0.737671	0.451777	0.1	0.0182676
-1.66132	-0.755456	-0.748779	7.65317e-06	0.000143843	1.68173e-05	-4.50258e-05	-1.94409e-05	9.80821e-05	0.4556	0.734306	0.451089	0.1	0.0200398
-0.64231	-3.02807	1.86778	1.50025e-05	0.000337488	3.06698e-05	5.45154e-05	0.000214479	-9.12004e-05	0.45547	0.733674	0.45096	0.1	0.0139867
0.162946	2.24178	-0.140959	5.52869e-06	-0.000234621	-5.91886e-05	-4.62799e-06	4.94507e-05	6.68255e-05	0.455436	0.733515	0.450927	0.1	0.0147567
1.67618	1.14941	0.645184	-7.22692e-05	-4.92431e-05	-2.09511e-05	-0.000230533	7.09962e-05	-5.99457e-05	0.45531	0.732903	0.450802	0.1	0.0145816
0.903167	-2.24943	1.14032	7.04188e-05	0.000266124	-4.91075e-06	0.000162687	-4.8819e-05	0.000101273	0.455197	0.732356	0.45069	0.1	0.015146
1.08277	4.01343	-0.771897	-2.49704e-05	-0.000423839	2.39113e-06	6.10953e-05	-7.46101e-05	0.000206544	0.277675	0.16624	0.274926	0.1	0.00652071
1.48188	2.03088	0.560177	7.83755e-05	-0.000267669	0.000106998	-0.000327932	1.48549e-05	0.000108703	0.277411	0.165765	0.274664	0.1	0.00871174
1.84041	-2.24759	-0.207067	9.2809e-07	4.75552e-06	-4.4255e-07	8.37122e-24	7.03059e-24	-3.22834e-24	0.277355	0.165667	0.274609	0.1	0.0137082
-1.11715	1.62839	0.354342	1.91302e-05	-0.000259426	3.57211e-05	-0.000208894	-0.000121711	-0.000307019	0.277213	0.165412	0.274468	0.1	0.0145616
0.926087	3.91536	-0.169603	2.00032e-05	-0.000384406	-0.000125866	0.000600949	-2.44902e-05	0.000110287	0.276217	0.163635	0.273482	0.1	0.00867873
-0.756262	-3.05061	-2.41812	2.43523e-05	0.00031126	1.58128e-05	-6.27934e-05	-0.000355816	0.000177225	0.275638	0.162608	0.272909	0.1	0.00958476
0.700926	-3.81354	1.82676	-0.000158966	0.000236521	6.39707e-05	0.00026809	-0.000195874	0.000923971	0.275408	0.162201	0.272681	0.1	0.0110371
1.6254	-0.83197	-0.712163	3.81967e-05	0.000104772	-9.97245e-06	-0.000338241	-5.42673e-05	-8.74637e-05	0.275341	0.162083	0.272615	0.1	0.00733117
-1.92664	-0.230911	2.31494	-1.34063e-06	4.05899e-05	-1.13288e-05	5.11534e-05	0.000128767	-1.59821e-07	0.275341	0.162083	0.272615	0.1	0.011978
-1.33778	-3.82667	2.23761	-2.86092e-05	0.000407661	-1.15352e-05	2.13522e-05	6.47915e-05	-1.8445e-05	0.275089	0.161637	0.272365	0.1	0.00893856
0.227778	-3.86793	-1.69427	0.000100631	0.000263817	-5.70385e-05	-0.000504239	-7.56403e-05	-0.000680941	0.275056	0.161582	0.272333	0.1	0.0104463
1.97432	1.71552	-1.96753	8.64594e-06	-2.7912e-05	3.76754e-05	0.000515055	0.000163279	-0.000273053	0.274446	0.160509	0.271729	0.1	0.00602577
-0.724061	0.973506	-1.42527	3.91716e-05	-0.00010995	3.24255e-06	0.000752791	0.000315227	-0.000327795	0.274411	0.160446	0.271694	0.1	0.00694492
-1.28012	0.697227	1.69252	-2.71602e-08	-2.30773e-07	-1.89526e-07	-8.43128e-13	2.20557e-14	8.6236e-13	0.274202	0.16008	0.271487	0.1	0.011081
1.41443	-2.00386	-2.13422	-6.08171e-06	0.000266298	5.55949e-05	-0.000186027	-0.000159316	0.000218021	0.274042	0.159801	0.271329	0.1	0.0122016
2.07698	-1.77468	-0.0702871	-2.85466e-05	1.4747e-05	3.57101e-05	0.000143532	-4.25953e-05	0.000130868	0.273887	0.159529	0.271175	0.1	0.0153851
1.44498	3.00651	1.87753	-8.62716e-05	-0.000228397	-2.54856e-05	-0.000744262	-0.000283068	0.000244066	0.273679	0.159166	0.270969	0.1	0.0139906
1.4779	-3.60243	-1.09878	-6.5561e-06	0.000403547	5.92857e-05	0.000180118	-3.05128e-05	8.71908e-05	0.273477	0.158813	0.270769	0.1	0.0121914
0.649924	1.59723	-2.28481	0.000111856	-0.000159411	4.43961e-05	0.000490677	4.50351e-05	0.000469238	0.273324	0.158548	0.270618	0.1	0.00801685
-1.83817	3.36619	-2.35605	-6.64251e-05	-0.000364643	2.65731e-05	8.26825e-05	-7.33557e-05	-0.000118002	0.272973	0.157937	0.27027	0.1	0.0108176
0.475386	-1.45694	-2.13357	3.76126e-05	4.4862e-05	4.01396e-06	6.16882e-05	-7.22509e-05	0.000227766	0.272675	0.15742	0.269975	0.1	0.0111278
0.285561	2.90638	-1.62901	-4.74691e-05	-0.000306501	-9.81297e-05	0.000386023	9.61736e-05	-4.6442e-05	0.272585	0.157264	0.269886	0.1	0.00910233
0.661097	0.472752	1.77915	5.3802e-05	-4.54396e-05	-2.67952e-05	0.000170206	3.68067e-05	0.000204462	0.27236	0.156875	0.269663	0.1	0.0105427
0.575957	2.19218	0.446974	1.04954e-06	-0.000225275	-8.47099e-05	8.63294e-05	2.83258e-05	0.000127101	0.272313	0.156795	0.269617	0.1	0.00656922
1.33127	0.240153	-0.970044	-3.4111e-05	-2.06187e-05	-2.59369e-05	-0.000249007	-0.000102681	0.000431329	0.271845	0.155987	0.269153	0.1	0.00673029
1.22693	0.959098	0.114841	-8.08151e-06	-0.000112667	6.6032e-05	7.06659e-05	-0.00024677	-0.000404297	0.271451	0.15531	0.268763	0.1	0.0120045
1.87193	3.1332	-2.02652	-8.01355e-05	-0.000312143	3.9501e-06	-5.68345e-05	-0.000385722	0.000335621	0.271375	0.155179	0.268688	0.1	0.0084839
0.225923	-0.671426	0.918482	-7.2704e-05	9.69343e-05	1.17504e-06	-0.000107963	0.000137027	0.000138815	0.270927	0.154413	0.268245	0.1	0.0097338
1.79959	3.75973	0.395841	-9.12469e-05	-0.000438724	-5.56289e-05	0.0005351	8.81268e-05	0.00031078	0.2707	0.154024	0.26802	0.1	0.00844197
0.404368	-3.86255	-2.20456	2.19919e-05	0.000237286	-8.54791e-05	0.00050276	0.000400825	0.000398921	0.270558	0.153782	0.267879	0.1	0.0118741
-0.124764	3.13212	0.729355	1.74855e-05	-0.000416518	-6.50125e-05	-0.000178718	7.78308e-05	0.000411867	0.270297	0.153339	0.267621	0.1	0.00625161
1.43567	1.3281	-0.863831	-3.62435e-05	-0.000285039	5.98928e-06	-8.73516e-05	-6.96401e-05	-4.03722e-05	0.270287	0.153322	0.267611	0.1	0.00793709
-2.37402	-1.85915	-1.61025	2.42198e-05	0.000216514	1.91149e-05	-0.000609808	0.000111202	0.000349021	0.270186	0.153149	0.267511	0.1	0.0126167
-0.922575	1.41044	-1.67047	-4.27056e-05	-0.000241151	-7.72059e-05	0.000222076	-0.000305059	-0.000215536	0.270182	0.153142	0.267507	0.1	0.00865372
-2.25877	1.47735	-0.85872	0.000254554	-9.04256e-05	7.96593e-05	-0.000335945	0.000388799	0.000851487	0.270017	0.152863	0.267344	0.1	0.0110374
1.4228	-1.08567	-2.3959	-0.000175989	0.000133589	6.78051e-05	-0.000119559	-0.000218389	-8.62949e-05	0.26995	0.152747	0.267277	0.1	0.00876711
1.55113	1.91838	-1.70481	8.98033e-06	-0.000115054	1.26172e-05	0.000271956	-0.000599864	0.000183696	0.269181	0.151447	0.266516	0.1	0.00700981
0.746845	1.69634	0.338094	9.71827e-08	-0.000207967	-6.65841e-05	-0.000360174	0.000354521	5.81438e-05	0.269098	0.151308	0.266434	0.1	0.0059409
0.382835	3.32298	-0.60745	-2.57562e-05	-0.00011516	9.26567e-05	-0.000666416	5.28852e-05	-0.000115246	0.268805	0.150813	0.266144	0.1	0.00606691
-0.584665	-3.09918	1.14071	1.74071e-05	0.000395376	-1.92751e-05	-0.000239653	-0.000199395	-6.36648e-05	0.268767	0.150749	0.266106	0.1	0.00991977
0.846343	-1.8914	-2.2006	7.34281e-05	-4.46325e-05	7.37702e-06	-7.55467e-06	-6.28235e-05	5.06027e-06	0.268522	0.150336	0.265863	0.1	0.00849375
0.671414	1.95614	2.27866	-2.23686e-05	-0.000268013	2.80699e-05	-0.000153308	0.000325283	0.000540738	0.268425	0.150173	0.265767	0.1	0.00720935
1.37351	-2.61429	1.93872	-2.99804e-05	0.000377461	-4.62903e-05	-0.000391521	1.35686e-05	0.000358527	0.268352	0.150052	0.265695	0.1	0.0118977
-0.616183	3.85334	0.638233	-4.38365e-05	-0.000304687	4.75476e-05	-0.000442038	7.7372e-05	-0.000733099	0.268323	0.150002	0.265666	0.1	0.00823975
2.35263	-0.728882	0.837705	-8.26572e-05	0.000144078	9.80833e-05	1.49683e-05	5.65571e-05	2.71751e-05	0.268231	0.149848	0.265575	0.1	0.00740789
-1.18527	2.2908	-1.61858	5.34031e-05	-5.281e-05	6.76763e-05	7.31269e-06	-3.0292e-05	-5.24612e-06	0.26816	0.14973	0.265505	0.1	0.00669478
-2.42867	1.35849	-0.102286	3.20667e-05	-5.63339e-05	2.43138e-05	0.00038196	-3.16846e-05	-0.000313422	0.268094	0.149619	0.26544	0.1	0.00906787
0.185219	-3.9001	-0.201959	-3.18001e-05	0.000314648	-2.09564e-05	-0.000114316	0.000195837	0.000276204	0.267672	0.148914	0.265022	0.1	0.00593185
0.0961053	0.0970441	2.01913	2.34704e-05	6.70033e-06	6.12659e-05	0.000138272	0.000878375	0.000271365	0.267644	0.148867	0.264994	0.1	0.0090901
0.0915336	0.248783	-1.90307	8.10953e-05	-0.000189786	-0.000132695	-0.000340501	3.02635e-05	0.000201637	0.267399	0.148458	0.264751	0.1	0.00826744
-0.864971	0.623659	-0.919949	0.00011401	-2.43913e-05	3.12633e-05	0.000798267	-0.000103191	6.28857e-05	0.26738	0.148428	0.264733	0.1	0.00962745
-0.620989	-0.878441	0.533034	-3.14096e-05	4.6088e-05	-7.6776e-05	0.000540288	-0.000139755	0.000435987	0.267164	0.148068	0.264519	0.1	0.00781927
1.87044	2.23627	-2.03799	1.3146e-05	-5.91606e-05	4.57115e-05	-0.000334843	1.16168e-05	0.000449366	0.266747	0.147375	0.264106	0.1	0.00866718
-2.17269	3.98259	1.11177	-0.000330241	-0.00022154	-1.57423e-05	1.97665e-06	0.000509787	-0.000158291	0.266696	0.14729	0.264055	0.1	0.00704877
-0.496691	0.22554	-1.27248	7.09402e-05	-4.50917e-05	2.5101e-05	-0.000211875	-0.000468528	0.000364641	0.266657	0.147227	0.264017	0.1	0.0060798
-0.510841	-2.87733	0.491969	7.67397e-05	0.000311879	-3.42307e-05	-0.00028989	-0.000210186	-0.000174947	0.266646	0.147208	0.264006	0.1	0.0149433
-0.857348	1.05938	-2.07945	3.24694e-05	-7.12852e-05	-0.000115505	-3.64898e-05	8.18839e-05	-0.000455546	0.266512	0.146986	0.263873	0.1	0.00740675
-0.0237078	2.88963	1.49281	1.51806e-05	-0.000376809	-1.28343e-05	0.000179719	-2.90902e-05	-0.000280836	0.266395	0.146792	0.263757	0.1	0.00617678
2.47753	-2.58969	-0.460209	4.7421e-05	0.000103752	9.31908e-05	0.000370957	0.000252069	-0.000452141	0.26634	0.146702	0.263703	0.1	0.0151161
-1.96594	-1.41002	0.307245	-6.70476e-05	0.000152858	9.48879e-05	-3.36085e-05	-0.000147947	0.000662457	0.266286	0.146613	0.26365	0.1	0.0113507
-1.59462	3.80191	1.31146	-1.4947e-05	-0.000277326	-0.000165392	0.000946548	0.000198823	0.000154845	0.266192	0.146457	0.263556	0.1	0.00759344
-0.950021	-0.687806	-1.43111	2.96658e-05	0.000113534	-0.000141635	-0.000242614	0.000405173	0.000246341	0.266027	0.146186	0.263393	0.1	0.0145655
-2.05439	3.48823	2.17213	-6.30579e-05	-0.000367483	2.17018e-05	1.76984e-05	-0.000112833	-0.000340642	0.265875	0.145936	0.263243	0.1	0.00655287
1.2681	1.61664	0.292155	-3.2641e-05	-0.000101918	-8.73812e-05	0.000177896	-0.00031782	0.000250606	0.265741	0.145715	0.26311	0.1	0.0054607
1.29548	-2.88374	-0.988819	-1.21642e-05	0.000334609	5.80618e-05	0.000205114	0.000296496	0.000151798	0.265638	0.145545	0.263008	0.1	0.00883514
-0.280447	0.675702	-1.43755	-6.0148e-06	-0.000149145	-1.35163e-05	-0.000594353	-0.000382665	9.293e-05	0.265491	0.145302	0.262862	0.1	0.00631027
1.91832	-0.944614	2.36709	-1.25269e-05	0.00017372	2.83157e-05	-0.000544919	-8.31371e-05	-0.000771568	0.265259	0.144924	0.262633	0.1	0.0100798
1.30695	2.38037	0.943891	-2.09052e-05	-0.00023928	-3.93917e-05	-0.000253565	-1.83726e-05	-0.000328102	0.264796	0.144165	0.262174	0.1	0.00741018
0.654201	-3.79195	0.0237428	-0.000101936	0.000252477	7.21301e-05	0.000338577	1.97775e-06	0.000467525	0.264249	0.143274	0.261633	0.1	0.00916416
-1.78933	2.10161	2.48164	-0.00010812	-0.000212055	6.90561e-05	7.49673e-05	0.000195643	0.000473681	0.264167	0.14314	0.261551	0.1	0.0105687
-0.364319	-1.49641	1.70294	-1.70097e-05	0.000183486	-4.1862e-05	0.000165519	0.000174746	-0.000217393	0.264016	0.142895	0.261402	0.1	0.00751469
0.0428243	2.78631	0.363323	2.03437e-06	-3.28187e-06	-2.92307e-06	1.3339e-08	-4.62061e-09	-1.11025e-08	0.263903	0.142711	0.26129	0.1	0.010754
0.50515	-1.13161	0.507372	6.18246e-05	2.11456e-05	6.31886e-05	0.000243845	0.000120765	-0.000211817	0.263737	0.142442	0.261126	0.1	0.0079957
1.3799	-3.75628	-1.80569	-4.35525e-06	0.000448407	3.44963e-05	0.000173571	0.000225399	1.34518e-05	0.263591	0.142206	0.260981	0.1	0.00930329
-0.0358025	-1.19409	-0.756339	1.24889e-07	-7.88986e-08	6.26977e-08	2.24118e-24	3.87142e-24	1.22335e-24	0.263502	0.142062	0.260893	0.1	0.0104826
1.40517	-2.6261	-1.91486	-7.49411e-05	0.000113285	0.000209656	9.85868e-05	-9.64403e-05	8.85226e-05	0.263392	0.141884	0.260784	0.1	0.00842259
1.31966	-0.847653	1.71635	-1.02395e-05	0.000190943	-2.7804e-07	5.89657e-06	7.78035e-05	-0.000389636	0.263362	0.141834	0.260754	0.1	0.00653024
0.813756	-0.0463026	0.932052	-1.40925e-05	8.84877e-05	-5.68342e-06	-0.000237059	-5.22082e-05	0.000227633	0.263318	0.141765	0.260711	0.1	0.00744471
-1.09469	3.87192	0.855519	-3.67565e-05	-0.000404179	6.4316e-05	-0.000138794	-0.000117585	-0.000103804	0.262863	0.14103	0.26026	0.1	0.00981362
-1.61495	-4.05573	-2.36724	1.13701e-06	1.90346e-06	-2.1863e-06	-3.44347e-23	4.76834e-23	3.02751e-23	0.262474	0.140406	0.259875	0.1	0.0100052
-0.858583	1.67389	0.866284	-5.21438e-05	-5.5047e-05	-7.73358e-05	0.000369004	-5.47042e-06	-0.000276169	0.262445	0.140359	0.259847	0.1	0.0102412
2.05667	1.04961	1.23681	-0.000140399	-5.33417e-05	-1.03178e-05	0.000135756	-0.000202206	-0.000319648	0.262382	0.140258	0.259784	0.1	0.00775125
0.453826	-2.39962	1.69493	1.59363e-06	5.89338e-06	2.32178e-06	-2.71856e-10	2.76403e-09	-2.73722e-09	0.262307	0.140138	0.25971	0.1	0.00835229
2.30736	3.33042	-0.592709	-4.4024e-05	-0.000341942	-0.000135508	-0.000171037	-3.4055e-05	5.91814e-05	0.261855	0.139414	0.259262	0.1	0.00858626
-0.325403	-0.00315233	-1.71076	9.75792e-05	-5.3996e-05	3.46024e-05	-0.000260771	0.000416424	-0.000398607	0.261739	0.13923	0.259148	0.1	0.00544334
0.349067	-0.645915	0.406601	-2.81548e-05	-1.66377e-05	3.81873e-06	-0.000466224	-0.000305117	0.000334408	0.261522	0.138883	0.258933	0.1	0.00587221
0.394078	-2.67193	-1.61608	-4.49656e-05	0.000267277	9.14785e-06	-0.000161688	1.97222e-05	0.000318286	0.261188	0.138352	0.258602	0.1	0.010347
-0.124627	3.59898	0.487987	-4.09439e-05	-0.000460528	-8.81963e-05	5.03972e-06	-0.000645414	8.76979e-05	0.260995	0.138045	0.258411	0.1	0.00659565
1.64478	-1.25168	1.70171	-9.63018e-05	0.000142028	-3.8487e-05	0.000162057	1.10647e-05	-1.80779e-05	0.26082	0.137768	0.258238	0.1	0.0075455
0.0138026	-0.380938	-1.80903	5.43071e-05	-4.14211e-05	2.26885e-05	0.000110186	-0.000105332	0.000438883	0.260716	0.137603	0.258135	0.1	0.00820709
2.11101	-0.621357	1.2895	-7.90888e-05	6.15056e-05	0.000134107	0.000250579	6.22512e-05	0.000119385	0.260608	0.137432	0.258028	0.1	0.00944327
1.56486	0.454632	0.565795	-2.97022e-05	1.5256e-05	-2.04357e-05	0.00040911	0.000229498	0.000264815	0.260419	0.137134	0.257841	0.1	0.0111623
-0.13494	2.68071	-1.33431	-7.95039e-05	-0.000331246	-1.30675e-05	-0.000111439	-0.000344977	-0.000122701	0.25964	0.135906	0.257069	0.1	0.00924563
2.44145	-1.68861	-0.442304	-5.54011e-05	0.000122077	4.08215e-05	-0.000118308	0.00010642	-1.68283e-05	0.259308	0.135386	0.256741	0.1	0.0112948
0.780637	-2.81817	-0.892922	-9.99973e-06	0.00030284	-3.95649e-05	-0.000500292	9.69149e-05	0.000205196	0.259076	0.135023	0.256511	0.1	0.00449258
1.29833	2.0195	-0.0427781	-4.47832e-06	-0.000221056	-4.74724e-06	0.000343626	0.000265303	0.000725394	0.25907	0.135014	0.256505	0.1	0.00696791
-1.12336	-0.579567	1.33143	-5.29081e-05	2.7994e-05	8.58902e-05	-0.000589669	-0.000115219	0.000457973	0.258949	0.134824	0.256385	0.1	0.00863997
2.35151	1.46958	1.99184	-8.68832e-05	-9.06249e-05	7.39882e-05	0.000180521	-0.000182737	-1.08507e-05	0.258858	0.134682	0.256295	0.1	0.0158346
-0.287403	2.85993	-2.13286	-3.7928e-06	-0.000344252	-4.89443e-05	0.000346077	4.46827e-05	0.000174288	0.258625	0.134319	0.256064	0.1	0.0101842
0.36123	4.00132	2.34383	-2.51313e-05	-0.000260241	-0.00026106	0.000910309	-3.14422e-06	-8.21784e-05	0.25855	0.134202	0.25599	0.1	0.00921392
0.214633	-1.74441	-0.421865	2.99924e-06	2.09779e-06	1.0523e-06	-1.31227e-06	-9.86661e-07	1.08022e-06	0.258498	0.134122	0.255939	0.1	0.00667795
-1.11541	3.687	-1.00663	-3.08495e-05	-0.000337647	-3.09111e-05	0.000115508	4.13922e-05	4.41221e-06	0.258358	0.133903	0.2558	0.1	0.00730506
-1.71117	-3.50583	0.522498	1.66641e-05	0.000344533	3.31115e-05	-0.000602775	0.000525077	0.000429047	0.258082	0.133476	0.255527	0.1	0.0116686
-0.843395	-3.77164	-0.154409	-2.82068e-05	0.000397464	5.3868e-05	0.000143044	4.52776e-05	0.000169738	0.257965	0.133294	0.255411	0.1	0.00796326
-1.5105	-1.82114	-2.45337	4.75334e-05	0.000236739	-4.15042e-05	-3.69733e-06	-9.46786e-05	-6.79025e-05	0.25795	0.133271	0.255396	0.1	0.00600969
1.1589	-0.608365	-0.606764	-6.4608e-06	8.04686e-06	6.11425e-07	1.33027e-05	7.45997e-06	4.34355e-05	0.257891	0.13318	0.255338	0.1	0.00760863
-0.078124	2.39938	0.713884	1.8074e-05	-0.000271546	-4.92725e-06	0.000346109	3.38389e-05	0.000125878	0.25788	0.133161	0.255327	0.1	0.00864141
-0.398677	-1.85127	1.30228	4.64383e-05	0.000192138	-3.26013e-05	-0.000104155	-0.000529536	-0.000201553	0.257497	0.13257	0.254948	0.1	0.00609664
-1.8379	3.4571	1.68592	9.96641e-07	-0.000369788	-8.04018e-05	-0.000222072	0.00019205	0.000464308	0.257171	0.132066	0.254625	0.1	0.00490781
1.68086	2.36218	-0.246059	0.000186631	-9.29113e-05	-9.34335e-05	-0.000365664	-0.000288446	-0.000298965	0.257045	0.131872	0.2545	0.1	0.0110488
0.570229	0.606888	0.310562	4.13989e-06	-3.91127e-05	-3.86075e-05	-0.000181909	-5.26313e-05	0.000197157	0.257002	0.131805	0.254457	0.1	0.013657
0.0240211	-2.8301	1.75264	1.16084e-05	0.000222935	-3.63096e-05	-0.000258939	-0.000129625	-0.000287512	0.2563	0.130728	0.253762	0.1	0.00718337
1.96251	1.2354	-0.880759	1.56358e-05	-0.000294611	-3.75733e-06	0.000676567	6.42924e-05	-0.000172107	0.256161	0.130517	0.253625	0.1	0.00801151
1.54953	3.0302	-2.42397	-7.70276e-05	-0.00017463	-1.69126e-05	0.000442112	0.000361888	-0.000630625	0.256037	0.130326	0.253502	0.1	0.00963009
0.354097	-0.530778	2.29599	-9.59921e-06	6.99462e-05	8.86118e-05	0.000358354	0.000263101	-0.000183577	0.255995	0.130262	0.25346	0.1	0.00680605
1.07653	2.50632	-0.49888	-6.65763e-05	-0.000403435	9.06876e-06	-0.000236134	1.57516e-05	0.00021145	0.25592	0.130148	0.253386	0.1	0.00892484
-2.14677	-0.563098	-1.25386	8.90342e-07	-5.7542e-08	8.52111e-07	-8.51372e-25	7.36932e-24	1.61013e-24	0.255837	0.130021	0.253304	0.1	0.0138996
0.360006	1.2421	1.09837	-5.08355e-06	-0.000198069	-8.79556e-05	-8.20458e-05	0.000235361	-0.000508188	0.255747	0.129885	0.253215	0.1	0.00814203
-0.0273409	1.32538	1.90892	6.54597e-05	-0.000118449	-2.52738e-05	-0.000616257	-5.70647e-05	0.000414945	0.255291	0.129191	0.252763	0.1	0.00686348
0.435162	-3.4643	-0.941366	-1.50082e-05	0.000395933	6.29689e-05	-0.000117112	0.000153503	-2.44439e-05	0.255224	0.129089	0.252697	0.1	0.00429985
-1.10983	1.50462	-2.14605	6.80646e-05	-7.58955e-05	-4.07955e-05	0.0003471	2.02414e-05	0.000145335	0.255101	0.128903	0.252575	0.1	0.00693778
-1.01899	1.13548	1.57283	6.16988e-06	6.09118e-06	-3.28166e-05	-0.000427956	0.000245887	0.000390186	0.254823	0.128482	0.2523	0.1	0.0158326
1.58406	-2.83552	-2.34722	-1.23307e-05	0.000296742	0.000136281	0.000597462	0.000120867	0.000390709	0.254506	0.128002	0.251986	0.1	0.00726243
-0.30269	1.21452	-0.377885	-2.32329e-05	-7.16796e-05	4.46947e-05	-0.000363429	3.10008e-05	-0.000121122	0.254402	0.127845	0.251883	0.1	0.0127873
1.66391	-3.60213	-2.20977	-3.52212e-05	0.000448194	7.51945e-05	7.01931e-05	5.64061e-06	-5.08185e-05	0.254272	0.127649	0.251754	0.1	0.00620201
-0.941087	-1.13189	1.61235	6.60525e-06	0.000165495	3.44734e-05	0.000321736	0.000541101	-0.000814374	0.254252	0.127621	0.251735	0.1	0.00837554
-1.70103	0.682523	-0.173435	-3.59541e-05	-9.84583e-05	-3.23449e-05	-0.000228246	7.40611e-05	-0.000203088	0.254212	0.12756	0.251695	0.1	0.00993277
1.03354	-2.27342	-1.89834	6.25878e-05	0.000261285	3.25111e-05	0.000409256	0.000377653	-0.000275302	0.254199	0.127539	0.251682	0.1	0.00684137
1.22647	1.6424	0.863556	-8.55137e-05	-0.000130998	6.44517e-05	0.000445024	0.000431817	0.000517877	0.254057	0.127328	0.251542	0.1	0.0062044
1.35437	3.40116	-1.96003	-0.00011331	-0.000282574	9.68713e-06	5.06913e-05	0.000101971	-0.000101045	0.253567	0.126591	0.251056	0.1	0.0100952
-1.37317	-0.871909	-0.119655	5.04679e-06	0.000128318	-3.20718e-05	0.000163316	-3.76326e-05	3.58053e-05	0.253456	0.126426	0.250947	0.1	0.00642995
1.02849	1.34052	1.32218	0.00011524	-0.000136311	-2.76634e-05	5.07807e-06	-5.47634e-05	0.000131906	0.253434	0.126392	0.250925	0.1	0.00654158
-2.37942	2.81046	-2.0317	3.96036e-06	-0.000223482	1.34574e-05	7.69232e-05	3.81135e-05	-0.000193738	0.253312	0.12621	0.250804	0.1	0.0120737
1.22865	-0.600679	-2.4846	4.584e-05	0.000138429	4.4996e-05	0.000370171	4.64164e-05	-0.000518624	0.253184	0.126018	0.250677	0.1	0.00897875
0.83844	0.974287	1.60734	0.00011335	-0.000123845	-1.67893e-05	-7.11329e-05	5.64787e-06	-9.00113e-05	0.253182	0.126015	0.250675	0.1	0.00554361
-0.607271	2.44945	1.06421	-5.48484e-06	-0.000255021	-3.8791e-06	0.000169753	0.000135818	0.000130049	0.253176	0.126006	0.250669	0.1	0.00751334
1.86723	-0.90896	0.714013	9.03274e-05	8.43083e-05	7.31622e-05	8.27709e-05	0.000290356	-0.000420826	0.253012	0.125762	0.250507	0.1	0.00791804
-2.149	1.32827	-2.31341	2.53507e-05	-8.85276e-05	-3.49376e-05	0.000131041	-0.000609928	-0.000471384	0.252518	0.125027	0.250018	0.1	0.00741584
0.413475	0.227026	-0.904353	-6.66504e-05	-6.07638e-05	-1.24845e-05	0.00018289	-0.000179512	-0.000144295	0.252479	0.124968	0.249979	0.1	0.00953078
2.26679	2.99636	-2.33318	-3.04226e-05	-0.000242951	7.64384e-05	-0.000134118	0.000227248	6.07573e-05	0.25247	0.124955	0.24997	0.1	0.00679585
1.25511	-1.14926	-1.11578	4.30852e-05	0.00020247	3.04062e-05	-0.00013768	0.000192241	4.27042e-05	0.252451	0.124927	0.249951	0.1	0.0113595
1.05582	-1.42405	-2.26097	-8.54854e-05	2.75038e-05	3.58799e-05	0.000120354	7.70358e-05	0.000685329	0.252394	0.124843	0.249895	0.1	0.0152971
-1.73022	-2.77938	-1.53269	-9.42241e-06	0.000225153	1.53148e-05	0.000300817	-0.000217487	0.000217544	0.251969	0.124213	0.249474	0.1	0.00871025
0.744057	-3.84017	-1.06437	-2.94599e-05	0.000401474	5.56134e-05	0.000119393	0.000117303	-0.000178489	0.251672	0.123775	0.24918	0.1	0.0072018
0.292046	-1.68278	2.09685	0.000108225	0.000129437	7.32683e-05	-2.01583e-05	7.93599e-05	-0.000364256	0.251598	0.123666	0.249107	0.1	0.0102905
-1.3772	-1.66515	1.62803	2.64919e-05	0.000277917	-6.00709e-05	6.21438e-05	0.000136865	0.000354842	0.251461	0.123464	0.248971	0.1	0.00656837
0.151137	-2.8777	2.23691	-4.7673e-06	2.79735e-05	3.45077e-06	-9.87116e-05	-2.93828e-05	7.98925e-05	0.251337	0.123281	0.248849	0.1	0.00985457
-1.9879	-1.18384	0.839588	-5.95554e-05	0.000128757	9.44953e-05	0.000244397	0.000537519	-0.000174574	0.251292	0.123215	0.248804	0.1	0.00800552
2.00001	-3.96841	-2.15467	-2.79843e-05	0.000456265	7.26227e-06	4.28497e-05	0.000176151	0.000140841	0.251252	0.123155	0.248764	0.1	0.00710287
0.3309	-1.00611	-1.05609	-6.29106e-06	4.82693e-06	2.32574e-06	2.09953e-05	1.34177e-05	2.90131e-05	0.251159	0.123019	0.248672	0.1	0.0104204
0.452772	-3.86246	-0.63815	-4.69671e-05	0.000380079	8.92529e-06	0.000307762	-0.000189092	-0.000184701	0.250885	0.122618	0.248401	0.1	0.00569998
-1.08222	-1.04674	-2.34863	5.77532e-05	0.000180949	-4.67256e-05	0.000190346	1.53301e-05	0.000126719	0.250767	0.122444	0.248284	0.1	0.0111695
1.97164	-3.07533	-2.14135	4.31142e-05	0.000288956	-9.90639e-05	-0.000829464	0.000195324	-0.000223632	0.250701	0.122347	0.248219	0.1	0.00731469
0.899858	-1.49481	-1.06625	2.67025e-05	0.000203443	5.39817e-05	0.000258919	0.00015093	-0.000142732	0.250676	0.122311	0.248194	0.1	0.0107642
1.78206	3.64093	-2.05734	-5.68858e-05	-0.000325737	-1.7964e-05	0.000163595	-0.000284292	-0.000366727	0.250667	0.122297	0.248185	0.1	0.00579393
0.2233	-3.8961	-1.08025	-4.54735e-05	0.000436195	2.07576e-05	0.000291943	-0.000589458	-0.000300491	0.250642	0.12226	0.24816	0.1	0.005313
-1.46096	-0.728226	-2.3789	3.6925e-05	7.01746e-05	-7.10629e-05	0.00049139	-0.000551356	0.00026028	0.250299	0.12176	0.247821	0.1	0.0083305
0.558557	-1.38165	-0.354724	-1.51021e-05	7.18961e-05	-0.000108139	-0.000371258	-2.74493e-05	1.9719e-05	0.25018	0.121585	0.247703	0.1	0.00975781
-0.293839	-2.71432	2.38504	7.60938e-05	0.000224652	-6.18361e-06	0.000348798	-1.39899e-05	0.000239223	0.250152	0.121546	0.247675	0.1	0.00732401
-2.48862	-3.15741	-1.95609	1.8339e-05	0.000314306	2.48828e-05	-0.000252383	-7.12019e-05	-4.58353e-05	0.250067	0.121421	0.247591	0.1	0.00667048
-0.0415705	1.64278	2.30162	2.82762e-06	-7.70918e-05	-4.2905e-05	-0.000130914	-0.000116994	0.000366348	0.250057	0.121407	0.247581	0.1	0.00848648
-2.21746	1.01063	-1.07158	0.000192827	-3.59465e-05	1.01927e-05	0.000134617	-0.000315937	-0.000764324	0.249982	0.121297	0.247507	0.1	0.00591189
-1.71131	-0.244199	-1.2215	5.80386e-05	3.01051e-05	-5.88088e-05	-7.73085e-05	-0.000312612	5.9629e-05	0.249805	0.121041	0.247332	0.1	0.0106511
-1.3115	0.911774	-2.26012	5.89313e-05	-7.76429e-05	6.8282e-06	-0.000159591	0.000160392	0.000474125	0.249501	0.120599	0.247031	0.1	0.00981462
1.182	-3.83505	0.084562	6.43533e-05	0.000240337	9.18491e-05	0.000568818	7.49732e-05	-0.000354576	0.249491	0.120585	0.247021	0.1	0.0090473
0.965543	2.05299	0.755966	-9.79481e-05	-0.000173465	3.13935e-05	-0.000628663	-0.000499996	-0.000394733	0.249466	0.120547	0.246996	0.1	0.00712542
0.0242289	0.27148	-1.37873	5.61585e-05	-0.00010691	6.06078e-05	0.000365795	0.000305267	0.000198161	0.249265	0.120257	0.246797	0.1	0.00764476
0.744013	-1.0961	-1.31425	1.58746e-05	0.000139426	1.48557e-05	-0.000595305	-0.000188525	0.000302912	0.24919	0.120149	0.246723	0.1	0.0126257
0.618604	-0.613879	-0.963053	1.26097e-07	-1.57474e-07	-4.23789e-07	-5.48294e-24	-2.57752e-24	1.30944e-24	0.249006	0.119884	0.246541	0.1	0.0147502
-1.43392	2.35376	-0.964241	0.000111266	-0.00012552	7.20917e-06	-0.000150252	0.000560356	0.0012266	0.248917	0.119754	0.246452	0.1	0.011132
2.18366	0.642199	1.95475	8.89101e-05	3.87445e-06	-5.73212e-05	-0.000101424	0.000134993	0.00025741	0.24891	0.119744	0.246446	0.1	0.0107307
1.8419	0.114395	1.38106	-2.11678e-05	-0.0001044	-4.17817e-05	4.08552e-05	-3.64037e-05	7.08115e-05	0.248903	0.119734	0.246439	0.1	0.0085673
-1.26589	-0.0684551	-2.42497	4.65571e-05	-1.18405e-05	-2.84135e-05	4.10761e-06	-0.000111349	0.000561638	0.248902	0.119733	0.246438	0.1	0.00803311
-1.5942	3.01837	1.67711	-6.20012e-05	-8.14449e-05	7.33869e-05	-1.50245e-05	9.61735e-05	9.67133e-05	0.248378	0.118978	0.245919	0.1	0.00866248
1.49309	1.15714	1.31688	3.94818e-05	-5.31895e-05	-1.81037e-05	0.000367362	0.000280376	0.000207938	0.248178	0.11869	0.245721	0.1	0.00622156
-0.338431	0.503346	-2.00476	7.52824e-05	-0.000243442	-0.00013617	0.000185333	6.47856e-05	-6.25692e-05	0.24787	0.118249	0.245416	0.1	0.00742419
-1.28883	-0.246535	2.11745	1.21847e-05	6.4732e-05	-2.28766e-05	0.000365991	0.000185621	-0.000394913	0.247827	0.118187	0.245373	0.1	0.00736359
-1.61288	-1.29236	1.40625	-3.81053e-05	0.00018437	-3.68355e-05	4.22338e-05	6.44425e-05	6.08257e-05	0.247767	0.118102	0.245314	0.1	0.00817458
-1.68636	-3.57325	1.24921	6.86428e-05	0.000120148	0.00016098	0.000115343	7.82584e-05	-0.000116553	0.247735	0.118056	0.245282	0.1	0.00909055
1.03881	-3.44937	1.15378	-1.45262e-08	-1.18477e-09	-7.75553e-09	5.10723e-26	-1.19598e-25	-2.01865e-26	0.247707	0.118015	0.245254	0.1	0.0101758
-0.0467058	3.81982	0.984545	-2.22564e-05	-0.000403186	-8.24523e-05	0.000139178	0.000303205	0.000211475	0.247608	0.117873	0.245156	0.1	0.00824011
-1.68691	3.33534	0.982642	-3.64704e-05	-4.06148e-05	-6.53645e-05	0.000263923	0.000146022	-0.000181933	0.247575	0.117828	0.245124	0.1	0.00770808
1.47249	0.817303	-0.876138	-3.28869e-07	-0.000275321	5.73791e-06	0.000127591	3.59381e-06	0.000207058	0.247232	0.117337	0.244784	0.1	0.00950103
0.12647	-3.48362	-1.33055	-3.33609e-05	0.000421085	8.61325e-05	-0.000128024	0.000167556	0.000517498	0.247018	0.117033	0.244572	0.1	0.00733817
0.252664	2.12487	-1.35962	-0.000106703	-0.00030602	2.47382e-05	6.1171e-05	-0.000188917	-5.8003e-05	0.246945	0.11693	0.2445	0.1	0.00785652
-1.91768	3.38368	-1.15226	-1.28811e-05	-0.000369657	9.82051e-06	8.71041e-05	0.000185723	-0.000217287	0.246862	0.116812	0.244418	0.1	0.0104394
-0.169809	0.515598	2.26195	2.59937e-05	-5.36518e-05	-2.25213e-05	-0.000193638	-0.000148191	0.000139024	0.24683	0.116767	0.244386	0.1	0.00788174
-0.788693	-1.57	1.438	-2.7267e-05	0.000272727	-7.21444e-05	0.000201316	-0.000550803	0.00051051	0.246791	0.116712	0.244348	0.1	0.00685656
0.248519	3.47386	0.80459	-2.91601e-05	-0.000395686	-8.99026e-06	-0.000131013	-0.000637846	-0.000309016	0.246746	0.116648	0.244303	0.1	0.00593312
-0.259989	4.05823	0.336519	-3.30745e-05	-0.000474411	-4.90036e-05	0.000229559	0.000376544	1.50324e-05	0.246741	0.11664	0.244298	0.1	0.00746174
-0.146875	1.45475	-0.782894	-1.31586e-05	-0.000292706	-8.52569e-05	0.000342216	-8.50461e-05	0.000328863	0.246625	0.116476	0.244183	0.1	0.00684913
1.35394	3.73014	0.809865	-0.000137522	-0.000429592	7.11572e-05	1.45646e-05	-1.80935e-05	-7.46953e-05	0.246618	0.116465	0.244176	0.1	0.00921931
-0.352819	0.332445	0.146224	5.46439e-06	1.30943e-06	7.15557e-07	5.90104e-06	-4.70753e-07	-1.57803e-05	0.246595	0.116433	0.244153	0.1	0.00652676
1.7088	2.74971	-0.557753	0.000134329	-0.000181551	-0.000134461	3.53978e-05	-0.000251615	0.00110913	0.246366	0.11611	0.243927	0.1	0.0114193
-0.835398	-1.38836	-0.0257185	8.96588e-06	-4.16464e-06	-2.47088e-05	-2.52014e-05	-0.000119321	1.67e-05	0.246308	0.116027	0.243869	0.1	0.00977186
0.0634184	1.14499	0.108761	9.52319e-06	-0.000162975	-0.00011882	0.000364319	7.7471e-05	-0.000148078	0.246304	0.116021	0.243865	0.1	0.013198
-1.2299	-1.05436	1.21733	4.47173e-05	6.80203e-05	-5.84989e-06	0.000956384	-0.000150744	-9.92831e-05	0.24629	0.116001	0.243851	0.1	0.00635831
-1.08322	2.04466	1.20653	1.45778e-05	-0.000205341	7.20463e-05	-0.000164777	0.000423234	-0.000169261	0.246171	0.115834	0.243734	0.1	0.00862414
0.638123	3.80913	-0.600811	-2.16409e-05	-0.000413217	2.6279e-06	-0.000121404	7.05764e-05	0.000307867	0.246104	0.115739	0.243667	0.1	0.00486411
0.679439	-3.29605	0.856354	3.63733e-06	6.39697e-06	-2.01754e-06	7.29545e-10	3.00129e-10	6.35448e-10	0.245924	0.115485	0.243489	0.1	0.0100362
-2.31033	0.845906	2.29053	7.91947e-05	4.27399e-05	4.24556e-05	-4.64952e-05	-0.000367049	8.46456e-05	0.245818	0.115336	0.243384	0.1	0.00976178
1.3525	0.61024	-1.32359	-1.0315e-05	-1.95314e-05	-1.12776e-05	0.000303334	-0.000252558	-0.000301866	0.24563	0.115072	0.243198	0.1	0.00985577
-0.621082	0.458613	-2.4005	3.74462e-05	-4.16436e-05	-0.000108355	-0.000203965	0.000228878	-0.000135925	0.245492	0.114877	0.243061	0.1	0.00971733
2.17	2.40658	1.43397	-2.38029e-08	2.51882e-08	-1.88864e-07	-2.1355e-10	-1.23093e-10	3.82978e-13	0.245444	0.114812	0.243014	0.1	0.010645
2.48719	-3.20186	0.333584	-3.61775e-05	0.000276292	-2.05586e-05	0.000135886	-6.69469e-05	-0.000141983	0.245374	0.114714	0.242945	0.1	0.0116251
-0.730157	-0.24577	-1.54026	4.56926e-05	5.63964e-05	-3.33947e-05	0.000409442	-0.000643984	-0.000272829	0.245244	0.114531	0.242816	0.1	0.00568439
0.763987	-3.5127	2.24199	-7.82515e-06	4.81281e-05	-6.05408e-05	-0.000356208	-3.02627e-05	2.58034e-05	0.245189	0.114453	0.242761	0.1	0.00637174
1.4478	3.39123	0.427104	-0.000170505	-0.000299081	-1.94127e-05	-0.000327861	0.000247949	-0.000855251	0.244966	0.114142	0.242541	0.1	0.0120458
-0.412027	0.846873	-0.96185	0.000102785	-0.000124828	6.61816e-05	-0.000425728	0.000111645	-0.000408433	0.244953	0.114123	0.242528	0.1	0.0054633
-1.96608	-0.97212	0.048444	-2.27321e-05	-6.9369e-05	2.37134e-06	-0.000149239	0.000162539	-1.25008e-05	0.244934	0.114096	0.242509	0.1	0.00873212
0.203932	-1.01943	1.63841	8.61749e-05	0.000113144	3.13124e-08	0.000366832	8.31182e-06	0.000295147	0.244844	0.113972	0.24242	0.1	0.00713937
-0.729725	-2.75484	-1.9972	-1.34008e-05	0.000174507	0.000116155	0.000776989	0.000186507	-0.00018018	0.244741	0.113827	0.242318	0.1	0.0112885
-0.212416	2.74353	1.04694	1.87115e-05	-0.000318704	8.87214e-07	-0.000224279	-0.000178954	-0.000368547	0.244734	0.113818	0.242311	0.1	0.00629737
2.45252	-2.12453	1.15217	-6.47711e-07	3.43702e-06	-1.95932e-06	5.60121e-23	-2.77609e-25	-1.81811e-23	0.244542	0.11355	0.242121	0.1	0.00989521
0.137919	-1.4986	1.66844	2.64375e-05	0.00010483	9.37978e-05	0.000260014	0.000154692	2.4962e-05	0.244486	0.113471	0.242065	0.1	0.00686774
0.871921	-2.5301	-1.28928	3.69669e-05	0.000157666	-0.000137809	-0.000180628	-0.000153195	-0.000416175	0.244454	0.113428	0.242034	0.1	0.00749628
0.687731	2.6832	-0.247337	7.55272e-06	-1.74556e-05	-2.46195e-05	0.000129254	2.02537e-05	3.96427e-05	0.2444	0.113351	0.24198	0.1	0.00683808
1.26082	2.75386	2.28375	-0.000144038	-0.000104185	1.27196e-05	-0.000173795	-0.000161153	0.000334856	0.244162	0.113022	0.241745	0.1	0.0113015
-2.34536	-0.99013	0.34881	-1.93549e-05	8.39391e-05	-2.03583e-05	0.000413493	-0.00038403	-0.000196144	0.24414	0.112991	0.241723	0.1	0.00783425
-0.0934675	-3.95623	-2.14906	-4.51066e-05	0.000364076	2.67311e-06	0.000262927	-0.000157659	-8.98275e-05	0.244103	0.112939	0.241686	0.1	0.00837658
0.346666	-2.99369	-1.06308	-4.37722e-05	0.000340688	2.50837e-05	-0.000165301	0.000258851	0.000243232	0.244062	0.112883	0.241646	0.1	0.00705846
-0.337729	1.24509	-1.22594	3.12343e-05	-0.000217036	-2.62522e-05	-0.000130392	0.000144051	0.000385431	0.243921	0.112687	0.241506	0.1	0.00452234
-1.38588	3.06185	0.030717	-4.58316e-07	-0.000305915	9.91545e-06	-0.000411245	-0.000107074	0.000216582	0.243692	0.112369	0.241279	0.1	0.00834701
0.914363	1.67337	1.93523	1.31217e-05	-0.0001665	-1.61459e-05	0.000410446	-0.00012797	7.12726e-05	0.24367	0.112339	0.241257	0.1	0.0097269
-1.42221	-1.28794	-0.376928	3.47317e-05	0.000176201	-5.53602e-06	-4.57567e-05	9.14447e-05	-7.66842e-05	0.243648	0.11231	0.241236	0.1	0.00971229
-2.05537	2.19404	-0.96165	5.55446e-06	-0.000296032	9.36398e-05	0.000155422	-1.97934e-05	5.44906e-05	0.243387	0.111948	0.240977	0.1	0.00727821
-2.2995	0.97528	-0.591638	2.74641e-05	-1.12351e-05	-1.48622e-05	-8.60058e-06	-0.000208181	4.81788e-05	0.243111	0.111568	0.240704	0.1	0.00879201
-2.35564	-2.62627	1.2039	2.08292e-05	0.000215968	-3.14483e-07	0.000376321	2.81434e-06	-0.000516944	0.242966	0.111368	0.24056	0.1	0.0096418
0.760474	1.49685	0.803415	-2.8705e-05	-0.000157813	-7.71646e-05	0.000204257	-2.57183e-05	-0.00106768	0.242842	0.111198	0.240438	0.1	0.00467057
-1.64787	3.9843	-1.06451	1.90581e-05	-0.000397131	5.25328e-06	0.000103717	0.000177975	0.000310464	0.242774	0.111104	0.24037	0.1	0.00988217
1.5098	-0.691827	-2.08835	-3.87312e-05	5.30208e-05	0.000130601	0.000458257	0.000244401	-0.000633604	0.242496	0.110724	0.240095	0.1	0.0127013
1.77969	-1.25064	1.21023	-3.42984e-06	4.7009e-06	1.65106e-06	-2.83344e-23	-5.27078e-23	6.04058e-24	0.242131	0.110225	0.239734	0.1	0.00836775
1.11368	-0.429978	2.06547	1.21719e-07	6.41176e-08	-2.94204e-07	7.29377e-25	-3.21114e-24	-2.51629e-24	0.241931	0.109952	0.239536	0.1	0.00931492
-0.881484	-3.97963	-0.901948	1.12709e-06	0.00012593	-0.000105735	-0.000741431	-5.3282e-06	-3.97562e-05	0.24193	0.10995	0.239535	0.1	0.00800451
-2.15958	0.832927	-0.0794753	3.86205e-07	-1.33316e-07	-8.11196e-08	-1.83773e-25	3.38e-26	3.5735e-24	0.241739	0.109691	0.239346	0.1	0.0119125
-1.21474	-0.72564	-1.86354	1.14613e-06	5.5787e-07	-7.84737e-07	-2.59212e-23	7.70809e-24	1.28286e-23	0.241738	0.109688	0.239345	0.1	0.0136258
-1.87946	-3.81073	0.873624	-9.17214e-05	0.000426601	4.91823e-05	0.000666385	-0.000265858	-0.00153447	0.241731	0.109679	0.239338	0.1	0.00904347
-1.11101	-1.81306	-0.087856	1.39689e-06	1.86191e-07	3.71254e-07	-2.394e-24	1.61067e-23	-3.99773e-25	0.241723	0.109668	0.23933	0.1	0.00950656
-1.54129	-2.76279	-0.58162	-7.74644e-05	0.000346585	5.34519e-05	0.000104201	-0.000126567	0.000348293	0.241715	0.109657	0.239322	0.1	0.00849401
-1.40045	3.34258	1.37292	3.25506e-06	-0.000273223	-9.15617e-05	-0.00127177	-0.000568913	-5.80158e-05	0.241502	0.109368	0.239111	0.1	0.00653387
-1.24173	-2.22385	0.705838	5.20068e-08	5.47235e-06	3.75031e-06	-1.1446e-09	1.11623e-09	1.67988e-09	0.241393	0.109219	0.239003	0.1	0.00659688
-1.90727	-3.03776	-0.79754	2.39027e-05	0.000365911	4.42706e-05	0.000137689	-7.59339e-05	0.000186162	0.241283	0.10907	0.238894	0.1	0.00851665
2.3348	1.15417	-1.61554	4.21369e-06	-1.15626e-05	-1.50835e-05	7.67573e-05	1.98653e-05	-7.1446e-06	0.241125	0.108856	0.238738	0.1	0.00642098
0.833383	2.18082	0.00936531	1.43763e-06	-0.000299413	8.961e-07	-0.000116829	-0.000376861	-0.000511373	0.241121	0.108851	0.238734	0.1	0.00561171
2.41066	3.00205	1.89556	-1.70199e-05	-0.000244302	-6.37764e-05	0.000654423	-0.000660956	-0.000291355	0.241078	0.108793	0.238691	0.1	0.00669772
1.08789	1.26814	-2.05251	-9.3728e-06	-0.000107938	6.99144e-06	-0.000351763	0.000182302	-0.000177398	0.241066	0.108776	0.238679	0.1	0.00631207
-2.2113	2.19155	0.935018	1.04566e-06	-5.48549e-06	1.67361e-06	-8.52546e-06	-4.41599e-07	-1.16902e-07	0.241027	0.108724	0.238641	0.1	0.0090331
-2.36409	1.4399	-1.88942	3.7623e-05	-0.00014907	-4.39049e-05	0.000741742	0.000329341	-0.000662386	0.24097	0.108646	0.238584	0.1	0.00420591
2.02033	1.31437	1.65763	2.97792e-05	-8.08493e-07	-1.84171e-05	7.92306e-05	3.03896e-05	0.00013599	0.240966	0.108641	0.23858	0.1	0.00831682
1.18172	-0.158631	-1.98481	0.000126878	-2.53217e-05	-3.62916e-05	-0.000304763	0.000210176	0.000147543	0.24074	0.108335	0.238356	0.1	0.00558989
0.544884	2.69399	0.210843	3.07264e-05	-0.000355684	-6.66274e-06	0.000356155	-7.70009e-05	-0.000338322	0.240483	0.107989	0.238102	0.1	0.00460969
-2.05097	3.51439	1.24517	-0.000155509	-0.000194688	-8.34571e-05	0.000144503	3.32538e-05	0.000775195	0.240458	0.107956	0.238077	0.1	0.00644948
2.49429	-0.479205	2.02705	1.87011e-05	1.17908e-05	-8.96474e-07	-5.43124e-07	-5.27718e-05	-6.82911e-05	0.240401	0.107879	0.238021	0.1	0.00852616
0.45887	0.302113	1.20621	8.30703e-05	-9.25907e-05	-1.55962e-05	0.000419481	0.000340628	0.000206562	0.240234	0.107654	0.237855	0.1	0.00743117
-1.84655	1.99979	-0.577438	-1.25795e-05	-0.000263293	8.04005e-05	-0.000279498	-9.36547e-06	0.000121434	0.240234	0.107654	0.237855	0.1	0.0114352
2.14321	1.8082	-0.615746	0.000162215	-0.000218306	-0.00017313	-0.000434828	0.000231178	0.000878612	0.240084	0.107453	0.237707	0.1	0.0085936
0.423935	1.23126	1.58531	8.69576e-05	-0.00016954	-4.25324e-05	-0.000667353	-0.000322579	0.000144396	0.239985	0.107319	0.237609	0.1	0.00617193
0.248121	0.698151	0.913667	1.71858e-05	-7.33237e-05	-4.94713e-05	0.000189833	0.000619243	0.00020903	0.239931	0.107246	0.237555	0.1	0.00598862
2.03636	2.87837	1.50215	3.18384e-05	-2.96489e-05	1.48805e-05	-0.000120158	-3.93559e-05	0.000180012	0.239786	0.107053	0.237412	0.1	0.00964923
-0.848725	-0.881382	0.980197	2.81582e-05	1.61024e-05	-5.20377e-05	-0.000132913	0.00018219	-0.000320104	0.239696	0.106933	0.237323	0.1	0.00586164
0.249478	-1.56602	-0.925798	-1.08501e-06	1.60955e-06	2.60768e-06	4.322e-23	4.02563e-23	-9.81477e-24	0.239588	0.106787	0.237216	0.1	0.00989692
-0.295369	-3.46395	2.27854	-9.82654e-07	3.53188e-06	4.51858e-07	2.84101e-23	-2.65222e-24	-4.75756e-23	0.239483	0.106648	0.237112	0.1	0.00994706
-1.8398	-2.91159	0.224952	-2.01506e-05	0.000235024	4.37062e-05	0.000333896	6.03779e-05	0.000595584	0.239239	0.106322	0.23687	0.1	0.010215
1.28159	3.86731	0.338547	-0.000131565	-0.000315659	-0.000101788	0.000864023	-0.000248654	-0.000353793	0.239237	0.106319	0.236868	0.1	0.00819641
-2.24081	-1.28126	-0.352554	-6.54315e-05	0.000215957	8.9195e-05	-0.000426494	-7.26199e-05	0.000517557	0.239205	0.106277	0.236837	0.1	0.0113059
-2.37646	-0.657793	1.25471	-2.3451e-05	0.000146245	5.32746e-05	5.12717e-05	0.000257856	-0.000121375	0.239191	0.106258	0.236823	0.1	0.00779987
-2.48497	-0.809415	2.40933	-9.21181e-05	6.60876e-05	-0.000136471	0.000383081	0.000327427	-0.000106412	0.238965	0.105957	0.236599	0.1	0.0113075
-1.66246	-3.5655	0.0367506	-5.86496e-05	0.000288958	3.7214e-05	0.000314563	-0.000121681	0.000690278	0.238904	0.105876	0.236539	0.1	0.00928114
-0.687249	-1.92815	-1.36714	1.31577e-06	0.000310547	-3.10586e-05	6.30002e-05	-0.000159455	0.000707391	0.238867	0.105826	0.236502	0.1	0.00813273
-1.28788	-0.557633	0.242485	-2.20396e-05	2.31654e-05	-2.32671e-05	0.000187546	0.000106251	0.000412086	0.238847	0.105799	0.236482	0.1	0.00458653
-0.78455	-3.63192	2.16172	-1.57979e-05	0.000388323	1.12357e-05	6.52009e-05	0.000117572	-0.000247616	0.23868	0.105579	0.236317	0.1	0.0074147
0.333918	-1.947	1.51269	0.000129316	0.000120212	2.06444e-05	-0.000112817	0.000167795	-0.00079677	0.238578	0.105443	0.236216	0.1	0.0073363
-1.38643	1.01301	1.27545	-5.86798e-06	-0.000129255	8.77016e-05	3.75901e-05	9.24039e-05	-4.3675e-05	0.238575	0.105439	0.236213	0.1	0.00881819
-2.18811	-2.91037	-1.62776	-1.4852e-05	0.000338003	-0.000108762	-0.000566684	0.000163786	0.000542662	0.238558	0.105416	0.236196	0.1	0.00684181
0.265484	1.86203	1.99893	-2.57565e-05	-3.75336e-05	-4.86427e-05	0.000221083	6.33677e-05	-0.000248126	0.238531	0.105381	0.236169	0.1	0.0073925
0.0950185	-0.130705	-2.22976	3.58394e-05	-0.000198614	-0.000128051	0.000355178	0.000229087	-0.000261712	0.238467	0.105296	0.236106	0.1	0.00743272
-0.702369	4.003	0.158719	-3.41152e-05	-0.00043478	4.60708e-06	0.000157683	-0.000173524	9.91526e-07	0.238429	0.105245	0.236068	0.1	0.00551852
-0.850338	-2.78575	-0.637126	-2.03033e-06	1.95527e-06	1.81588e-06	2.01983e-09	1.17696e-09	5.6705e-10	0.238392	0.105197	0.236032	0.1	0.0121953
2.18787	-2.52121	1.118	-3.88236e-05	3.34697e-05	-7.23934e-06	-4.70616e-05	-5.5317e-06	0.000243684	0.238069	0.10477	0.235712	0.1	0.00983774
0.17484	-2.08107	-0.777711	4.41768e-06	2.96634e-06	3.00455e-06	-1.82925e-06	-1.37537e-06	1.50578e-06	0.2379	0.104547	0.235545	0.1	0.0059046
-0.0886537	-0.536016	0.204737	1.44305e-05	0.000213976	7.83338e-06	0.000301373	-3.62673e-05	0.000102345	0.237677	0.104254	0.235324	0.1	0.00507369
0.804562	-0.584943	0.588142	-6.68079e-05	9.78248e-05	4.8464e-05	2.25319e-05	-0.000269779	-0.000450298	0.237634	0.104196	0.235281	0.1	0.00708183
1.706	0.253921	2.24774	5.69334e-05	1.68173e-05	3.16008e-05	-0.000344354	0.00021192	6.07497e-05	0.237512	0.104035	0.23516	0.1	0.0120674
-2.33193	3.26756	-2.31976	-3.58669e-05	-0.000307038	8.11888e-06	-1.13664e-05	-4.5559e-05	-0.000176563	0.237463	0.103972	0.235112	0.1	0.00605315
0.0771922	2.40756	1.41713	4.81904e-05	-0.000349489	-4.50442e-05	-0.000114223	-0.000378631	-4.3298e-05	0.237431	0.103929	0.23508	0.1	0.00746642
0.349561	-1.93202	-2.24974	7.27214e-05	5.00158e-05	-4.21182e-05	2.9027e-06	-0.000134039	-0.000389595	0.237431	0.103929	0.23508	0.1	0.0134247
1.65631	-0.244704	-2.02408	9.78589e-05	1.40082e-05	5.85489e-05	-0.000697535	8.32167e-05	8.58197e-05	0.237278	0.103729	0.234929	0.1	0.0108539
-2.47553	1.49707	0.376175	-4.28294e-05	-0.000170391	6.76036e-05	7.18731e-05	-0.000125057	-0.000139912	0.237254	0.103697	0.234905	0.1	0.00740268
0.573252	-2.3452	-0.909159	4.20538e-05	0.000130715	-7.78106e-05	-0.00066836	-7.50041e-06	-0.000360048	0.237202	0.103628	0.234853	0.1	0.00670601
-1.62249	-1.46295	2.23163	6.69017e-05	0.000208827	-3.88977e-05	-5.59458e-05	-5.43104e-05	-1.76101e-05	0.237135	0.103541	0.234787	0.1	0.00847179
0.966076	2.42737	2.46934	-9.13365e-05	-0.000215422	3.35994e-05	-0.000247084	8.75728e-05	0.000562316	0.237122	0.103524	0.234774	0.1	0.00783082
-0.903524	3.97582	-0.460043	-2.84942e-05	-0.000381359	1.30467e-05	8.43883e-05	-2.52079e-05	-0.000188882	0.236892	0.103224	0.234547	0.1	0.00744541
0.107176	0.470792	-2.34996	3.77496e-06	-3.37839e-07	-1.31482e-05	7.48242e-05	1.8501e-05	3.94601e-06	0.236865	0.103189	0.23452	0.1	0.009642
-1.39035	1.94803	-0.710274	5.27101e-05	-0.000138689	-2.79939e-05	0.000390841	-0.00144031	-0.00102506	0.236787	0.103086	0.234443	0.1	0.00594144
1.04894	-0.654455	-0.0520414	8.56941e-05	8.02084e-05	-1.70169e-05	8.23843e-05	5.97975e-05	0.00074778	0.236379	0.102554	0.234039	0.1	0.00601033
1.69242	-1.31139	-1.24476	4.20972e-05	0.00019313	-3.79636e-05	-0.000291598	0.000251988	6.28072e-05	0.23636	0.10253	0.23402	0.1	0.0111291
2.36268	-2.10245	-0.693866	-7.80301e-05	0.000123819	3.18877e-05	0.000435066	9.44988e-05	0.000634049	0.236341	0.102504	0.234001	0.1	0.0176895
-0.631475	1.25501	-0.852507	7.98167e-05	-0.000175391	-5.55388e-06	7.02508e-05	1.54331e-05	0.000574204	0.236281	0.102428	0.233942	0.1	0.0058965
0.859407	1.05853	0.954307	-2.31893e-05	-0.000112697	-6.50658e-05	-0.000388379	0.000372907	0.00101838	0.236277	0.102422	0.233938	0.1	0.00540858
0.783876	-0.789876	1.00918	-8.7185e-05	0.000124443	-1.26937e-05	9.77476e-05	5.66429e-05	0.000282272	0.236117	0.102213	0.233779	0.1	0.00576287
-1.2738	1.97662	-1.24096	2.98939e-05	-8.79176e-05	8.35921e-05	4.57941e-05	-0.000156008	2.19165e-05	0.236076	0.102161	0.233739	0.1	0.00607493
-1.74572	-0.566831	-0.0687791	-7.93466e-05	-5.1041e-05	2.73933e-06	0.000178435	1.46806e-05	0.000147335	0.235915	0.101951	0.233579	0.1	0.00477157
-1.06814	0.502607	1.22045	-5.94324e-07	-1.10178e-06	9.65206e-07	-1.05292e-10	2.8667e-10	3.45188e-10	0.235774	0.10177	0.23344	0.1	0.0120819
1.44962	-0.805034	-0.238317	6.30115e-05	0.000196338	1.35785e-05	4.94707e-05	-0.000229241	-0.000496507	0.235702	0.101675	0.233368	0.1	0.00419611
1.77806	-3.57131	1.40704	-0.000211358	0.000365766	1.66836e-05	-0.000742548	-0.000479467	0.000611869	0.235632	0.101585	0.233299	0.1	0.00688867
0.526375	0.962567	0.641224	-3.36232e-05	-3.25274e-05	-5.87374e-05	0.000280196	-0.000131762	-0.000383662	0.235543	0.10147	0.233211	0.1	0.00740128
-2.31798	3.38591	1.73107	-5.98277e-06	-0.000326898	-8.01831e-06	0.000138004	5.77534e-05	-0.000412471	0.235542	0.101468	0.23321	0.1	0.00508955
1.85461	3.38564	-0.776625	-4.09759e-05	-0.000363074	-4.61223e-05	-0.000428112	0.000333922	-0.000318048	0.235326	0.10119	0.232996	0.1	0.00663476
-2.09659	1.3818	-1.35098	0.00022094	-9.96037e-05	2.88511e-05	-7.03433e-05	0.000642234	0.000583005	0.235264	0.101109	0.232935	0.1	0.00493945
-0.160945	1.91071	-0.643916	2.24998e-05	-0.000335657	3.46341e-05	0.000160041	-0.000236651	-0.000603275	0.235177	0.100998	0.232849	0.1	0.00695065
-1.99556	-3.9034	-2.09298	6.09345e-05	0.000119581	8.99951e-05	0.000660986	4.51458e-06	-0.00042815	0.235106	0.100905	0.232778	0.1	0.00789804
1.37424	1.0618	-0.445283	-6.16214e-06	-0.000179233	4.36335e-05	-0.000302678	0.000150301	0.000434885	0.23501	0.100782	0.232683	0.1	0.00475642
1.61127	-1.56335	0.842607	-7.73464e-05	0.000208567	8.92247e-05	0.00088437	-0.000591527	0.000453777	0.234827	0.100547	0.232502	0.1	0.00603546
0.152399	1.68482	-1.08972	-2.93193e-05	-0.000244859	-9.94342e-05	0.000934172	4.21669e-05	-0.000391966	0.234781	0.100487	0.232456	0.1	0.00718841
2.28129	-1.21283	-2.42916	-4.47713e-05	8.81591e-05	-2.27682e-05	0.000396755	0.000139777	0.000209442	0.234742	0.100438	0.232418	0.1	0.00522059
0.0589537	2.96869	-0.473021	-7.05533e-05	-7.98267e-05	8.82801e-05	0.000486169	-0.000441229	1.39212e-05	0.234729	0.100422	0.232405	0.1	0.0113562
0.852834	-0.939415	-0.393223	-4.79028e-05	0.000132565	1.71957e-06	0.000105712	3.02794e-05	0.000545602	0.234723	0.100413	0.232399	0.1	0.00761951
-0.728462	2.66269	1.48523	-6.13234e-05	-0.000370598	9.10153e-06	-0.000475825	-3.71914e-05	-9.4794e-05	0.234716	0.100404	0.232392	0.1	0.0083032
-0.446519	-3.83786	-1.43206	-0.000167922	0.000232681	-4.64577e-05	1.45734e-05	0.000200496	0.000953151	0.234391	0.0999882	0.23207	0.1	0.0132522
-0.403692	-1.15468	0.993806	-9.86447e-05	6.19244e-06	-7.27582e-05	-0.000106121	-2.73826e-05	5.6764e-05	0.234228	0.0997805	0.231909	0.1	0.0113614
-1.01441	1.89497	-1.87547	-9.71408e-06	-9.59991e-05	-5.79434e-05	0.00048828	6.50292e-06	-5.4458e-05	0.234163	0.0996969	0.231845	0.1	0.00644996
-0.20149	-0.0924758	-0.0112747	2.17767e-05	-7.07507e-05	6.31779e-05	5.72299e-05	7.71987e-05	-0.00121789	0.233947	0.0994212	0.231631	0.1	0.00552211
2.40603	-2.00843	-2.35236	0.000106056	0.000201504	0.000145362	0.00071247	-0.000339772	-0.000240821	0.233696	0.0991015	0.231382	0.1	0.0113765
-1.19821	-1.52789	1.19996	3.38491e-05	0.000128364	-0.00014076	-0.000398938	0.000225871	-6.31874e-05	0.23369	0.0990929	0.231376	0.1	0.00640433
-0.0208699	2.19574	2.15921	-0.000135518	-0.000122059	2.56876e-05	-0.000249641	0.000246828	-0.00016054	0.233609	0.0989904	0.231296	0.1	0.00664526
-0.0679726	3.83178	-0.0378908	-7.66607e-06	-0.000465153	-4.61621e-06	-5.15425e-05	-0.000308279	-0.000323174	0.233569	0.0989397	0.231256	0.1	0.0063999
-1.27379	-1.90514	0.343726	-3.77087e-08	3.29776e-06	8.11289e-07	1.60945e-25	-4.34414e-25	-5.41748e-25	0.233337	0.0986457	0.231027	0.1	0.00590699
0.280011	-3.66263	2.0583	-0.000217843	3.27387e-05	8.80365e-05	2.64835e-05	0.000222846	-0.000239647	0.233285	0.0985791	0.230975	0.1	0.00816198
0.365033	-3.45106	-0.311598	-2.99518e-05	0.000372332	-2.88836e-05	0.000263114	-9.44329e-05	4.45502e-05	0.233155	0.0984158	0.230847	0.1	0.00545779
-1.56274	2.23573	0.480587	7.02361e-06	-0.000278579	2.22455e-05	-0.000161896	-1.89653e-05	-0.000468585	0.233116	0.0983655	0.230808	0.1	0.00912091
1.4426	1.35948	-0.0917112	2.10925e-05	-0.000152764	1.30632e-06	-0.00040842	0.000446628	0.000383477	0.233102	0.0983481	0.230794	0.1	0.00534128
-1.85634	-0.911308	1.25914	-7.93354e-05	0.000125232	7.08371e-05	0.000232725	-7.63013e-07	0.00016763	0.233037	0.0982664	0.23073	0.1	0.00942016
-0.215147	-0.5663	0.654449	-1.98076e-06	-2.18199e-06	1.89803e-07	-9.25906e-24	-1.42629e-24	-1.97702e-23	0.232987	0.0982018	0.23068	0.1	0.00730171
2.49624	-1.60318	2.44509	6.53451e-05	0.000139552	6.63457e-07	-0.000879	0.000318806	0.000392418	0.23297	0.0981807	0.230663	0.1	0.00884637
-1.73693	-2.99991	-0.222231	-4.9569e-05	0.000365187	2.46076e-05	0.000110778	0.000198654	-0.000104716	0.232853	0.0980333	0.230548	0.1	0.00792661
1.15065	2.56078	1.52125	-0.000118542	-0.000161426	4.75116e-05	-0.000619914	0.000191849	-0.000625247	0.232841	0.0980185	0.230536	0.1	0.011493
2.29102	-3.69062	1.79576	7.23356e-05	0.000217405	0.000184915	0.000558078	0.000475481	-0.000745632	0.232838	0.0980137	0.230533	0.1	0.0101638
-1.37348	3.94352	-0.68467	-2.39712e-05	-0.000413042	2.1603e-05	0.000282202	-0.000367517	4.72462e-06	0.232645	0.0977704	0.230342	0.1	0.00579584
2.25747	2.23749	-0.761605	-5.8185e-05	-0.000189078	-0.000104147	0.000897769	-3.26561e-05	-0.000135582	0.232529	0.0976247	0.230227	0.1	0.0101141
-0.106632	-0.274699	2.27507	0.000105307	-3.99926e-06	2.43405e-05	0.000217684	-0.000311493	-0.000511504	0.232356	0.0974063	0.230055	0.1	0.00922558
2.36061	1.40002	-0.548478	0.000197901	-0.000118435	-3.01295e-05	3.35536e-05	-0.00100645	-0.000550652	0.232305	0.0973426	0.230005	0.1	0.00620352
-1.03187	1.22125	0.936061	-3.48164e-05	-5.67641e-05	-1.85495e-05	-0.000268404	0.000128038	0.000163603	0.232166	0.097167	0.229867	0.1	0.0083258
-2.22965	4.05729	-2.45611	-6.16297e-05	-0.000123978	-9.30872e-05	0.000696495	4.75819e-06	-0.000451152	0.232017	0.0969806	0.22972	0.1	0.00788074
0.575601	-2.06295	-0.539208	8.47286e-05	0.000269373	-3.8313e-05	-0.000467085	9.08996e-05	-0.00043443	0.231839	0.0967586	0.229544	0.1	0.00735117
1.67855	-2.93951	-1.65013	-5.28815e-06	8.9442e-06	-5.67148e-07	1.40198e-23	6.78128e-24	-6.64512e-23	0.231804	0.0967136	0.229509	0.1	0.0102102
-0.591537	-3.15425	-0.0339829	-3.7904e-05	0.000233608	0.000115339	0.000504477	-0.000383294	-5.37225e-05	0.231661	0.0965346	0.229367	0.1	0.0116006
0.263468	2.01794	-0.790372	2.45713e-05	-0.000378072	3.29448e-05	1.13037e-05	0.000335667	0.000460353	0.231371	0.0961726	0.22908	0.1	0.00740536
1.9003	0.545825	1.57204	1.62119e-05	-0.000115287	-3.08342e-05	3.62211e-05	0.000232515	-0.000185711	0.231332	0.0961243	0.229042	0.1	0.00758385
-1.5709	3.76564	0.820931	-8.98352e-05	-7.47906e-05	-0.000183465	-0.000185103	4.06572e-05	-0.000666775	0.231276	0.0960544	0.228986	0.1	0.0096398
0.681103	1.08548	-1.9077	7.51552e-06	-0.00013154	-3.52673e-05	0.000463415	0.00011837	-0.000329635	0.231257	0.0960307	0.228967	0.1	0.010781
1.76513	1.51898	-0.544056	6.68337e-05	-0.000300007	2.39101e-05	-0.000596911	3.04608e-05	-4.39968e-05	0.231228	0.0959953	0.228939	0.1	0.00565296
0.573172	0.822671	1.23091	0.000119028	-0.000151003	4.77493e-05	-4.29611e-05	8.91376e-05	2.27823e-05	0.231098	0.0958324	0.22881	0.1	0.0043165
-0.407666	2.61658	-1.73119	-6.04913e-05	-0.000286912	-3.76071e-05	-0.000123474	9.90951e-05	-0.000631515	0.231097	0.0958312	0.228809	0.1	0.00887966
1.41919	3.43263	2.13629	-0.000123372	-0.000242414	-6.05311e-05	0.000791844	0.000225502	-0.000140675	0.230968	0.0956712	0.228681	0.1	0.0103525
1.5061	1.14068	-2.22878	1.37662e-05	-6.22346e-05	-1.29501e-05	-0.00047774	0.000122622	5.13081e-05	0.230925	0.0956178	0.228639	0.1	0.00453646
-1.00746	-0.627754	1.8755	2.29803e-05	1.90611e-05	-9.88546e-06	9.33304e-06	-7.86824e-05	-0.000133786	0.230853	0.0955284	0.228567	0.1	0.0112878
2.43026	-0.273761	-0.975678	-2.5365e-07	1.27792e-07	-8.53139e-07	-5.17923e-24	-2.69887e-24	-2.30775e-24	0.230603	0.0952189	0.22832	0.1	0.0118892
0.0720703	-0.591549	-2.31875	2.08538e-05	5.44262e-05	6.26824e-05	-5.08403e-05	-0.000310338	-0.000174951	0.230371	0.0949306	0.22809	0.1	0.00484186
-0.255529	-1.78836	-1.2678	6.31134e-05	7.57318e-05	1.26065e-05	9.37601e-05	2.19788e-05	-0.00043648	0.230367	0.0949265	0.228086	0.1	0.00918392
-0.0784259	4.01675	-1.38082	-1.1387e-05	-0.000363132	-2.261e-05	-8.7394e-05	-0.00023574	0.000220252	0.230224	0.0947498	0.227945	0.1	0.00490109
0.64446	1.21442	0.273828	-7.23944e-05	-4.51866e-05	-9.3644e-05	0.000301707	0.000372116	-0.000400345	0.22985	0.0942887	0.227574	0.1	0.00836305
-1.68205	-2.22818	0.399325	-3.16198e-07	3.96282e-06	3.4107e-06	-1.47643e-23	7.64623e-23	-1.7661e-22	0.22984	0.0942757	0.227564	0.1	0.00630373
0.206515	4.0117	0.282296	-2.82622e-05	-0.000467731	-7.356e-06	-0.000152474	7.98295e-05	0.000136732	0.229772	0.0941929	0.227497	0.1	0.00482187
-0.0556231	3.15701	-1.36812	-2.63409e-05	-0.000362439	-5.02515e-06	6.49267e-05	-6.28909e-06	-6.02865e-05	0.229716	0.0941249	0.227442	0.1	0.00650568
2.3554	3.58442	-1.03869	-3.50143e-06	-1.3452e-06	-2.88069e-06	-1.89297e-23	6.03031e-23	4.45793e-23	0.229675	0.0940734	0.227401	0.1	0.00910877
0.899553	-2.91972	1.03728	-6.57282e-05	0.000245261	1.94586e-05	3.76725e-05	4.9017e-05	-0.000167579	0.229635	0.094024	0.227361	0.1	0.00603718
0.801761	-3.58125	-2.29449	-0.000106741	0.000447202	1.15182e-05	0.000273287	-0.000376236	0.000476063	0.229633	0.0940217	0.227359	0.1	0.00740009
-0.494218	3.67139	-0.0883276	-2.05014e-05	-0.000347965	-4.73922e-05	2.31359e-05	0.000126385	-8.79414e-05	0.229597	0.0939779	0.227324	0.1	0.00950399
1.87859	0.405374	0.998545	4.7051e-05	-3.43361e-05	-1.99513e-05	8.35101e-05	-5.43466e-05	0.00029017	0.229587	0.0939654	0.227314	0.1	0.00856315
0.546041	-1.02494	-0.041444	2.35299e-05	-4.39042e-05	1.9606e-05	-0.000204836	-8.06825e-05	-5.91502e-05	0.229559	0.093931	0.227286	0.1	0.00707715
-0.754329	0.133031	0.000557577	-5.54331e-05	8.58845e-05	5.14426e-05	-0.000276383	0.000126837	-0.00050716	0.229502	0.0938617	0.22723	0.1	0.00694074
-0.111523	-0.812995	-0.458151	0.000109878	3.27507e-05	-4.46617e-05	-0.000312756	2.64071e-05	-1.06404e-05	0.229294	0.0936058	0.227024	0.1	0.00639454
-1.03956	-3.01392	1.31074	-4.41113e-05	3.31915e-05	1.16148e-05	0.000104475	4.43072e-05	0.000254121	0.229262	0.0935673	0.226992	0.1	0.00750541
2.35446	1.23949	-1.15835	3.84197e-05	-0.00027819	3.47783e-05	-8.12065e-05	-0.000245122	-0.000190254	0.229043	0.0932983	0.226775	0.1	0.00656839
2.28958	0.639475	1.35473	-6.73298e-05	3.24565e-05	-4.82905e-05	1.03721e-05	-1.01004e-05	0.000853023	0.229023	0.0932736	0.226755	0.1	0.00572829
2.06316	-3.92543	1.47648	-0.000111882	0.000457325	0.000143562	0.0003737	8.90495e-05	-2.13606e-06	0.22902	0.0932701	0.226752	0.1	0.00718894
2.18881	2.60836	-2.00597	-3.14609e-05	-5.85811e-05	-1.81066e-06	2.37479e-05	-7.31933e-05	-0.000521232	0.228994	0.0932399	0.226727	0.1	0.00863152
0.35103	-3.29953	2.32765	-2.10573e-05	2.8093e-05	4.45016e-05	-0.000151875	0.000212157	-0.000225318	0.228978	0.0932202	0.226711	0.1	0.00610395
1.18371	2.73593	-1.06257	4.13589e-06	-1.58723e-05	-6.99491e-06	1.85174e-22	1.7113e-23	4.01836e-23	0.228925	0.093155	0.226658	0.1	0.00683839
0.106757	0.688002	0.211013	-9.46981e-06	-0.000143336	-5.23205e-05	-0.000708394	8.65189e-05	4.12179e-05	0.228769	0.0929649	0.226504	0.1	0.0104876
1.50908	-1.04675	2.11938	-2.30677e-05	3.32314e-05	2.62091e-05	0.000180874	0.000131806	-6.08254e-06	0.228681	0.0928573	0.226417	0.1	0.00528364
0.129371	1.56677	-0.0976441	-1.47308e-05	-0.000227077	-6.59852e-05	3.49834e-05	0.000237593	-0.00016254	0.228633	0.0927983	0.226369	0.1	0.00918798
-0.82841	3.96031	-1.35822	-6.10359e-09	-4.77798e-09	-7.84857e-10	0	0	0	0.228527	0.09267	0.226264	0.1	0.00966603
0.956116	0.840225	-2.17702	-3.82263e-05	-0.000111494	2.9052e-06	0.00037142	-0.000129919	5.23208e-05	0.228372	0.0924815	0.226111	0.1	0.0093386
1.21298	-3.45593	-2.15065	-7.94397e-05	0.000370361	1.54915e-05	-0.000413128	-0.000118736	0.000476604	0.228275	0.0923635	0.226015	0.1	0.00689011
0.435761	-0.989723	1.23287	-6.16548e-07	0.000147779	5.86915e-06	-0.000203479	0.000290154	-0.000206472	0.228269	0.0923562	0.226009	0.1	0.00488112
2.38718	-1.93279	1.78083	-4.80722e-05	0.00030568	2.85618e-05	0.000211009	0.000101731	0.000948669	0.228148	0.0922089	0.225889	0.1	0.00853143
0.223396	3.77185	-0.384644	-2.62276e-05	-0.000472415	-4.41956e-05	0.000299872	-0.000256668	-0.000228181	0.227891	0.0918988	0.225635	0.1	0.00541134
1.07052	-0.104949	-0.729934	-1.31772e-06	-3.64119e-08	-4.76347e-07	8.39788e-11	6.75727e-10	1.06275e-09	0.2278	0.0917882	0.225545	0.1	0.00849776
-2.00383	-2.69384	1.50247	-3.43223e-06	1.3507e-06	2.98968e-06	8.409e-24	1.26251e-22	-3.39827e-23	0.227735	0.0917093	0.22548	0.1	0.012279
1.01052	1.205	0.540466	-6.3936e-05	-0.000153531	-0.000105099	0.000375571	-0.000491906	0.000541854	0.227721	0.0916929	0.225466	0.1	0.00576183
1.70957	-2.38441	-2.25544	-3.41982e-05	0.000272972	0.000119648	-0.000453031	0.000678459	-0.000171603	0.227719	0.0916894	0.225464	0.1	0.00794681
1.60925	-0.536362	0.123106	-1.02915e-05	-3.79145e-06	-1.35402e-06	1.65806e-05	-4.2248e-05	3.05421e-05	0.227657	0.0916158	0.225403	0.1	0.00582043
2.14205	-3.51308	-0.786204	1.4547e-06	1.45772e-05	-6.1881e-06	-1.40266e-11	-2.4417e-12	1.21548e-11	0.227655	0.0916129	0.225401	0.1	0.00859576
-1.71925	1.92605	-1.14224	3.86073e-05	-0.000179938	2.25895e-05	0.000478214	-6.87926e-05	0.000244778	0.227637	0.0915917	0.225383	0.1	0.00611014
2.32511	-3.86064	-1.00743	-1.27527e-07	2.25745e-07	1.45956e-07	-2.71616e-12	-1.45815e-13	-2.0183e-12	0.227625	0.0915767	0.225371	0.1	0.0107804
-2.39464	-3.66183	-1.94485	6.65035e-05	0.00046447	-6.20849e-08	-0.000213498	-0.000178246	-0.000266345	0.227598	0.0915445	0.225345	0.1	0.00471319
1.12444	-1.72766	0.772248	3.95076e-05	0.00023886	1.62076e-05	0.000265787	8.87211e-05	0.000361633	0.227427	0.0913378	0.225175	0.1	0.00533628
-0.932034	1.65718	1.96322	-1.03087e-05	-8.23535e-05	-5.74882e-05	-0.000890916	-0.00031858	-6.03102e-05	0.227288	0.0911706	0.225038	0.1	0.00670412
1.17946	3.1681	-1.27641	-7.27686e-05	-0.000306841	2.36945e-06	0.000246781	-0.000106619	-4.66482e-05	0.227272	0.0911519	0.225022	0.1	0.00700282
