-1.38322	1.21272	-1.02933	7.1515e-05	-0.000113925	-1.36904e-05	-8.2578e-06	-5.22854e-05	-9.22108e-05	0.55482	1.32612	0.549327	0.1	0.0180875
2.15349	3.61545	2.24079	-1.18206e-05	-0.000387418	1.38125e-05	-3.33763e-05	6.03346e-05	5.52443e-05	0.554711	1.32533	0.549219	0.1	0.0176141
-0.827077	-1.26487	-0.917356	4.87938e-05	0.000195661	-0.000109581	-8.72352e-06	1.03718e-05	-0.00018536	0.554426	1.32329	0.548937	0.1	0.0212665
-0.0775824	1.21264	-1.98357	-1.15651e-05	-0.000226344	-5.52749e-05	0.000188626	2.45963e-06	4.66352e-05	0.552434	1.30908	0.546964	0.1	0.0187578
2.47545	-3.33576	1.09579	-2.68515e-06	0.000406061	9.60983e-06	0.000103372	-1.70304e-05	0.000111353	0.551275	1.30086	0.545817	0.1	0.0248442
-0.324091	-3.41862	-0.673747	-6.46606e-05	0.000385238	2.48733e-05	0.000145056	0.000118629	-4.44976e-05	0.548893	1.28407	0.543458	0.1	0.0193439
-2.00293	0.741073	-1.79204	6.95783e-05	-2.03287e-05	-4.03992e-05	9.02472e-05	-3.79748e-05	-3.94581e-05	0.548822	1.28357	0.543388	0.1	0.0204819
1.80404	-4.00172	-0.359932	2.5283e-05	0.000356083	-8.07901e-05	0.000249402	6.57269e-06	1.43754e-05	0.547774	1.27623	0.54235	0.1	0.0191862
-1.93199	-0.412127	0.670423	-3.61437e-05	7.37845e-06	-3.44871e-05	-0.00010806	5.60508e-06	7.08381e-05	0.547358	1.27333	0.541939	0.1	0.0238472
-0.864484	-0.14091	0.726062	-4.84086e-05	-5.44282e-05	-3.49147e-05	2.81764e-05	-4.35114e-06	-6.09948e-05	0.546952	1.2705	0.541537	0.1	0.0199383
2.10296	0.366205	-1.25143	4.79946e-05	-5.71388e-05	-3.52852e-05	3.61577e-05	3.04135e-05	-4.8184e-06	0.546649	1.26839	0.541237	0.1	0.0239084
1.20203	2.60594	-1.8172	-3.27962e-05	-0.00018958	6.24438e-05	-9.53128e-05	7.65211e-05	0.000186664	0.545348	1.25936	0.539949	0.1	0.0204055
-2.42411	-2.39698	0.436619	-3.08491e-05	0.000254048	4.80212e-06	0.000146344	2.1389e-05	9.81008e-08	0.545169	1.25811	0.539771	0.1	0.0213139
-0.0567837	-3.13712	-2.02738	-1.18688e-05	0.000335132	1.72396e-05	4.64541e-05	-0.000149701	-2.37609e-05	0.544719	1.255	0.539326	0.1	0.0182403
-0.625917	3.35462	1.3016	2.17143e-05	-0.000322756	-4.1002e-05	0.000123922	0.000238296	3.11903e-06	0.543689	1.24789	0.538306	0.1	0.0184796
2.1854	-2.50958	2.1682	5.07559e-05	0.000342808	2.49008e-05	-4.91575e-05	-5.91014e-05	-6.8208e-06	0.541854	1.2353	0.536489	0.1	0.0299363
1.49909	-2.0209	-1.29585	-1.4903e-05	0.000200525	4.39208e-05	4.35943e-05	4.09488e-05	-1.87755e-05	0.540595	1.22671	0.535243	0.1	0.0259952
2.11217	2.84296	-1.29846	-2.99183e-05	-0.000286934	6.80683e-05	-0.000246391	-0.000100201	0.0001157	0.540372	1.22519	0.535022	0.1	0.0190557
0.243035	2.23138	-2.11736	1.08776e-05	-0.000255597	6.67528e-05	-4.19845e-05	-0.000126498	-9.27931e-05	0.540364	1.22514	0.535014	0.1	0.0171297
1.53196	1.88867	1.54053	-1.04565e-05	-0.000102285	4.62859e-05	-0.000175122	4.84811e-05	3.01783e-05	0.537534	1.20599	0.532212	0.1	0.021877
1.81359	-2.99206	-0.0114414	-1.72934e-05	0.000276436	3.39415e-05	-1.11595e-07	0.000103445	0.000102071	0.536704	1.20041	0.53139	0.1	0.0219592
-1.68344	1.61883	0.949229	-2.41321e-05	-0.000125884	9.49561e-05	0.000165952	-7.63616e-05	3.19725e-05	0.536645	1.20002	0.531332	0.1	0.021226
0.661993	-1.87782	0.214833	-3.75176e-06	0.000200712	4.43222e-05	4.81454e-05	3.15672e-05	3.10678e-05	0.536462	1.19879	0.53115	0.1	0.0206487
0.369423	3.50143	1.65443	-2.94891e-06	-0.000396316	1.53268e-05	-7.93959e-05	-0.000117373	0.000122179	0.53632	1.19784	0.53101	0.1	0.0226957
-1.13889	-2.58829	0.058396	-2.08013e-05	0.000305399	-3.77791e-06	-0.000170697	2.9833e-05	6.85877e-06	0.535344	1.19131	0.530044	0.1	0.0181777
-0.267456	-2.49225	-1.1983	-2.36013e-05	0.000321823	6.08101e-06	-0.000222837	3.83839e-05	-0.000123221	0.534798	1.18767	0.529503	0.1	0.0175528
1.35208	3.87701	1.57279	-2.73396e-05	-0.000399939	4.35197e-05	-5.92059e-05	2.64311e-05	-0.000121168	0.534761	1.18742	0.529466	0.1	0.0184248
0.795717	1.52571	-0.450035	-6.00171e-05	-0.000196931	-4.47594e-05	4.09989e-05	-0.000242064	-7.55482e-05	0.534328	1.18454	0.529038	0.1	0.0188962
-1.45026	3.7805	0.0644096	-7.64421e-05	-0.000334272	3.17661e-07	0.000161456	1.24096e-05	6.24236e-05	0.533494	1.179	0.528212	0.1	0.018679
-0.511455	1.94482	-1.3214	-1.90741e-05	-0.000302549	-7.5443e-06	3.59439e-05	-2.24813e-05	0.000103127	0.533315	1.17782	0.528035	0.1	0.0175477
-0.368443	3.53597	-0.831192	-7.70991e-05	-0.00034546	-4.94942e-05	-1.02422e-05	-7.07432e-05	6.38696e-06	0.533292	1.17767	0.528012	0.1	0.0179156
-2.0183	-1.19705	-2.15669	3.2249e-06	5.3424e-05	-0.000196594	0.000141739	-1.25713e-05	-0.000118471	0.533023	1.17589	0.527746	0.1	0.0222965
-1.75822	-3.11813	-2.20655	-5.89767e-06	0.000338116	5.92365e-06	-1.72065e-06	2.72265e-05	6.41253e-05	0.53279	1.17434	0.527515	0.1	0.0256787
-0.0100506	-2.5157	1.01711	1.07639e-05	0.00026031	-3.3908e-05	-7.97071e-05	-7.75508e-05	-1.7892e-05	0.532572	1.1729	0.527299	0.1	0.0258558
-1.45355	3.57431	-1.71136	-2.48423e-05	-0.000327814	3.22186e-05	-0.000136971	6.41639e-05	-8.88411e-05	0.532055	1.16949	0.526787	0.1	0.0213159
0.454468	3.24363	-2.32598	-9.63979e-06	-0.000301519	2.67574e-05	-6.04941e-05	-9.34127e-06	0.000151473	0.531483	1.16572	0.526221	0.1	0.0250357
2.41925	0.17141	-2.48287	4.55931e-05	2.92838e-05	-3.39577e-05	-6.53235e-05	4.94226e-05	-6.81091e-05	0.530981	1.16242	0.525724	0.1	0.0206567
-0.174178	-1.19189	-1.76331	3.72847e-05	0.000142579	-9.11544e-05	6.4548e-06	1.75457e-05	7.18749e-05	0.53052	1.15939	0.525267	0.1	0.0203128
-0.932842	-3.47537	0.586558	-1.7361e-05	0.000377593	3.69999e-05	1.77452e-05	0.000106565	-0.000136323	0.529592	1.15332	0.524349	0.1	0.0182225
-0.075542	-3.59199	1.37666	-6.18475e-05	0.000355033	-2.04926e-05	8.11904e-05	-6.80796e-05	8.2377e-05	0.528499	1.14619	0.523266	0.1	0.0219578
2.0471	0.789346	-0.236355	-4.15474e-05	1.04015e-05	6.45237e-05	8.46555e-05	0.00011822	0.000132048	0.527475	1.13954	0.522252	0.1	0.0240228
0.553608	3.53517	-1.32645	-5.65604e-05	-0.00031832	2.12629e-05	9.53728e-05	-4.53696e-05	7.37115e-06	0.527182	1.13765	0.521962	0.1	0.0191525
-2.41538	0.785352	0.657865	8.99748e-06	-9.42684e-05	3.35981e-05	0.000246771	-1.1239e-05	4.51616e-05	0.527004	1.1365	0.521786	0.1	0.0273061
2.40997	-1.14555	1.76628	-5.0831e-05	0.000269667	6.10468e-05	-5.44208e-05	9.96321e-05	-0.000286873	0.526785	1.13507	0.521569	0.1	0.0201267
0.0786507	-3.33862	0.377821	-2.82103e-05	0.000265982	-2.46908e-05	5.43337e-05	5.08841e-05	-8.49051e-05	0.526637	1.13412	0.521423	0.1	0.0176014
0.545666	2.73604	0.959859	1.14958e-05	-0.000334583	-3.43192e-05	0.00021965	0.000178671	-9.84313e-06	0.524764	1.12206	0.519568	0.1	0.016748
-2.44121	3.89265	0.373291	-5.40225e-05	-0.000355022	4.4609e-06	-0.000174692	-5.1136e-06	-3.7056e-05	0.523709	1.11531	0.518524	0.1	0.0235494
-2.48933	3.69789	-1.75937	-2.46728e-05	-0.000359276	6.27792e-06	2.9814e-06	-9.47747e-05	-5.21524e-05	0.523479	1.11384	0.518296	0.1	0.0182852
1.50332	0.936137	2.04166	9.25494e-05	-2.26763e-05	-2.34355e-05	-2.98402e-07	-0.000102073	2.21611e-05	0.521989	1.10436	0.516821	0.1	0.0189951
-1.84433	-1.87882	-0.276272	-5.61806e-05	0.000220511	-3.29356e-05	8.31554e-05	0.000336565	-0.000383824	0.521432	1.10083	0.516269	0.1	0.0214008
-0.40329	1.79199	1.46368	9.53248e-06	-0.000288488	-4.48093e-05	-7.24574e-05	8.93416e-05	-0.000103255	0.521217	1.09946	0.516056	0.1	0.0233782
-2.00376	-3.87684	1.84042	2.50032e-06	0.000400003	-1.32888e-05	8.33997e-06	-3.24756e-05	2.48389e-05	0.518617	1.08309	0.513482	0.1	0.0164707
2.08709	-0.093774	0.465521	-2.47115e-05	-1.26641e-05	-1.31323e-05	-8.00082e-05	8.90545e-05	-0.000118408	0.517898	1.07859	0.51277	0.1	0.0212026
2.33604	-1.06691	-0.932044	-1.20311e-06	9.6609e-05	-1.63401e-05	0.000270705	4.44349e-05	2.89038e-05	0.517716	1.07746	0.51259	0.1	0.0236655
1.56676	3.73036	-1.34699	-6.41784e-05	-0.000346861	-5.91974e-05	-7.22366e-05	0.000177304	-5.21559e-05	0.5171	1.07361	0.51198	0.1	0.0166513
-1.87444	2.66082	-1.47161	-4.75352e-05	-0.000270228	7.03017e-05	0.00014032	0.000134561	-5.22495e-05	0.516716	1.07123	0.5116	0.1	0.0206776
-1.94274	0.342457	-0.819404	2.50745e-05	-4.87636e-05	-4.6976e-05	-2.86667e-05	-3.80833e-05	2.86415e-06	0.515931	1.06635	0.510823	0.1	0.0242345
1.14642	3.2055	-0.548101	-6.21861e-05	-0.000381653	8.30224e-06	-0.000241358	0.000258605	-0.000194478	0.515901	1.06617	0.510793	0.1	0.0139466
1.54578	2.04982	-0.933831	8.48864e-06	-0.00024956	9.07563e-05	0.000100139	2.80318e-05	-6.48304e-05	0.51576	1.06529	0.510653	0.1	0.0165942
-1.90494	-2.04932	1.95446	4.98908e-05	0.000271977	-9.8528e-06	-9.82554e-05	7.39121e-05	-9.05334e-05	0.514995	1.06056	0.509896	0.1	0.0261216
-0.430034	3.50074	-1.86257	-2.71186e-05	-0.000387801	-2.65596e-05	-8.05528e-05	-3.09289e-05	5.32768e-05	0.514003	1.05444	0.508914	0.1	0.0206875
0.736652	0.112535	2.46179	5.45198e-05	2.25763e-05	-2.79913e-05	9.21357e-05	7.65635e-05	-8.18677e-05	0.512599	1.04583	0.507524	0.1	0.0186449
0.540692	-0.335801	1.57615	-5.01136e-06	0.000133275	-5.30361e-05	8.52254e-05	1.18197e-05	-2.65783e-05	0.51184	1.04118	0.506772	0.1	0.0182055
-2.05578	-3.50404	-1.29812	1.9894e-06	0.000407042	1.5153e-05	-7.14677e-05	-3.17576e-05	-0.000114438	0.511673	1.04017	0.506607	0.1	0.021399
-0.449749	0.81668	0.698798	-2.23033e-06	-9.40563e-05	2.68455e-06	6.00907e-05	0.000100974	-6.68219e-05	0.511494	1.03908	0.50643	0.1	0.0238809
0.880817	-3.20193	-1.50844	2.92382e-05	0.000334032	3.74289e-05	4.0968e-05	-2.54797e-05	9.50397e-05	0.510448	1.03272	0.505394	0.1	0.0178053
-1.24854	3.47703	2.13289	-9.11656e-05	-0.000355431	3.20219e-05	-0.000369118	6.45787e-05	-0.000178612	0.509646	1.02785	0.5046	0.1	0.0216516
0.829895	-2.74655	-2.40434	-6.51631e-06	0.000286261	3.15434e-05	-0.000124833	9.65162e-05	-2.98262e-05	0.508542	1.02119	0.503507	0.1	0.0204039
-0.636726	-0.427152	-2.26079	3.39342e-05	7.14539e-05	-0.000103445	-0.000102407	2.80003e-05	-3.61802e-05	0.508425	1.02048	0.503391	0.1	0.0182548
1.44855	-0.43783	-1.33771	6.94017e-05	-6.01958e-05	2.85281e-05	-0.000195041	-5.20421e-06	5.22155e-05	0.506867	1.01114	0.501849	0.1	0.0189169
1.37618	1.80142	-2.44559	4.21665e-05	-0.000109722	4.13545e-05	0.000190609	3.67247e-05	7.81273e-05	0.505037	1.00022	0.500037	0.1	0.0185727
-1.20848	2.69692	-2.23755	-2.88298e-05	-0.000276144	0.000102987	0.000185944	-4.81987e-05	0.000315632	0.504957	0.999745	0.499957	0.1	0.0226934
-2.30066	-3.39599	-0.331633	-2.85419e-05	0.000398273	-7.71877e-06	9.98684e-05	-4.18341e-05	3.16344e-05	0.504939	0.999642	0.49994	0.1	0.0185067
-0.172801	-0.436032	-1.07943	2.64036e-05	2.09987e-05	-1.46029e-05	0.000248924	-4.97262e-05	-6.56889e-05	0.504901	0.999415	0.499902	0.1	0.0169107
0.429671	-0.353799	-0.287204	6.89295e-06	-5.3275e-05	3.66832e-06	1.1289e-05	-6.40925e-06	-0.000140154	0.504788	0.998742	0.49979	0.1	0.0152658
0.698211	-0.693591	-1.94153	6.96567e-05	7.40526e-05	1.56067e-05	0.000318952	-5.13354e-05	-0.000272901	0.503937	0.993701	0.498948	0.1	0.0195976
-1.00552	-2.23177	1.41806	6.93601e-06	0.000313075	1.5449e-05	-8.18265e-05	-3.1596e-06	-0.000132266	0.503345	0.990196	0.498361	0.1	0.0183254
-1.03041	0.37131	-1.80693	4.27576e-05	7.55542e-06	-6.93333e-05	0.000170624	3.69579e-05	8.88908e-05	0.503196	0.989325	0.498214	0.1	0.0183528
1.33157	-1.46244	-0.445109	4.05655e-06	0.00017189	3.84035e-05	9.90663e-06	-6.82509e-05	-5.68322e-05	0.502585	0.985721	0.497609	0.1	0.0198668
-0.918899	0.808878	-0.185258	6.56863e-06	-0.000126718	1.3387e-05	-0.000113699	-0.000107312	-8.24758e-05	0.501771	0.98094	0.496803	0.1	0.0188917
0.27084	-2.64506	-0.336093	-1.60163e-05	0.000274183	2.2768e-05	5.41461e-05	4.13818e-05	-5.89789e-05	0.501401	0.978774	0.496437	0.1	0.0206533
2.33293	-1.4599	0.794867	-1.90825e-05	0.000202259	5.51004e-05	-5.42933e-05	1.92831e-05	-3.07702e-05	0.501352	0.978484	0.496388	0.1	0.0171173
-1.54386	1.40745	2.25254	2.6111e-05	-0.000123546	-1.18854e-06	1.33401e-05	0.000208043	0.000162257	0.501333	0.978374	0.496369	0.1	0.0187456
-0.421645	2.7774	2.13019	8.40287e-05	-0.000227642	-1.53972e-05	-0.000344127	-1.58425e-05	-0.000142866	0.500305	0.972365	0.495351	0.1	0.0227254
1.75137	-1.918	1.44756	-2.50068e-05	0.000254451	3.42899e-05	1.5603e-05	-2.59258e-05	-1.12596e-05	0.500134	0.971369	0.495182	0.1	0.0139234
-0.334563	-2.11831	-2.14678	4.59953e-05	0.000156789	-4.72158e-05	-8.83853e-05	-0.000106022	-0.000102746	0.500114	0.971254	0.495162	0.1	0.0224211
1.20632	3.91889	-2.41782	-4.00229e-05	-0.000317996	2.07254e-05	-8.68567e-05	-6.15351e-05	-0.000112022	0.499003	0.964792	0.494062	0.1	0.0194427
0.503532	-1.90108	-1.50773	2.68356e-05	0.00020831	-2.05895e-05	-8.35259e-05	-0.000182223	-1.32309e-06	0.49838	0.96119	0.493446	0.1	0.0173245
-0.115468	-1.22931	0.107465	1.84487e-05	0.000156525	-1.33459e-05	-6.30284e-05	-0.00019502	-2.12995e-07	0.498014	0.959069	0.493083	0.1	0.0153471
-1.11214	-1.56798	-1.87061	2.73049e-05	0.000210093	-9.52051e-05	-0.000104803	-7.54728e-05	-0.000226419	0.49782	0.957951	0.492891	0.1	0.0205466
1.51615	-3.28064	2.11408	4.14173e-05	0.000402725	-2.79296e-06	-3.17366e-05	-7.40175e-05	-6.40955e-05	0.497807	0.957872	0.492878	0.1	0.0173348
-2.27717	2.68061	-0.48955	-1.9818e-05	-0.000214776	6.61379e-05	-1.94514e-05	0.000184037	-0.000246722	0.497805	0.957862	0.492876	0.1	0.0221452
-1.62603	-2.82031	0.923883	-1.64479e-05	0.000357257	1.87567e-05	-0.000122657	-7.82413e-05	0.000226105	0.496356	0.949524	0.491442	0.1	0.0153741
-1.29685	2.65684	0.965155	2.64745e-08	-0.000301994	3.97837e-05	-5.53778e-05	5.82829e-05	5.72317e-05	0.495653	0.945496	0.490746	0.1	0.0176274
-0.919819	-3.68326	-2.1394	-9.92781e-06	0.000381111	-4.63819e-05	5.88806e-07	6.16451e-05	-5.48466e-05	0.495534	0.944815	0.490628	0.1	0.019316
-1.35142	-3.4036	-0.600369	-3.74765e-05	0.000403219	4.95578e-05	-5.86794e-05	-6.88454e-05	-9.00899e-06	0.49547	0.944444	0.490564	0.1	0.0165311
-1.27708	2.27627	1.86926	6.46522e-05	-0.000149908	4.66767e-05	6.76401e-05	-0.000142262	-0.000285651	0.495413	0.94412	0.490508	0.1	0.0198268
2.42994	1.87588	-1.36788	6.33555e-05	-0.000236967	0.000144824	0.000128995	7.47144e-05	0.000105413	0.493724	0.934499	0.488836	0.1	0.0164815
-1.71957	1.75137	-1.8447	3.77502e-05	-0.000184301	-8.47291e-06	1.56099e-06	4.11995e-06	0.00030854	0.493582	0.933695	0.488695	0.1	0.0149835
0.805723	1.6431	-1.50032	3.50022e-06	-0.000186733	0.000116554	1.92042e-05	-2.81518e-05	0.000296966	0.493482	0.933124	0.488596	0.1	0.0208053
0.880001	0.513561	-0.431458	-3.29931e-05	-0.000136542	-4.44262e-05	-1.43871e-05	6.94177e-05	9.58488e-05	0.49325	0.93181	0.488366	0.1	0.0209969
0.682551	3.98925	0.817067	2.74484e-06	-0.000481467	5.89745e-06	-0.000156869	-8.57161e-05	0.000173118	0.492733	0.92888	0.487854	0.1	0.0179283
0.156847	0.0388142	0.596494	5.98763e-05	-1.80225e-05	-2.64408e-06	-9.83983e-05	-1.62441e-05	0.000260536	0.492579	0.928012	0.487702	0.1	0.0173388
1.27087	2.64885	0.266845	5.40463e-05	-0.000330863	5.66924e-06	0.000165464	-2.03929e-05	0.000272613	0.492206	0.925909	0.487333	0.1	0.0145572
0.760157	0.232981	-1.55292	1.53206e-05	-0.000158851	-1.40067e-05	0.000266512	-0.000160364	0.000200834	0.490982	0.919016	0.486121	0.1	0.0212552
-1.21787	-2.21683	-0.980443	-3.34509e-05	0.000251587	-2.07456e-05	-0.000285216	-0.000300293	3.08322e-06	0.490889	0.918492	0.486029	0.1	0.0210811
-0.39842	-0.644441	1.48437	3.07668e-05	-1.55724e-06	-8.85363e-05	-8.95565e-05	0.000143778	0.00019233	0.490378	0.915628	0.485523	0.1	0.0208351
1.57673	-2.85562	1.23477	-2.47904e-05	0.000289313	1.85851e-05	4.19261e-05	-1.72706e-05	4.40048e-05	0.489482	0.910617	0.484636	0.1	0.0200936
-2.19393	2.7773	1.32241	3.15499e-05	-0.000244813	4.61566e-05	-9.85088e-05	-3.03145e-05	-0.000137772	0.489469	0.910544	0.484623	0.1	0.0149734
2.2633	-2.44385	-1.81834	-9.72101e-06	0.000276699	1.96599e-05	0.000186503	-6.1301e-05	4.10776e-05	0.489084	0.908401	0.484242	0.1	0.0165969
-2.15424	0.993023	1.60678	1.64366e-06	-0.000182149	5.56891e-05	-1.86906e-05	4.12333e-05	0.000119753	0.488971	0.907768	0.48413	0.1	0.0217817
0.972233	-1.95198	2.03448	-9.40978e-06	0.00023549	2.39303e-06	4.938e-05	1.89264e-05	-5.59009e-05	0.4888	0.906812	0.48396	0.1	0.0187419
1.58826	-2.15516	0.508865	-1.33675e-05	0.000243359	3.36639e-05	-9.80281e-06	-2.6401e-06	1.17797e-05	0.488326	0.904178	0.483491	0.1	0.0194104
-0.718256	-0.534805	-0.203715	1.59369e-05	8.36004e-05	-4.59599e-05	0.000234446	-9.4222e-05	0.000227696	0.48828	0.903926	0.483446	0.1	0.0157243
-2.01257	2.99236	0.399076	4.65167e-06	-0.000289432	4.75918e-05	2.33624e-05	9.22174e-05	0.000160727	0.488206	0.903513	0.483372	0.1	0.0226882
1.58311	-3.66522	0.705994	2.39976e-05	0.000305652	3.5952e-05	-8.3115e-05	-9.99738e-05	-8.05624e-06	0.488125	0.903063	0.483292	0.1	0.0195864
0.0533763	1.65418	0.587709	5.54742e-05	-0.000168215	-4.10948e-05	-6.93537e-05	0.000107148	-8.80748e-05	0.486774	0.895587	0.481954	0.1	0.0173789
1.40843	-0.432174	1.10346	-2.21618e-06	9.08408e-05	3.61226e-05	-3.85808e-05	1.05523e-05	-3.7111e-06	0.486222	0.892545	0.481408	0.1	0.0148169
2.33002	-0.516968	-1.75822	5.69449e-05	0.000117287	1.49676e-05	-9.21776e-05	9.67736e-05	-9.97856e-05	0.485931	0.890944	0.48112	0.1	0.0214654
-1.0648	-3.76377	1.5371	6.3712e-06	0.000437062	3.38212e-05	-8.60155e-05	-5.30472e-05	8.3682e-05	0.485684	0.889585	0.480875	0.1	0.0153355
2.10838	2.49158	0.7211	4.72594e-05	-0.000228009	3.52509e-05	-6.96656e-05	-8.11366e-05	1.02344e-05	0.485546	0.888831	0.480739	0.1	0.02086
-1.77413	-0.241567	-1.95425	5.68472e-05	4.05314e-06	-6.88217e-05	-5.94586e-05	4.22513e-05	-6.32703e-05	0.484993	0.885791	0.480191	0.1	0.0206152
-0.641705	1.04994	2.17655	1.64103e-05	-6.77365e-05	-9.91428e-05	0.000168025	-7.58054e-05	-4.12575e-05	0.484263	0.881798	0.479468	0.1	0.0162625
-1.83131	-1.51548	-1.22121	3.17371e-06	0.000223971	-0.00014129	0.000248137	-2.49048e-05	3.91542e-05	0.483863	0.879615	0.479072	0.1	0.0223306
-1.79277	-1.8373	0.999579	-2.13142e-05	0.000196007	-3.6161e-06	-1.86041e-05	9.70909e-05	2.75026e-05	0.48386	0.879599	0.479069	0.1	0.0160354
1.71464	-0.128936	-0.448767	1.28051e-06	1.91278e-05	1.2108e-06	5.09367e-05	-0.000135582	-3.25889e-05	0.483476	0.877508	0.478689	0.1	0.0170864
0.511863	2.55068	1.95167	-4.66205e-05	-0.00035423	8.97404e-05	-7.85032e-05	6.0925e-05	-0.000201654	0.483004	0.874942	0.478222	0.1	0.0164107
0.292883	0.924185	-1.07616	-2.93626e-05	-0.000191399	-5.70615e-05	-0.000264479	-9.58656e-06	-0.000156525	0.482785	0.873753	0.478005	0.1	0.0183209
-1.28662	-1.20219	0.501144	-3.94085e-05	0.000108231	-8.66056e-05	-7.17832e-05	0.000149515	-0.000215183	0.482566	0.872562	0.477788	0.1	0.015098
-0.0160953	0.658129	1.56404	6.52606e-05	-9.76647e-05	-5.27841e-05	2.009e-05	-0.000261243	-0.000146586	0.482132	0.870207	0.477358	0.1	0.0213182
1.93296	2.52851	2.20946	-8.03334e-05	-0.000173344	0.000146984	0.000331833	-0.000381123	-0.000156472	0.48194	0.869166	0.477168	0.1	0.0199277
-0.588133	2.63366	-0.474785	-3.35985e-05	-0.000248755	2.50864e-05	-0.000186442	6.27741e-05	7.84655e-05	0.481933	0.86913	0.477161	0.1	0.0219833
-1.42445	0.699547	0.636921	-8.44723e-06	-6.28283e-05	4.43421e-07	3.24253e-05	5.97557e-05	5.53023e-06	0.481479	0.866677	0.476712	0.1	0.0219334
1.02818	-3.35399	-0.525326	-3.80821e-05	0.000319637	5.0783e-05	2.63591e-05	-7.28178e-05	-0.000183445	0.480917	0.863644	0.476155	0.1	0.0145652
-0.911348	-1.55029	2.17708	8.81621e-05	0.000169569	-9.76529e-05	3.14132e-05	8.51323e-05	-7.67597e-05	0.480468	0.861231	0.475711	0.1	0.0176431
1.54205	0.448521	-2.09232	4.6371e-05	-1.97259e-05	-1.22003e-05	0.00015071	-2.49408e-05	0.00014612	0.47986	0.857968	0.475109	0.1	0.0153758
0.464882	2.6148	-0.938826	-0.000138266	-0.000340188	0.000103183	3.70949e-05	-0.000204672	-2.38712e-05	0.478966	0.853181	0.474224	0.1	0.0187067
1.22717	0.500237	1.19813	7.182e-05	2.86362e-05	-1.51045e-05	3.42016e-05	0.000115644	-0.000114499	0.478473	0.850548	0.473736	0.1	0.0185397
-2.45851	0.0258071	1.4998	-9.79577e-06	8.49306e-05	-6.77162e-05	8.57753e-05	-5.88942e-05	-5.86475e-05	0.478412	0.850219	0.473675	0.1	0.0228472
-1.69283	1.37598	-0.0699718	-8.23381e-06	-0.000171048	-5.30629e-05	0.000123456	-9.27545e-05	0.000172029	0.47793	0.847656	0.473198	0.1	0.0184699
-1.07376	-3.03811	-1.4458	3.44216e-05	0.00027052	2.69143e-05	0.000267131	-2.26133e-05	-1.99357e-05	0.477808	0.847007	0.473077	0.1	0.026902
2.22163	3.52499	1.22647	-1.95659e-05	-0.000328255	2.057e-05	7.54345e-05	-7.70834e-06	0.000303543	0.477733	0.846607	0.473003	0.1	0.0213561
-2.04508	2.71597	2.2664	-1.31126e-05	-0.000228199	9.63473e-05	8.7222e-05	0.000137835	9.15377e-06	0.477694	0.846395	0.472964	0.1	0.0165579
-0.646898	1.9296	-2.46971	1.71191e-05	-0.000154259	4.37629e-05	0.000184513	6.93079e-05	-3.06955e-05	0.477155	0.843541	0.472431	0.1	0.0176742
-0.748348	3.11998	0.323602	-6.83684e-05	-0.000274209	1.40815e-05	-3.07534e-05	-0.000170862	4.59864e-05	0.47715	0.843513	0.472426	0.1	0.0203005
-0.702762	0.132503	1.94816	7.54324e-07	-2.61905e-05	-0.000129671	-8.41963e-05	6.75603e-05	2.2859e-05	0.477062	0.843044	0.472339	0.1	0.0201977
-1.51416	0.019024	1.48337	-2.30094e-05	-1.41743e-05	-5.08679e-05	8.98676e-05	1.40591e-05	-0.000155612	0.476857	0.841959	0.472136	0.1	0.0201136
1.24019	-1.09748	0.447971	-1.97244e-06	0.000148314	4.31343e-05	6.00092e-05	1.18488e-05	-3.87108e-05	0.476785	0.841575	0.472064	0.1	0.0144365
-0.362207	3.87182	2.22349	-5.36065e-05	-0.000434144	-5.67406e-05	3.30461e-05	-1.32266e-05	-8.71631e-06	0.475355	0.834028	0.470649	0.1	0.0192663
-1.67472	-0.801971	1.92867	1.78049e-05	0.00012544	-7.97775e-05	6.42099e-05	0.000132957	0.000224201	0.475269	0.83357	0.470563	0.1	0.0182198
-1.65363	0.454038	2.30258	4.89262e-05	-8.43434e-05	-2.81051e-05	7.74793e-05	-3.31606e-05	-0.000152079	0.474862	0.83143	0.47016	0.1	0.0178056
2.02517	-2.80723	-0.968642	1.47386e-05	0.000268405	6.38556e-05	-3.45687e-05	-0.000231902	0.000208607	0.474508	0.829578	0.46981	0.1	0.0201219
-2.17838	1.93429	1.75881	-5.56107e-05	-0.000190487	9.35087e-05	-3.23832e-05	1.54277e-05	-3.94058e-05	0.474403	0.829024	0.469706	0.1	0.0189989
-2.37892	-0.366033	-0.309958	5.13926e-06	5.13806e-05	6.96855e-06	-0.000189456	-5.04569e-05	-4.41359e-05	0.473731	0.82551	0.469041	0.1	0.0226433
-1.07005	-0.0720953	-0.951795	4.18916e-05	3.13833e-05	-6.37409e-05	-0.000255682	-2.47311e-05	-0.000112831	0.47183	0.815609	0.467158	0.1	0.0188617
0.694552	-3.04969	1.6788	-4.40419e-06	0.000245619	1.75455e-05	-0.000378615	0.000228161	0.000218786	0.471086	0.811759	0.466422	0.1	0.0166165
-0.443215	-2.0055	-0.344528	-2.28031e-05	0.000233593	-4.86616e-05	-0.00013981	-0.000141103	7.53509e-05	0.470528	0.808876	0.465869	0.1	0.0224807
-2.14758	-2.38935	-1.0702	-2.03833e-05	0.000272979	-2.75735e-05	-0.000453315	0.00018849	-0.000119393	0.470355	0.807987	0.465698	0.1	0.0165355
0.475164	3.33072	0.147459	1.35005e-05	-0.000393241	6.70162e-05	6.68955e-05	-4.20162e-05	0.000424776	0.470211	0.807242	0.465555	0.1	0.0173923
-1.15591	-2.41056	2.4555	2.13365e-05	0.000244387	-3.89977e-05	-0.00012866	5.70572e-05	-0.000180029	0.47002	0.806259	0.465366	0.1	0.0197136
0.549147	1.03769	2.2427	0.00010833	1.45681e-05	-1.62309e-05	-0.000119303	0.000135985	-8.49774e-05	0.46956	0.803896	0.464911	0.1	0.0160385
-0.0958214	-1.09661	2.25773	7.17327e-05	0.000138254	-6.40705e-05	-6.3013e-05	-0.000158158	8.29505e-05	0.469458	0.803373	0.46481	0.1	0.0183981
-0.628956	-1.86419	0.605911	-3.01427e-05	0.000144286	-9.94084e-05	-1.12746e-05	-5.28298e-05	0.000275173	0.469446	0.803307	0.464798	0.1	0.0205253
-0.790243	1.72797	-0.394946	4.24877e-05	-0.000195193	3.38265e-05	0.000138036	-4.86098e-05	3.87443e-05	0.468782	0.799905	0.464141	0.1	0.0168865
1.1315	-0.0462757	0.290603	-2.26858e-06	-1.64287e-05	-7.58405e-07	-0.000207059	-5.98188e-05	6.5115e-05	0.467379	0.792743	0.462751	0.1	0.0165979
1.81027	-0.353718	1.94952	-9.04903e-08	8.05385e-05	1.26883e-05	2.71775e-06	2.76556e-06	-0.000107376	0.467217	0.791923	0.462591	0.1	0.0180844
-0.187056	-2.13631	1.91065	3.53515e-05	0.000214882	-2.8838e-05	0.000215851	0.00012556	-5.07034e-06	0.466675	0.789165	0.462054	0.1	0.0163837
1.64295	1.20197	-1.54735	4.69474e-05	-5.86119e-05	3.78299e-05	7.11245e-06	0.000189515	-3.61898e-05	0.466232	0.786924	0.461616	0.1	0.014222
-0.693986	2.19279	0.395892	1.27678e-05	-0.000241755	3.20576e-05	-2.26263e-05	0.000107023	0.000189443	0.466205	0.786785	0.461589	0.1	0.0177012
-0.905582	2.84843	-1.32975	-2.42919e-05	-0.000329486	1.087e-05	-1.06714e-05	7.97602e-05	-9.6286e-05	0.466076	0.786131	0.461461	0.1	0.0152349
0.911833	-2.82413	0.356866	-1.09832e-05	0.00021521	2.66102e-05	1.76627e-05	-0.000130655	-1.07205e-05	0.465707	0.784266	0.461096	0.1	0.0218623
-1.84365	-2.17019	-1.95378	-3.63355e-05	0.000317403	-3.57602e-05	-8.12007e-05	7.10577e-05	6.32814e-06	0.465684	0.784148	0.461073	0.1	0.0211677
-1.43037	2.35666	-0.176331	-9.89727e-06	-0.000266966	3.22176e-05	1.49115e-05	-0.000107188	3.60755e-05	0.46529	0.782163	0.460683	0.1	0.0157441
1.96995	1.76282	0.038565	2.14641e-06	-0.000162854	-0.000114913	-0.00046579	-0.000583421	-0.000136724	0.464712	0.779251	0.460111	0.1	0.0165382
0.818434	-1.03748	2.17635	3.94673e-05	0.000208086	-7.78616e-06	-5.11711e-05	3.36895e-05	3.39802e-05	0.464331	0.777336	0.459734	0.1	0.0133018
1.79045	-1.61989	2.35729	-5.20813e-05	0.000268184	4.86744e-05	0.000188555	-4.24909e-05	0.000230756	0.463321	0.772277	0.458734	0.1	0.0143183
-2.19768	2.08597	0.245015	-8.27975e-06	-0.000249323	2.20543e-05	9.88175e-05	0.000131253	-0.000136659	0.462664	0.768994	0.458083	0.1	0.0168216
0.562572	1.83631	1.35357	1.22883e-05	-0.000236047	-1.44158e-05	0.00039846	-0.000164646	0.000293842	0.462514	0.768246	0.457935	0.1	0.012793
2.05026	-1.02195	-0.000627375	-1.37541e-05	0.000137933	5.03104e-05	-5.791e-05	-1.26126e-05	-2.20407e-05	0.462457	0.767963	0.457878	0.1	0.0157315
1.005	-1.33102	1.33125	1.1446e-05	0.000217015	-3.34005e-06	4.51186e-05	1.72243e-05	-4.80495e-05	0.460448	0.757998	0.455889	0.1	0.0146133
2.03164	-3.47089	-1.608	2.89492e-05	0.000389058	-3.21105e-05	0.000335448	0.000124639	-0.000302888	0.4597	0.75431	0.455149	0.1	0.0130327
2.05665	3.12483	0.0372454	5.55547e-05	-0.000409246	-8.60923e-05	-0.000361304	3.12295e-05	5.00963e-05	0.459434	0.752999	0.454885	0.1	0.0210842
-1.54774	-3.02474	1.84155	-2.7441e-05	0.000402189	2.04602e-05	8.58284e-05	8.51609e-06	2.6563e-05	0.45935	0.752587	0.454802	0.1	0.0220948
0.15821	-1.5261	0.983208	3.24535e-06	0.00017561	4.78306e-05	-8.89714e-05	-2.98517e-06	-0.00019489	0.459269	0.752192	0.454722	0.1	0.0154137
-2.47947	1.93783	-2.36935	4.7139e-06	-3.51075e-05	0.000101915	-0.000188151	0.000117792	-0.000259623	0.459266	0.752174	0.454719	0.1	0.0181699
-0.174785	0.337313	-0.528855	7.47026e-06	-7.69835e-05	5.47369e-05	-2.46376e-05	0.000131033	0.000179507	0.459194	0.751823	0.454648	0.1	0.0186088
1.46009	3.00096	1.15076	-1.6738e-05	-0.000334901	-5.01211e-06	0.000245338	-0.00013371	0.000132835	0.459118	0.751448	0.454572	0.1	0.0189949
2.18354	1.09954	-2.28716	-3.40618e-06	-2.3459e-05	6.02661e-05	0.000292265	-7.33467e-05	0.000212192	0.459006	0.750894	0.454461	0.1	0.0142853
2.07991	-1.41124	-1.80581	-3.21026e-05	0.000174313	4.84595e-05	6.69061e-05	0.00011135	-0.000101198	0.458587	0.748846	0.454047	0.1	0.0220585
-1.46445	3.12685	-0.665346	-4.06215e-06	-0.000304052	-1.10192e-05	-0.000112484	-6.73497e-05	0.000105588	0.458044	0.746189	0.453509	0.1	0.0183714
2.33738	1.64592	1.03187	-1.67771e-05	-0.000177879	0.00010075	-4.55944e-05	-0.000117429	-5.80808e-05	0.458039	0.746161	0.453504	0.1	0.0158105
-2.14333	3.72188	-0.631058	-3.12446e-05	-0.000366248	-4.98209e-05	2.39026e-05	3.74557e-05	1.67606e-06	0.457054	0.74136	0.452529	0.1	0.019988
-1.44132	0.0345515	-0.0626175	-4.47073e-05	-4.40048e-05	-2.57835e-05	2.30977e-05	-8.65241e-05	-3.12157e-05	0.456744	0.739852	0.452222	0.1	0.0177027
1.17371	-2.39317	-0.444405	-2.78111e-05	0.000213558	3.74368e-05	-5.0769e-05	-7.08398e-05	-3.49442e-05	0.456538	0.738849	0.452018	0.1	0.0146848
2.38633	-3.43613	2.44246	8.4657e-06	0.000357081	1.46042e-05	0.000103687	2.16412e-05	-5.23203e-05	0.456295	0.737671	0.451777	0.1	0.0170079
-1.66178	-0.73877	-0.746002	9.82018e-06	0.000105288	-9.86936e-07	0.000148362	0.000112027	-1.83056e-05	0.4556	0.734306	0.451089	0.1	0.0191979
-0.64285	-2.97833	1.87166	-2.72857e-05	0.000325983	2.08291e-05	-5.91911e-05	0.000235175	-6.77242e-05	0.45547	0.733674	0.45096	0.1	0.013353
0.166207	2.21021	-0.148912	-8.87631e-06	-0.000190236	-4.75398e-05	6.177e-05	0.000174285	-4.61125e-05	0.455436	0.733515	0.450927	0.1	0.0143053
1.66341	1.14922	0.635502	-8.30349e-05	-1.61134e-05	-2.23942e-05	-2.87421e-06	0.000256309	0.000166125	0.45531	0.732903	0.450802	0.1	0.0142564
0.907294	-2.21172	1.14165	-1.6345e-05	0.000253948	7.96715e-06	-2.89287e-05	-4.09525e-05	-2.52477e-06	0.455197	0.732356	0.45069	0.1	0.0144118
1.07898	3.94878	-0.772965	-3.50148e-05	-0.000425689	-1.81801e-05	0.000305058	-0.000112701	0.000216783	0.277675	0.16624	0.274926	0.1	0.00610231
1.49961	1.99168	0.577169	0.000113042	-0.000278228	7.02556e-05	-0.000467703	-0.000253908	-9.84184e-05	0.277411	0.165765	0.274664	0.1	0.00887665
1.83758	-2.21269	-0.211989	-2.94872e-05	0.000239492	-7.4594e-06	-0.000141339	5.61063e-05	-0.000225517	0.277355	0.165667	0.274609	0.1	0.0133113
-1.11879	1.59303	0.357072	-5.42089e-05	-0.000198619	1.49455e-05	0.00019722	-7.81951e-05	-0.000608643	0.277213	0.165412	0.274468	0.1	0.0143034
0.941672	3.86812	-0.182531	0.000207377	-0.000255755	-6.79829e-05	-4.47651e-05	8.05698e-05	-0.000476365	0.276217	0.163635	0.273482	0.1	0.00836385
-0.753743	-3.00339	-2.41709	6.95572e-06	0.00032501	1.96413e-06	5.7251e-05	-0.000256413	0.000240705	0.275638	0.162608	0.272909	0.1	0.00908364
0.677857	-3.77856	1.83275	-0.000127671	0.000250125	6.08106e-06	0.000273783	-0.000302022	0.000873633	0.275408	0.162201	0.272681	0.1	0.0100018
1.63429	-0.819376	-0.702581	3.88999e-05	7.03094e-05	4.18356e-05	-0.000146472	-3.52869e-05	-5.88329e-05	0.275341	0.162083	0.272615	0.1	0.00659166
-1.9282	-0.2288	2.31144	-1.29768e-05	-1.94479e-07	-4.18387e-05	2.08725e-05	0.00011614	3.89139e-06	0.275341	0.162083	0.272615	0.1	0.0112314
-1.33756	-3.76366	2.23386	-2.77138e-05	0.000430419	-6.1373e-06	0.000170011	-3.94965e-06	0.000119918	0.275089	0.161637	0.272365	0.1	0.00856158
0.242873	-3.83046	-1.70203	0.000106327	0.000243459	-4.50716e-05	-0.000535368	-0.000153158	-0.000597708	0.275056	0.161582	0.272333	0.1	0.0105479
1.97694	1.70719	-1.95345	3.46203e-05	-3.36063e-05	8.95552e-05	0.000336421	-0.000101156	-4.74976e-05	0.274446	0.160509	0.271729	0.1	0.00583039
-0.719887	0.954206	-1.42906	3.57951e-05	-0.000118384	2.94949e-06	0.000271682	8.31269e-05	-0.000102959	0.274411	0.160446	0.271694	0.1	0.00650639
-1.27882	0.687961	1.70426	6.5631e-05	-7.15742e-05	1.12388e-05	0.000152363	0.000179379	-2.84559e-05	0.274202	0.16008	0.271487	0.1	0.0103412
1.41196	-1.96278	-2.12522	-1.85249e-05	0.000272151	4.24423e-05	-0.000350042	-1.42538e-05	7.4683e-05	0.274042	0.159801	0.271329	0.1	0.0119474
2.08017	-1.74617	-0.0710274	9.19024e-06	0.000170167	-2.16062e-06	0.000320213	0.000286857	0.000124066	0.273887	0.159529	0.271175	0.1	0.0149855
1.42062	2.95611	1.87312	-0.000114478	-0.00033913	-1.05073e-05	-0.000482671	-0.000228715	0.00120229	0.273679	0.159166	0.270969	0.1	0.013506
1.47637	-3.5384	-1.09342	-2.01325e-05	0.000441879	2.56955e-05	0.000418807	5.27657e-05	5.59638e-05	0.273477	0.158813	0.270769	0.1	0.0119712
0.662229	1.5734	-2.28047	7.74635e-05	-0.000138885	6.23219e-05	0.00066316	-0.000305658	0.000314619	0.273324	0.158548	0.270618	0.1	0.0075052
-1.84056	3.31834	-2.35493	-1.27597e-05	-0.000293189	8.01974e-05	8.90868e-05	-0.000128233	-2.17092e-05	0.272973	0.157937	0.27027	0.1	0.0105251
0.479173	-1.45196	-2.13463	3.70382e-05	3.97555e-05	-2.12921e-05	8.81309e-05	-8.5389e-05	-6.61591e-06	0.272675	0.15742	0.269975	0.1	0.0106489
0.280523	2.86309	-1.62962	-1.5425e-05	-0.000279134	1.6323e-05	-5.08667e-05	6.34614e-05	0.000115523	0.272585	0.157264	0.269886	0.1	0.0088882
0.675135	0.46789	1.77348	8.72866e-05	-4.09861e-06	-4.29353e-05	-0.000239142	-2.14839e-05	0.00023827	0.27236	0.156875	0.269663	0.1	0.0102882
0.580078	2.1583	0.435072	2.09026e-05	-0.000201393	-0.00010027	2.66227e-05	-8.75214e-05	0.000181782	0.272313	0.156795	0.269617	0.1	0.00595006
1.31678	0.225839	-0.974941	-2.17975e-05	-4.46202e-05	-6.45158e-05	-6.57435e-06	7.71132e-05	0.000368848	0.271845	0.155987	0.269153	0.1	0.00647913
1.21167	0.947866	0.112931	-8.92992e-05	-8.87894e-05	6.08936e-06	-5.92382e-05	-0.000291196	-4.42002e-05	0.271451	0.15531	0.268763	0.1	0.0114283
1.85074	3.08258	-2.01955	-0.000112285	-0.000380991	7.08445e-05	-8.2998e-05	-0.000512174	0.000227883	0.271375	0.155179	0.268688	0.1	0.00806403
0.222874	-0.658957	0.913512	-2.02819e-05	0.000108396	-2.54103e-05	0.00013539	-7.19976e-06	0.000203477	0.270927	0.154413	0.268245	0.1	0.00908302
1.79806	3.69629	0.390429	3.02676e-05	-0.000425178	-6.75535e-05	0.000656206	1.77637e-05	5.29915e-05	0.2707	0.154024	0.26802	0.1	0.0084683
0.40861	-3.83018	-2.21599	5.94953e-05	0.000174813	-6.06332e-05	0.000373454	0.000337782	0.000316041	0.270558	0.153782	0.267879	0.1	0.0111546
-0.126198	3.07098	0.724176	-2.21619e-05	-0.000421733	-5.77951e-05	-0.000746305	3.28524e-05	0.000367381	0.270297	0.153339	0.267621	0.1	0.00616815
1.43751	1.28708	-0.855391	-2.53757e-05	-0.000240819	4.19308e-05	-7.80206e-05	-6.24582e-05	-6.30875e-05	0.270287	0.153322	0.267611	0.1	0.00775318
-2.37513	-1.82596	-1.61126	-2.09382e-05	0.00024403	-3.20455e-05	-0.000310866	0.000419267	0.000144843	0.270186	0.153149	0.267511	0.1	0.0116694
-0.924855	1.37579	-1.68106	-1.49309e-05	-0.000223846	-7.71441e-05	0.000240911	7.0841e-05	-0.000252009	0.270182	0.153142	0.267507	0.1	0.00826275
-2.19712	1.46936	-0.850921	0.00026339	-0.000112072	0.000103718	-0.000104698	0.000204412	0.000639551	0.270017	0.152863	0.267344	0.1	0.00991181
1.41138	-1.05689	-2.38567	-6.57099e-05	0.000236437	9.64783e-05	-0.000311511	0.000427275	-0.000184774	0.26995	0.152747	0.267277	0.1	0.00837662
1.55504	1.90136	-1.69321	4.98856e-05	-9.56687e-05	7.50777e-05	8.33203e-05	-6.83909e-05	2.58543e-05	0.269181	0.151447	0.266516	0.1	0.00706487
0.74769	1.6648	0.325206	1.94444e-05	-0.000150724	-7.74618e-05	-0.000280766	0.000693247	0.000163023	0.269098	0.151308	0.266434	0.1	0.00556722
0.377185	3.28695	-0.60014	-3.21533e-05	-0.000412751	-1.36014e-05	-0.000115391	-0.0004586	0.000479129	0.268805	0.150813	0.266144	0.1	0.00569088
-0.583525	-3.04236	1.13912	-1.36953e-05	0.000350447	-1.31687e-05	-0.000194687	-0.000170636	-0.000123566	0.268767	0.150749	0.266106	0.1	0.00978738
0.851906	-1.86735	-2.20173	2.09641e-05	0.000240099	1.26997e-05	9.90049e-05	-0.000934855	0.000774921	0.268522	0.150336	0.265863	0.1	0.00790621
0.670165	1.91105	2.28912	1.55853e-05	-0.000288302	0.000124564	-0.000240851	0.000245269	0.000490327	0.268425	0.150173	0.265767	0.1	0.00681613
1.37856	-2.56456	1.9365	2.91972e-05	0.000334202	-3.38886e-05	-4.92495e-06	-9.71092e-06	0.000328958	0.268352	0.150052	0.265695	0.1	0.0118615
-0.626744	3.80194	0.636361	-0.00010171	-0.000384194	-3.198e-05	-0.000311337	0.000125466	-7.4258e-05	0.268323	0.150002	0.265666	0.1	0.00782528
2.3432	-0.710939	0.846064	-2.98457e-05	0.000112365	3.04761e-05	-0.000132713	3.64963e-05	0.000100738	0.268231	0.149848	0.265575	0.1	0.00687601
-1.19038	2.25146	-1.6211	-1.48262e-05	-0.000286451	3.55388e-05	-0.000179119	-0.000283508	5.98274e-05	0.26816	0.14973	0.265505	0.1	0.00623849
-2.42532	1.35208	-0.103536	1.35806e-05	-6.51171e-05	-4.98781e-06	2.78102e-05	0.000332558	-0.00059292	0.268094	0.149619	0.26544	0.1	0.00868431
0.183718	-3.85505	-0.20217	-3.77016e-05	0.000296628	-1.69057e-05	-8.80335e-05	0.000101916	0.000366318	0.267672	0.148914	0.265022	0.1	0.00608872
0.0983364	0.0974706	2.02915	1.39433e-05	8.60251e-06	4.39402e-05	6.4141e-05	0.000358363	0.000482002	0.267644	0.148867	0.264994	0.1	0.00864977
0.107593	0.242065	-1.91769	9.14676e-05	2.10085e-05	-9.73559e-05	0.000625483	-0.000123688	-0.000452381	0.267399	0.148458	0.264751	0.1	0.00805913
-0.853203	0.615417	-0.92355	5.70634e-05	-5.07057e-05	-2.10656e-05	0.000439992	-0.000338209	0.000175031	0.26738	0.148428	0.264733	0.1	0.00902074
-0.626957	-0.872437	0.520239	-4.03807e-05	3.35482e-05	-9.38537e-05	0.000339398	-0.000109329	0.000206335	0.267164	0.148068	0.264519	0.1	0.00732031
1.86772	2.21935	-2.03713	-7.52318e-06	-8.67261e-05	3.47483e-05	-0.000562646	0.000390426	0.000254703	0.266747	0.147375	0.264106	0.1	0.00834162
-2.17981	3.93865	1.10799	5.05647e-05	-0.000363522	-3.73944e-05	0.000117474	-0.000125245	5.12367e-05	0.266696	0.14729	0.264055	0.1	0.00637868
-0.492467	0.221462	-1.27186	2.85302e-05	-2.87579e-05	-1.41826e-05	-0.00021504	-0.000413041	0.000354109	0.266657	0.147227	0.264017	0.1	0.00574237
-0.504212	-2.82615	0.489285	1.97323e-05	0.000307577	-2.16549e-05	5.10023e-05	0.00015931	-8.84408e-05	0.266646	0.147208	0.264006	0.1	0.0146093
-0.855824	1.04503	-2.09171	-1.03128e-05	-4.61811e-05	-5.41045e-05	-0.000212121	0.000270806	-0.00013986	0.266512	0.146986	0.263873	0.1	0.00694735
-0.0168	2.8296	1.494	8.17397e-05	-0.000413192	1.63769e-05	2.5511e-05	-2.79787e-05	-2.62567e-06	0.266395	0.146792	0.263757	0.1	0.00605238
2.48446	-2.57506	-0.446044	5.10276e-05	0.000103932	0.000105157	0.000389128	0.000281884	-0.000463489	0.26634	0.146702	0.263703	0.1	0.0143836
-1.9788	-1.40112	0.325254	-6.76085e-05	4.32041e-05	0.000104344	-5.35163e-05	-0.000101594	0.000482319	0.266286	0.146613	0.26365	0.1	0.0106425
-1.5957	3.74734	1.29947	-1.24626e-05	-0.000433653	-8.98158e-06	-0.000242913	0.000248731	0.000105323	0.266192	0.146457	0.263556	0.1	0.0073818
-0.928373	-0.67199	-1.4537	0.000153102	0.000104746	-0.000177795	-0.000339101	-0.000233509	-3.08685e-05	0.266027	0.146186	0.263393	0.1	0.0136504
-2.06027	3.43649	2.17259	-1.19178e-05	-0.000308323	6.10896e-05	-0.000377651	-0.000206676	4.39576e-05	0.265875	0.145936	0.263243	0.1	0.0063521
1.26799	1.61429	0.272021	-8.66482e-06	-5.69948e-05	-0.000104323	-0.000195107	-0.000840899	-0.0002457	0.265741	0.145715	0.26311	0.1	0.00567639
1.29398	-2.83886	-0.981446	9.2691e-06	0.000281036	4.02653e-05	0.000277535	9.84086e-05	0.000114111	0.265638	0.145545	0.263008	0.1	0.00837966
-0.283202	0.652573	-1.44841	-1.09382e-05	-0.000155326	-6.45864e-05	-0.000461025	-7.60628e-05	-0.000162112	0.265491	0.145302	0.262862	0.1	0.00596942
1.91104	-0.918861	2.37578	-9.6113e-05	0.000208362	9.39388e-05	-0.000369452	-0.00015344	-0.000186566	0.265259	0.144924	0.262633	0.1	0.00960453
1.30709	2.33963	0.938603	2.37929e-05	-0.000294481	-3.35589e-05	-0.000378688	-0.000161634	-0.000185242	0.264796	0.144165	0.262174	0.1	0.00690329
0.654195	-3.73603	0.0263736	9.85813e-05	0.000465212	-4.17614e-05	0.000366499	-0.000350706	0.000904976	0.264249	0.143274	0.261633	0.1	0.00926282
-1.79418	2.07334	2.48923	-1.41834e-07	-0.000191817	2.71243e-05	1.78349e-05	-2.71182e-05	-1.87707e-05	0.264167	0.14314	0.261551	0.1	0.00969035
-0.361357	-1.46842	1.69383	5.29706e-05	0.000224591	-0.00011153	0.000487506	0.000208055	-0.000280784	0.264016	0.142895	0.261402	0.1	0.00698986
0.0536467	2.74939	0.344921	7.94269e-05	-0.000277912	-0.000127885	0.001147	0.000152568	0.000478427	0.263903	0.142711	0.26129	0.1	0.0104295
0.512503	-1.12733	0.511465	2.03681e-05	5.52414e-05	9.94516e-06	-0.000330501	-0.000140813	0.000379006	0.263737	0.142442	0.261126	0.1	0.0073392
1.37952	-3.68914	-1.80437	3.28355e-06	0.000442985	-1.18627e-05	0.000219767	9.10074e-07	-0.00019842	0.263591	0.142206	0.260981	0.1	0.00867315
-0.0415982	-1.21372	-0.727376	-5.14114e-06	-0.00018776	0.000226297	-0.000770898	-0.00130544	-0.00130082	0.263502	0.142062	0.260893	0.1	0.0101582
1.41499	-2.58181	-1.90214	5.46654e-05	0.000303115	4.67227e-05	-0.000541341	0.000114888	0.000149966	0.263392	0.141884	0.260784	0.1	0.00818987
1.31968	-0.823235	1.71897	-8.96453e-07	0.000160774	1.61652e-05	-5.52677e-05	-8.40062e-05	-4.2885e-05	0.263362	0.141834	0.260754	0.1	0.00602631
0.81166	-0.0336898	0.93319	1.99219e-05	9.97633e-05	-8.75785e-06	-7.10628e-05	-1.81e-05	-0.000140018	0.263318	0.141765	0.260711	0.1	0.00666583
-1.1015	3.81649	0.861927	-8.84292e-05	-0.000392409	4.30314e-05	-0.000121034	-0.000174191	2.14327e-05	0.262863	0.14103	0.26026	0.1	0.00957815
-1.6083	4.00175	-2.37224	5.72655e-05	-0.00040639	-4.248e-05	0.000252519	-8.82513e-07	0.000349392	0.262474	0.140406	0.259875	0.1	0.00952839
-0.865924	1.66329	0.854443	-7.13346e-05	-0.000243537	3.18224e-06	1.40864e-05	-0.000105476	-0.000565256	0.262445	0.140359	0.259847	0.1	0.00952423
2.02321	1.04391	1.23691	-0.000145103	-0.00010279	-1.65494e-05	0.000257897	-0.000360538	-0.000225095	0.262382	0.140258	0.259784	0.1	0.00758868
0.458199	-2.36645	1.69263	1.75027e-05	0.000227509	-2.22622e-05	0.000602083	-0.000579068	-0.000379137	0.262307	0.140138	0.25971	0.1	0.00807256
2.29762	3.28526	-0.61293	-7.41978e-05	-0.00029436	-0.000102252	0.000556419	0.000304888	8.30156e-05	0.261855	0.139414	0.259262	0.1	0.00780693
-0.310572	0.00698343	-1.71449	7.37304e-05	0.000111735	-8.94884e-05	-0.000181986	0.000458662	-0.000109608	0.261739	0.13923	0.259148	0.1	0.00503084
0.352111	-0.65225	0.402707	2.2358e-05	-5.72381e-06	-1.64033e-06	2.94302e-05	0.000457732	-0.000449456	0.261522	0.138883	0.258933	0.1	0.00542751
0.392402	-2.63081	-1.60954	-1.06664e-05	0.000258554	3.9585e-05	-6.5807e-05	0.000130879	-0.000140327	0.261188	0.138352	0.258602	0.1	0.00986643
-0.13819	3.53017	0.474397	-0.000116035	-0.000490722	-0.000131739	0.000397838	-0.000343153	0.000176244	0.260995	0.138045	0.258411	0.1	0.00644039
1.63895	-1.22311	1.70765	-3.06212e-05	0.00021039	5.88033e-05	0.000105934	-0.000150083	5.13677e-05	0.26082	0.137768	0.258238	0.1	0.00720741
0.0301543	-0.367459	-1.80693	8.69853e-05	0.000118911	-2.70208e-05	-0.000402294	-0.000184372	0.000273992	0.260716	0.137603	0.258135	0.1	0.00793895
2.10039	-0.605312	1.29756	-6.83012e-06	0.000204024	7.39847e-06	-0.000454274	0.000121649	0.000247978	0.260608	0.137432	0.258028	0.1	0.00878343
1.56672	0.458576	0.557118	1.03142e-05	-1.92644e-06	-2.98003e-05	8.46321e-06	-5.31982e-05	9.22764e-05	0.260419	0.137134	0.257841	0.1	0.0106151
-0.146118	2.63532	-1.33327	-5.2214e-05	-0.000303244	-2.04826e-06	-0.000109426	-0.000127962	-0.000133032	0.25964	0.135906	0.257069	0.1	0.00897127
2.43634	-1.65697	-0.449479	-1.63422e-05	0.000194563	1.46019e-05	-0.00078461	-0.000453174	0.000489415	0.259308	0.135386	0.256741	0.1	0.011088
0.779331	-2.77224	-0.889847	-2.36272e-05	0.000287867	2.63482e-05	8.59197e-05	-0.000136182	-0.000220358	0.259076	0.135023	0.256511	0.1	0.00411057
1.30339	1.99243	-0.078375	2.31642e-05	-0.000181142	-0.000208263	-0.000313088	0.00102846	3.01691e-05	0.25907	0.135014	0.256505	0.1	0.00664461
-1.13207	-0.578605	1.33226	-2.45937e-05	-4.37517e-06	-1.41842e-05	-0.000259945	-5.38122e-05	0.000284939	0.258949	0.134824	0.256385	0.1	0.00837455
2.34618	1.44907	2.01463	-7.59848e-05	-0.000166239	0.000124015	-0.000161333	-9.20793e-05	3.50822e-05	0.258858	0.134682	0.256295	0.1	0.0153783
-0.283823	2.81119	-2.13613	3.19306e-05	-0.000316799	-1.35777e-05	0.000201343	-0.000210091	0.000188643	0.258625	0.134319	0.256064	0.1	0.00971346
0.35784	3.95489	2.31075	-1.45245e-05	-0.000460596	-0.000134974	0.000445937	0.000303958	0.00041144	0.25855	0.134202	0.25599	0.1	0.00811825
0.215304	-1.71263	-0.411689	-1.58207e-05	0.000207555	5.21168e-05	0.000142931	-8.82641e-05	0.000227594	0.258498	0.134122	0.255939	0.1	0.00612348
-1.12013	3.64015	-1.01057	-2.66867e-05	-0.000313265	-2.04922e-05	0.000111669	7.3341e-05	-9.69664e-05	0.258358	0.133903	0.2558	0.1	0.00695469
-1.70845	-3.44449	0.526465	4.55709e-06	0.000392701	5.62267e-06	0.000382926	0.000436536	-0.000100077	0.258082	0.133476	0.255527	0.1	0.0111006
-0.849944	-3.70857	-0.148319	-6.55916e-05	0.000415693	4.2923e-05	0.000115294	-2.66924e-05	7.35475e-05	0.257965	0.133294	0.255411	0.1	0.00743685
-1.50144	-1.78335	-2.46212	6.36362e-05	0.00024943	-7.0612e-05	4.76408e-05	-5.22452e-05	-2.01558e-05	0.25795	0.133271	0.255396	0.1	0.00547715
1.15893	-0.608334	-0.606783	4.29133e-07	7.94387e-07	-2.98102e-07	-5.62076e-24	5.73747e-24	-6.74046e-25	0.257891	0.13318	0.255338	0.1	0.00721089
-0.0771989	2.36278	0.710158	-7.09723e-06	-0.000215745	-2.60841e-05	0.000304475	4.95077e-05	-1.4859e-05	0.25788	0.133161	0.255327	0.1	0.00841194
-0.395476	-1.81527	1.30646	-4.19793e-06	0.000268042	2.86709e-05	-5.93392e-05	-0.000133252	0.000144731	0.257497	0.13257	0.254948	0.1	0.0060515
-1.83351	3.40188	1.65834	3.60778e-06	-0.000390455	-5.90982e-05	0.000350451	-0.000693564	-0.000209759	0.257171	0.132066	0.254625	0.1	0.00476248
1.7165	2.36213	-0.256571	0.000111147	-6.46804e-05	-1.78095e-05	-7.98289e-06	3.20448e-05	-0.000509922	0.257045	0.131872	0.2545	0.1	0.0108617
0.572133	0.577637	0.291237	1.46686e-05	-0.000131196	-7.06766e-05	0.000354078	2.99847e-05	1.31996e-05	0.257002	0.131805	0.254457	0.1	0.0125716
0.0254075	-2.79727	1.74463	-1.50885e-05	0.000214171	-4.43579e-05	-0.000318055	-0.000275455	-0.000203901	0.2563	0.130728	0.253762	0.1	0.00693659
1.96346	1.18324	-0.899316	5.15689e-05	-0.000251632	-9.70649e-05	-4.09825e-05	-0.000887336	-0.000149844	0.256161	0.130517	0.253625	0.1	0.00737632
1.52977	3.01685	-2.4261	-6.47308e-05	-3.37482e-05	-2.4473e-05	0.00013681	-3.42514e-05	-0.000316936	0.256037	0.130326	0.253502	0.1	0.00921385
0.34761	-0.519087	2.30145	-6.6727e-05	0.000106546	-2.63005e-05	0.000108295	0.000342716	-0.000276814	0.255995	0.130262	0.25346	0.1	0.00637976
1.06399	2.44795	-0.492158	-7.46256e-05	-0.000374454	6.36785e-05	0.000335951	3.82781e-05	0.000305401	0.25592	0.130148	0.253386	0.1	0.00907523
-2.14104	-0.560907	-1.25064	4.00204e-05	1.64002e-05	2.27931e-05	0.000123619	-0.000112025	-0.000140533	0.255837	0.130021	0.253304	0.1	0.0135909
0.360353	1.20932	1.08597	3.03002e-05	-0.000217548	-6.65516e-05	-0.000433911	0.000361243	-0.000422105	0.255747	0.129885	0.253215	0.1	0.00785087
-0.0167813	1.30282	1.90122	7.02046e-05	-0.000138019	2.005e-06	-0.000455337	6.92946e-05	0.000414112	0.255291	0.129191	0.252763	0.1	0.0067548
0.430984	-3.40467	-0.935795	-1.95436e-05	0.000399876	2.35673e-05	-0.000373562	-3.88965e-06	-0.000271647	0.255224	0.129089	0.252697	0.1	0.00420746
-1.10609	1.48106	-2.15073	1.89227e-05	-0.000123665	-3.4986e-05	5.36391e-05	-0.000118395	-5.22766e-05	0.255101	0.128903	0.252575	0.1	0.006323
-1.03025	1.12604	1.56599	-1.72742e-05	-5.58751e-05	-5.97833e-05	-0.000187328	0.00033295	0.000235035	0.254823	0.128482	0.2523	0.1	0.0149613
1.59043	-2.79064	-2.33428	1.44256e-05	0.000322618	4.21648e-05	0.000418732	0.000165511	0.000227295	0.254506	0.128002	0.251986	0.1	0.00742792
-0.301766	1.20494	-0.373985	9.83081e-05	-0.000139993	2.4983e-06	-2.01196e-05	-1.35752e-05	0.000238246	0.254402	0.127845	0.251883	0.1	0.0123506
1.65929	-3.53099	-2.20292	-1.88382e-05	0.000498343	1.50933e-05	-0.000338897	-1.93211e-05	6.17435e-05	0.254272	0.127649	0.251754	0.1	0.00605024
-0.954898	-1.10023	1.61349	-7.23758e-05	0.000195193	-3.20976e-05	0.000175012	0.000402502	0.000273779	0.254252	0.127621	0.251735	0.1	0.00744994
-1.70157	0.669977	-0.181242	2.33234e-05	-9.16066e-05	-6.56399e-05	-9.86407e-05	-2.81296e-05	-0.000187929	0.254212	0.12756	0.251695	0.1	0.00965903
1.03875	-2.23705	-1.89252	3.39689e-05	0.000250715	2.1689e-05	0.000349268	3.18477e-05	5.44902e-05	0.254199	0.127539	0.251682	0.1	0.0065051
1.21095	1.62073	0.880921	-0.000130465	-0.000150443	0.000129404	0.000180846	0.000279319	0.000369301	0.254057	0.127328	0.251542	0.1	0.00596744
1.33487	3.3594	-1.95979	-0.000130894	-0.000272693	4.70042e-06	8.04501e-05	-3.03742e-05	-9.8579e-05	0.253567	0.126591	0.251056	0.1	0.00917125
-1.37198	-0.859728	-0.12733	1.62463e-05	6.42744e-05	-6.55434e-05	-5.52232e-06	-0.000173999	4.21498e-05	0.253456	0.126426	0.250947	0.1	0.00609796
1.04465	1.32113	1.32027	8.15724e-05	-0.000121442	2.07004e-05	-8.34072e-05	-0.000666937	-1.78517e-05	0.253434	0.126392	0.250925	0.1	0.00629281
-2.38772	2.77825	-2.01773	-3.75404e-05	-0.000198515	0.000123459	4.59847e-05	-0.000130057	1.94949e-05	0.253312	0.12621	0.250804	0.1	0.0115914
1.23677	-0.57837	-2.47893	-6.50317e-06	0.000237967	1.05127e-05	-7.75798e-05	-0.000396118	-3.95928e-05	0.253184	0.126018	0.250677	0.1	0.00893643
0.856029	0.961879	1.60532	8.15698e-05	-5.3716e-05	8.4185e-06	-0.000138494	1.17421e-05	0.000476899	0.253182	0.126015	0.250675	0.1	0.00517649
-0.606809	2.4105	1.06571	1.53777e-05	-0.000266677	1.36163e-05	0.000245276	-1.24671e-05	6.36235e-05	0.253176	0.126006	0.250669	0.1	0.0073131
1.87087	-0.877783	0.723154	-3.34374e-05	0.000172413	5.08575e-05	4.86705e-05	-1.36779e-05	0.000204294	0.253012	0.125762	0.250507	0.1	0.00742271
-2.14659	1.32026	-2.31353	2.17932e-05	1.05861e-05	5.59577e-05	0.000330325	-5.34092e-05	0.000574699	0.252518	0.125027	0.250018	0.1	0.00700813
0.405036	0.210486	-0.90856	-5.36863e-05	-0.000100206	-4.3562e-05	0.000115064	-8.95287e-05	-0.000292452	0.252479	0.124968	0.249979	0.1	0.00890246
2.26105	2.9647	-2.31321	-2.3712e-05	-0.0002578	0.000154259	-0.000743977	0.0004147	-0.000466374	0.25247	0.124955	0.24997	0.1	0.00636479
1.25248	-1.12605	-1.1098	8.7573e-06	5.32094e-05	0.000216106	-0.000536164	-0.000553525	-7.1055e-05	0.252451	0.124927	0.249951	0.1	0.0106545
1.04079	-1.39053	-2.25002	-0.000130216	0.000313088	0.000124105	-0.000394201	-0.000952724	2.59664e-05	0.252394	0.124843	0.249895	0.1	0.0144999
-1.72578	-2.73869	-1.52958	2.39666e-05	0.000258135	3.98659e-05	0.000495001	-0.000353693	0.000217801	0.251969	0.124213	0.249474	0.1	0.00868779
0.74368	-3.77951	-1.05549	1.03902e-06	0.000416666	5.05365e-05	-0.000143184	7.79296e-05	-0.000361683	0.251672	0.123775	0.24918	0.1	0.006686
0.306214	-1.66196	2.10379	4.93798e-05	0.000191247	7.49497e-06	2.9294e-05	-6.73559e-06	1.40742e-05	0.251598	0.123666	0.249107	0.1	0.00974165
-1.37139	-1.61952	1.62187	2.64959e-05	0.000296211	-3.69617e-05	-7.56453e-05	-0.000116082	0.000227776	0.251461	0.123464	0.248971	0.1	0.00630973
0.151459	-2.86262	2.23037	8.08575e-06	9.61565e-05	-5.81318e-05	-0.000110429	-0.000121363	-0.00057817	0.251337	0.123281	0.248849	0.1	0.00972414
-1.99107	-1.16656	0.845499	-1.7425e-05	0.000114609	1.9067e-05	-3.95825e-05	8.33145e-05	-0.000129892	0.251292	0.123215	0.248804	0.1	0.00748971
1.9936	-3.89747	-2.15862	-5.22786e-05	0.000474222	-6.46088e-05	-0.000275727	-0.000254268	-1.87748e-05	0.251252	0.123155	0.248764	0.1	0.00681158
0.318893	-0.999187	-1.05451	-3.42376e-05	-7.34943e-06	-7.57377e-05	-0.00015018	0.000138111	-6.7277e-05	0.251159	0.123019	0.248672	0.1	0.0106307
0.444967	-3.8004	-0.635641	-4.89437e-05	0.000423983	2.00055e-05	0.000301382	-0.000187722	0.000246516	0.250885	0.122618	0.248401	0.1	0.00547686
-1.07203	-1.02258	-2.36	7.72795e-05	0.000120988	-0.000105752	4.2006e-05	-0.000120192	0.000210603	0.250767	0.122444	0.248284	0.1	0.0105611
1.98603	-3.031	-2.15209	2.61047e-05	0.000343443	-2.72905e-05	-0.000199861	-4.4059e-05	-2.36203e-05	0.250701	0.122347	0.248219	0.1	0.00681905
0.900494	-1.47224	-1.05243	-2.11028e-05	0.000118429	7.65656e-05	0.000447361	-0.000129406	-0.000220083	0.250676	0.122311	0.248194	0.1	0.0104724
1.77054	3.59081	-2.06313	-7.01003e-05	-0.000386018	-3.6217e-05	4.09115e-05	-0.000414657	-9.58942e-05	0.250667	0.122297	0.248185	0.1	0.00572242
0.213586	-3.82982	-1.07665	-6.95055e-05	0.000438064	2.82818e-05	0.000202942	-0.000508475	-9.54916e-05	0.250642	0.12226	0.24816	0.1	0.00520899
-1.45773	-0.72034	-2.39473	4.57505e-05	5.17037e-05	-9.21497e-05	0.000317232	-7.06104e-05	7.50744e-05	0.250299	0.12176	0.247821	0.1	0.00818938
0.570752	-1.35986	-0.35953	7.19027e-05	0.000132497	-3.01262e-05	-0.000283449	0.00039959	-0.000691459	0.25018	0.121585	0.247703	0.1	0.00950738
-0.284392	-2.67837	2.38058	6.74637e-05	0.000236218	-5.93267e-05	0.000380831	9.06004e-05	0.000113178	0.250152	0.121546	0.247675	0.1	0.00699259
-2.48382	-3.112	-1.95322	3.24407e-05	0.000328362	-2.16902e-06	-0.00018563	9.37368e-07	3.44574e-05	0.250067	0.121421	0.247591	0.1	0.00611672
-0.036508	1.62898	2.29485	3.81643e-05	-7.05706e-05	-1.72168e-05	4.25984e-05	-7.43434e-05	0.000247741	0.250057	0.121407	0.247581	0.1	0.00836658
-2.19545	1.00491	-1.07256	7.49477e-05	-6.21809e-05	-2.59919e-05	6.60126e-05	-2.46212e-05	-0.000233626	0.249982	0.121297	0.247507	0.1	0.00548626
-1.70334	-0.243014	-1.23219	5.78551e-05	1.21996e-05	-7.69984e-05	8.06965e-05	-8.74762e-05	0.000116531	0.249805	0.121041	0.247332	0.1	0.0105788
-1.30733	0.901345	-2.26185	1.21118e-05	-0.000101121	7.67677e-06	-0.000163577	-0.000236779	0.000200169	0.249501	0.120599	0.247031	0.1	0.00921586
1.199	-3.7785	0.095231	0.000179199	0.000467209	7.30319e-05	0.000370923	-0.000785358	0.000142691	0.249491	0.120585	0.247021	0.1	0.00873676
0.952609	2.02451	0.76106	-9.01864e-05	-0.000171617	2.4004e-05	-0.00060685	-0.000396159	-0.000546697	0.249466	0.120547	0.246996	0.1	0.00683357
0.02835	0.256232	-1.37401	3.20674e-05	-0.000103086	2.25559e-05	1.50667e-05	0.000100128	0.000387869	0.249265	0.120257	0.246797	0.1	0.00710789
0.733771	-1.08561	-1.30929	-8.56289e-06	5.25812e-05	6.31141e-06	-0.000547984	-0.000373598	0.000653317	0.24919	0.120149	0.246723	0.1	0.0119971
0.618621	-0.613691	-0.963013	-3.57165e-07	-5.32966e-07	-7.48918e-07	-5.39309e-24	2.72834e-24	1.38259e-23	0.249006	0.119884	0.246541	0.1	0.0142985
-1.42673	2.32679	-0.96347	3.42313e-05	-0.000205443	1.66608e-05	-0.000340409	4.47e-05	0.000379704	0.248917	0.119754	0.246452	0.1	0.0106222
2.20105	0.642308	1.94553	0.000100963	1.29114e-05	-7.08116e-05	6.40703e-05	0.000127093	-3.7802e-05	0.24891	0.119744	0.246446	0.1	0.0102413
1.83602	0.0856402	1.3766	-5.12859e-06	7.01876e-05	-1.06303e-05	0.000191466	0.000330175	0.000151793	0.248903	0.119734	0.246439	0.1	0.00743046
-1.25954	-0.0668776	-2.43084	2.93622e-05	-3.19619e-05	-7.56567e-05	-3.30851e-05	6.44107e-05	0.000325751	0.248902	0.119733	0.246438	0.1	0.00745232
-1.58434	2.96829	1.67677	3.51572e-05	-0.000362297	0.000106137	-0.00051251	-0.000338469	0.000410187	0.248378	0.118978	0.245919	0.1	0.00794253
1.50938	1.14886	1.31278	8.52139e-05	-3.8402e-05	-2.78928e-07	0.000125218	0.000171008	0.000213792	0.248178	0.11869	0.245721	0.1	0.00551997
-0.331038	0.469466	-2.02171	2.19625e-05	-0.000200338	-0.000135457	-5.95121e-05	0.000123607	-5.30284e-05	0.24787	0.118249	0.245416	0.1	0.00684841
-1.28974	-0.235586	2.11137	5.50295e-06	6.27116e-05	-5.95377e-05	0.000209359	0.000154547	-0.00036447	0.247827	0.118187	0.245373	0.1	0.0069922
-1.61361	-1.26552	1.39505	-1.48835e-06	0.000175251	-6.63244e-05	-8.78584e-05	0.000227696	6.63153e-05	0.247767	0.118102	0.245314	0.1	0.00774907
-1.68483	-3.50969	1.25821	1.70597e-05	0.000438089	1.86838e-05	0.000231484	-9.23166e-07	-0.000124069	0.247735	0.118056	0.245282	0.1	0.00866821
1.03879	-3.44936	1.15377	2.75904e-09	3.68254e-07	-6.87069e-11	-6.40571e-31	3.20426e-30	-1.20368e-30	0.247707	0.118015	0.245254	0.1	0.00946962
-0.0471557	3.76195	0.975737	-2.36694e-05	-0.000371029	-8.63134e-05	0.000109029	-5.53059e-05	-0.00024679	0.247608	0.117873	0.245156	0.1	0.00806277
-1.68091	3.29626	0.97179	0.000119697	-0.000477701	8.93843e-05	-0.000528852	5.60446e-05	0.000547746	0.247575	0.117828	0.245124	0.1	0.00755595
1.47449	0.776402	-0.872163	1.13667e-06	-0.000231453	1.44116e-05	0.000214128	-4.08608e-06	0.000151591	0.247232	0.117337	0.244784	0.1	0.00903109
0.118785	-3.42031	-1.32282	-5.62682e-05	0.000402567	3.37516e-05	-0.000237125	9.50158e-06	0.000371829	0.247018	0.117033	0.244572	0.1	0.00759235
0.241851	2.08027	-1.35443	-5.66676e-05	-0.000291695	5.38518e-05	-8.44766e-07	-0.000227028	-0.000120966	0.246945	0.11693	0.2445	0.1	0.00730687
-1.91997	3.33191	-1.1497	-2.12294e-05	-0.000321701	1.81336e-05	-0.000244219	-3.94268e-05	0.000184508	0.246862	0.116812	0.244418	0.1	0.00990372
-0.168043	0.508363	2.25568	1.69782e-05	-6.0139e-05	-4.04894e-05	-0.000192571	-0.000193682	0.000119054	0.24683	0.116767	0.244386	0.1	0.00783077
-0.792353	-1.52574	1.43726	2.4939e-05	0.000286431	-6.68475e-05	-0.000154065	-2.82082e-05	0.00024458	0.246791	0.116712	0.244348	0.1	0.00653114
0.243005	3.4125	0.809546	-5.59802e-05	-0.000397379	2.16385e-05	-0.000396285	-0.000120332	0.000176475	0.246746	0.116648	0.244303	0.1	0.00564273
-0.270794	3.98955	0.329169	-9.39753e-05	-0.000482536	-4.89166e-05	2.88129e-05	-7.7228e-05	-0.000122947	0.246741	0.11664	0.244298	0.1	0.00713257
-0.148919	1.42438	-0.801503	-4.56526e-06	-0.000144197	-9.96097e-05	2.55795e-05	0.000272243	0.00030485	0.246625	0.116476	0.244183	0.1	0.00646072
1.33791	3.66329	0.821232	-2.94379e-06	-0.000491111	7.61779e-05	-5.42487e-05	7.4412e-05	-7.73087e-05	0.246618	0.116465	0.244176	0.1	0.00896948
-0.350711	0.322644	0.14529	5.01938e-05	-7.71776e-05	3.67768e-05	-0.000183821	-8.916e-05	0.00064212	0.246595	0.116433	0.244153	0.1	0.00619954
1.73826	2.73862	-0.582198	0.000136051	-0.000123584	-8.90061e-05	-0.000172535	-0.000134237	0.000912011	0.246366	0.11611	0.243927	0.1	0.0102405
-0.834436	-1.38908	-0.0293064	2.82561e-06	-1.72832e-06	-1.15553e-05	-1.50776e-05	-5.38687e-05	5.90792e-06	0.246308	0.116027	0.243869	0.1	0.00978975
0.0619308	1.11761	0.0990838	-3.1127e-05	-0.000181793	-3.03499e-05	4.67961e-05	0.00019957	6.11879e-05	0.246304	0.116021	0.243865	0.1	0.0128526
-1.2266	-1.04514	1.20683	1.41576e-05	5.38964e-05	-8.97887e-05	0.000468196	-0.000209783	-0.000238201	0.24629	0.116001	0.243851	0.1	0.00613344
-1.0808	2.01092	1.21636	1.24931e-05	-0.000234039	7.38059e-05	-0.00023325	0.000341709	-0.000240672	0.246171	0.115834	0.243734	0.1	0.00792512
0.633622	3.75394	-0.598466	-3.22456e-05	-0.000363493	2.51497e-05	-0.000295678	0.000211788	-0.000124567	0.246104	0.115739	0.243667	0.1	0.00474753
0.678712	-3.28408	0.856493	-2.68002e-05	0.00033134	-8.81139e-06	0.000262371	1.12643e-05	-0.000240166	0.245924	0.115485	0.243489	0.1	0.00974385
-2.29494	0.853482	2.30658	6.60694e-05	6.77448e-05	0.000119568	-0.000148839	-8.69213e-05	2.61636e-05	0.245818	0.115336	0.243384	0.1	0.00943266
1.35049	0.602652	-1.31991	-2.11278e-05	-3.24442e-05	-1.65687e-05	0.000251026	-0.000238102	-0.000318667	0.24563	0.115072	0.243198	0.1	0.0101996
-0.613356	0.443357	-2.4158	1.4686e-05	-8.79519e-05	-0.000115156	0.000421859	-8.13453e-05	-0.000151992	0.245492	0.114877	0.243061	0.1	0.00939456
2.17018	2.40456	1.43691	5.37036e-06	-3.8262e-05	5.81387e-05	-0.000325761	-4.53883e-06	2.78799e-05	0.245444	0.114812	0.243014	0.1	0.010813
2.48159	-3.1599	0.33091	-1.75378e-05	0.000329167	-4.52199e-06	-0.000210871	4.57067e-05	-5.07506e-06	0.245374	0.114714	0.242945	0.1	0.0107984
-0.711759	-0.236264	-1.54667	0.000119897	6.88845e-05	-0.000104285	8.39094e-05	-0.00058984	0.000390313	0.245244	0.114531	0.242816	0.1	0.00525296
0.760409	-3.48236	2.24625	-8.03397e-06	0.000171555	3.88555e-05	-0.000112758	0.000506975	-0.000106783	0.245189	0.114453	0.242761	0.1	0.0065313
1.44456	3.33644	0.42606	5.05775e-06	-0.00033762	-3.07426e-05	-0.000379198	0.000477741	-0.000321942	0.244966	0.114142	0.242541	0.1	0.0118378
-0.406078	0.833188	-0.958643	1.66835e-05	-9.71984e-05	3.21256e-05	-0.000441965	0.000180605	-0.000172476	0.244953	0.114123	0.242528	0.1	0.0052925
-1.9707	-0.980403	0.0441855	-2.47617e-05	-3.29853e-05	-7.90366e-06	9.78001e-05	-3.30001e-05	-0.000226184	0.244934	0.114096	0.242509	0.1	0.00841649
0.214896	-1.00465	1.63428	6.98072e-05	0.000124408	-4.44322e-05	-0.000100101	0.000184903	0.000311416	0.244844	0.113972	0.24242	0.1	0.00682915
-0.727607	-2.7222	-1.98626	3.93025e-05	0.000271408	3.19541e-05	0.000195914	0.000338249	-0.000471886	0.244741	0.113827	0.242318	0.1	0.0111106
-0.208631	2.69423	1.05173	3.29884e-05	-0.000315972	4.98861e-05	0.000222548	0.000141766	-0.000249309	0.244734	0.113818	0.242311	0.1	0.00604233
2.46189	-2.1047	1.15277	7.44439e-05	0.000207375	4.32049e-05	0.000260424	-7.87567e-05	-0.000347363	0.244542	0.11355	0.242121	0.1	0.00972891
0.140718	-1.48385	1.67787	4.08477e-05	0.000207541	3.5465e-05	5.2278e-05	8.16288e-05	-2.69884e-06	0.244486	0.113471	0.242065	0.1	0.00646461
0.872373	-2.49227	-1.28754	1.04782e-05	0.000282074	5.59948e-05	-3.40456e-05	0.000131008	2.55927e-05	0.244454	0.113428	0.242034	0.1	0.00691776
0.688604	2.68203	-0.249383	5.5809e-06	-1.04649e-05	-1.58053e-05	8.85356e-05	3.50314e-05	2.86962e-05	0.2444	0.113351	0.24198	0.1	0.00631036
1.23715	2.72205	2.2895	-0.000120278	-0.000216339	5.3192e-05	-0.000745755	-0.000642364	0.000182558	0.244162	0.113022	0.241745	0.1	0.0110136
-2.34834	-0.979864	0.346558	-1.84619e-05	6.53909e-05	4.79721e-06	-4.1551e-05	9.4503e-05	-0.000322262	0.24414	0.112991	0.241723	0.1	0.00751205
-0.0973704	-3.90133	-2.14818	-1.68628e-05	0.000375486	-3.76179e-05	4.2229e-05	-0.000105904	-0.000100747	0.244103	0.112939	0.241686	0.1	0.00827106
0.343508	-2.93855	-1.06105	-1.69828e-05	0.000356465	-1.13418e-05	0.000188727	0.000184292	0.000285716	0.244062	0.112883	0.241646	0.1	0.00674161
-0.334198	1.21224	-1.24001	2.34135e-05	-0.000216644	-4.68014e-05	-1.66104e-05	0.00022394	3.61878e-05	0.243921	0.112687	0.241506	0.1	0.0040021
-1.38978	3.01977	0.0308409	-4.02309e-05	-0.000290405	-2.32388e-05	-0.00023681	4.09491e-05	3.32375e-06	0.243692	0.112369	0.241279	0.1	0.00810701
0.914611	1.64271	1.93577	4.50271e-05	-0.000205414	7.37502e-05	0.000239879	0.000168915	0.000226184	0.24367	0.112339	0.241257	0.1	0.00923473
-1.41292	-1.27103	-0.384055	7.89865e-05	9.44945e-05	-8.0931e-05	6.61287e-05	-5.39579e-05	1.56441e-05	0.243648	0.11231	0.241236	0.1	0.00962744
-2.05084	2.15561	-0.944063	4.68467e-05	-0.000229786	0.000140536	7.23196e-06	-5.39241e-05	0.000114656	0.243387	0.111948	0.240977	0.1	0.00703295
-2.29813	0.975329	-0.59054	-1.00352e-06	8.23978e-08	5.44195e-07	-1.65886e-24	2.03389e-23	9.30386e-24	0.243111	0.111568	0.240704	0.1	0.00838532
-2.3523	-2.57583	1.20085	9.32022e-06	0.000408055	-1.53411e-05	-0.000314742	0.000152855	-0.000295819	0.242966	0.111368	0.24056	0.1	0.00900699
0.753558	1.47432	0.790544	-7.60273e-05	-0.000148515	-0.000101278	0.000434812	-0.00111272	-0.000210214	0.242842	0.111198	0.240438	0.1	0.00444809
-1.64296	3.9283	-1.06107	1.03421e-05	-0.000358081	2.73444e-05	0.000186505	-7.70986e-06	0.000351857	0.242774	0.111104	0.24037	0.1	0.00936825
1.53322	-0.683035	-2.06567	0.000253228	7.90622e-05	0.000163696	0.000866435	-2.92059e-05	-0.00118437	0.242496	0.110724	0.240095	0.1	0.0121245
1.7749	-1.22235	1.21197	-3.65463e-05	0.00024596	6.00412e-06	-0.000161827	-0.000118157	0.00012622	0.242131	0.110225	0.239734	0.1	0.00801638
1.11826	-0.416058	2.06307	6.80355e-05	0.000191491	-3.39664e-05	-6.72081e-06	-3.09166e-05	-0.000195007	0.241931	0.109952	0.239536	0.1	0.00893349
-0.906595	-3.92687	-0.915229	-4.17629e-05	0.000507921	-1.67787e-05	-2.11017e-05	0.000123959	0.000230167	0.24193	0.10995	0.239535	0.1	0.00741572
-2.15955	0.832881	-0.0794892	-1.7675e-06	-1.69228e-06	-3.63745e-08	1.56778e-26	-1.11975e-24	5.14972e-23	0.241739	0.109691	0.239346	0.1	0.0116833
-1.21476	-0.725638	-1.86362	-8.93631e-07	2.00571e-07	-1.28436e-06	-1.20101e-24	3.13162e-23	-1.0988e-24	0.241738	0.109688	0.239345	0.1	0.0135751
-1.87383	-3.74344	0.878908	6.0019e-05	0.000416801	6.07446e-06	-0.00037719	-0.000235762	6.29807e-05	0.241731	0.109679	0.239338	0.1	0.00868278
-1.11109	-1.81307	-0.0878614	-9.62894e-07	2.16433e-07	1.9745e-07	-6.39008e-26	3.68133e-24	-1.42377e-24	0.241723	0.109668	0.23933	0.1	0.00882718
-1.56129	-2.70742	-0.575549	-9.01374e-05	0.000370605	4.49184e-05	-0.000143197	0.000184322	1.33623e-05	0.241715	0.109657	0.239322	0.1	0.00799638
-1.39787	3.29035	1.36587	3.43877e-05	-0.000409462	5.26514e-05	-7.73651e-05	-0.000136084	5.22458e-05	0.241502	0.109368	0.239111	0.1	0.00621554
-1.24368	-2.20591	0.717309	-1.8124e-05	0.000140772	8.99002e-05	0.000786385	2.52141e-05	0.000100068	0.241393	0.109219	0.239003	0.1	0.00631348
-1.90885	-2.98053	-0.790457	-2.12826e-05	0.000381739	5.59582e-05	4.53117e-05	0.000136259	-4.13209e-05	0.241283	0.10907	0.238894	0.1	0.00784831
2.34652	1.13694	-1.61461	2.5525e-05	-0.000153587	6.02647e-05	0.000250402	0.000341043	0.000619237	0.241125	0.108856	0.238738	0.1	0.00625013
0.838931	2.13377	0.00701015	3.30677e-05	-0.000247474	-4.89636e-05	-1.5625e-05	-6.15938e-05	-0.00076252	0.241121	0.108851	0.238734	0.1	0.00541529
2.40854	2.96522	1.89004	9.40048e-06	-0.000317059	-7.9861e-06	0.000458957	-0.000250356	4.47714e-05	0.241078	0.108793	0.238691	0.1	0.00633114
1.08772	1.24851	-2.04971	5.36914e-06	-0.000102138	2.32534e-05	-0.000314844	-8.29455e-05	-0.000353561	0.241066	0.108776	0.238679	0.1	0.00639762
-2.21921	2.16679	0.943427	-2.86135e-05	-0.00020518	9.82792e-05	-2.6403e-05	2.08431e-05	8.23561e-05	0.241027	0.108724	0.238641	0.1	0.00854649
-2.36139	1.42295	-1.88726	-1.94344e-06	-8.03134e-05	5.14537e-05	0.000221137	0.000524969	0.000122181	0.24097	0.108646	0.238584	0.1	0.00388259
2.03219	1.314	1.65695	7.91576e-05	-4.38522e-05	-5.965e-05	-7.61946e-05	0.00040124	-0.000113202	0.240966	0.108641	0.23858	0.1	0.00805801
1.20591	-0.166252	-1.98209	0.00014518	-3.60093e-05	2.84752e-05	-0.000299008	0.000413441	2.46684e-05	0.24074	0.108335	0.238356	0.1	0.00565505
0.554162	2.64072	0.209615	8.50848e-05	-0.000354114	-2.16992e-05	0.000293593	-0.000114628	-0.000456394	0.240483	0.107989	0.238102	0.1	0.00408215
-2.05075	3.47481	1.22565	8.7301e-05	-0.000306097	-6.44378e-05	-0.000168158	0.000470074	-1.04817e-05	0.240458	0.107956	0.238077	0.1	0.00636005
-2.49971	-0.442673	2.03955	5.27102e-05	0.000249207	7.47802e-05	0.000207894	-9.12656e-05	0.000203484	0.240401	0.107879	0.238021	0.1	0.00777059
0.47682	0.298365	1.19286	0.000184519	0.000109601	-0.000125473	-0.00067525	0.00045015	-0.00116201	0.240234	0.107654	0.237855	0.1	0.00645504
-1.84526	1.95024	-0.564003	1.1076e-05	-0.000353772	9.61888e-05	2.51476e-05	0.00016237	-6.24639e-05	0.240234	0.107654	0.237855	0.1	0.0106495
2.1745	1.75377	-0.656941	0.000163978	-0.000211437	-0.00021917	0.000204768	0.00127941	0.000499179	0.240084	0.107453	0.237707	0.1	0.00820652
0.438909	1.19844	1.57289	9.21083e-05	-0.000198209	-6.28141e-05	-0.000661672	-9.17689e-05	-8.23556e-05	0.239985	0.107319	0.237609	0.1	0.00572801
0.261292	0.686211	0.905953	0.000112115	-4.9306e-06	-3.43212e-05	0.000612915	0.000333875	-0.000230549	0.239931	0.107246	0.237555	0.1	0.00586515
2.04098	2.87416	1.50474	2.96071e-05	-2.67965e-05	2.06466e-05	-0.000105057	2.28842e-05	0.000186502	0.239786	0.107053	0.237412	0.1	0.00922207
-0.844644	-0.882922	0.969457	2.77207e-05	-9.65587e-06	-7.88543e-05	-9.3772e-05	0.000381932	-0.000320351	0.239696	0.106933	0.237323	0.1	0.00557184
0.240264	-1.58325	-0.905158	-5.63629e-05	-0.000207105	0.000168926	0.00203687	0.000274077	0.00058004	0.239588	0.106787	0.237216	0.1	0.00906385
-0.294869	-3.42941	2.27895	1.04785e-05	0.00036822	8.96514e-06	0.000198307	8.16268e-06	-0.000237707	0.239483	0.106648	0.237112	0.1	0.00952185
-1.84306	-2.86942	0.232521	9.87284e-07	0.000277304	3.9309e-05	7.09505e-05	0.000111206	0.000104251	0.239239	0.106322	0.23687	0.1	0.00959151
1.27023	3.80885	0.331404	-2.9441e-05	-0.000435292	-2.0485e-05	0.000245728	-0.000211231	-0.000576361	0.239237	0.106319	0.236868	0.1	0.0082
-2.23951	-1.2411	-0.339689	-9.57078e-06	0.000261828	4.44189e-05	-0.000208757	-5.24646e-05	0.000510473	0.239205	0.106277	0.236837	0.1	0.0107839
-2.38403	-0.633603	1.25666	-5.51038e-06	0.000109567	-1.59598e-05	-0.000377364	1.28683e-07	3.58839e-05	0.239191	0.106258	0.236823	0.1	0.00752951
-2.48949	-0.771545	2.41792	-2.00763e-05	0.00027692	5.1892e-05	0.000148673	-0.000131507	0.000294383	0.238965	0.105957	0.236599	0.1	0.010918
-1.67597	-3.49453	0.0420075	-8.00499e-05	0.000453527	2.54685e-05	-0.000201682	-0.000125292	4.93485e-05	0.238904	0.105876	0.236539	0.1	0.00886225
-0.688925	-1.8844	-1.37478	-1.48419e-05	0.000236216	-8.43263e-05	-5.00905e-05	9.69771e-05	0.000296977	0.238867	0.105826	0.236502	0.1	0.00795169
-1.29381	-0.554201	0.234909	-2.85935e-05	2.56194e-05	-7.1403e-05	8.90639e-05	7.59617e-05	0.000203188	0.238847	0.105799	0.236482	0.1	0.00420974
-0.785383	-3.57433	2.16261	-2.59267e-05	0.000387454	7.65353e-06	0.000204312	1.21992e-05	-0.000164973	0.23868	0.105579	0.236317	0.1	0.00686116
0.348243	-1.91655	1.51948	4.95318e-05	0.000254207	7.6194e-05	-0.000167087	0.000202621	0.000461376	0.238578	0.105443	0.236216	0.1	0.00694045
-1.39621	0.993831	1.28148	-1.63208e-05	-0.000141573	1.66228e-05	0.000176884	-7.55694e-05	0.000166924	0.238575	0.105439	0.236213	0.1	0.00840824
-2.18475	-2.85897	-1.63154	1.58026e-05	0.00035161	-1.73255e-05	-0.00015327	0.000110163	0.000211652	0.238558	0.105416	0.236196	0.1	0.00631739
0.266199	1.85577	1.9933	5.58524e-05	-0.000105283	-2.69742e-05	0.00030282	5.37496e-05	0.000437478	0.238531	0.105381	0.236169	0.1	0.00697352
0.105481	-0.136678	-2.23694	3.00406e-05	5.32479e-05	-7.86842e-05	-0.000698684	-0.000196792	-5.8204e-05	0.238467	0.105296	0.236106	0.1	0.00698492
-0.71141	3.94259	0.156866	-7.54341e-05	-0.00041073	-1.37057e-05	0.000169569	0.000143626	-0.000118976	0.238429	0.105245	0.236068	0.1	0.00525807
-0.850403	-2.78571	-0.63698	2.75929e-09	3.68254e-07	-6.84938e-11	-6.34198e-49	6.49708e-50	1.77317e-49	0.238392	0.105197	0.236032	0.1	0.0117904
2.18714	-2.49341	1.11243	-2.07451e-05	0.000278653	9.37631e-06	-8.78995e-05	7.15496e-05	-0.000141123	0.238069	0.10477	0.235712	0.1	0.00963372
0.182683	-2.04079	-0.775731	3.58073e-05	0.000277451	-1.34521e-05	0.000222656	-0.000233283	-0.000291493	0.2379	0.104547	0.235545	0.1	0.00535759
-0.0881544	-0.513276	0.207459	5.03435e-05	6.47271e-05	1.83193e-05	0.00033858	0.000335704	-0.000353126	0.237677	0.104254	0.235324	0.1	0.00463988
0.798063	-0.57081	0.593414	-3.1866e-05	8.51953e-05	3.62172e-05	-0.00019565	-0.000245971	-2.2939e-05	0.237634	0.104196	0.235281	0.1	0.00671704
1.71569	0.256892	2.25213	6.29708e-05	3.98219e-05	-1.01715e-06	-6.73089e-05	2.01462e-05	-3.12611e-05	0.237512	0.104035	0.23516	0.1	0.0111603
-2.33101	3.2225	-2.32112	1.54544e-05	-0.000339675	7.51768e-06	9.27868e-05	-0.000113372	0.000150019	0.237463	0.103972	0.235112	0.1	0.00569936
0.0869118	2.35167	1.41192	6.88665e-05	-0.000382247	-5.76209e-05	0.000237823	7.14928e-05	-0.000216163	0.237431	0.103929	0.23508	0.1	0.00704792
0.358828	-1.92419	-2.26715	5.93614e-05	6.39658e-05	-0.000121795	-0.000163638	0.000466467	-0.000140961	0.237431	0.103929	0.23508	0.1	0.0130881
1.69153	-0.23979	-2.00436	0.000321057	5.92794e-05	0.000150769	-0.000992591	-3.93749e-05	0.000908144	0.237278	0.103729	0.234929	0.1	0.0102911
-2.47731	1.48025	0.391523	-4.98332e-05	-0.000145752	8.26458e-05	-0.000392527	0.000143239	-4.57523e-06	0.237254	0.103697	0.234905	0.1	0.00746591
0.576683	-2.32565	-0.918509	-7.01693e-05	0.000265856	-3.91789e-06	-0.000143144	-2.61137e-05	0.000450599	0.237202	0.103628	0.234853	0.1	0.00641283
-1.60717	-1.43029	2.22157	0.000114892	0.000210224	-7.24877e-05	-0.000149781	-8.20006e-05	-0.000101141	0.237135	0.103541	0.234787	0.1	0.00755159
0.953779	2.3925	2.48232	-6.9421e-05	-0.00022821	9.85668e-05	-0.000207535	-0.000125196	0.000566701	0.237122	0.103524	0.234774	0.1	0.00733543
-0.912059	3.92688	-0.465525	-3.59148e-05	-0.00034376	-3.06946e-05	0.000233479	-0.000154956	-5.88066e-05	0.236892	0.103224	0.234547	0.1	0.00733835
0.11211	0.479055	-2.35704	6.51004e-05	8.78788e-05	-6.37182e-05	-0.00033189	0.000429413	0.000197335	0.236865	0.103189	0.23452	0.1	0.0090335
-1.37708	1.925	-0.713069	8.01841e-05	-0.000169356	1.51796e-05	0.000283174	-0.000217783	2.68995e-05	0.236787	0.103086	0.234443	0.1	0.00587287
1.05122	-0.643917	-0.048602	-1.11806e-05	2.48342e-05	1.02672e-05	-0.000383793	-1.00212e-05	0.000383983	0.236379	0.102554	0.234039	0.1	0.00563117
1.69127	-1.27899	-1.24095	-4.96589e-05	0.000164086	0.000125245	0.000626469	0.000987132	0.000286231	0.23636	0.10253	0.23402	0.1	0.0105427
2.35247	-2.08539	-0.68656	-6.46007e-05	0.000104144	4.7459e-05	0.00038409	2.25507e-05	0.000507289	0.236341	0.102504	0.234001	0.1	0.0170725
-0.621447	1.23833	-0.858021	6.32444e-05	-0.000103937	-2.37267e-05	8.43138e-05	0.000172515	0.000160305	0.236281	0.102428	0.233942	0.1	0.00554472
0.849407	1.03942	0.942974	-4.55575e-05	-9.64356e-05	-8.94049e-05	-0.000218181	-0.000697238	0.000995107	0.236277	0.102422	0.233938	0.1	0.00533788
0.777424	-0.768174	1.00954	-2.85669e-05	0.000189404	1.60181e-05	-9.0867e-05	-1.57337e-05	0.000304869	0.236117	0.102213	0.233779	0.1	0.00550711
-1.26951	1.95088	-1.24366	4.51414e-05	-0.000157371	2.92057e-05	-9.69743e-07	0.000256238	0.00024272	0.236076	0.102161	0.233739	0.1	0.00562385
-1.75394	-0.57288	-0.0704983	-2.73537e-05	-3.79825e-05	-1.64427e-05	4.35385e-05	0.000374325	0.000126917	0.235915	0.101951	0.233579	0.1	0.00455187
-1.06815	0.502514	1.22057	5.24976e-08	4.55343e-08	4.83048e-07	8.71643e-24	5.88203e-24	5.73329e-24	0.235774	0.10177	0.23344	0.1	0.0118818
1.45165	-0.777141	-0.232047	6.14348e-06	0.000141187	4.69292e-05	9.08368e-05	-1.12903e-05	7.52356e-05	0.235702	0.101675	0.233368	0.1	0.00372867
1.76996	-3.51734	1.40611	4.56688e-06	0.000359693	6.48161e-05	-0.000170734	-0.00057326	0.000210122	0.235632	0.101585	0.233299	0.1	0.00650493
0.530957	0.939615	0.615293	6.5218e-05	-6.26757e-05	-0.000137279	-0.000795179	0.00023902	-5.70142e-05	0.235543	0.10147	0.233211	0.1	0.00735411
-2.31573	3.35289	1.73139	1.75225e-05	-0.00026427	1.99965e-05	0.000237314	-0.000157151	0.000319295	0.235542	0.101468	0.23321	0.1	0.00494288
1.84048	3.33702	-0.779278	-0.000112679	-0.000288584	2.67443e-06	0.000275033	5.55706e-05	0.000233212	0.235326	0.10119	0.232996	0.1	0.00595079
-2.07397	1.36625	-1.34975	9.74602e-05	-0.000113035	1.94417e-05	9.96351e-05	0.000185296	0.000129472	0.235264	0.101109	0.232935	0.1	0.0043285
-0.15846	1.87496	-0.647783	-9.37582e-06	-0.000146615	-8.06627e-05	2.92668e-05	0.000707875	2.80938e-05	0.235177	0.100998	0.232849	0.1	0.00702583
-1.9866	-3.85747	-2.09168	5.98386e-05	0.00034665	-1.65172e-05	-0.000280494	0.000105133	-0.000365339	0.235106	0.100905	0.232778	0.1	0.00771135
1.3688	1.03445	-0.436892	-5.90458e-05	-0.000140766	6.8494e-05	7.30341e-05	-0.000324523	0.000344765	0.23501	0.100782	0.232683	0.1	0.00444013
1.61143	-1.53096	0.852299	-1.13393e-05	0.000207252	4.22443e-05	-0.000168694	-5.2319e-05	0.000121091	0.234827	0.100547	0.232502	0.1	0.00561071
0.153834	1.64106	-1.113	2.86719e-05	-0.000316191	-0.000180732	0.000438223	0.000600237	-0.000343425	0.234781	0.100487	0.232456	0.1	0.00648351
2.27857	-1.18524	-2.4329	-4.3113e-05	0.00024195	-1.50244e-06	0.000226314	0.000849378	-0.000302588	0.234742	0.100438	0.232418	0.1	0.00521315
0.0497479	2.9401	-0.465713	-1.97958e-05	-0.000355152	-3.79538e-05	-0.000325646	-0.000124653	-0.000547369	0.234729	0.100422	0.232405	0.1	0.0108493
0.856298	-0.925922	-0.390017	-1.2888e-05	4.24336e-05	6.30742e-06	5.22317e-05	-6.15236e-05	0.000476509	0.234723	0.100413	0.232399	0.1	0.00687505
-0.733795	2.61492	1.48889	-1.18238e-05	-0.00030148	2.53421e-05	-0.000519354	3.51414e-05	-0.000328787	0.234716	0.100404	0.232392	0.1	0.00821364
-0.466132	-3.79394	-1.44048	-3.74569e-05	0.000411956	-7.20734e-05	-0.000213583	0.000163179	0.000159854	0.234391	0.0999882	0.23207	0.1	0.0124408
-0.418152	-1.15311	0.978959	-9.64313e-05	1.77889e-05	-0.000106709	4.25947e-05	0.000199135	0.000287416	0.234228	0.0997805	0.231909	0.1	0.0105079
-1.01405	1.86514	-1.87691	1.43183e-05	-0.000191718	3.72623e-06	0.00021089	-7.63134e-05	-0.000568263	0.234163	0.0996969	0.231845	0.1	0.00604178
-0.195931	-0.0988113	-0.00715592	3.94526e-05	-3.9504e-05	4.36531e-05	4.07083e-05	0.000161833	-0.00071383	0.233947	0.0994212	0.231631	0.1	0.00506089
2.40974	-1.96986	-2.33399	-4.25602e-07	0.00032401	6.53237e-05	-0.000140205	-6.74692e-05	7.9548e-05	0.233696	0.0991015	0.231382	0.1	0.0108083
-1.19041	-1.51351	1.18117	4.98947e-05	8.07036e-05	-8.99914e-05	-0.000455684	-8.48734e-05	0.000327431	0.23369	0.0990929	0.231376	0.1	0.00618715
-0.0386347	2.16147	2.17243	-6.42239e-05	-0.000311026	0.000119177	0.000226616	0.000102781	0.0001574	0.233609	0.0989904	0.231296	0.1	0.00622784
-0.0742438	3.76155	-0.037112	-7.8253e-05	-0.000479533	-3.06031e-05	5.98488e-05	-0.000288648	-0.000624904	0.233569	0.0989397	0.231256	0.1	0.00631956
-1.27507	-1.8968	0.345485	-4.25198e-05	0.00027575	4.86416e-05	0.000631594	6.93128e-05	0.000136876	0.233337	0.0986457	0.231027	0.1	0.00541707
0.250063	-3.64428	2.06199	-0.000166844	0.000326202	-0.000111648	-0.000521095	0.000218432	-1.48647e-05	0.233285	0.0985791	0.230975	0.1	0.00728482
0.359342	-3.39902	-0.313921	-4.73715e-05	0.000340579	-2.04556e-05	0.000224663	-8.59413e-05	0.000186167	0.233155	0.0984158	0.230847	0.1	0.00516916
-1.56401	2.20136	0.480251	-2.38508e-05	-0.000224814	2.15449e-05	-0.000257685	0.000103392	1.61985e-05	0.233116	0.0983655	0.230808	0.1	0.00877515
1.44248	1.33811	-0.0966009	-2.23173e-05	-0.000139448	-3.90256e-06	-0.000229533	0.000773097	-8.68281e-05	0.233102	0.0983481	0.230794	0.1	0.00513375
-1.86237	-0.894176	1.26176	-2.86451e-05	9.85199e-05	-2.49743e-05	-6.31385e-05	8.9123e-06	3.60074e-05	0.233037	0.0982664	0.23073	0.1	0.00900677
-0.21576	-0.573083	0.654877	5.5e-07	1.25017e-06	-1.34181e-07	5.9486e-22	-2.50682e-21	-2.08335e-20	0.232987	0.0982018	0.23068	0.1	0.00714731
2.48758	-1.5867	2.42017	-7.11644e-05	0.000160365	-0.000210258	-0.000563588	0.000127324	-0.000196307	0.23297	0.0981807	0.230663	0.1	0.00823298
-1.7467	-2.94294	-0.215219	-4.04557e-05	0.000358685	4.86449e-05	0.000292807	0.000100191	-0.000143514	0.232853	0.0980333	0.230548	0.1	0.00740688
1.12928	2.5363	1.53009	-0.000143437	-0.000183458	7.02971e-05	-0.000816375	0.00014481	-0.000606625	0.232841	0.0980185	0.230536	0.1	0.0108048
2.29755	-3.62897	1.7965	5.3783e-06	0.000389009	2.19794e-05	-8.53513e-05	5.02169e-05	0.000218166	0.232838	0.0980137	0.230533	0.1	0.0100175
-1.37434	3.88598	-0.680444	-1.33078e-05	-0.00038663	1.56903e-05	0.000234369	-9.82138e-05	8.19819e-05	0.232645	0.0977704	0.230342	0.1	0.00541845
2.24787	2.20486	-0.75505	-0.000115631	-0.000105177	2.16838e-05	0.00113685	0.000415168	0.000379287	0.232529	0.0976247	0.230227	0.1	0.0094147
-0.0925488	-0.277795	2.27698	9.66345e-05	-2.67531e-05	-2.25444e-05	9.52379e-05	-0.000460326	-0.000248297	0.232356	0.0974063	0.230055	0.1	0.00885193
2.40807	1.35865	-0.569744	0.00015942	-0.000188741	-6.86818e-05	-0.00108599	-0.00107684	-0.000599002	0.232305	0.0973426	0.230005	0.1	0.00592405
-1.03765	1.21176	0.934086	-0.000123	-0.000223463	2.89668e-05	-0.000144173	0.000128733	0.000404784	0.232166	0.097167	0.229867	0.1	0.00822648
-2.23108	4.00175	-2.45838	3.94039e-08	-0.000407231	-2.75369e-07	1.18498e-24	2.83421e-24	4.26725e-26	0.232017	0.0969806	0.22972	0.1	0.00759095
0.587944	-2.02645	-0.545193	6.83857e-05	0.000209571	-3.51408e-05	-0.000315608	7.02217e-05	-0.000359745	0.231839	0.0967586	0.229544	0.1	0.007418
1.70006	-2.87298	-1.6311	0.000121161	0.000444238	0.00011868	-0.000126618	8.68818e-05	0.000135988	0.231804	0.0967136	0.229509	0.1	0.00958579
-0.599333	-3.13003	-0.0118287	-4.70262e-05	0.000141902	0.000135794	0.000767812	-8.02231e-05	0.000372996	0.231661	0.0965346	0.229367	0.1	0.01064
0.27129	1.95448	-0.795399	5.44395e-05	-0.000437501	-6.86629e-05	0.000338927	-0.000365112	0.000417563	0.231371	0.0961726	0.22908	0.1	0.00680186
1.88769	0.511544	1.57	5.57841e-05	-1.91642e-05	1.25177e-05	6.54903e-05	0.000114787	-0.000267386	0.231332	0.0961243	0.229042	0.1	0.00741985
-1.57934	3.72901	0.808299	-6.98416e-05	-0.00046591	-7.52373e-06	0.00012422	-2.61245e-05	0.000303167	0.231276	0.0960544	0.228986	0.1	0.0089302
0.680765	1.06643	-1.90858	-2.2859e-07	-0.00011283	2.48838e-06	0.000395272	7.85905e-05	-0.000367514	0.231257	0.0960307	0.228967	0.1	0.010583
1.78411	1.46547	-0.551954	7.18964e-05	-0.000305509	-5.52109e-05	0.00022301	0.00072736	-4.37736e-05	0.231228	0.0959953	0.228939	0.1	0.0052099
0.589692	0.790388	1.22998	5.95596e-05	-0.000101855	-1.89999e-05	-0.00102603	0.000157109	0.000763749	0.231098	0.0958324	0.22881	0.1	0.00404285
-0.415861	2.57646	-1.73303	-2.47807e-05	-0.00029404	-2.07271e-05	-3.1305e-05	-6.01993e-05	-5.20418e-05	0.231097	0.0958312	0.228809	0.1	0.00893763
1.37917	3.37516	2.13947	-0.000209226	-0.000395675	5.29047e-05	7.59238e-05	-6.38177e-05	-0.000895392	0.230968	0.0956712	0.228681	0.1	0.0103765
1.50761	1.12854	-2.2281	1.72696e-05	-7.14201e-05	6.67814e-06	-0.00028233	-9.30996e-05	-0.000191124	0.230925	0.0956178	0.228639	0.1	0.00445493
-1.00128	-0.622717	1.87303	4.5847e-05	3.67902e-05	-1.81158e-05	2.15888e-05	-0.000148365	-0.000260883	0.230853	0.0955284	0.228567	0.1	0.0109942
2.4303	-0.273987	-0.975926	1.11943e-06	-1.75753e-06	1.04373e-06	1.46849e-23	-9.10456e-25	-2.75423e-23	0.230603	0.0952189	0.22832	0.1	0.011151
0.0774647	-0.589051	-2.30885	4.08073e-06	7.4035e-05	7.89831e-06	0.000425995	-5.25315e-05	-0.000119019	0.230371	0.0949306	0.22809	0.1	0.0045823
-0.246111	-1.74957	-1.27767	5.73022e-05	0.000238155	-8.7005e-05	-0.000109854	2.19968e-06	-0.000104228	0.230367	0.0949265	0.228086	0.1	0.00859677
-0.0818055	3.96316	-1.38492	-1.80773e-05	-0.000359329	-3.03029e-05	-7.31201e-05	-0.000195304	-1.84337e-06	0.230224	0.0947498	0.227945	0.1	0.00492833
0.643096	1.18897	0.244637	1.09538e-06	-0.000126871	-0.00020558	0.000472857	0.000202337	-5.70071e-05	0.22985	0.0942887	0.227574	0.1	0.00780374
-1.68513	-2.19408	0.401272	-3.89168e-05	0.000267458	-2.77846e-05	0.000291169	-2.4337e-05	0.000211149	0.22984	0.0942757	0.227564	0.1	0.00601549
0.193255	3.93843	0.287431	-0.000124164	-0.000513307	1.56586e-05	-0.000237587	-0.000146501	-0.000131793	0.229772	0.0941929	0.227497	0.1	0.00471609
-0.0605172	3.10664	-1.3671	-2.59803e-05	-0.000328573	-4.80933e-06	2.37665e-05	-8.73131e-05	9.12445e-05	0.229716	0.0941249	0.227442	0.1	0.00618675
2.34203	3.56283	-1.04578	-0.000122253	-0.000247921	8.94748e-06	-0.000280786	0.000121935	-0.000859426	0.229675	0.0940734	0.227401	0.1	0.00819549
0.892324	-2.88557	1.03847	-0.000101447	0.000161655	-6.43614e-06	0.000212442	-0.000168279	0.000140002	0.229635	0.094024	0.227361	0.1	0.00630348
0.784093	-3.51498	-2.28545	-0.000123546	0.000421227	6.15505e-05	0.000577949	-9.54277e-05	0.000654037	0.229633	0.0940217	0.227359	0.1	0.00703152
-0.502538	3.62008	-0.0948803	-9.63503e-05	-0.000352406	-6.57984e-05	-1.35628e-05	0.000111418	0.000151138	0.229597	0.0939779	0.227324	0.1	0.00928101
1.88922	0.400336	0.990428	5.85024e-05	-1.17275e-05	-3.40836e-05	-1.00923e-05	-0.000164762	3.24043e-05	0.229587	0.0939654	0.227314	0.1	0.00837388
0.560442	-1.02023	-0.027839	9.1267e-05	3.59065e-06	0.00010015	-0.000135098	-0.000215994	0.000646649	0.229559	0.093931	0.227286	0.1	0.00663179
-0.764686	0.135208	0.00912905	-7.74802e-05	-4.46692e-05	9.37624e-05	6.49053e-05	-0.000103026	-7.22591e-05	0.229502	0.0938617	0.22723	0.1	0.00651552
-0.10245	-0.807084	-0.465585	2.47808e-05	3.76297e-06	-4.74239e-05	-0.000312062	-7.20528e-05	0.000283845	0.229294	0.0936058	0.227024	0.1	0.0062027
-1.04425	-3.01079	1.31192	-3.13271e-05	1.89365e-05	8.34926e-06	6.391e-05	3.08285e-05	0.000170376	0.229262	0.0935673	0.226992	0.1	0.00726998
2.37028	1.19581	-1.15384	0.000145827	-0.000266797	6.20171e-05	0.000238776	0.000224801	-1.77514e-05	0.229043	0.0932983	0.226775	0.1	0.00650326
2.26546	0.651238	1.36889	-6.76529e-05	1.30507e-05	-6.13001e-05	-0.000229063	0.000360185	0.000589509	0.229023	0.0932736	0.226755	0.1	0.00551407
2.05455	-3.85816	1.49118	-4.69216e-05	0.00040378	0.000100238	0.000135033	0.000392408	-0.000248009	0.22902	0.0932701	0.226752	0.1	0.0067924
2.17542	2.59584	-2.01576	-3.4872e-05	-0.000116888	2.416e-05	0.00124493	0.000246866	-0.000292163	0.228994	0.0932399	0.226727	0.1	0.00770989
0.345028	-3.2836	2.33712	-3.41362e-05	0.000106511	5.84952e-05	-0.000279158	-0.000253976	0.00052194	0.228978	0.0932202	0.226711	0.1	0.00621924
1.16916	2.6865	-1.06211	-0.000108546	-0.000345376	3.26632e-05	0.000701562	-0.000423018	0.000309433	0.228925	0.093155	0.226658	0.1	0.00706839
0.105923	0.662429	0.208873	9.42457e-06	-0.000166963	1.49643e-05	-0.000264985	5.16473e-06	6.51206e-05	0.228769	0.0929649	0.226504	0.1	0.00970426
1.50284	-1.02869	2.13002	7.65473e-06	0.000185791	7.25986e-05	7.6084e-05	-0.000177921	-0.000125596	0.228681	0.0928573	0.226417	0.1	0.00494747
0.122738	1.53569	-0.107164	-6.62821e-05	-0.00018708	-5.20603e-05	-5.43602e-05	0.000391927	-0.000204289	0.228633	0.0927983	0.226369	0.1	0.00880076
-0.83466	3.95013	-1.35766	-0.000122631	-0.000269625	-4.0341e-05	0.000253051	4.00228e-05	-0.000886783	0.228527	0.09267	0.226264	0.1	0.00965375
0.953461	0.822925	-2.17951	-2.34981e-06	-7.72353e-05	-3.7385e-05	0.000152276	-0.000296655	0.00012004	0.228372	0.0924815	0.226111	0.1	0.0092049
1.20246	-3.40018	-2.15397	-6.86303e-05	0.000346942	-5.20291e-05	-0.000607413	8.42015e-05	0.000648539	0.228275	0.0923635	0.226015	0.1	0.00652718
0.438345	-0.967824	1.2332	2.20835e-05	0.000157448	-3.02563e-05	-0.000174186	-0.000108892	0.000184188	0.228269	0.0923562	0.226009	0.1	0.00445876
2.38491	-1.887	1.78613	-4.41724e-05	0.000323	3.85724e-05	0.00013882	3.09667e-05	0.000559536	0.228148	0.0922089	0.225889	0.1	0.00850171
0.217352	3.6976	-0.386646	-7.36459e-05	-0.000467981	-3.03556e-05	0.000267373	9.30304e-05	-0.000497904	0.227891	0.0918988	0.225635	0.1	0.00517689
1.06347	-0.118759	-0.726339	-2.92713e-06	-1.21527e-05	3.08773e-06	-4.72201e-05	-5.74029e-07	-4.77788e-05	0.2278	0.0917882	0.225545	0.1	0.00813195
-2.00954	-2.65446	1.50648	-1.47902e-05	0.000408405	1.08124e-05	6.80163e-05	-0.000262411	7.86335e-05	0.227735	0.0917093	0.22548	0.1	0.0119099
0.996586	1.17671	0.527608	-7.94927e-05	-0.000161968	-0.00010277	1.30387e-05	-0.000795648	0.00024649	0.227721	0.0916929	0.225466	0.1	0.00571229
1.7052	-2.34128	-2.24048	-2.86182e-05	0.000296061	7.71296e-05	-7.68868e-05	0.00036068	4.66373e-05	0.227719	0.0916894	0.225464	0.1	0.00799055
1.59599	-0.527473	0.125582	-0.000103969	6.47121e-05	5.1175e-06	0.000116315	-0.00013843	0.000307456	0.227657	0.0916158	0.225403	0.1	0.00516644
2.15298	-3.47948	-0.801348	9.2406e-05	0.000274828	-0.000124209	-0.000849131	3.43896e-05	-0.000516651	0.227655	0.0916129	0.225401	0.1	0.00869168
-1.71186	1.90434	-1.1369	5.94654e-05	-0.00012003	6.13226e-05	0.000302438	0.000304712	0.000270983	0.227637	0.0915917	0.225383	0.1	0.0058396
2.32508	-3.86057	-1.00739	2.75929e-09	3.68254e-07	-6.84938e-11	-1.15766e-63	-6.51441e-64	1.32279e-63	0.227625	0.0915767	0.225371	0.1	0.0100569
-2.38797	-3.5949	-1.94217	2.75589e-05	0.000430687	9.71098e-06	-7.55028e-05	-4.4414e-05	-4.83914e-05	0.227598	0.0915445	0.225345	0.1	0.00446016
1.12844	-1.69431	0.77685	-9.63969e-06	0.000206017	1.78509e-05	-0.000102109	-9.51729e-06	1.38405e-05	0.227427	0.0913378	0.225175	0.1	0.00491753
-0.937341	1.64413	1.94937	-2.08832e-05	-0.000104521	-5.81702e-05	-0.000477496	-0.000314783	-7.38111e-05	0.227288	0.0911706	0.225038	0.1	0.00644858
1.16549	3.12155	-1.27009	-0.000100988	-0.000306787	5.94278e-05	0.000637689	-0.0004607	-0.0001019	0.227272	0.0911519	0.225022	0.1	0.00648613
