-1.38853	1.21966	-1.02847	9.75552e-05	-0.000136231	-1.62275e-05	-3.02213e-05	-5.19522e-05	-0.000105928	0.55482	1.32612	0.549327	0.1	0.0185945
2.15387	3.63466	2.23999	-3.97003e-06	-0.000323738	1.087e-05	-9.12893e-05	4.85075e-05	4.44691e-05	0.554711	1.32533	0.549219	0.1	0.0179236
-0.829426	-1.27658	-0.911391	3.31714e-05	0.000186813	-9.13042e-05	-1.1366e-05	-1.18133e-05	-0.000243691	0.554426	1.32329	0.548937	0.1	0.021515
-0.077015	1.22743	-1.97836	5.38518e-06	-0.000256104	-0.000105392	0.000319306	-4.99338e-05	9.52194e-05	0.552434	1.30908	0.546964	0.1	0.0189929
2.47549	-3.35784	1.09731	2.47065e-05	0.000361683	-5.3895e-05	-3.87344e-05	-0.000131112	0.000103212	0.551275	1.30086	0.545817	0.1	0.0251497
-0.320402	-3.44241	-0.675899	-6.4809e-05	0.000400976	2.54154e-05	0.000122483	8.97909e-05	-3.67433e-05	0.548893	1.28407	0.543458	0.1	0.0196315
-2.00799	0.742747	-1.78987	7.82619e-05	-5.10844e-05	-2.37189e-05	4.53862e-05	-7.85754e-06	-0.00011147	0.548822	1.28357	0.543388	0.1	0.0208553
1.80364	-4.02332	-0.355705	8.27353e-06	0.000340172	-4.69246e-05	0.000125748	-7.47272e-05	8.75863e-06	0.547774	1.27623	0.54235	0.1	0.0196547
-1.92892	-0.413009	0.672127	-6.59783e-05	3.4427e-05	-8.47482e-06	-0.000190845	-1.74581e-05	9.91553e-05	0.547358	1.27333	0.541939	0.1	0.0242945
-0.860935	-0.137699	0.727569	-7.49001e-05	-5.86385e-05	-1.42135e-05	4.64432e-05	-1.96249e-05	-9.43407e-05	0.546952	1.2705	0.541537	0.1	0.0201913
2.09992	0.370223	-1.24955	4.76233e-05	-5.979e-05	-2.3257e-05	3.15403e-05	1.95483e-05	1.48586e-05	0.546649	1.26839	0.541237	0.1	0.0242123
1.20383	2.61861	-1.82053	-2.55941e-05	-0.000208693	5.05151e-05	-0.00010433	5.30842e-05	0.000174369	0.545348	1.25936	0.539949	0.1	0.0206492
-2.42232	-2.412	0.435924	-3.17948e-05	0.000248094	6.4808e-06	0.000150272	-3.21117e-05	-2.93665e-05	0.545169	1.25811	0.539771	0.1	0.0217394
-0.0561007	-3.1565	-2.02882	-5.86856e-06	0.000315548	1.29584e-05	-6.42364e-05	-0.000176429	-7.02791e-05	0.544719	1.255	0.539326	0.1	0.0184476
-0.627138	3.37444	1.30269	1.83906e-05	-0.000333912	-3.86225e-06	4.0968e-05	0.000132051	-7.46794e-05	0.543689	1.24789	0.538306	0.1	0.0187214
2.18069	-2.52832	2.16667	8.21848e-05	0.000310977	3.00568e-05	-2.81794e-05	-4.36504e-05	4.92015e-05	0.541854	1.2353	0.536489	0.1	0.0300234
1.50034	-2.03345	-1.29827	-2.55483e-05	0.000213862	3.78231e-05	3.07823e-05	9.44054e-05	-5.19124e-05	0.540595	1.22671	0.535243	0.1	0.0264024
2.11463	2.8609	-1.30185	-4.22244e-05	-0.000314942	3.30336e-05	-0.000277817	-6.07547e-05	0.000167254	0.540372	1.22519	0.535022	0.1	0.0194693
0.242531	2.24743	-2.12085	5.25806e-06	-0.000266526	6.95589e-05	-6.1129e-05	-8.50751e-05	-9.32541e-05	0.540364	1.22514	0.535014	0.1	0.0174699
1.53263	1.89434	1.53816	-6.01773e-06	-7.81803e-05	3.57645e-05	-9.90989e-05	2.22815e-05	0.000122714	0.537534	1.20599	0.532212	0.1	0.0220434
1.81495	-3.00929	-0.0132472	-2.48652e-05	0.000285493	2.10976e-05	1.45075e-05	0.000148563	9.35021e-05	0.536704	1.20041	0.53139	0.1	0.0223691
-1.68243	1.62493	0.942983	-1.01583e-05	-8.296e-05	9.94599e-05	0.000168884	1.01615e-05	8.19448e-05	0.536645	1.20002	0.531332	0.1	0.0214669
0.661528	-1.89111	0.211758	7.12169e-06	0.000218928	5.57034e-05	6.8017e-05	1.74763e-05	5.62466e-05	0.536462	1.19879	0.53115	0.1	0.0210515
0.369401	3.52515	1.65364	1.95528e-06	-0.000387934	1.213e-05	-2.19558e-05	-0.000142804	1.73963e-05	0.53632	1.19784	0.53101	0.1	0.0233161
-1.13729	-2.60601	0.0582682	-4.18027e-05	0.000274291	4.44517e-06	-7.80492e-05	1.21251e-05	-0.000151039	0.535344	1.19131	0.530044	0.1	0.0185862
-0.265922	-2.51258	-1.20001	-3.29296e-05	0.000353675	3.30878e-05	-0.00013943	7.06554e-05	-0.000114804	0.534798	1.18767	0.529503	0.1	0.0177789
1.35409	3.90048	1.56996	-3.06804e-05	-0.0003869	5.0861e-05	-3.58573e-05	5.13103e-05	-7.56628e-06	0.534761	1.18742	0.529466	0.1	0.0188124
0.798589	1.54031	-0.447842	-4.25497e-05	-0.000253625	-3.94709e-05	0.000301019	-0.000339496	-0.00031318	0.534328	1.18454	0.529038	0.1	0.0195138
-1.44591	3.79919	0.0642533	-7.25518e-05	-0.000305302	-3.29816e-06	0.000122097	7.27909e-05	-4.06869e-06	0.533494	1.179	0.528212	0.1	0.0189328
-0.509956	1.96292	-1.32093	-1.75876e-05	-0.00030259	-1.25033e-05	0.000143244	7.66203e-06	0.00013003	0.533315	1.17782	0.528035	0.1	0.0178718
-0.364679	3.55636	-0.828869	-5.64247e-05	-0.000340003	-3.35071e-05	-2.07946e-05	-6.27089e-06	5.03743e-05	0.533292	1.17767	0.528012	0.1	0.0181638
-2.01834	-1.19964	-2.14497	2.35861e-05	1.03579e-05	-0.000201569	-9.54023e-05	-0.000111484	-9.91569e-05	0.533023	1.17589	0.527746	0.1	0.0227297
-1.75741	-3.1373	-2.20645	-1.46874e-05	0.000316844	-1.51349e-06	3.32582e-05	7.46983e-05	8.12957e-05	0.53279	1.17434	0.527515	0.1	0.0260002
-0.0112211	-2.53304	1.01858	2.49777e-05	0.000293462	-2.67113e-05	-5.63706e-06	-1.25114e-05	-1.41419e-05	0.532572	1.1729	0.527299	0.1	0.0262054
-1.45157	3.595	-1.71251	-2.65784e-05	-0.00035198	1.02875e-05	-0.000141398	6.01971e-05	-4.30185e-05	0.532055	1.16949	0.526787	0.1	0.0215593
0.455411	3.2623	-2.32741	-1.59918e-05	-0.000310657	2.27115e-05	-4.37613e-05	2.13256e-05	0.000129762	0.531483	1.16572	0.526221	0.1	0.0257363
2.4161	0.169875	-2.48172	4.01828e-05	1.60142e-05	-1.12604e-05	-4.06962e-05	2.22536e-05	-4.48499e-05	0.530981	1.16242	0.525724	0.1	0.0210387
-0.175712	-1.20122	-1.75821	1.82857e-05	0.000168176	-8.07647e-05	0.000105438	6.73897e-05	6.63544e-05	0.53052	1.15939	0.525267	0.1	0.0206603
-0.932697	-3.4994	0.584878	-2.39398e-06	0.000412248	1.7922e-05	4.46209e-05	7.74536e-05	-0.000106722	0.529592	1.15332	0.524349	0.1	0.0186869
-0.073251	-3.61386	1.37758	-2.73775e-05	0.000374434	-1.67243e-05	-5.48701e-07	8.20943e-07	0.000107949	0.528499	1.14619	0.523266	0.1	0.0224323
2.04814	0.788591	-0.240178	-1.58077e-05	2.57033e-05	6.5557e-05	8.12002e-05	0.000146622	0.000150031	0.527475	1.13954	0.522252	0.1	0.0243393
0.556967	3.55409	-1.3274	-5.50266e-05	-0.000314048	1.48874e-05	6.61295e-05	-7.14489e-05	-1.05305e-05	0.527182	1.13765	0.521962	0.1	0.0195987
-2.41644	0.789694	0.655569	1.65524e-05	-4.78102e-05	4.24901e-05	0.000207198	-7.93236e-05	6.40235e-05	0.527004	1.1365	0.521786	0.1	0.0275913
2.41327	-1.16134	1.76304	-9.03705e-05	0.000319938	7.23621e-05	5.54724e-05	7.29017e-05	-4.7748e-05	0.526785	1.13507	0.521569	0.1	0.020419
0.0797342	-3.35631	0.378485	-1.8392e-05	0.00030203	-1.3639e-05	-2.42154e-05	-2.21503e-06	-9.39782e-05	0.526637	1.13412	0.521423	0.1	0.0178766
0.544387	2.75677	0.961045	2.14461e-05	-0.000351913	-4.35598e-06	9.59103e-05	0.000143495	6.17185e-05	0.524764	1.12206	0.519568	0.1	0.0170429
-2.43759	3.91375	0.373814	-5.34641e-05	-0.000338795	5.78727e-06	-0.000288012	-5.5769e-05	0.000135528	0.523709	1.11531	0.518524	0.1	0.0238863
-2.4874	3.71917	-1.76009	-2.6296e-05	-0.000361847	5.51961e-06	0.000139516	-8.92223e-05	-0.000145004	0.523479	1.11384	0.518296	0.1	0.0185638
1.49696	0.939804	2.04403	0.000114671	-6.93583e-05	-4.63865e-05	-3.68694e-05	-0.000266984	4.24827e-05	0.521989	1.10436	0.516821	0.1	0.0192069
-1.84129	-1.89212	-0.27509	-4.95956e-05	0.000229523	-1.23425e-05	0.000172632	0.000403952	-0.000426969	0.521432	1.10083	0.516269	0.1	0.0214648
-0.404496	1.80836	1.46633	2.19535e-05	-0.000259233	-4.69666e-05	5.66885e-05	-1.2231e-05	-0.000102405	0.521217	1.09946	0.516056	0.1	0.0235364
-2.00479	-3.90032	1.84247	1.91894e-05	0.000390729	-3.37884e-05	2.88749e-05	3.82889e-05	1.70127e-05	0.518617	1.08309	0.513482	0.1	0.0166714
2.08922	-0.094766	0.465875	-4.29025e-05	4.20583e-05	6.73476e-06	-9.86743e-05	0.000127935	-0.000220505	0.517898	1.07859	0.51277	0.1	0.0217724
2.33656	-1.07255	-0.932526	-7.57239e-06	9.67505e-05	2.89915e-05	0.000251789	0.000107814	7.85729e-05	0.517716	1.07746	0.51259	0.1	0.0240303
1.5708	3.75174	-1.34371	-6.3081e-05	-0.000368427	-4.26791e-05	2.39779e-05	0.000198246	-0.000110503	0.5171	1.07361	0.51198	0.1	0.0168664
-1.87075	2.67806	-1.47535	-5.7523e-05	-0.000290107	6.11519e-05	8.21076e-05	6.60882e-05	-8.91899e-05	0.516716	1.07123	0.5116	0.1	0.0210325
-1.94441	0.345146	-0.816744	2.12847e-05	-4.94304e-05	-2.97088e-05	-5.40341e-05	-3.92003e-05	-3.8929e-05	0.515931	1.06635	0.510823	0.1	0.0245126
1.15086	3.22829	-0.548351	-8.50351e-05	-0.000382198	5.47254e-06	-0.000161133	0.000182874	-0.000248575	0.515901	1.06617	0.510793	0.1	0.0141613
1.54326	2.06681	-0.941322	5.70581e-05	-0.000302856	0.000120823	0.000222611	0.000324303	-9.99328e-05	0.51576	1.06529	0.510653	0.1	0.0168441
-1.9087	-2.06514	1.955	5.85963e-05	0.000276979	-2.20916e-06	-8.35778e-05	6.64489e-05	-7.91394e-05	0.514995	1.06056	0.509896	0.1	0.0265334
-0.428287	3.52448	-1.86164	-2.92745e-05	-0.000395589	-1.30002e-05	-8.30021e-05	-4.01064e-05	7.5952e-05	0.514003	1.05444	0.508914	0.1	0.0208409
0.733466	0.111584	2.46274	4.99195e-05	1.19952e-05	-6.99788e-06	6.18532e-05	5.50017e-05	-0.000109684	0.512599	1.04583	0.507524	0.1	0.0189236
0.541204	-0.34308	1.5785	-1.82825e-05	0.00012155	-2.95225e-05	0.000101033	1.92358e-05	-4.90101e-05	0.51184	1.04118	0.506772	0.1	0.0184927
-2.05669	-3.52815	-1.29927	2.50865e-05	0.000388283	1.93206e-05	-0.000160261	-3.14037e-05	-7.61472e-05	0.511673	1.04017	0.506607	0.1	0.0216905
-0.449642	0.822882	0.698464	7.63286e-06	-0.000124573	4.09053e-06	3.11512e-05	0.000171102	-0.00010888	0.511494	1.03908	0.50643	0.1	0.0240155
0.879394	-3.22252	-1.51159	2.84404e-05	0.000340385	5.30152e-05	2.89163e-05	-7.89148e-05	0.000148103	0.510448	1.03272	0.505394	0.1	0.0178894
-1.24545	3.50007	2.13508	-4.53163e-05	-0.000382512	-0.000106147	2.46535e-05	-0.000173795	-0.00018918	0.509646	1.02785	0.5046	0.1	0.0219119
0.830372	-2.76325	-2.40675	-8.56162e-07	0.00027842	4.18035e-05	-0.000134842	3.66288e-05	0.000109987	0.508542	1.02119	0.503507	0.1	0.0205112
-0.637932	-0.432572	-2.25532	1.60442e-05	0.000138853	-5.48221e-05	-0.000202022	0.000116838	-0.000134074	0.508425	1.02048	0.503391	0.1	0.0184952
1.44366	-0.433057	-1.33989	8.85402e-05	-8.32445e-05	4.87737e-05	-0.000218785	1.21616e-05	9.09668e-05	0.506867	1.01114	0.501849	0.1	0.0194239
1.3741	1.80962	-2.44715	3.38033e-05	-0.000141474	1.9743e-05	0.000216595	4.32069e-05	3.3866e-05	0.505037	1.00022	0.500037	0.1	0.0187995
-1.20183	2.71621	-2.23908	-0.000158359	-0.000303807	-1.34011e-05	-0.000292506	0.000634704	-0.000460041	0.504957	0.999745	0.499957	0.1	0.0228359
-2.29852	-3.42039	-0.330606	-3.91108e-05	0.000402473	-2.28e-05	0.000139979	-0.000112673	1.30841e-05	0.504939	0.999642	0.49994	0.1	0.0190177
-0.175675	-0.438376	-1.07884	5.9528e-05	4.39128e-05	3.01349e-07	0.000159343	4.74548e-05	-5.90652e-05	0.504901	0.999415	0.499902	0.1	0.0173337
0.42772	-0.353109	-0.287367	4.13833e-05	-6.6684e-06	1.01654e-05	7.96977e-05	-0.000108011	-0.000107625	0.504788	0.998742	0.49979	0.1	0.0156415
0.693764	-0.697539	-1.94288	8.04451e-05	6.17874e-05	3.53888e-05	0.000310861	-7.93644e-05	-0.000369293	0.503937	0.993701	0.498948	0.1	0.0200246
-1.00636	-2.25038	1.41714	6.46614e-06	0.000305338	1.69308e-05	-0.000109776	-2.25664e-05	-0.000111203	0.503345	0.990196	0.498361	0.1	0.0186448
-1.03238	0.371345	-1.80324	7.96268e-05	-8.61546e-05	-0.000108383	-9.78342e-05	-7.82343e-05	8.45536e-05	0.503196	0.989325	0.498214	0.1	0.0186881
1.33123	-1.47392	-0.447666	7.8704e-06	0.000188233	4.80686e-05	3.85486e-05	-8.00661e-05	-4.50969e-05	0.502585	0.985721	0.497609	0.1	0.0202566
-0.919128	0.816431	-0.186289	3.48067e-06	-0.000134434	2.35028e-05	-0.000119499	-0.000145551	-8.01241e-05	0.501771	0.98094	0.496803	0.1	0.0191078
0.271286	-2.66261	-0.337733	-1.04541e-05	0.00029784	2.13494e-05	9.53194e-05	0.000110027	-6.47614e-05	0.501401	0.978774	0.496437	0.1	0.0208632
2.33381	-1.47205	0.790981	-2.14294e-05	0.000199531	6.66522e-05	-3.41209e-05	3.87356e-05	-1.68878e-05	0.501352	0.978484	0.496388	0.1	0.0173465
-1.5462	1.41374	2.25427	5.01506e-05	-0.000111165	-1.31576e-05	2.31745e-05	0.000258632	0.000112868	0.501333	0.978374	0.496369	0.1	0.0192358
-0.427001	2.7906	2.12945	4.85539e-05	-0.000223462	3.37827e-05	-0.000311177	9.47043e-05	-0.000168872	0.500305	0.972365	0.495351	0.1	0.0228196
1.75188	-1.93214	1.44489	-8.01184e-06	0.000227502	4.76339e-05	3.84486e-05	-1.18496e-05	4.91525e-06	0.500134	0.971369	0.495182	0.1	0.0140734
-0.336697	-2.1281	-2.14517	2.39218e-05	0.000178963	-2.58884e-05	-0.000203877	-0.000112495	-8.70017e-05	0.500114	0.971254	0.495162	0.1	0.0227823
1.20943	3.93829	-2.41932	-4.82453e-05	-0.000326931	2.92621e-05	-7.317e-05	-9.31606e-05	-8.64194e-05	0.499003	0.964792	0.494062	0.1	0.0199873
0.502386	-1.91478	-1.50749	1.316e-05	0.000232036	-1.54338e-05	-0.000204703	-0.000196308	-9.82374e-06	0.49838	0.96119	0.493446	0.1	0.0175292
-0.11709	-1.23958	0.107763	2.90697e-05	0.000175906	-5.22245e-07	-0.000118198	-0.000149243	-3.00903e-05	0.498014	0.959069	0.493083	0.1	0.0157327
-1.11328	-1.58024	-1.86548	5.90493e-06	0.000223982	-8.58099e-05	-6.8012e-05	-7.1827e-05	-0.000188989	0.49782	0.957951	0.492891	0.1	0.0207996
1.5134	-3.30441	2.11336	5.5644e-05	0.000392568	1.90809e-05	1.62041e-06	-4.95167e-07	-0.000174596	0.497807	0.957872	0.492878	0.1	0.0175523
-2.27576	2.69378	-0.492512	-2.14427e-05	-0.000234566	2.16434e-05	5.85214e-05	0.000142367	-0.000228642	0.497805	0.957862	0.492876	0.1	0.0225313
-1.62522	-2.84173	0.922638	-2.19044e-05	0.000352135	2.15895e-05	-0.000142353	-1.24086e-05	0.000264778	0.496356	0.949524	0.491442	0.1	0.0157744
-1.29673	2.67534	0.961855	-3.02801e-06	-0.000298485	4.09931e-05	-4.43262e-05	-4.40702e-05	3.07377e-05	0.495653	0.945496	0.490746	0.1	0.0181235
-0.919027	-3.70556	-2.13651	-1.46994e-05	0.000370354	-5.29159e-05	-7.48605e-06	8.90368e-07	-5.02613e-05	0.495534	0.944815	0.490628	0.1	0.0197876
-1.34923	-3.42856	-0.603807	-3.86729e-05	0.00041365	5.08778e-05	-4.87745e-05	-3.87945e-05	-2.87225e-06	0.49547	0.944444	0.490564	0.1	0.0170062
-1.26741	2.29218	1.86869	-0.000199121	-0.000319172	4.9934e-06	0.000233901	-0.000708575	0.000152306	0.495413	0.94412	0.490508	0.1	0.0202249
2.42577	1.8906	-1.37617	7.54041e-05	-0.000260319	0.000126218	0.000141771	3.68991e-06	9.47465e-05	0.493724	0.934499	0.488836	0.1	0.0167386
-1.72278	1.76326	-1.84366	6.28876e-05	-0.000205312	-6.01549e-06	5.93575e-05	-2.75391e-05	0.000389013	0.493582	0.933695	0.488695	0.1	0.0154227
0.806328	1.65567	-1.50663	-1.81714e-06	-0.00020679	0.0001073	9.74228e-05	-8.93256e-05	0.000321686	0.493482	0.933124	0.488596	0.1	0.0209437
0.88351	0.520988	-0.42893	-5.87461e-05	-8.63743e-05	-2.62942e-05	-0.000202233	0.000292449	-0.000406592	0.49325	0.93181	0.488366	0.1	0.0215834
0.68403	4.01782	0.814974	-3.12115e-05	-0.000467772	4.50971e-05	-0.000114129	-5.46334e-05	8.60549e-05	0.492733	0.92888	0.487854	0.1	0.0183674
0.153817	0.0410511	0.596699	3.4318e-05	-8.32929e-05	-7.85941e-06	-8.60237e-05	-5.99004e-05	0.000223558	0.492579	0.928012	0.487702	0.1	0.0177188
1.26846	2.66921	0.267257	1.05172e-05	-0.000353143	-1.42529e-05	0.000122041	9.06805e-05	0.000208498	0.492206	0.925909	0.487333	0.1	0.0147241
0.758414	0.243193	-1.55291	5.51652e-05	-0.000155855	1.2844e-05	0.000449283	-0.000314388	0.000139086	0.490982	0.919016	0.486121	0.1	0.021681
-1.21517	-2.23197	-0.979016	-5.63256e-05	0.000248094	-1.95088e-05	-0.000258998	-0.000344076	3.59066e-05	0.490889	0.918492	0.486029	0.1	0.0210551
-0.40021	-0.64341	1.4899	3.33374e-05	-3.09794e-05	-9.91011e-05	-2.66717e-05	0.000238637	0.000227815	0.490378	0.915628	0.485523	0.1	0.0210813
1.57797	-2.87249	1.23658	-6.52286e-06	0.000269381	-7.53672e-05	0.000227903	1.96386e-05	3.23154e-05	0.489482	0.910617	0.484636	0.1	0.0202601
-2.19503	2.79114	1.31989	1.05856e-05	-0.000242866	2.30605e-05	-0.000221192	3.51989e-05	-5.73172e-05	0.489469	0.910544	0.484623	0.1	0.0153574
2.2646	-2.45912	-1.81982	-2.25323e-05	0.000246273	2.80318e-05	0.000164722	-0.000147997	2.10574e-05	0.489084	0.908401	0.484242	0.1	0.0169395
-2.1557	1.00235	1.60349	2.63667e-05	-0.000148155	6.15668e-05	5.68343e-05	0.000156729	0.000163165	0.488971	0.907768	0.48413	0.1	0.0222129
0.972326	-1.96523	2.03407	-7.032e-06	0.000222353	6.97899e-06	2.34061e-05	-1.26478e-05	-0.000138057	0.4888	0.906812	0.48396	0.1	0.0190675
1.58843	-2.17077	0.506946	-1.05299e-06	0.000259722	2.79912e-05	-2.77006e-05	3.81878e-05	-5.1583e-07	0.488326	0.904178	0.483491	0.1	0.01951
-0.718957	-0.540067	-0.201409	1.26413e-06	8.54595e-05	-3.36161e-05	0.000221692	-7.66778e-05	0.000288957	0.48828	0.903926	0.483446	0.1	0.0158743
-2.01403	3.00879	0.395737	2.57948e-05	-0.000265564	4.3609e-05	0.000224398	-4.60051e-05	3.6178e-05	0.488206	0.903513	0.483372	0.1	0.0230359
1.58325	-3.68445	0.704114	-7.11647e-06	0.000334692	3.75475e-05	-6.13852e-05	3.12947e-05	-0.000275967	0.488125	0.903063	0.483292	0.1	0.0200301
0.0500089	1.66504	0.589867	5.41648e-05	-0.000195502	-3.05664e-05	-3.15311e-05	1.26122e-05	-3.7156e-05	0.486774	0.895587	0.481954	0.1	0.0176097
1.40909	-0.440367	1.10003	-1.31577e-05	0.000141933	5.83912e-05	5.13925e-05	-1.67249e-05	6.49015e-05	0.486222	0.892545	0.481408	0.1	0.0152961
2.3259	-0.522645	-1.75931	7.15498e-05	7.9377e-05	2.35528e-05	-7.19431e-05	7.20152e-05	3.90498e-05	0.485931	0.890944	0.48112	0.1	0.0220662
-1.06588	-3.79044	1.53597	2.28806e-05	0.000451815	1.34131e-05	-7.67467e-05	-2.78224e-05	0.000102321	0.485684	0.889585	0.480875	0.1	0.0157619
2.10556	2.50381	0.720906	4.31808e-05	-0.000174135	-4.38423e-05	-0.000249456	-2.09022e-05	0.000128181	0.485546	0.888831	0.480739	0.1	0.0210715
-1.77773	-0.241096	-1.95062	5.94304e-05	-3.38609e-05	-6.39682e-05	-2.75774e-05	8.68305e-05	-0.000219206	0.484993	0.885791	0.480191	0.1	0.0208384
-0.643149	1.05399	2.18473	3.85729e-05	-6.66747e-05	-0.000159237	0.000180992	-2.18465e-05	-1.66829e-05	0.484263	0.881798	0.479468	0.1	0.0164438
-1.83097	-1.52914	-1.21308	-1.16153e-05	0.000225021	-0.000126073	0.000252488	1.55653e-06	5.3726e-06	0.483863	0.879615	0.479072	0.1	0.0223873
-1.79184	-1.84903	0.999723	-2.28129e-05	0.000194326	3.97423e-07	-5.23391e-05	0.000116924	3.33419e-05	0.48386	0.879599	0.479069	0.1	0.0165068
1.71504	-0.130841	-0.449156	-1.39116e-05	4.58123e-05	1.74865e-05	2.78662e-07	-0.000185431	4.89971e-05	0.483476	0.877508	0.478689	0.1	0.0172306
0.514543	2.57224	1.94687	-4.22453e-05	-0.000355288	7.69285e-05	-0.000100924	6.79362e-05	-9.15018e-05	0.483004	0.874942	0.478222	0.1	0.0168435
0.294599	0.935129	-1.07135	-3.2356e-05	-0.000173257	-8.5064e-05	-0.000508148	-2.75187e-05	-9.35417e-05	0.482785	0.873753	0.478005	0.1	0.0188113
-1.28382	-1.20889	0.506728	-5.1014e-05	0.000106053	-9.46337e-05	-1.80064e-05	0.000207762	-0.000247921	0.482566	0.872562	0.477788	0.1	0.0153427
-0.0207566	0.665035	1.56748	0.000111512	-0.000143524	-7.09151e-05	4.71124e-05	-0.000260466	-0.000171352	0.482132	0.870207	0.477358	0.1	0.0215533
1.93837	2.53697	2.20185	-9.51354e-05	-0.000134234	0.000139242	0.000306644	-0.000256974	-8.90865e-05	0.48194	0.869166	0.477168	0.1	0.0201051
-0.587721	2.64861	-0.476787	5.72849e-06	-0.000256185	3.15002e-05	-0.000131306	7.89684e-05	2.68637e-05	0.481933	0.86913	0.477161	0.1	0.0222734
-1.42431	0.702276	0.636263	-5.04887e-06	-3.61541e-05	1.78175e-05	-3.10824e-05	0.000119973	-4.24568e-05	0.481479	0.866677	0.476712	0.1	0.022217
1.03077	-3.37353	-0.528343	-4.79523e-05	0.000319298	4.87624e-05	2.69485e-05	-8.11401e-05	-0.000137736	0.480917	0.863644	0.476155	0.1	0.0150254
-0.916366	-1.56023	2.18198	7.83699e-05	0.000178496	-5.75405e-05	4.451e-05	0.000168795	-8.71749e-05	0.480468	0.861231	0.475711	0.1	0.0179563
1.53917	0.450324	-2.09198	4.21206e-05	-3.64856e-05	4.32993e-06	0.000134067	-1.13763e-05	0.000138097	0.47986	0.857968	0.475109	0.1	0.0154673
0.47284	2.63536	-0.943522	-0.000144412	-0.000329906	6.31036e-05	-0.000189496	-0.000366915	-8.08293e-05	0.478966	0.853181	0.474224	0.1	0.0189583
1.22152	0.501422	1.20091	9.97899e-05	-9.71928e-06	-6.43178e-05	0.000142012	0.000276102	-0.000208521	0.478473	0.850548	0.473736	0.1	0.0190258
-2.45716	0.0185738	1.50435	-4.64056e-05	0.000208816	5.99387e-05	0.0004368	0.000197387	-0.000132535	0.478412	0.850219	0.473675	0.1	0.0234541
-1.69268	1.38564	-0.0670557	4.43588e-07	-0.000165836	-4.39874e-05	0.000128122	-1.7921e-05	0.000138134	0.47793	0.847656	0.473198	0.1	0.0188363
-1.07516	-3.05423	-1.44711	2.08467e-05	0.000270053	1.62837e-05	0.000266348	-6.36987e-06	-4.91927e-05	0.477808	0.847007	0.473077	0.1	0.0272221
2.2229	3.54282	1.22552	-2.39471e-05	-0.000300791	1.32149e-05	0.000137045	4.43672e-06	0.000160479	0.477733	0.846607	0.473003	0.1	0.0216607
-2.0413	2.73165	2.26306	-6.21012e-05	-0.000295959	2.62786e-05	-4.72479e-05	-7.47575e-05	0.000142205	0.477694	0.846395	0.472964	0.1	0.0170287
-0.647981	1.93943	-2.47135	1.42103e-05	-0.000178159	4.57438e-05	0.000297617	6.38837e-05	2.86049e-05	0.477155	0.843541	0.472431	0.1	0.0178431
-0.743779	3.13623	0.322311	-6.70488e-05	-0.000267658	1.26852e-05	-8.95023e-05	-0.000157901	6.67486e-05	0.47715	0.843513	0.472426	0.1	0.0206193
-0.702795	0.134532	1.95649	1.26636e-05	-3.707e-05	-0.00014842	-0.000189994	1.29835e-07	-2.75455e-05	0.477062	0.843044	0.472339	0.1	0.0204144
-1.51203	0.0202096	1.48588	-4.86035e-05	-4.18947e-06	-2.94493e-05	0.000175562	-1.2391e-05	-0.000311254	0.476857	0.841959	0.472136	0.1	0.0205119
1.23937	-1.10827	0.445033	1.1923e-05	0.000181325	5.06481e-05	-1.37172e-05	2.34852e-06	-7.80146e-05	0.476785	0.841575	0.472064	0.1	0.0147913
-0.359943	3.89767	2.22639	-3.47428e-05	-0.00042999	-4.69554e-05	-2.07855e-05	5.12982e-05	0.000102576	0.475355	0.834028	0.470649	0.1	0.0196755
-1.67551	-0.809401	1.93288	8.83957e-06	0.000136138	-9.91659e-05	0.000106457	0.000105129	0.000276296	0.475269	0.83357	0.470563	0.1	0.0186334
-1.65698	0.458035	2.30436	4.58315e-05	-7.35951e-05	-1.18807e-05	1.35559e-05	-2.02386e-05	-0.00014841	0.474862	0.83143	0.47016	0.1	0.0182065
2.02482	-2.82391	-0.972255	-8.30174e-06	0.000278954	5.17466e-05	-3.88093e-05	-0.000248205	0.000196159	0.474508	0.829578	0.46981	0.1	0.0205365
-2.17511	1.94415	1.7528	-3.05706e-05	-0.000156814	0.000106431	-1.01755e-05	2.35169e-06	-3.96257e-05	0.474403	0.829024	0.469706	0.1	0.0193665
-2.3788	-0.36984	-0.310991	-1.39663e-05	7.08406e-05	3.61211e-05	-0.000207483	-7.52838e-05	-2.3853e-05	0.473731	0.82551	0.469041	0.1	0.022892
-1.07239	-0.073674	-0.948255	2.36844e-05	1.07844e-05	-6.75157e-05	-0.000341835	9.6101e-06	-0.000235781	0.47183	0.815609	0.467158	0.1	0.0189578
0.693632	-3.06563	1.67773	2.86965e-05	0.000270642	2.09656e-05	-0.000247119	6.06678e-05	0.000341301	0.471086	0.811759	0.466422	0.1	0.0164944
-0.44157	-2.01977	-0.342703	-3.95034e-05	0.000230884	-1.20381e-05	-0.000154993	-0.000143366	0.00020322	0.470528	0.808876	0.465869	0.1	0.0229219
-2.14574	-2.40595	-1.06816	-4.20096e-05	0.000272478	-3.58981e-05	-0.000381264	0.000234772	-0.000132051	0.470355	0.807987	0.465698	0.1	0.0167117
0.474582	3.3538	0.143173	-2.31156e-06	-0.000375633	6.93866e-05	4.18264e-05	4.38158e-05	0.00037072	0.470211	0.807242	0.465555	0.1	0.0176512
-1.15731	-2.42465	2.45698	1.67735e-05	0.000239242	-2.12796e-05	-8.10549e-05	1.55727e-05	-0.00016785	0.47002	0.806259	0.465366	0.1	0.0200299
0.54201	1.03764	2.24526	0.000128916	-5.67947e-06	-5.86995e-05	-0.000189867	1.11358e-05	-6.70407e-05	0.46956	0.803896	0.464911	0.1	0.016286
-0.100323	-1.1042	2.26143	7.71419e-05	0.000129165	-5.81875e-05	-0.000216984	-0.000242169	2.58901e-05	0.469458	0.803373	0.46481	0.1	0.0187481
-0.627105	-1.87378	0.611568	-2.87909e-05	0.000163036	-9.23741e-05	-1.70008e-05	-0.00021058	0.00037121	0.469446	0.803307	0.464798	0.1	0.0208243
-0.793062	1.7395	-0.397309	5.21176e-05	-0.000200925	3.24333e-05	0.000100563	-0.000106944	3.58676e-05	0.468782	0.799905	0.464141	0.1	0.0171824
1.13275	-0.0475229	0.289112	-3.14348e-05	4.65262e-05	4.07619e-05	-0.000190763	-4.43327e-05	0.000183734	0.467379	0.792743	0.462751	0.1	0.0169929
1.80967	-0.358144	1.94801	7.16811e-06	7.0555e-05	2.44978e-05	0.000113456	9.89204e-05	-2.06729e-05	0.467217	0.791923	0.462591	0.1	0.0186046
-0.189087	-2.14885	1.91108	3.03065e-05	0.000194933	-3.67318e-06	0.000213745	9.7128e-05	0.000196599	0.466675	0.789165	0.462054	0.1	0.0166444
1.64067	1.20646	-1.55057	4.68238e-05	-6.92418e-05	3.87948e-05	-8.80483e-06	0.000190061	-4.33109e-05	0.466232	0.786924	0.461616	0.1	0.014458
-0.694956	2.2073	0.393276	1.61948e-05	-0.000246818	3.86219e-05	2.28065e-05	0.000131831	0.000144811	0.466205	0.786785	0.461589	0.1	0.017854
-0.903637	2.8681	-1.33147	-2.90313e-05	-0.000329807	3.261e-05	-7.67393e-05	5.41563e-05	-0.000112893	0.466076	0.786131	0.461461	0.1	0.0154329
0.911901	-2.8384	0.35458	1.28187e-06	0.000236918	3.75187e-05	-3.35159e-08	-0.0001258	-3.09971e-05	0.465707	0.784266	0.461096	0.1	0.0221694
-1.84102	-2.18793	-1.95266	-4.20229e-05	0.000288981	1.84309e-06	-4.53466e-05	0.000222894	5.7195e-05	0.465684	0.784148	0.461073	0.1	0.0215183
-1.4304	2.37184	-0.177767	7.17341e-06	-0.000258311	7.04012e-06	6.56809e-05	-0.00014909	2.0066e-05	0.46529	0.782163	0.460683	0.1	0.0158582
1.96887	1.77185	0.0475477	1.75716e-05	-0.00012581	-0.00018295	-0.00038406	-0.000736158	-0.000249504	0.464712	0.779251	0.460111	0.1	0.016611
0.815747	-1.04904	2.17643	4.53166e-05	0.000196095	4.58377e-06	-2.81421e-05	8.32521e-05	0.000107361	0.464331	0.777336	0.459734	0.1	0.0134467
1.79258	-1.63402	2.35486	-3.96083e-05	0.000229666	4.20593e-05	0.000117552	-2.84849e-05	0.0002198	0.463321	0.772277	0.458734	0.1	0.0144897
-2.19773	2.09991	0.244097	4.132e-06	-0.000224825	-2.49592e-06	-8.17536e-05	0.00013872	-7.46046e-05	0.462664	0.768994	0.458083	0.1	0.0171018
0.561544	1.85139	1.35433	1.87501e-05	-0.000253428	-1.04708e-05	0.000367944	-3.60326e-05	0.000283587	0.462514	0.768246	0.457935	0.1	0.0130929
2.05172	-1.0312	-0.00491531	-2.80966e-05	0.000150299	7.51391e-05	-4.60591e-05	-1.69664e-05	-1.92672e-05	0.462457	0.767963	0.457878	0.1	0.0159514
1.00396	-1.343	1.3312	1.05242e-05	0.000204041	5.55397e-06	-1.08372e-05	3.75186e-05	6.08682e-05	0.460448	0.757998	0.455889	0.1	0.0149461
2.02987	-3.4938	-1.60705	4.13551e-05	0.000367151	-5.36563e-06	0.000233309	5.85727e-05	-0.000257326	0.4597	0.75431	0.455149	0.1	0.0131776
2.05446	3.14688	0.043991	3.93095e-05	-0.000318236	-0.000174229	-0.000170627	0.000185314	-0.000293241	0.459434	0.752999	0.454885	0.1	0.0216352
-1.54621	-3.04881	1.84045	-2.60674e-05	0.000403998	1.84737e-05	9.84451e-05	-7.16272e-05	7.58255e-05	0.45935	0.752587	0.454802	0.1	0.0224524
0.157357	-1.53654	0.979519	1.34187e-05	0.000166463	6.7562e-05	2.67011e-06	6.28698e-06	-4.16455e-05	0.459269	0.752192	0.454722	0.1	0.0155939
-2.48006	1.94057	-2.3759	2.80627e-05	-6.53602e-05	0.000110487	-3.99418e-05	0.000136789	-0.000327002	0.459266	0.752174	0.454719	0.1	0.0184069
-0.176019	0.340388	-0.532445	2.95019e-05	-4.62963e-05	6.84721e-05	6.00422e-05	0.000101495	0.000247448	0.459194	0.751823	0.454648	0.1	0.018852
1.46059	3.0199	1.15205	-5.92117e-06	-0.00030055	-4.20411e-05	0.000300205	4.09303e-05	0.000144423	0.459118	0.751448	0.454572	0.1	0.0193497
2.18426	1.10113	-2.29082	-1.13232e-05	-3.3767e-05	6.21955e-05	0.000206768	7.87833e-06	0.000193686	0.459006	0.750894	0.454461	0.1	0.0145137
2.08122	-1.42051	-1.80794	-6.39273e-06	0.000137631	3.30442e-05	8.58857e-05	9.64796e-05	-0.00023227	0.458587	0.748846	0.454047	0.1	0.0223961
-1.46336	3.14405	-0.664858	-1.86579e-05	-0.000287049	-9.09029e-06	-0.000106975	-7.14076e-05	0.000175203	0.458044	0.746189	0.453509	0.1	0.0186169
2.33802	1.65474	1.02587	2.12653e-06	-0.000107624	9.22419e-05	-1.98593e-05	-0.000130163	-0.000138592	0.458039	0.746161	0.453504	0.1	0.0159646
-2.14025	3.74333	-0.626995	-4.84263e-05	-0.000355228	-8.36708e-05	6.23856e-05	-0.000101328	-6.69881e-05	0.457054	0.74136	0.452529	0.1	0.0203078
-1.43816	0.0370139	-0.0614383	-6.2212e-05	-4.70997e-05	-1.12632e-05	1.31536e-05	-8.28118e-05	-6.53979e-05	0.456744	0.739852	0.452222	0.1	0.0179785
1.17507	-2.4073	-0.446712	-2.87243e-05	0.000234685	3.19957e-05	-4.96668e-05	-0.000115349	-4.69028e-05	0.456538	0.738849	0.452018	0.1	0.0149873
2.38554	-3.45445	2.442	2.46932e-05	0.000305094	1.54797e-05	0.000166566	-1.31452e-05	3.34638e-05	0.456295	0.737671	0.451777	0.1	0.0174852
-1.66177	-0.745331	-0.746508	-1.77083e-05	0.000103776	2.74292e-05	0.000184184	0.000131602	7.40462e-05	0.4556	0.734306	0.451089	0.1	0.019519
-0.641805	-2.9979	1.87028	1.39853e-06	0.000336812	2.98663e-05	-4.3359e-05	0.000248815	-9.83216e-07	0.45547	0.733674	0.45096	0.1	0.01366
0.165044	2.22245	-0.146779	2.90937e-05	-0.000211186	-2.25209e-05	3.55355e-05	7.20248e-05	1.8187e-05	0.455436	0.733515	0.450927	0.1	0.0145508
1.6693	1.14891	0.639195	-9.09108e-05	2.30334e-05	-9.51525e-05	-4.81313e-05	0.000438572	0.000170005	0.45531	0.732903	0.450802	0.1	0.0143799
0.907463	-2.22811	1.1413	4.00375e-06	0.000263936	8.72818e-06	4.78513e-05	-6.02278e-05	-3.41724e-05	0.455197	0.732356	0.45069	0.1	0.0146488
1.0809	3.97419	-0.772164	-2.35554e-05	-0.000426643	-3.08636e-06	0.000219573	-0.000153114	0.000214877	0.277675	0.16624	0.274926	0.1	0.00629006
1.4923	2.00762	0.571536	0.000129568	-0.000244488	0.000137308	-0.000855631	-0.000142131	0.00011542	0.277411	0.165765	0.274664	0.1	0.00881119
1.83711	-2.22752	-0.207487	-3.72991e-05	0.000286473	1.92147e-05	-2.46938e-05	-4.50094e-05	-0.00019306	0.277355	0.165667	0.274609	0.1	0.0133922
-1.11674	1.6055	0.355679	-5.17415e-06	-0.000236026	1.09068e-05	0.000171208	-7.2019e-05	-0.000306098	0.277213	0.165412	0.274468	0.1	0.0144075
0.930753	3.88313	-0.177725	0.000176108	-0.000249388	-7.66839e-05	-0.000225028	0.000185367	-0.000364559	0.276217	0.163635	0.273482	0.1	0.0084269
-0.754527	-3.02227	-2.41748	9.88257e-06	0.000318246	1.15245e-05	0.000101074	-0.000351184	0.000274222	0.275638	0.162608	0.272909	0.1	0.00929319
0.68636	-3.79297	1.83177	-0.000147428	0.000210362	4.7032e-05	0.000241331	-0.000213618	0.000884238	0.275408	0.162201	0.272681	0.1	0.0103953
1.63154	-0.824043	-0.70633	5.08699e-05	8.05059e-05	7.98942e-05	-0.000185492	-0.000112895	-0.000128718	0.275341	0.162083	0.272615	0.1	0.00687003
-1.92786	-0.229379	2.31301	-2.44696e-05	9.50506e-07	-2.91969e-05	0.000100256	0.000123896	-5.77908e-05	0.275341	0.162083	0.272615	0.1	0.011515
-1.33689	-3.78856	2.23525	-3.08108e-06	0.000408782	-3.1271e-05	0.000204517	-4.46248e-05	0.000161696	0.275089	0.161637	0.272365	0.1	0.00871273
0.236656	-3.8452	-1.69915	9.89192e-05	0.000239093	-5.62297e-05	-0.000592893	-6.52899e-05	-0.000602146	0.275056	0.161582	0.272333	0.1	0.0105399
1.97457	1.71092	-1.96023	4.31046e-05	-3.32318e-05	0.000101683	0.000686903	0.000133415	-0.000275404	0.274446	0.160509	0.271729	0.1	0.00587727
-0.721871	0.961449	-1.42854	3.51598e-05	-0.000147343	-6.96494e-05	0.00040132	0.000183453	5.27037e-06	0.274411	0.160446	0.271694	0.1	0.00670934
-1.28195	0.692733	1.70179	3.12933e-05	-7.36282e-05	8.02095e-05	0.000107308	-3.27015e-05	0.000187564	0.274202	0.16008	0.271487	0.1	0.0106146
1.41349	-1.97978	-2.12856	-3.82264e-05	0.00028424	5.60073e-05	-0.000374018	-0.000160269	0.000171149	0.274042	0.159801	0.271329	0.1	0.0120305
2.07643	-1.75805	-0.0660205	2.23416e-05	0.000242338	6.57222e-05	0.000312725	0.000217624	-2.55926e-06	0.273887	0.159529	0.271175	0.1	0.0149696
1.42885	2.9757	1.8751	-0.000133018	-0.000324711	-5.19233e-05	-0.000476255	-0.000623495	0.00120433	0.273679	0.159166	0.270969	0.1	0.0136836
1.47752	-3.56441	-1.0954	-3.53327e-06	0.000427021	4.32776e-05	0.000226143	-1.36673e-05	8.93247e-05	0.273477	0.158813	0.270769	0.1	0.0120775
0.658103	1.58233	-2.28246	5.93432e-05	-0.00015328	3.18976e-05	0.000789701	-0.000322006	0.000287416	0.273324	0.158548	0.270618	0.1	0.00771564
-1.8388	3.33655	-2.35746	-3.38235e-06	-0.000320176	4.5635e-06	0.000208527	-0.000238527	-0.000170389	0.272973	0.157937	0.27027	0.1	0.010658
0.477984	-1.45392	-2.13407	7.40087e-06	1.47899e-05	-2.6855e-06	5.8656e-05	-2.31797e-05	3.19345e-05	0.272675	0.15742	0.269975	0.1	0.0108873
0.281461	2.88034	-1.63067	-1.29157e-05	-0.000281736	1.51148e-05	-3.58589e-05	8.59139e-05	0.000157039	0.272585	0.157264	0.269886	0.1	0.00897292
0.669213	0.469373	1.77597	0.000133154	-3.88711e-05	-4.22497e-05	-0.000244688	5.21872e-05	0.00043664	0.27236	0.156875	0.269663	0.1	0.0103877
0.57777	2.17205	0.439561	3.35477e-05	-0.000243278	-5.03056e-05	0.000100901	-9.44833e-06	5.58657e-05	0.272313	0.156795	0.269617	0.1	0.00618863
1.32076	0.230652	-0.972005	-0.00011869	-0.000107953	-2.79238e-05	0.000227449	-0.000322168	0.000609093	0.271845	0.155987	0.269153	0.1	0.00658943
1.21862	0.953037	0.113636	-0.000129049	-7.7493e-05	-2.38723e-05	-9.15019e-05	-0.000395887	0.000110938	0.271451	0.15531	0.268763	0.1	0.0116648
1.85845	3.10413	-2.02363	-0.000133171	-0.000330041	6.14922e-05	0.000110163	-0.000582498	0.00033067	0.271375	0.155179	0.268688	0.1	0.00824518
0.223881	-0.664839	0.91573	-3.16859e-05	8.17261e-05	-5.19888e-05	-5.61775e-05	2.79073e-06	0.000118029	0.270927	0.154413	0.268245	0.1	0.0093405
1.79546	3.72093	0.39378	4.33666e-05	-0.00038542	-7.96385e-05	0.000604585	-3.1601e-06	0.000697008	0.2707	0.154024	0.26802	0.1	0.00850947
0.406041	-3.84156	-2.2119	2.5359e-05	0.00022179	-8.06141e-05	0.000604942	0.000355094	0.000396858	0.270558	0.153782	0.267879	0.1	0.0114397
-0.126112	3.09643	0.727898	6.70525e-06	-0.000431042	-0.000107131	-0.000870886	0.000106106	0.000679929	0.270297	0.153339	0.267621	0.1	0.00613934
1.43773	1.30289	-0.858609	5.69376e-06	-0.000274921	4.21276e-05	-0.000126142	-6.03272e-05	-7.65662e-05	0.270287	0.153322	0.267611	0.1	0.0077951
-2.37371	-1.83938	-1.6105	-1.58959e-05	0.000205357	3.2695e-06	-0.000472321	0.000270023	0.000335458	0.270186	0.153149	0.267511	0.1	0.0120057
-0.92445	1.38923	-1.67562	9.33487e-06	-0.000227074	-7.30356e-05	6.03691e-05	7.90586e-05	-0.000158796	0.270182	0.153142	0.267507	0.1	0.00844468
-2.21782	1.47508	-0.854771	0.000418508	-9.37684e-05	2.87264e-05	6.54574e-05	0.00076794	0.000913147	0.270017	0.152863	0.267344	0.1	0.010345
1.41431	-1.06934	-2.3906	-5.82175e-05	0.000199858	7.9927e-05	-0.000367822	0.000550247	-6.17782e-05	0.26995	0.152747	0.267277	0.1	0.00855375
1.55239	1.90802	-1.69931	4.92391e-05	-0.000108588	9.12056e-05	0.000192583	-0.000494064	0.000107501	0.269181	0.151447	0.266516	0.1	0.00701276
0.747382	1.6777	0.32974	-1.12131e-05	-0.000242636	-8.63682e-05	-0.00057328	0.000519922	8.14879e-05	0.269098	0.151308	0.266434	0.1	0.00569343
0.379563	3.31226	-0.598702	1.97519e-05	-0.000416007	-2.6679e-05	0.000177326	0.000327339	0.000388625	0.268805	0.150813	0.266144	0.1	0.00575924
-0.583374	-3.06455	1.13947	-2.52501e-07	0.000373781	-8.05521e-06	-0.000200791	-0.000187809	-0.000162935	0.268767	0.150749	0.266106	0.1	0.00985437
0.851266	-1.88166	-2.20286	9.05808e-06	0.000206302	-1.27656e-05	-0.00013065	-0.00115901	0.000824616	0.268522	0.150336	0.265863	0.1	0.00808756
0.66951	1.92885	2.28285	1.71305e-05	-0.000284232	0.000107038	-0.000138136	0.000162063	0.000436899	0.268425	0.150173	0.265767	0.1	0.00702554
1.37592	-2.58415	1.93729	4.00067e-05	0.000323827	-1.39059e-06	-5.47133e-05	3.95216e-06	0.000512694	0.268352	0.150052	0.265695	0.1	0.0119056
-0.620682	3.82446	0.638237	-7.24997e-05	-0.000363368	-7.3487e-06	-0.000176871	0.000267569	-8.51547e-05	0.268323	0.150002	0.265666	0.1	0.00800837
2.34617	-0.718367	0.843635	-6.55483e-05	0.000130179	4.77673e-05	-0.00010021	1.22417e-05	0.000187981	0.268231	0.149848	0.265575	0.1	0.00712717
-1.18572	2.26699	-1.62221	-9.60177e-05	-0.0002371	-1.09173e-05	0.000268484	-0.000125951	-0.000195435	0.26816	0.14973	0.265505	0.1	0.00647544
-2.42646	1.3549	-0.103859	2.3983e-05	-4.24229e-05	1.29777e-05	8.38475e-05	0.000236872	-0.00058253	0.268094	0.149619	0.26544	0.1	0.00886174
0.184888	-3.87318	-0.202739	-6.67719e-05	0.000312919	-8.3335e-06	3.13476e-05	0.000254619	0.000178721	0.267672	0.148914	0.265022	0.1	0.0059807
0.0975229	0.0973563	2.02593	6.14301e-06	-6.67181e-06	7.10632e-05	6.98796e-05	0.000316138	0.000476793	0.267644	0.148867	0.264994	0.1	0.00881792
0.101649	0.240606	-1.91252	0.000119405	-1.44131e-05	-6.26004e-05	0.000597078	0.000210752	-2.2045e-05	0.267399	0.148458	0.264751	0.1	0.00815251
-0.857355	0.618794	-0.922824	8.22078e-05	-7.93337e-05	-3.05142e-05	0.000575566	-0.000402809	0.000218141	0.26738	0.148428	0.264733	0.1	0.00928113
-0.624083	-0.874768	0.525931	-4.79312e-05	4.11985e-05	-8.71221e-05	0.000411978	-0.000210618	0.000325428	0.267164	0.148068	0.264519	0.1	0.00751293
1.86781	2.22617	-2.03941	-4.90603e-06	-0.000101814	2.93207e-05	-0.00111746	0.000762895	0.000458212	0.266747	0.147375	0.264106	0.1	0.00848178
-2.18279	3.96158	1.11127	-1.45011e-05	-0.000352461	-3.5195e-05	0.000257188	0.000105716	-0.000266081	0.266696	0.14729	0.264055	0.1	0.00650797
-0.494114	0.222703	-1.27209	2.08593e-05	-3.5424e-05	-8.45945e-07	-6.12104e-05	-0.000584815	0.000555887	0.266657	0.147227	0.264017	0.1	0.00586762
-0.505862	-2.84651	0.490212	2.90594e-05	0.000351123	-1.63037e-05	9.72272e-06	6.44268e-05	-8.48745e-05	0.266646	0.147208	0.264006	0.1	0.0147575
-0.854898	1.04883	-2.08833	2.86335e-05	-0.000140839	-0.000113644	0.00015749	0.000393111	-0.000158812	0.266512	0.146986	0.263873	0.1	0.00713127
-0.0206306	2.85381	1.49314	4.25213e-05	-0.000393784	2.50698e-05	-7.1405e-05	-0.000101819	5.85489e-05	0.266395	0.146792	0.263757	0.1	0.00610031
2.48147	-2.5812	-0.45214	4.37799e-05	9.28692e-05	9.2836e-05	0.00033815	0.000255599	-0.00041385	0.26634	0.146702	0.263703	0.1	0.0147136
-1.97377	-1.40403	0.318429	-9.32577e-05	4.22803e-05	0.00013223	-0.000181986	-0.000173787	0.000568565	0.266286	0.146613	0.26365	0.1	0.0108812
-1.5945	3.77694	1.30001	9.45026e-07	-0.000408215	-3.53997e-05	0.000123583	-0.000132915	-0.000197781	0.266192	0.146457	0.263556	0.1	0.00743549
-0.937322	-0.678928	-1.44448	0.000174415	8.50734e-05	-0.000164769	-0.000366847	-0.000255598	-6.96556e-05	0.266027	0.146186	0.263393	0.1	0.0140281
-2.05857	3.45637	2.17198	-3.23633e-05	-0.000357698	-1.25346e-05	-0.000142076	4.02144e-05	-0.000301406	0.265875	0.145936	0.263243	0.1	0.00645899
1.26814	1.61479	0.280977	2.26358e-06	4.36256e-05	-0.000155453	0.000158074	-0.00123849	-0.000382065	0.265741	0.145715	0.26311	0.1	0.00556645
1.29382	-2.85642	-0.984457	-5.42845e-06	0.000293012	4.76874e-05	0.000237905	0.000151553	6.23615e-06	0.265638	0.145545	0.263008	0.1	0.00854032
-0.282403	0.662005	-1.44378	-7.84448e-06	-0.000170594	-9.60167e-05	-0.000826386	2.45118e-05	-0.000312848	0.265491	0.145302	0.262862	0.1	0.00610182
1.91595	-0.929666	2.37115	-5.35503e-05	0.000165894	5.5752e-05	-0.000357635	-0.000163179	-0.000291618	0.265259	0.144924	0.262633	0.1	0.00987289
1.30608	2.3566	0.941001	1.26258e-05	-0.000267706	-3.88792e-05	-0.000497021	-0.000154716	-0.00021545	0.264796	0.144165	0.262174	0.1	0.00709897
0.648355	-3.76476	0.0284012	9.24882e-05	0.000476812	-3.11153e-05	0.000473634	-0.000198431	0.000813715	0.264249	0.143274	0.261633	0.1	0.00917603
-1.79401	2.08461	2.48702	1.43923e-05	-0.000195058	4.28534e-05	5.0171e-05	-4.83868e-05	0.000151628	0.264167	0.14314	0.261551	0.1	0.0101169
-0.365004	-1.48004	1.69962	6.15009e-05	0.000173591	-7.74347e-05	0.000322406	0.000148489	-0.000556822	0.264016	0.142895	0.261402	0.1	0.00722298
0.0481668	2.76629	0.353451	0.000112459	-0.00030946	-0.000167343	0.00107267	0.000232591	0.000325738	0.263903	0.142711	0.26129	0.1	0.0105672
0.510627	-1.13039	0.51053	3.20134e-05	3.5419e-05	1.76857e-05	-0.000601217	-0.000194007	0.000178482	0.263737	0.142442	0.261126	0.1	0.00758191
1.37945	-3.71592	-1.80419	1.52511e-05	0.000443419	5.91387e-06	0.000158753	0.0001591	-0.000205508	0.263591	0.142206	0.260981	0.1	0.00894479
-0.0408117	-1.20131	-0.743818	-1.09753e-05	-0.000213056	0.000288481	-0.00112332	-0.00131476	-0.001443	0.263502	0.142062	0.260893	0.1	0.0102667
1.41302	-2.59884	-1.90626	4.90378e-05	0.000289341	8.59985e-05	-0.000933461	8.82913e-05	0.000218146	0.263392	0.141884	0.260784	0.1	0.00828139
1.31994	-0.832721	1.71799	-1.12088e-05	0.000162348	1.20957e-05	-9.74388e-07	-5.76093e-05	-0.000176891	0.263362	0.141834	0.260754	0.1	0.00621885
0.811321	-0.0390818	0.933243	-1.10331e-05	8.63146e-05	1.00628e-05	-0.000198976	-2.38226e-05	2.7905e-05	0.263318	0.141765	0.260711	0.1	0.0069566
-1.09738	3.83954	0.859735	-2.31899e-05	-0.000384226	9.67842e-06	-0.000105409	-0.000209778	0.000191491	0.262863	0.14103	0.26026	0.1	0.0096208
-1.61162	-4.02616	-2.36975	5.72118e-05	0.000405482	-4.30768e-05	0.000252043	-6.30071e-06	0.000350995	0.262474	0.140406	0.259875	0.1	0.00972656
-0.863731	1.66767	0.857012	-2.87606e-05	-3.70352e-05	-5.88504e-05	0.000235027	9.06554e-05	-0.000207012	0.262445	0.140359	0.259847	0.1	0.0097783
2.03322	1.04825	1.23972	-0.000334779	6.40275e-05	7.09186e-05	-0.000685576	-0.00132866	-0.000630134	0.262382	0.140258	0.259784	0.1	0.00773762
0.456432	-2.38118	1.69186	4.54201e-05	0.000253476	4.29244e-05	0.000787524	-0.000773213	-0.000597755	0.262307	0.140138	0.25971	0.1	0.00813215
2.30261	3.3039	-0.604702	-5.88262e-05	-0.000314901	-0.000193426	0.000513462	0.000187892	9.34158e-06	0.261855	0.139414	0.259262	0.1	0.00816605
-0.315112	-0.000283158	-1.71039	0.000107227	0.000101335	1.89763e-05	-0.000531338	0.00014976	-7.49796e-05	0.261739	0.13923	0.259148	0.1	0.00513466
0.350012	-0.651298	0.404124	3.61736e-05	-4.44593e-05	-3.61432e-05	0.000179614	0.000403957	-0.000246653	0.261522	0.138883	0.258933	0.1	0.00559505
0.393278	-2.64699	-1.61267	-1.3872e-05	0.000266215	5.28012e-05	7.98833e-05	2.09135e-05	-7.49894e-05	0.261188	0.138352	0.258602	0.1	0.010035
-0.131406	3.55862	0.481098	-0.00014257	-0.000479155	-0.000149643	0.000645774	-0.000694438	0.000205015	0.260995	0.138045	0.258411	0.1	0.00648801
1.64079	-1.23525	1.70408	-5.70187e-05	0.000190814	5.6871e-05	1.7198e-07	-0.00016462	0.000172536	0.26082	0.137768	0.258238	0.1	0.00733432
0.0227938	-0.37623	-1.80976	0.00012707	0.00012221	7.39918e-05	0.000204703	-7.76837e-05	0.000257581	0.260716	0.137603	0.258135	0.1	0.00795726
2.10536	-0.617296	1.29737	-0.000112927	0.000228703	-3.95319e-06	-0.000601696	-0.000161717	0.000313796	0.260608	0.137432	0.258028	0.1	0.00903649
1.56586	0.45701	0.560874	1.65428e-05	4.46841e-05	-6.78828e-05	1.56951e-05	-0.000287005	0.000202103	0.260419	0.137134	0.257841	0.1	0.0108105
-0.142102	2.65328	-1.33382	-7.05538e-05	-0.000300254	-3.9013e-06	-3.55348e-06	0.000330556	-0.000161134	0.25964	0.135906	0.257069	0.1	0.00907078
2.43647	-1.67364	-0.442634	-5.61855e-05	0.000205945	-2.03091e-05	-0.000743952	-0.000147436	0.000439792	0.259308	0.135386	0.256741	0.1	0.0113564
0.780885	-2.79033	-0.892458	-3.66002e-05	0.000291364	5.44004e-05	-3.06165e-06	0.000168147	9.89655e-05	0.259076	0.135023	0.256511	0.1	0.00426376
1.30073	2.00196	-0.0610636	4.74925e-05	-0.000118674	-0.00032936	-0.00108012	0.00131239	0.000141983	0.25907	0.135014	0.256505	0.1	0.00684765
-1.13002	-0.578366	1.33308	-4.96248e-05	1.36917e-06	5.52369e-06	-0.00034867	-0.000139185	0.000525434	0.258949	0.134824	0.256385	0.1	0.00848565
2.34914	1.45821	2.0064	5.03763e-05	-0.0001609	0.000251289	-0.000199787	-0.00028995	0.000270329	0.258858	0.134682	0.256295	0.1	0.0154879
-0.286359	2.83004	-2.13592	3.89666e-05	-0.000314208	6.49564e-06	0.000291595	-0.000283404	0.000128446	0.258625	0.134319	0.256064	0.1	0.00992279
0.359072	3.97921	2.3207	-2.53728e-05	-0.000234531	-0.000251898	0.000946148	3.05894e-05	-4.69113e-05	0.25855	0.134202	0.25599	0.1	0.00848178
0.215958	-1.72665	-0.415741	-7.1791e-06	0.000233269	7.19473e-05	0.000223941	-7.50068e-05	0.000310172	0.258498	0.134122	0.255939	0.1	0.00642637
-1.11847	3.65871	-1.00919	-2.51706e-05	-0.000313543	-2.2547e-05	8.64659e-06	-1.91284e-05	-0.000208931	0.258358	0.133903	0.2558	0.1	0.00716058
-1.70906	-3.46802	0.526112	8.52094e-06	0.000372918	1.2592e-05	0.000374463	0.000396382	-0.000100177	0.258082	0.133476	0.255527	0.1	0.011334
-0.846263	-3.73359	-0.150752	-5.75418e-05	0.000421254	3.00682e-05	-3.49782e-06	4.10742e-05	-6.7795e-05	0.257965	0.133294	0.255411	0.1	0.00765124
-1.50532	-1.79736	-2.45846	5.03798e-05	0.000261949	-5.675e-05	0.000126894	-2.46566e-05	0.000141891	0.25795	0.133271	0.255396	0.1	0.00568763
1.15891	-0.608355	-0.60677	-9.86369e-08	-5.98951e-08	2.12589e-08	6.70406e-26	8.83918e-25	1.53627e-26	0.257891	0.13318	0.255338	0.1	0.00735707
-0.0777532	2.3769	0.710941	1.43775e-05	-0.000252113	-2.38168e-06	0.000290682	-4.33121e-05	-0.000102612	0.25788	0.133161	0.255327	0.1	0.00852825
-0.396331	-1.82975	1.30461	1.28007e-05	0.000225844	3.1237e-05	-0.00013832	-0.000211334	-2.18626e-05	0.257497	0.13257	0.254948	0.1	0.00613992
-1.83672	3.42417	1.66632	3.22668e-05	-0.000370394	-0.000176589	0.000494674	-4.14295e-05	0.000133432	0.257171	0.132066	0.254625	0.1	0.00489195
1.70682	2.36335	-0.255378	0.000237434	3.49643e-05	-6.62876e-05	8.63486e-05	0.000232486	-0.00054286	0.257045	0.131872	0.2545	0.1	0.0111048
0.570441	0.589653	0.297799	4.7604e-05	-0.00025638	-0.0001455	0.000634803	0.000180883	-0.000131208	0.257002	0.131805	0.254457	0.1	0.0130299
0.0255464	-2.8102	1.74754	1.34962e-05	0.000218356	-5.44115e-05	-0.000164593	-0.000176831	-0.000395868	0.2563	0.130728	0.253762	0.1	0.00702948
1.96206	1.20304	-0.890251	-4.17202e-07	-0.000366977	-0.00018992	0.000210174	-0.00025489	-0.000216399	0.256161	0.130517	0.253625	0.1	0.00756445
1.5357	3.01918	-2.42513	-0.000120259	-3.91276e-05	-1.16914e-05	2.52169e-05	-7.9587e-05	-0.000486312	0.256037	0.130326	0.253502	0.1	0.00939237
0.35089	-0.524471	2.30137	-5.28199e-05	8.52948e-05	2.43739e-05	1.69626e-05	0.000392671	-0.000133101	0.255995	0.130262	0.25346	0.1	0.00655416
1.06871	2.47049	-0.495499	-9.01705e-05	-0.000378062	4.7793e-05	0.000205966	4.28093e-05	0.000458389	0.25592	0.130148	0.253386	0.1	0.00910658
-2.14428	-0.562042	-1.2523	6.0087e-05	2.57755e-05	3.59085e-05	0.000197821	-0.000155456	-0.000218361	0.255837	0.130021	0.253304	0.1	0.0136959
0.358849	1.22329	1.08973	2.63311e-05	-0.000239349	-5.1148e-05	-0.000394782	0.000359319	-0.000358107	0.255747	0.129885	0.253215	0.1	0.00800833
-0.0216013	1.31177	1.90307	9.05409e-05	-0.000162622	-6.32803e-05	-0.000324691	0.000229693	0.000427281	0.255291	0.129191	0.252763	0.1	0.00678242
0.43238	-3.42899	-0.937566	-2.03364e-05	0.000407611	2.03954e-05	-0.000340055	-7.27746e-05	-0.000354602	0.255224	0.129089	0.252697	0.1	0.00421921
-1.10789	1.48948	-2.14771	4.14507e-05	-0.000187453	-2.9692e-05	-2.60327e-05	-7.58145e-05	-9.28472e-05	0.255101	0.128903	0.252575	0.1	0.00655945
-1.02775	1.12987	1.57012	-6.40616e-05	-7.26488e-05	-6.16231e-05	-0.000413619	0.000629196	4.63692e-05	0.254823	0.128482	0.2523	0.1	0.0153152
1.58844	-2.80849	-2.33885	5.04084e-05	0.000284125	9.6838e-05	0.000537289	0.00031735	0.000694332	0.254506	0.128002	0.251986	0.1	0.00737871
-0.304445	1.20871	-0.374132	3.10663e-07	-5.44001e-07	-1.51707e-06	-2.40102e-15	-2.27083e-16	-1.00436e-15	0.254402	0.127845	0.251883	0.1	0.0124726
1.66154	-3.56082	-2.20526	-2.41562e-05	0.000474738	4.75362e-05	-0.000580493	9.26113e-05	-0.000676787	0.254272	0.127649	0.251754	0.1	0.00612686
-0.95087	-1.11078	1.61504	-8.27178e-05	0.000190443	-2.25726e-07	6.53718e-05	0.000456188	4.20049e-05	0.254252	0.127621	0.251735	0.1	0.0077981
-1.70278	0.67496	-0.177391	1.75607e-05	-8.52042e-05	-5.57447e-05	-8.17076e-05	-5.91883e-05	-0.000183399	0.254212	0.12756	0.251695	0.1	0.00979108
1.0377	-2.2522	-1.8943	1.08399e-05	0.000246238	3.24451e-05	0.000415641	0.00017095	1.4291e-05	0.254199	0.127539	0.251682	0.1	0.00659185
1.218	1.6295	0.873167	-7.89219e-05	-0.000118883	0.000111987	0.000224819	0.000452683	0.000344581	0.254057	0.127328	0.251542	0.1	0.00604324
1.34251	3.37635	-1.95988	-0.000130474	-0.000278644	4.69501e-06	7.82898e-05	-8.30795e-05	-1.56469e-06	0.253567	0.126591	0.251056	0.1	0.00953958
-1.37223	-0.864364	-0.123768	-1.21904e-06	7.80128e-05	-5.14361e-05	-1.04374e-05	-0.000192361	4.42387e-05	0.253456	0.126426	0.250947	0.1	0.00620618
1.03847	1.32955	1.31983	0.000122474	-0.000134849	-3.29907e-06	-0.00015523	-0.000609812	6.94313e-05	0.253434	0.126392	0.250925	0.1	0.00640263
-2.38367	2.79035	-2.0251	-6.66502e-05	-0.000214913	0.000121733	-0.000524135	0.000219242	-0.000653946	0.253312	0.12621	0.250804	0.1	0.0117903
1.23434	-0.588772	-2.48074	7.45178e-05	0.000139853	4.63804e-05	0.000371058	-8.19308e-05	-0.000327394	0.253184	0.126018	0.250677	0.1	0.00890948
0.848587	0.967484	1.6052	0.000158946	-8.42723e-05	-6.32859e-07	-0.000188091	-6.92181e-05	0.00055163	0.253182	0.126015	0.250675	0.1	0.00533228
-0.607634	2.4258	1.06417	1.55279e-05	-0.000234126	2.01355e-05	0.000111371	0.000141282	0.00018959	0.253176	0.126006	0.250669	0.1	0.00738131
1.87099	-0.890345	0.719797	-3.18346e-06	0.000217511	5.08163e-05	-3.48198e-05	-2.39928e-05	-9.64371e-05	0.253012	0.125762	0.250507	0.1	0.00763924
-2.14716	1.32109	-2.31408	3.91811e-05	-0.000103839	-2.10421e-05	-0.000261702	-0.000525697	4.60584e-05	0.252518	0.125027	0.250018	0.1	0.00712646
0.40873	0.216508	-0.905614	-2.11649e-06	-1.51979e-06	-2.59602e-06	-1.62696e-07	6.9462e-08	-1.31519e-07	0.252479	0.124968	0.249979	0.1	0.00916309
2.26311	2.97755	-2.3215	-3.30109e-05	-0.000210513	0.000149107	-0.000585495	0.000333253	-0.000448935	0.25247	0.124955	0.24997	0.1	0.00652668
1.25481	-1.13474	-1.11237	-6.14033e-05	0.000157789	2.33662e-05	6.27905e-05	6.71425e-05	9.6438e-05	0.252451	0.124927	0.249951	0.1	0.010934
1.04784	-1.40864	-2.25787	-0.000111951	0.000269474	0.000113864	-0.000254705	-0.00100229	-9.01236e-05	0.252394	0.124843	0.249895	0.1	0.0147914
-1.72703	-2.75461	-1.53102	2.03165e-05	0.000281651	9.35424e-06	0.000448263	-0.000465402	0.000169105	0.251969	0.124213	0.249474	0.1	0.00869152
0.743325	-3.80452	-1.05859	9.01461e-06	0.000414204	5.31913e-05	-7.15393e-05	8.8918e-05	-0.000361324	0.251672	0.123775	0.24918	0.1	0.00689695
0.302385	-1.67158	2.10167	8.99407e-05	0.000110017	5.41079e-05	0.000190103	7.25199e-05	-0.000531147	0.251598	0.123666	0.249107	0.1	0.010003
-1.37403	-1.63761	1.62392	3.39608e-05	0.000300378	-4.39894e-05	-0.000160876	5.39989e-05	0.000199787	0.251461	0.123464	0.248971	0.1	0.00643763
0.151697	-2.86915	2.23376	1.18243e-05	0.00013948	-7.56175e-05	-2.92283e-05	-3.45012e-05	-0.000569516	0.251337	0.123281	0.248849	0.1	0.00980372
-1.99011	-1.17362	0.844099	-2.61194e-05	0.00012779	4.72266e-05	0.00013155	6.41148e-05	-0.000100678	0.251292	0.123215	0.248804	0.1	0.00774885
1.99729	-3.92658	-2.15605	-2.36511e-05	0.000466783	-3.08874e-05	-1.88903e-06	0.000334766	0.000584495	0.251252	0.123155	0.248764	0.1	0.00691288
0.326247	-1.00291	-1.05463	-0.000189212	0.000107597	6.38752e-05	0.000442259	0.000449726	0.000573905	0.251159	0.123019	0.248672	0.1	0.0105002
0.448481	-3.82617	-0.637262	-8.78346e-05	0.000424631	1.31878e-05	0.000286555	-0.000244844	0.00022155	0.250885	0.122618	0.248401	0.1	0.00556682
-1.0761	-1.03004	-2.35434	7.31453e-05	0.000163236	-7.05456e-05	9.76788e-05	-0.000496029	0.000377204	0.250767	0.122444	0.248284	0.1	0.0108268
1.98139	-3.04823	-2.14768	0.000127657	0.00025054	-0.000110108	1.83271e-05	-0.000442132	0.000287794	0.250701	0.122347	0.248219	0.1	0.00699887
0.902202	-1.48219	-1.05725	-6.33011e-05	0.000171902	0.000103973	0.000513795	0.000532204	0.00102808	0.250676	0.122311	0.248194	0.1	0.0105937
1.77486	3.61234	-2.06072	-7.35836e-05	-0.000329734	-4.04424e-05	0.000187204	-0.000438429	-3.94626e-05	0.250667	0.122297	0.248185	0.1	0.0057406
0.217639	-3.85667	-1.07827	-6.78939e-05	0.00045153	2.08146e-05	0.000221854	-0.000404814	-5.86813e-05	0.250642	0.12226	0.24816	0.1	0.00525026
-1.46001	-0.722995	-2.38954	2.09637e-05	3.28517e-05	-0.000113545	0.000427801	-7.15825e-05	0.000282635	0.250299	0.12176	0.247821	0.1	0.00826789
0.56604	-1.36937	-0.358473	8.56206e-05	0.000156204	-1.37216e-05	-0.00033491	0.000449494	-0.000789657	0.25018	0.121585	0.247703	0.1	0.00965649
-0.287734	-2.69263	2.38281	7.23272e-05	0.000251552	-2.94377e-05	0.000531403	9.23118e-05	0.00024412	0.250152	0.121546	0.247675	0.1	0.007137
-2.48558	-3.12996	-1.95367	3.1822e-05	0.000291263	1.74462e-05	-0.000213454	4.02277e-05	6.77768e-05	0.250067	0.121421	0.247591	0.1	0.00630564
-0.0391418	1.63335	2.29628	4.50992e-05	-5.93856e-05	-2.75652e-05	5.6017e-05	-9.02311e-05	0.000269355	0.250057	0.121407	0.247581	0.1	0.00845039
-2.20138	1.00815	-1.07029	9.56559e-05	-7.42819e-05	-5.329e-05	2.02221e-06	-0.000247061	-0.000174153	0.249982	0.121297	0.247507	0.1	0.00565785
-1.70654	-0.243559	-1.22791	3.51814e-05	2.64157e-07	-7.0395e-05	-0.000114049	-0.000249093	0.000125193	0.249805	0.121041	0.247332	0.1	0.0106231
-1.30811	0.905491	-2.26104	3.44859e-05	-9.70964e-05	-1.86364e-05	-0.000209025	-0.000200697	-2.24796e-05	0.249501	0.120599	0.247031	0.1	0.00947064
1.18977	-3.80686	0.0912948	0.000171716	0.0004755	4.28242e-05	0.000479071	-0.000856003	-6.03257e-05	0.249491	0.120585	0.247021	0.1	0.00891549
0.957389	2.03566	0.758711	-7.44131e-05	-0.000182864	4.75919e-05	-0.000654035	-0.000391957	-0.000321659	0.249466	0.120547	0.246996	0.1	0.0069504
0.0267535	0.262692	-1.37557	3.01488e-05	-0.000119722	3.19725e-05	8.09133e-05	0.000165592	0.000497049	0.249265	0.120257	0.246797	0.1	0.00734826
0.741252	-1.08949	-1.31072	-0.000194242	8.36747e-05	6.47063e-05	-0.000805496	-0.000379031	-0.000467725	0.24919	0.120149	0.246723	0.1	0.0122758
0.618639	-0.613658	-0.962992	-2.45452e-07	-4.72505e-07	-1.28039e-07	-3.53062e-16	1.14994e-15	-3.74512e-15	0.249006	0.119884	0.246541	0.1	0.0144622
-1.42875	2.33924	-0.963655	3.37668e-05	-0.000214115	2.61302e-06	-0.000241724	0.000227709	0.000480532	0.248917	0.119754	0.246452	0.1	0.0108572
2.1933	0.642176	1.94963	0.000144663	-2.20762e-06	-6.84222e-05	0.000107742	0.000290218	6.19324e-06	0.24891	0.119744	0.246446	0.1	0.0105058
1.83219	0.0861167	1.37059	0.000261679	-3.27474e-05	3.35495e-05	0.000188141	0.000545693	-0.00101594	0.248903	0.119734	0.246439	0.1	0.0077463
-1.26119	-0.0663128	-2.42705	2.66976e-05	5.22657e-07	-4.49469e-05	0.000121247	-0.000126385	0.000577356	0.248902	0.119733	0.246438	0.1	0.00764292
-1.58525	2.99157	1.67059	6.20537e-05	-0.000351361	-3.88918e-06	-0.000884624	-0.000262769	0.000122753	0.248378	0.118978	0.245919	0.1	0.00828473
1.50255	1.15235	1.31407	0.000148562	-4.73669e-05	-3.42093e-05	0.000214543	0.000240831	0.000381322	0.248178	0.11869	0.245721	0.1	0.0057698
-0.33171	0.482639	-2.01265	5.66165e-05	-0.000225806	-0.000110527	-0.00077664	-1.0706e-05	-0.000144679	0.24787	0.118249	0.245416	0.1	0.00703745
-1.28988	-0.239504	2.11448	-3.67394e-06	8.21419e-05	-5.12583e-05	0.000231572	0.000319193	-0.000396413	0.247827	0.118187	0.245373	0.1	0.00717177
-1.61367	-1.27607	1.39879	6.09832e-06	0.000181393	-8.06579e-05	-0.000142043	0.000216603	-2.11494e-05	0.247767	0.118102	0.245314	0.1	0.0079353
-1.68637	-3.53563	1.25861	1.77592e-05	0.000415744	-1.41284e-05	7.81651e-05	-3.9518e-05	-6.1717e-05	0.247735	0.118056	0.245282	0.1	0.00876534
1.03881	-3.44937	1.15378	2.93306e-09	-1.06277e-07	-3.85061e-10	-1.37438e-28	-2.2674e-27	-9.34588e-29	0.247707	0.118015	0.245254	0.1	0.00970702
-0.047217	3.78522	0.979044	1.88865e-05	-0.000399275	-2.36358e-05	3.156e-05	-0.000109842	-0.000134372	0.247608	0.117873	0.245156	0.1	0.00811286
-1.68445	3.32695	0.97192	1.35056e-05	-0.000349047	-8.25985e-06	-0.000168158	-0.000365072	0.000137952	0.247575	0.117828	0.245124	0.1	0.0080143
1.47437	0.792138	-0.873221	9.96473e-06	-0.000273852	1.77502e-05	0.000243349	1.41319e-06	9.82294e-05	0.247232	0.117337	0.244784	0.1	0.00918902
0.12237	-3.44531	-1.32562	-6.98258e-05	0.000425189	4.23807e-05	-0.000213956	-1.14344e-05	0.000365036	0.247018	0.117033	0.244572	0.1	0.0075007
0.245569	2.09823	-1.35711	-5.67882e-05	-0.000308965	5.34666e-05	8.6404e-05	-0.000251603	-0.000254792	0.246945	0.11693	0.2445	0.1	0.00752704
-1.91802	3.35191	-1.15031	-1.55846e-05	-0.000322148	-4.59017e-06	-0.000214978	-0.000100572	8.23115e-05	0.246862	0.116812	0.244418	0.1	0.0101225
-0.16917	0.511886	2.25811	3.24605e-05	-5.64547e-05	-4.53447e-05	-0.000234169	-0.000202199	2.01422e-05	0.24683	0.116767	0.244386	0.1	0.00780471
-0.794403	-1.54229	1.44053	3.46551e-06	0.000277912	-8.84524e-06	-1.82025e-06	-0.000477391	0.000273518	0.246791	0.116712	0.244348	0.1	0.0066842
0.245255	3.43735	0.807322	-2.46534e-05	-0.000419838	5.07118e-05	-8.18845e-05	-0.000135501	-7.70481e-05	0.246746	0.116648	0.244303	0.1	0.00573605
-0.265637	4.01705	0.330928	-9.01042e-05	-0.000445891	-3.25903e-05	6.73975e-05	-7.93885e-05	-0.000152513	0.246741	0.11664	0.244298	0.1	0.00724391
-0.148424	1.43146	-0.792329	-1.60853e-05	-7.5211e-05	-0.000216937	-1.93943e-05	0.000308199	0.000225144	0.246625	0.116476	0.244183	0.1	0.0065997
1.34272	3.69074	0.816825	-0.000140696	-0.000424103	7.25931e-05	-1.24162e-05	-2.25693e-05	-4.17425e-05	0.246618	0.116465	0.244176	0.1	0.00904604
-0.352353	0.32818	0.14315	-2.38555e-05	-0.000113643	2.78545e-05	4.113e-06	-0.0004445	-8.79701e-05	0.246595	0.116433	0.244153	0.1	0.00630489
1.72913	2.74436	-0.575474	0.000191033	-4.42214e-05	-0.000167716	-0.000611457	-0.000170369	0.000756655	0.246366	0.11611	0.243927	0.1	0.0107148
-0.834613	-1.38897	-0.0285821	3.16155e-06	-2.49966e-06	-1.3486e-05	-1.62328e-05	-6.30452e-05	6.69561e-06	0.246308	0.116027	0.243869	0.1	0.00979431
0.0637995	1.12924	0.10052	-2.51211e-05	-0.000204248	-2.25888e-05	1.46302e-05	0.000371156	2.69056e-06	0.246304	0.116021	0.243865	0.1	0.0129644
-1.22759	-1.04833	1.21096	2.01946e-05	5.8841e-05	-5.79785e-05	0.000442408	-0.000194148	-0.000406595	0.24629	0.116001	0.243851	0.1	0.0062336
-1.08256	2.02501	1.21191	3.87336e-05	-0.000219117	5.9408e-05	-0.000128957	0.000447819	-7.40283e-05	0.246171	0.115834	0.243734	0.1	0.0082106
0.635807	3.77531	-0.599575	-3.74996e-05	-0.000349926	1.72136e-05	-0.000277692	0.000208559	3.48931e-05	0.246104	0.115739	0.243667	0.1	0.00466975
0.679511	-3.29594	0.8563	5.45027e-09	-1.06262e-07	1.6342e-09	-2.53318e-27	-4.25988e-25	1.79894e-26	0.245924	0.115485	0.243489	0.1	0.00985862
-2.29994	0.850245	2.29993	9.07957e-05	3.81448e-05	0.00011702	-0.00021393	-0.000245895	-8.11529e-05	0.245818	0.115336	0.243384	0.1	0.00953891
1.35105	0.60619	-1.32139	-7.94699e-07	-4.81944e-05	3.35246e-05	0.000135676	-0.000135136	-0.000190553	0.24563	0.115072	0.243198	0.1	0.0100915
-0.612834	0.45007	-2.40887	7.18427e-05	-0.000117402	-0.000121579	0.000607212	-0.000157175	-0.000844241	0.245492	0.114877	0.243061	0.1	0.00949513
2.17009	2.40546	1.43553	-5.41316e-08	-1.89724e-08	-6.34058e-07	-4.64216e-24	1.36361e-24	4.41358e-25	0.245444	0.114812	0.243014	0.1	0.0107518
2.48319	-3.17839	0.331908	-1.50072e-05	0.000302459	-2.95844e-05	-5.39473e-05	0.00032746	0.00011698	0.245374	0.114714	0.242945	0.1	0.0111151
-0.719152	-0.240665	-1.54168	0.000135227	4.34927e-05	-4.13252e-05	0.000249853	-0.000611902	0.000484054	0.245244	0.114531	0.242816	0.1	0.00535079
0.760636	-3.49341	2.24438	2.15955e-05	0.000194583	2.93322e-05	-0.000402374	0.000409371	-0.000205721	0.245189	0.114453	0.242761	0.1	0.0064502
1.4412	3.35851	0.426281	8.24316e-05	-0.000380498	-5.86703e-05	-0.000274618	0.000482195	-0.000635115	0.244966	0.114142	0.242541	0.1	0.0119595
-0.407527	0.838471	-0.959882	2.70932e-05	-9.22013e-05	1.79269e-05	-0.000616279	0.000248636	-7.36818e-05	0.244953	0.114123	0.242528	0.1	0.00534941
-1.96834	-0.978353	0.0449522	-4.74477e-05	-4.22076e-05	1.28932e-07	2.6274e-05	9.21866e-05	-0.000369964	0.244934	0.114096	0.242509	0.1	0.00853149
0.210351	-1.0109	1.63629	7.98488e-05	9.17532e-05	-2.86172e-05	1.17842e-05	0.00029185	0.000502888	0.244844	0.113972	0.24242	0.1	0.00699346
-0.730112	-2.73839	-1.98832	3.39051e-05	0.000281132	3.37099e-05	5.37154e-05	0.000342547	-0.000578114	0.244741	0.113827	0.242318	0.1	0.011237
-0.210699	2.71334	1.04918	4.69841e-05	-0.000305905	3.57199e-05	0.000161522	-7.65856e-05	-0.00048774	0.244734	0.113818	0.242311	0.1	0.00613404
2.45729	-2.1173	1.15164	8.89146e-05	0.000209316	-2.09003e-05	0.000361843	-0.000206309	-0.000467455	0.244542	0.11355	0.242121	0.1	0.00985487
0.138387	-1.49282	1.67463	9.45591e-06	9.41613e-05	7.50513e-05	0.000296135	-2.03034e-05	0.00013943	0.244486	0.113471	0.242065	0.1	0.00670256
0.872999	-2.50987	-1.29224	-3.77254e-05	0.000291956	0.00010015	0.000132147	-0.000128681	-3.79161e-05	0.244454	0.113428	0.242034	0.1	0.00714057
0.688528	2.68212	-0.249205	7.62681e-08	-2.1535e-07	2.11449e-07	1.92818e-10	6.35434e-11	5.92276e-11	0.2444	0.113351	0.24198	0.1	0.00654145
1.2452	2.73459	2.28788	-0.00012574	-0.000217925	7.31695e-06	-0.000654819	-0.000154141	0.000140585	0.244162	0.113022	0.241745	0.1	0.0111173
-2.3469	-0.984016	0.345781	-2.94139e-05	7.84035e-05	3.43633e-05	3.3651e-05	7.61844e-05	-0.000320593	0.24414	0.112991	0.241723	0.1	0.00769044
-0.0959694	-3.92337	-2.1471	-2.35978e-05	0.000363665	-4.40983e-06	0.000106326	-0.000169527	-9.37226e-05	0.244103	0.112939	0.241686	0.1	0.00832362
0.344115	-2.96106	-1.06135	-4.42811e-06	0.000391256	-1.25441e-05	0.000192476	0.000146144	0.000363232	0.244062	0.112883	0.241646	0.1	0.00686877
-0.335895	1.22538	-1.2348	1.84384e-05	-0.000232902	-0.00011466	-1.48443e-05	0.000250509	-3.78649e-05	0.243921	0.112687	0.241506	0.1	0.00421891
-1.38695	3.03627	0.0318331	-4.85544e-05	-0.000277049	-1.24595e-05	-0.000210091	1.8456e-05	0.000112124	0.243692	0.112369	0.241279	0.1	0.00824764
0.912245	1.65485	1.93265	3.80153e-05	-0.000177648	4.22823e-05	0.000406248	0.000100054	6.10279e-05	0.24367	0.112339	0.241257	0.1	0.0094298
-1.41766	-1.27704	-0.379669	7.67903e-05	0.00010346	-6.06322e-05	1.7579e-07	1.62801e-05	0.000126873	0.243648	0.11231	0.241236	0.1	0.00963943
-2.05349	2.17023	-0.952433	4.63709e-05	-0.000254881	0.000116117	-0.000152324	2.6751e-05	0.000110629	0.243387	0.111948	0.240977	0.1	0.00709458
-2.29808	0.975352	-0.590542	-5.16165e-07	-9.07935e-07	-8.26958e-07	2.58805e-24	-1.74854e-23	6.9076e-24	0.243111	0.111568	0.240704	0.1	0.00851868
-2.352	-2.59801	1.20264	-9.85959e-06	0.000364777	-3.34981e-05	4.89151e-05	-0.00028609	-0.000160974	0.242966	0.111368	0.24056	0.1	0.009273
0.756716	1.48438	0.795311	-1.38525e-05	-0.000130196	-7.50699e-05	0.000112575	-0.000190998	-0.00100325	0.242842	0.111198	0.240438	0.1	0.00453976
-1.64397	3.95073	-1.06248	3.21245e-05	-0.00038432	1.69706e-05	0.000306099	0.000136971	0.000235963	0.242774	0.111104	0.24037	0.1	0.00959432
1.51835	-0.686731	-2.07474	0.000248522	6.2084e-05	0.000146283	0.000891251	-0.000184385	-0.0012517	0.242496	0.110724	0.240095	0.1	0.0123456
1.77692	-1.23613	1.21053	-4.34689e-05	0.000221894	2.625e-05	-0.000169649	-0.000143339	0.000194712	0.242131	0.110225	0.239734	0.1	0.00811986
1.11471	-0.426867	2.06499	5.75824e-05	0.000185297	-2.91669e-05	-3.7101e-05	-3.29003e-05	-0.000288351	0.241931	0.109952	0.239536	0.1	0.00901493
-0.896777	-3.94889	-0.910082	-0.000180284	0.000343151	-9.73906e-05	-0.000431719	0.000125953	0.000587304	0.24193	0.10995	0.239535	0.1	0.00761484
-2.15955	0.832916	-0.0794826	1.02416e-06	-4.59262e-07	-2.18938e-07	-4.7067e-25	-2.3712e-24	3.14258e-25	0.241739	0.109691	0.239346	0.1	0.0117191
-1.21473	-0.725633	-1.86358	-3.64055e-07	-1.6812e-07	-5.55537e-07	1.3073e-24	-1.32636e-23	3.66916e-25	0.241738	0.109688	0.239345	0.1	0.0135767
-1.87739	-3.76771	0.879267	3.99315e-05	0.000386581	-3.45835e-06	-0.000278779	-0.000178911	-7.65955e-05	0.241731	0.109679	0.239338	0.1	0.00863892
-1.11104	-1.81306	-0.0878624	-9.46274e-07	-2.08813e-07	-2.47857e-07	1.31058e-25	1.5905e-24	4.48487e-24	0.241723	0.109668	0.23933	0.1	0.00909476
-1.55447	-2.73005	-0.578001	-0.000124409	0.00036757	3.0941e-05	-0.000160246	5.59294e-05	0.000193943	0.241715	0.109657	0.239322	0.1	0.00818408
-1.39997	3.31812	1.3637	2.80669e-05	-0.000401048	-4.65606e-05	0.000155489	-0.000425191	0.000434157	0.241502	0.109368	0.239111	0.1	0.00636767
-1.24264	-2.2146	0.711764	-1.36886e-05	0.000140815	8.98441e-05	0.000778409	-9.83228e-06	0.000122044	0.241393	0.109219	0.239003	0.1	0.00643518
-1.90743	-3.0038	-0.793677	-2.88558e-05	0.000381132	4.47823e-05	-9.24603e-05	0.000180307	-7.4321e-06	0.241283	0.10907	0.238894	0.1	0.00810094
2.33921	1.14796	-1.6169	0.000184103	-0.000202601	3.02168e-05	0.000415793	0.00084284	-6.91456e-06	0.241125	0.108856	0.238738	0.1	0.00633348
0.836313	2.15194	0.00815453	3.12085e-05	-0.000335755	6.24839e-06	-0.000338709	-0.000159455	-0.000393837	0.241121	0.108851	0.238734	0.1	0.00547642
2.4084	2.98006	1.89078	-9.89401e-06	-0.000269763	-2.19187e-05	0.000576056	-0.000319898	-0.000118814	0.241078	0.108793	0.238691	0.1	0.00642808
1.08737	1.25627	-2.05068	2.90512e-05	-0.00014328	1.41601e-05	-0.00041551	-7.4444e-05	-0.000106946	0.241066	0.108776	0.238679	0.1	0.00636562
-2.21631	2.1786	0.937435	-0.000204669	-0.000244606	1.66128e-06	7.58479e-05	1.96676e-05	2.36196e-05	0.241027	0.108724	0.238641	0.1	0.00872627
-2.36202	1.42815	-1.88933	2.34156e-05	-0.000104907	3.04076e-05	0.000294183	0.000449756	-3.14574e-05	0.24097	0.108646	0.238584	0.1	0.00396871
2.02687	1.31575	1.65938	0.000132518	5.26206e-05	8.53152e-05	0.00108671	0.00049633	-0.000114586	0.240966	0.108641	0.23858	0.1	0.00816605
1.1965	-0.163258	-1.98451	0.000169291	-6.22715e-05	5.85052e-05	-0.000327745	0.000391295	0.0001616	0.24074	0.108335	0.238356	0.1	0.00560754
0.549618	2.66154	0.209966	5.06036e-05	-0.000336918	1.1346e-05	0.00019039	-0.000169148	-0.000446807	0.240483	0.107989	0.238102	0.1	0.00429079
-2.05604	3.49338	1.23188	-1.23518e-05	-0.000299506	-0.000117515	-9.01366e-05	0.00025983	0.000183752	0.240458	0.107956	0.238077	0.1	0.00643516
2.4982	-0.457327	2.03511	1.13281e-05	0.000300065	0.000107471	9.80839e-05	0.000107468	-0.000262949	0.240401	0.107879	0.238021	0.1	0.00803611
0.468163	0.294115	1.20042	0.000156713	4.22024e-05	-0.000199996	4.10707e-05	0.000131544	0.000168001	0.240234	0.107654	0.237855	0.1	0.00681745
-1.84649	1.97101	-0.569924	2.18296e-05	-0.000348577	8.21484e-05	3.03608e-05	0.000186545	-0.000211259	0.240234	0.107654	0.237855	0.1	0.0109553
2.16224	1.77203	-0.642648	0.000214255	-0.000370784	-0.000257083	0.00191636	0.000179114	0.00131126	0.240084	0.107453	0.237707	0.1	0.00835042
0.432009	1.21176	1.57725	0.000138325	-0.000233711	-8.22752e-05	-0.00053123	2.38006e-05	-1.67211e-05	0.239985	0.107319	0.237609	0.1	0.00591867
0.253759	0.688263	0.908053	0.000145017	-7.62844e-05	-5.59111e-05	0.000537885	0.000401695	-0.000442884	0.239931	0.107246	0.237555	0.1	0.00592882
2.03896	2.87596	1.50359	3.01736e-05	-2.529e-05	1.27926e-05	-0.00010548	-4.96624e-05	0.000158782	0.239786	0.107053	0.237412	0.1	0.00938445
-0.846017	-0.881463	0.974166	2.05978e-05	-3.45899e-05	-7.55857e-05	-0.00014049	0.000477847	-0.000229058	0.239696	0.106933	0.237323	0.1	0.00569342
0.24397	-1.57022	-0.91777	-5.06812e-05	-0.000207841	0.000213491	0.00227558	0.000644932	0.000986927	0.239588	0.106787	0.237216	0.1	0.00946703
-0.295353	-3.45185	2.27845	6.77238e-08	0.000375648	1.35847e-06	0.000262265	7.74343e-06	-0.000343549	0.239483	0.106648	0.237112	0.1	0.00968967
-1.84269	-2.88621	0.229964	-3.56117e-05	0.000293774	4.30831e-05	0.000233549	0.000118044	0.000110006	0.239239	0.106322	0.23687	0.1	0.00979907
1.2732	3.83458	0.332642	-6.13749e-05	-0.000412822	-7.84173e-06	5.00201e-05	-0.000655625	-0.000160555	0.239237	0.106319	0.236868	0.1	0.00809164
-2.23957	-1.25687	-0.342912	1.36984e-05	0.000279308	7.18526e-05	-0.000421753	-0.000136337	0.000535747	0.239205	0.106277	0.236837	0.1	0.0109924
-2.38237	-0.641244	1.25719	-8.90334e-05	0.000222516	1.35725e-05	-0.000651682	-0.000231095	5.51095e-05	0.239191	0.106258	0.236823	0.1	0.00763675
-2.48784	-0.787387	2.41497	-2.90636e-05	0.000267144	9.35989e-05	0.000143505	0.000161953	0.000167402	0.238965	0.105957	0.236599	0.1	0.0110844
-1.67092	-3.52232	0.0403619	-6.82791e-05	0.0004365	2.4165e-05	-0.000129961	-0.000102548	0.000240494	0.238904	0.105876	0.236539	0.1	0.00905268
-0.687455	-1.90017	-1.37157	-3.17439e-05	0.000304586	-3.70973e-05	-0.000326686	0.000100439	0.000260923	0.238867	0.105826	0.236502	0.1	0.00804309
-1.29124	-0.556153	0.238624	-5.11533e-05	2.87158e-05	-5.37122e-05	0.00010115	7.96581e-05	0.000252569	0.238847	0.105799	0.236482	0.1	0.00437741
-0.784712	-3.59714	2.16228	-3.80226e-06	0.00038468	2.14696e-06	0.000245061	-2.38866e-05	-0.000322552	0.23868	0.105579	0.236317	0.1	0.00705103
0.343223	-1.93316	1.51343	0.000106736	0.0002837	0.000112653	-0.000379914	3.20866e-05	0.000713777	0.238578	0.105443	0.236216	0.1	0.00708909
-1.39341	1.00167	1.27991	-5.84973e-05	-0.000112492	2.52596e-05	0.000244342	-0.000518977	-4.29424e-05	0.238575	0.105439	0.236213	0.1	0.00855054
-2.18531	-2.87933	-1.63065	5.89805e-06	0.000327358	-9.15514e-06	8.60638e-05	0.00010596	0.000335972	0.238558	0.105416	0.236196	0.1	0.00649621
0.263339	1.86035	1.99467	1.63176e-05	3.94981e-06	-9.65428e-06	2.60996e-05	3.7161e-05	5.54108e-05	0.238531	0.105381	0.236169	0.1	0.00717312
0.102577	-0.137871	-2.23475	7.59628e-05	-1.43995e-05	2.52664e-07	-0.000930462	0.000142814	0.000168891	0.238467	0.105296	0.236106	0.1	0.00706722
-0.707456	3.96674	0.157527	-6.99796e-05	-0.000387389	-2.06092e-05	0.000128289	4.49485e-05	-1.9284e-05	0.238429	0.105245	0.236068	0.1	0.00536388
-0.850403	-2.78571	-0.636981	-1.18118e-07	-3.05293e-08	2.93729e-07	2.55478e-24	1.26337e-24	4.10124e-25	0.238392	0.105197	0.236032	0.1	0.0119794
2.18842	-2.51039	1.11415	-1.48019e-05	0.000285733	-7.33722e-05	-0.000168935	0.000124241	-4.8327e-05	0.238069	0.10477	0.235712	0.1	0.00972609
0.180299	-2.05882	-0.775794	4.46435e-05	0.000299496	9.16014e-06	0.000134771	-0.000175721	-0.000303141	0.2379	0.104547	0.235545	0.1	0.00563505
-0.0904141	-0.518539	0.207112	-9.6121e-06	0.000175258	1.66881e-05	0.000302525	-2.82607e-05	0.00017553	0.237677	0.104254	0.235324	0.1	0.00478601
0.80011	-0.576778	0.59102	-3.54144e-05	0.000105587	4.39934e-05	-4.51605e-05	-0.00034316	-7.11261e-05	0.237634	0.104196	0.235281	0.1	0.00688731
1.71138	0.255806	2.25085	5.96302e-05	7.5834e-06	3.02328e-05	-0.00014978	2.94523e-05	-4.45639e-05	0.237512	0.104035	0.23516	0.1	0.0115112
-2.331	3.24025	-2.32113	1.59244e-05	-0.000299689	-1.85661e-05	0.000126278	0.000180929	4.35813e-05	0.237463	0.103972	0.235112	0.1	0.00587654
0.0815042	2.37423	1.41346	8.48653e-05	-0.000356356	7.24389e-06	9.67259e-05	4.30773e-05	-0.000229238	0.237431	0.103929	0.23508	0.1	0.00722959
0.355969	-1.92773	-2.25927	4.01502e-05	4.7756e-05	-0.000159763	-0.000184921	0.000655127	-0.00029814	0.237431	0.103929	0.23508	0.1	0.0131889
1.67311	-0.242281	-2.0134	0.000319852	3.53794e-05	0.000161007	-0.000934094	-5.74884e-05	0.000926308	0.237278	0.103729	0.234929	0.1	0.0105659
-2.47548	1.48773	0.385748	-2.39945e-05	-0.000108449	9.57296e-05	-0.000268335	0.000113118	-5.97811e-05	0.237254	0.103697	0.234905	0.1	0.00744988
0.576715	-2.33492	-0.915712	3.09842e-05	0.000100705	-6.95257e-05	-0.000514313	-3.84599e-05	-0.000304125	0.237202	0.103628	0.234853	0.1	0.00656202
-1.61359	-1.44256	2.22512	9.96818e-05	0.000226449	-6.61952e-05	-0.000291925	-0.000329971	-0.000105688	0.237135	0.103541	0.234787	0.1	0.00793067
0.957103	2.40633	2.47692	-5.14483e-05	-0.00022801	8.86368e-05	-0.000127725	-0.000157336	0.000479503	0.237122	0.103524	0.234774	0.1	0.00751653
-0.908668	3.94646	-0.462952	-6.2381e-05	-0.000327459	-4.24436e-05	0.000410329	-2.41454e-05	6.38465e-05	0.236892	0.103224	0.234547	0.1	0.00739667
0.108616	0.474292	-2.35362	2.85712e-05	6.16069e-05	-2.78335e-05	-0.000314355	0.00017383	5.52485e-05	0.236865	0.103189	0.23452	0.1	0.0093263
-1.38313	1.93465	-0.713256	0.000110667	-0.00017488	-1.32287e-05	0.00019905	-0.000246524	-8.91751e-06	0.236787	0.103086	0.234443	0.1	0.00591253
1.05087	-0.647556	-0.049423	1.08325e-05	7.50043e-05	2.56918e-05	-0.000250493	3.29081e-05	0.000408392	0.236379	0.102554	0.234039	0.1	0.0057824
1.69382	-1.29133	-1.24239	-4.21063e-05	0.000220838	1.30483e-05	-0.000121555	-1.26642e-06	0.000209266	0.23636	0.10253	0.23402	0.1	0.0108198
2.35656	-2.09212	-0.689594	-7.06857e-05	0.000119071	5.34365e-05	0.000425744	1.49792e-05	0.000576843	0.236341	0.102504	0.234001	0.1	0.0173409
-0.625861	1.24423	-0.856607	7.95816e-05	-0.000105971	-3.05312e-05	0.00020832	0.000224138	0.000137423	0.236281	0.102428	0.233942	0.1	0.00569564
0.851052	1.04676	0.946491	-2.76516e-05	-0.000102167	-4.71151e-05	-0.000124137	-0.000623101	0.00123236	0.236277	0.102422	0.233938	0.1	0.00536783
0.779918	-0.77777	1.0091	-5.58572e-05	0.000160562	1.04777e-05	-5.24706e-05	3.82363e-05	0.00021884	0.236117	0.102213	0.233779	0.1	0.00563131
-1.27181	1.96046	-1.24389	4.21993e-05	-0.000184655	-4.2104e-05	-0.000131811	0.000733187	0.000272458	0.236076	0.102161	0.233739	0.1	0.00583293
-1.75147	-0.571191	-0.0699257	-5.43143e-05	-3.33365e-05	1.51072e-06	7.73377e-05	0.000413074	0.00011449	0.235915	0.101951	0.233579	0.1	0.00465308
-1.06815	0.502552	1.22052	-1.94492e-07	-8.46032e-07	8.3107e-07	-4.03251e-24	-9.57838e-24	-6.92032e-24	0.235774	0.10177	0.23344	0.1	0.0120167
1.45085	-0.787447	-0.234989	1.07314e-05	0.000164112	5.1995e-05	-2.07599e-05	-4.9688e-05	-2.47928e-05	0.235702	0.101675	0.233368	0.1	0.00388694
1.77126	-3.5389	1.40425	-1.2946e-05	0.000343889	-1.84297e-05	-0.00064466	-0.000549957	2.15171e-05	0.235632	0.101585	0.233299	0.1	0.0066359
0.52602	0.947841	0.625536	0.000110256	-0.000196667	-0.000201998	-0.00106589	0.000159946	0.000104787	0.235543	0.10147	0.233211	0.1	0.00737962
-2.31734	3.36581	1.73091	8.11773e-06	-0.000240799	-1.96487e-06	0.000346264	-3.25391e-05	0.000224898	0.235542	0.101468	0.23321	0.1	0.00499825
1.84809	3.35515	-0.779575	-0.000113387	-0.000328644	-4.30593e-06	0.000256728	0.000441183	0.000379904	0.235326	0.10119	0.232996	0.1	0.00625397
-2.08144	1.37254	-1.35008	0.000126865	-0.000122089	1.01092e-05	0.000157138	0.00017196	0.000220396	0.235264	0.101109	0.232935	0.1	0.00452245
-0.158318	1.88332	-0.643764	-1.55551e-06	-0.000110248	-7.3245e-05	0.000612574	0.000870691	6.09881e-05	0.235177	0.100998	0.232849	0.1	0.00702611
-1.99008	-3.87821	-2.09133	6.27474e-05	0.000347058	-3.47279e-06	-0.000364982	0.000205278	-0.000309922	0.235106	0.100905	0.232778	0.1	0.00779002
1.37156	1.04539	-0.440067	-4.22219e-05	-0.000180068	3.4067e-05	0.000475628	-0.00074179	0.000742903	0.23501	0.100782	0.232683	0.1	0.00453811
1.61178	-1.54447	0.848217	-7.32635e-06	0.000217626	6.42554e-05	-3.24181e-05	-8.62288e-05	0.000147037	0.234827	0.100547	0.232502	0.1	0.00574416
0.152461	1.66005	-1.10234	3.00259e-05	-0.00031338	-0.000175266	0.000440173	0.000456583	-0.000356819	0.234781	0.100487	0.232456	0.1	0.00680468
2.28089	-1.19846	-2.43195	-4.64802e-06	0.000182458	-4.71853e-05	0.000200576	0.000894349	-0.000474969	0.234742	0.100438	0.232418	0.1	0.00519782
0.0522224	2.96117	-0.46452	-0.000102285	-0.000287744	5.8414e-05	-0.000415318	-0.000123504	-0.0012781	0.234729	0.100422	0.232405	0.1	0.011198
0.856228	-0.930542	-0.389367	1.30152e-05	7.99847e-05	1.85885e-05	8.67705e-05	-0.000129537	0.000317804	0.234723	0.100413	0.232399	0.1	0.00716883
-0.732726	2.63339	1.48586	-3.15239e-05	-0.000313287	4.90179e-05	-0.000283581	2.97504e-05	-0.000136064	0.234716	0.100404	0.232392	0.1	0.00809785
-0.461877	-3.81652	-1.43646	-0.000169689	0.000236614	-4.9381e-05	5.52644e-06	0.000217871	0.00111862	0.234391	0.0999882	0.23207	0.1	0.0126488
-0.412193	-1.15329	0.985493	-0.00010609	-7.29784e-06	-0.000119563	-1.4641e-05	0.000160802	6.65733e-05	0.234228	0.0997805	0.231909	0.1	0.0108738
-1.01486	1.876	-1.87637	1.21434e-05	-0.000192876	1.3118e-06	-8.23042e-05	-6.7213e-05	-0.000722208	0.234163	0.0996969	0.231845	0.1	0.00617777
-0.198264	-0.097374	-0.00938857	3.1683e-05	-4.32205e-05	2.97246e-05	3.74534e-05	0.00015217	-0.000957255	0.233947	0.0994212	0.231631	0.1	0.00521242
2.40962	-1.98789	-2.33841	-4.95186e-06	0.000298915	8.086e-05	-0.000107208	-3.35413e-05	0.000227333	0.233696	0.0991015	0.231382	0.1	0.0109811
-1.19381	-1.51828	1.18612	5.85756e-05	8.1068e-05	-0.00010084	-0.000253816	3.9513e-05	0.00051605	0.23369	0.0990929	0.231376	0.1	0.00629412
-0.0345178	2.17998	2.16593	-0.00015336	-0.000190911	9.40254e-05	-6.51066e-05	-0.000247205	-0.000605512	0.233609	0.0989904	0.231296	0.1	0.00641101
-0.0708437	3.79009	-0.0373524	-6.64679e-05	-0.000459737	-5.688e-06	-4.12721e-05	-0.00018347	-0.000426658	0.233569	0.0989397	0.231256	0.1	0.00633465
-1.27381	-1.90499	0.343755	-7.03396e-07	4.26016e-07	-1.51759e-07	3.44413e-24	-1.1548e-23	-7.08337e-25	0.233337	0.0986457	0.231027	0.1	0.00560221
0.260934	-3.65926	2.06568	-0.000190925	3.02398e-05	7.1218e-05	-6.26508e-05	0.000311776	-0.000255338	0.233285	0.0985791	0.230975	0.1	0.00755001
0.361793	-3.41929	-0.313605	-4.69004e-05	0.000338389	-1.0152e-05	0.000278978	7.33935e-06	8.41919e-05	0.233155	0.0984158	0.230847	0.1	0.00531551
-1.56298	2.21407	0.479688	-2.12141e-05	-0.000198593	-6.61065e-06	-0.000370797	8.22609e-05	-0.000149633	0.233116	0.0983655	0.230808	0.1	0.00889774
1.44339	1.34691	-0.0956809	-2.12639e-05	-0.000133126	-1.34867e-05	-0.000817331	0.00114236	0.000113251	0.233102	0.0983481	0.230794	0.1	0.0052068
-1.8606	-0.900529	1.26261	-1.78695e-05	0.000131479	2.09517e-05	0.000127667	0.0001957	4.56779e-05	0.233037	0.0982664	0.23073	0.1	0.00913553
-0.215708	-0.57223	0.654815	-4.38169e-06	-5.79926e-05	5.31127e-06	-6.87485e-07	-3.00527e-05	-0.000283919	0.232987	0.0982018	0.23068	0.1	0.0071823
2.49205	-1.59549	2.43242	-7.41586e-05	0.000143249	-0.000213929	-0.000563257	0.000224148	-0.000453195	0.23297	0.0981807	0.230663	0.1	0.00853487
-1.7436	-2.96481	-0.218394	-7.16799e-05	0.000369334	4.40658e-05	7.56987e-05	8.09689e-05	-4.89717e-05	0.232853	0.0980333	0.230548	0.1	0.00762024
1.13704	2.5463	1.52658	-0.000121574	-0.00014677	5.25554e-05	-0.000605875	0.000129036	-0.000504888	0.232841	0.0980185	0.230536	0.1	0.0110429
2.29575	-3.65321	1.79678	3.60046e-05	0.000410355	2.11891e-06	0.00010134	-2.24417e-06	-9.25963e-05	0.232838	0.0980137	0.230533	0.1	0.0101051
-1.37394	3.90871	-0.681413	-3.26733e-06	-0.00037908	1.33311e-05	-2.70048e-05	-0.00031317	0.000110254	0.232645	0.0977704	0.230342	0.1	0.00555867
2.25312	2.21513	-0.7586	-6.75543e-05	-0.000217346	6.24767e-05	-0.000612616	-0.000560203	6.37199e-05	0.232529	0.0976247	0.230227	0.1	0.00970425
-0.0981306	-0.276079	2.27743	7.0177e-05	-3.78061e-05	-9.87381e-06	0.000101326	-0.000508874	-0.000298851	0.232356	0.0974063	0.230055	0.1	0.00903266
2.39211	1.37351	-0.563961	0.000341999	-0.000286484	-0.000130811	-0.0017115	-0.00169829	-0.000425182	0.232305	0.0973426	0.230005	0.1	0.00604716
-1.03538	1.2156	0.934265	-1.98047e-05	-3.16491e-05	-9.48223e-06	-0.000151786	7.60821e-05	8.87221e-05	0.232166	0.097167	0.229867	0.1	0.00832691
-2.2311	4.02616	-2.45834	4.99486e-07	-0.000405534	-6.37725e-07	-1.51263e-23	-4.22635e-24	-2.12658e-24	0.232017	0.0969806	0.22972	0.1	0.00770097
0.583488	-2.04021	-0.542909	7.65262e-05	0.000236416	-3.86501e-05	-0.000351919	6.82884e-05	-0.000392707	0.231839	0.0967586	0.229544	0.1	0.00742365
1.69313	-2.89922	-1.64005	0.000152976	0.00044247	0.000157031	-1.14372e-05	0.000524027	-8.93179e-05	0.231804	0.0967136	0.229509	0.1	0.0098238
-0.5962	-3.13918	-0.0207964	-5.75414e-05	0.00015699	0.000142904	0.00082947	-2.23668e-05	0.000384446	0.231661	0.0965346	0.229367	0.1	0.0110169
0.267395	1.98084	-0.79125	8.84903e-05	-0.000440007	-6.60646e-05	0.000215913	-0.000518221	-5.52189e-05	0.231371	0.0961726	0.22908	0.1	0.00703969
1.87964	0.517036	1.56484	-8.6305e-06	-0.00031182	0.000189502	0.000507634	-0.00121138	0.00173726	0.231332	0.0961243	0.229042	0.1	0.0076224
-1.57697	3.75867	0.808608	-4.16602e-06	-0.00036952	-1.27236e-05	4.24229e-05	0.000147377	-0.000227106	0.231276	0.0960544	0.228986	0.1	0.00898683
0.680509	1.07478	-1.90861	2.08175e-05	-0.000133982	-2.98876e-06	1.57959e-05	-0.000138792	3.97539e-05	0.231257	0.0960307	0.228967	0.1	0.0106288
1.77598	1.48713	-0.547832	0.000157144	-0.000386822	-8.55502e-05	-4.35875e-05	0.000772564	-0.00024087	0.231228	0.0959953	0.228939	0.1	0.0053886
0.583863	0.799767	1.23017	0.000134344	-0.000214325	-2.91345e-05	-0.000483275	0.000293851	0.000258233	0.231098	0.0958324	0.22881	0.1	0.00420736
-0.413442	2.59344	-1.73232	-5.36642e-05	-0.000303513	-1.53015e-05	-0.000143804	-0.000255518	7.70107e-05	0.231097	0.0958312	0.228809	0.1	0.00893057
1.3925	3.39887	2.1365	-0.000230646	-0.000401132	4.79783e-05	0.000190078	-0.000186452	-0.00118714	0.230968	0.0956712	0.228681	0.1	0.0104359
1.50716	1.13411	-2.22768	3.0866e-06	-9.70144e-05	-2.73381e-06	-0.000365704	-0.000284514	-8.15824e-05	0.230925	0.0956178	0.228639	0.1	0.00450037
-1.0038	-0.624771	1.87397	4.27528e-05	3.47016e-05	-1.61581e-05	1.45317e-05	-0.000124321	-0.000249782	0.230853	0.0955284	0.228567	0.1	0.0111137
2.43024	-0.273872	-0.97599	8.00673e-07	-1.33347e-06	1.26156e-06	1.23275e-22	1.18983e-22	4.17773e-25	0.230603	0.0952189	0.22832	0.1	0.0114117
0.0758468	-0.591333	-2.31093	3.71837e-05	1.69855e-05	5.35104e-05	0.000873282	-9.61269e-05	-0.000367099	0.230371	0.0949306	0.22809	0.1	0.00462527
-0.249093	-1.76497	-1.27338	5.03229e-05	0.000268737	-7.03546e-05	-0.000344384	3.5586e-05	-0.000146602	0.230367	0.0949265	0.228086	0.1	0.00880641
-0.0805271	3.98429	-1.38329	-2.44744e-05	-0.000352849	-2.61195e-05	-9.63582e-05	-0.000281129	1.8783e-05	0.230224	0.0947498	0.227945	0.1	0.00492653
0.643039	1.20041	0.258721	2.12313e-05	-0.000226246	-0.000251609	0.000845293	0.00014753	0.000144275	0.22985	0.0942887	0.227574	0.1	0.00801075
-1.68296	-2.20981	0.402529	-3.42883e-05	0.000255354	-1.17888e-05	0.000276478	-5.36358e-05	0.000316869	0.22984	0.0942757	0.227564	0.1	0.006092
0.199834	3.96797	0.284843	-0.000115491	-0.000484003	4.46098e-05	-9.10714e-05	-0.000288466	-0.000155689	0.229772	0.0941929	0.227497	0.1	0.0047036
-0.0592801	3.12635	-1.36737	-2.51336e-05	-0.000330467	4.10182e-06	1.24169e-05	-6.25282e-05	3.31086e-05	0.229716	0.0941249	0.227442	0.1	0.00631354
2.35033	3.57785	-1.04574	-0.00010321	-0.000120738	-0.000109166	0.000496886	0.000259247	-0.000721442	0.229675	0.0940734	0.227401	0.1	0.00863711
0.895664	-2.89819	1.03782	-4.26357e-05	0.000230708	1.58509e-05	5.02015e-05	-1.49749e-05	0.000181273	0.229635	0.094024	0.227361	0.1	0.00621836
0.791611	-3.54069	-2.28901	-0.000110887	0.000432705	6.14236e-05	0.000608937	-0.000181009	0.000443721	0.229633	0.0940217	0.227359	0.1	0.00716918
-0.497956	3.64106	-0.0918255	-7.0947e-05	-0.000341013	-4.47523e-05	-7.84518e-06	-1.34367e-05	2.10083e-05	0.229597	0.0939779	0.227324	0.1	0.00933729
1.88404	0.402083	0.994481	9.31075e-05	-3.66325e-05	-8.25738e-05	-6.18798e-06	-0.000562372	0.000233776	0.229587	0.0939654	0.227314	0.1	0.00847309
0.55497	-1.02262	-0.034271	9.70912e-05	4.18067e-05	0.000108822	0.000168271	-0.000446902	0.000629615	0.229559	0.093931	0.227286	0.1	0.00681263
-0.759806	0.137649	0.00344893	-5.26006e-05	-4.28245e-05	8.91915e-05	-2.55514e-05	0.000680358	-0.000148017	0.229502	0.0938617	0.22723	0.1	0.00671721
-0.105766	-0.808836	-0.462407	6.29137e-05	3.86412e-05	-4.46106e-05	-0.000249077	-4.67258e-05	0.000137005	0.229294	0.0936058	0.227024	0.1	0.00626602
-1.04246	-3.01189	1.31148	-3.36442e-05	2.15904e-05	8.32259e-06	7.01097e-05	2.68508e-05	0.000182174	0.229262	0.0935673	0.226992	0.1	0.00737738
2.36146	1.21268	-1.15663	0.000155519	-0.000294611	4.45427e-05	-1.3592e-05	-0.000946675	0.000469253	0.229043	0.0932983	0.226775	0.1	0.00662903
2.27004	0.648188	1.37352	-0.000250622	0.000195564	0.000320883	-0.000226919	0.000929469	0.0010563	0.229023	0.0932736	0.226755	0.1	0.0057335
2.05727	-3.88441	1.48619	-3.67184e-05	0.000432479	9.56394e-05	-2.87462e-05	0.000588419	5.51735e-05	0.22902	0.0932701	0.226752	0.1	0.00695649
2.18097	2.60025	-2.01427	-0.000124864	-2.7923e-05	-8.28479e-05	0.000246493	-0.00136199	-4.29413e-05	0.228994	0.0932399	0.226727	0.1	0.00809074
0.346665	-3.29114	2.33371	1.22809e-05	0.000169848	5.3079e-05	-0.000683418	0.000211444	0.000587568	0.228978	0.0932202	0.226711	0.1	0.00622034
1.17621	2.70699	-1.06358	-0.000122806	-0.000334269	1.79233e-05	0.00060799	-0.000470463	0.000271627	0.228925	0.093155	0.226658	0.1	0.00699365
0.105304	0.673223	0.207736	1.16366e-05	-0.000189968	2.08498e-05	-0.000246606	-2.4536e-06	6.80387e-05	0.228769	0.0929649	0.226504	0.1	0.00999929
1.5025	-1.03835	2.12469	-0.00010427	0.000127573	7.15293e-05	0.000296587	4.78597e-05	-8.85946e-05	0.228681	0.0928573	0.226417	0.1	0.00510411
0.125805	1.54772	-0.104537	-4.13885e-05	-0.000209092	-3.87844e-05	3.94133e-05	0.000538602	-0.000386987	0.228633	0.0927983	0.226369	0.1	0.00891485
-0.82841	3.96031	-1.35822	3.15239e-09	-1.0637e-07	-2.03466e-10	0	0	0	0.228527	0.09267	0.226264	0.1	0.00965915
0.953731	0.829618	-2.1775	1.07178e-05	-0.000126153	-2.32182e-05	0.000370982	-7.06668e-05	-0.000104663	0.228372	0.0924815	0.226111	0.1	0.00929395
1.20738	-3.4224	-2.1525	-6.2675e-05	0.000362844	-2.43647e-05	-0.000586663	0.00013325	0.000430881	0.228275	0.0923635	0.226015	0.1	0.00669664
0.437459	-0.97679	1.23391	-2.37477e-06	0.000149971	-8.93613e-06	-0.000224898	-5.56091e-05	0.000113904	0.228269	0.0923562	0.226009	0.1	0.00462876
2.38599	-1.90503	1.78408	-1.0682e-05	0.000324509	3.39417e-05	2.11504e-05	4.64675e-05	0.000447277	0.228148	0.0922089	0.225889	0.1	0.00856652
0.22103	3.72618	-0.386328	-4.24171e-05	-0.000460256	-4.39093e-06	2.9273e-05	-0.000163749	9.4776e-05	0.227891	0.0918988	0.225635	0.1	0.0051724
1.06528	-0.114712	-0.72681	-5.85232e-05	-0.00012433	1.30376e-05	-0.000597911	0.00024787	-0.000241361	0.2278	0.0917882	0.225545	0.1	0.00827457
-2.00761	-2.67724	1.50627	-4.64664e-05	0.000371045	6.92872e-06	-0.000181493	8.74978e-05	8.21943e-05	0.227735	0.0917093	0.22548	0.1	0.0121107
1.00265	1.18789	0.533858	-0.000104061	-0.000192444	-8.97395e-05	0.000139379	-0.00085671	0.00062852	0.227721	0.0916929	0.225466	0.1	0.00576684
1.70791	-2.35864	-2.24574	-5.61854e-05	0.000283991	0.000102806	-0.000203542	0.000671059	-0.000106947	0.227719	0.0916894	0.225464	0.1	0.00795829
1.60287	-0.5326	0.124399	-0.000104092	9.32491e-05	2.65777e-05	6.41467e-05	-0.000258209	0.000416391	0.227657	0.0916158	0.225403	0.1	0.00543064
2.1482	-3.49547	-0.793872	9.27544e-05	0.000239019	-0.000103708	-0.000726879	8.35137e-05	-0.000473823	0.227655	0.0916129	0.225401	0.1	0.00870287
-1.71576	1.91195	-1.14084	7.49311e-05	-0.000145624	5.36743e-05	0.000386838	0.000179513	0.000355931	0.227637	0.0915917	0.225383	0.1	0.00592605
2.32508	-3.86057	-1.00739	3.15239e-09	-1.0637e-07	-2.03466e-10	-1.38068e-37	-7.7694e-38	1.57763e-37	0.227625	0.0915767	0.225371	0.1	0.0103557
-2.39053	-3.62077	-1.94294	5.38206e-05	0.00041986	1.39183e-05	-0.000364829	3.5368e-05	1.40286e-05	0.227598	0.0915445	0.225345	0.1	0.00457394
1.12819	-1.70802	0.775435	7.33856e-06	0.000224622	3.22162e-05	-2.39208e-05	5.71798e-05	8.27478e-05	0.227427	0.0913378	0.225175	0.1	0.00508819
-0.935977	1.64976	1.95434	-2.44989e-05	-0.000106493	-0.000100206	-0.000496614	-0.000223142	-2.78238e-05	0.227288	0.0911706	0.225038	0.1	0.00660533
1.17172	3.14021	-1.27298	-0.000105031	-0.00030706	4.4798e-05	0.000540933	-0.000351329	-3.37001e-05	0.227272	0.0911519	0.225022	0.1	0.00666416
