-1.38401	1.21386	-1.02913	8.05979e-05	-0.000113794	-2.19106e-05	-1.97929e-05	-6.29375e-05	-9.75681e-05	0.55482	1.32612	0.549327	0.1	0.0181665
2.15365	3.61896	2.24061	-1.60126e-05	-0.000318666	2.28187e-05	7.72819e-06	2.30957e-05	0.000157456	0.554711	1.32533	0.549219	0.1	0.0176641
-0.827554	-1.26688	-0.916288	4.49271e-05	0.000202551	-0.00010623	-7.13505e-06	1.80061e-05	-0.000181	0.554426	1.32329	0.548937	0.1	0.0213088
-0.0774577	1.21495	-1.98286	-1.01735e-05	-0.000235841	-7.93473e-05	0.000178595	3.80801e-05	5.27173e-05	0.552434	1.30908	0.546964	0.1	0.0187995
2.47553	-3.33975	1.09573	-1.51208e-05	0.000398204	3.99146e-06	6.81986e-05	3.09523e-05	0.000118694	0.551275	1.30086	0.545817	0.1	0.0248809
-0.323481	-3.42252	-0.674089	-5.83442e-05	0.000391324	4.12069e-05	0.000154841	0.00011328	-4.75793e-05	0.548893	1.28407	0.543458	0.1	0.0194123
-2.00363	0.741349	-1.79167	7.04802e-05	-2.86477e-05	-3.7469e-05	4.77766e-05	-2.79236e-05	-8.6467e-05	0.548822	1.28357	0.543388	0.1	0.0205348
1.80389	-4.00534	-0.359145	9.66209e-06	0.000366282	-8.05099e-05	0.000218817	-9.79441e-07	2.75813e-06	0.547774	1.27623	0.54235	0.1	0.0192578
-1.93158	-0.412201	0.670731	-4.46376e-05	6.96982e-06	-2.99453e-05	-0.000101845	8.16243e-06	0.000100123	0.547358	1.27333	0.541939	0.1	0.0239263
-0.863965	-0.140417	0.726379	-5.5288e-05	-4.88151e-05	-2.98425e-05	4.34624e-05	-2.12365e-05	-7.24955e-05	0.546952	1.2705	0.541537	0.1	0.0199812
2.10249	0.366814	-1.25112	4.41887e-05	-6.29098e-05	-2.80388e-05	4.42641e-05	2.87652e-05	2.64432e-05	0.546649	1.26839	0.541237	0.1	0.0239637
1.20238	2.60799	-1.81777	-3.29013e-05	-0.000213748	5.29332e-05	-0.000115617	3.35622e-05	0.000167696	0.545348	1.25936	0.539949	0.1	0.0204505
-2.42382	-2.39952	0.436486	-2.99583e-05	0.000254448	1.655e-05	0.000142568	3.16419e-05	6.00285e-07	0.545169	1.25811	0.539771	0.1	0.0213803
-0.0566511	-3.14043	-2.02762	-1.10152e-05	0.000326636	3.2047e-05	2.82596e-05	-0.000138082	-3.53071e-05	0.544719	1.255	0.539326	0.1	0.0182849
-0.62609	3.35795	1.30194	1.86151e-05	-0.000328618	-2.76274e-05	3.90171e-05	0.000281276	4.12934e-05	0.543689	1.24789	0.538306	0.1	0.0185066
2.18481	-2.51289	2.16793	7.24137e-05	0.000318936	2.7588e-05	-5.36194e-05	-4.67384e-05	1.72965e-05	0.541854	1.2353	0.536489	0.1	0.029962
1.49926	-2.02292	-1.2963	-1.87196e-05	0.000203829	4.48595e-05	3.21638e-05	9.08273e-05	-4.03963e-05	0.540595	1.22671	0.535243	0.1	0.0260719
2.11256	2.84591	-1.29914	-3.96197e-05	-0.000295781	6.66862e-05	-0.00025241	-6.76969e-05	0.000102754	0.540372	1.22519	0.535022	0.1	0.0191275
0.242967	2.23397	-2.11791	6.26886e-06	-0.000262783	4.80053e-05	-3.99991e-06	-0.000100725	-9.96626e-05	0.540364	1.22514	0.535014	0.1	0.0171929
1.5321	1.88972	1.54013	-1.58985e-05	-0.000107345	3.45717e-05	-0.000173407	4.68344e-05	4.91399e-05	0.537534	1.20599	0.532212	0.1	0.0219121
1.81377	-2.99489	-0.011826	-2.00519e-05	0.000286368	3.91022e-05	3.70722e-05	0.000100585	9.46019e-05	0.536704	1.20041	0.53139	0.1	0.0220247
-1.68317	1.61998	0.948251	-2.60458e-05	-0.000105991	9.21341e-05	0.000190075	-0.000131061	2.47643e-05	0.536645	1.20002	0.531332	0.1	0.0212503
0.661973	-1.87994	0.214343	4.83094e-06	0.000222039	5.18044e-05	6.5008e-05	4.13067e-05	3.61969e-05	0.536462	1.19879	0.53115	0.1	0.0207135
0.369475	3.50544	1.65429	-2.6859e-06	-0.000398993	1.30448e-05	-6.8622e-05	-0.000106217	9.68566e-05	0.53632	1.19784	0.53101	0.1	0.0227879
-1.13874	-2.59141	0.0583844	-1.56106e-05	0.000316033	3.31019e-06	-0.000136533	1.1711e-05	6.20236e-06	0.535344	1.19131	0.530044	0.1	0.018232
-0.267226	-2.4955	-1.19844	-2.35044e-05	0.000327932	2.34702e-05	-0.000232766	4.65232e-05	-0.000107636	0.534798	1.18767	0.529503	0.1	0.0175962
1.35241	3.88099	1.57237	-3.45645e-05	-0.000393448	4.05403e-05	-7.20083e-05	1.21733e-05	-6.61407e-05	0.534761	1.18742	0.529466	0.1	0.0184863
0.796352	1.52793	-0.449612	-6.37593e-05	-0.0002249	-3.99691e-05	5.22552e-05	-0.000293202	-0.000125736	0.534328	1.18454	0.529038	0.1	0.0189886
-1.4495	3.78382	0.0643906	-7.859e-05	-0.00032616	7.22109e-06	0.000181671	2.30267e-05	4.29678e-05	0.533494	1.179	0.528212	0.1	0.0187238
-0.511194	1.94783	-1.32126	-2.93499e-05	-0.000298514	-1.50354e-05	7.88164e-05	-2.74538e-05	0.000133681	0.533315	1.17782	0.528035	0.1	0.0176094
-0.367736	3.53939	-0.830726	-6.77478e-05	-0.000340089	-4.51495e-05	-6.85364e-07	-6.85288e-05	1.80543e-05	0.533292	1.17767	0.528012	0.1	0.0179645
-2.01833	-1.19752	-2.15473	2.51132e-06	4.52384e-05	-0.000197219	0.000156913	-1.94917e-05	-0.000111801	0.533023	1.17589	0.527746	0.1	0.0223693
-1.75811	-3.12144	-2.20661	-1.41279e-05	0.000325808	5.95045e-06	7.48211e-06	4.06801e-05	9.34349e-05	0.53279	1.17434	0.527515	0.1	0.0257297
-0.0101704	-2.51843	1.01742	1.10129e-05	0.000284986	-2.70484e-05	-8.65774e-05	-4.84814e-05	-1.09518e-05	0.532572	1.1729	0.527299	0.1	0.0259132
-1.45319	3.57761	-1.71168	-3.77914e-05	-0.000330607	2.91522e-05	-0.000167175	5.37509e-05	-8.12614e-05	0.532055	1.16949	0.526787	0.1	0.0213768
0.454588	3.24669	-2.32623	-1.45881e-05	-0.000307972	2.34788e-05	-6.53551e-05	-1.40704e-05	0.000149509	0.531483	1.16572	0.526221	0.1	0.0251596
2.41875	0.171143	-2.48259	4.90959e-05	2.20307e-05	-2.1893e-05	-4.8033e-05	4.08312e-05	-2.36148e-05	0.530981	1.16242	0.525724	0.1	0.0207223
-0.174518	-1.19334	-1.7624	3.15235e-05	0.000145501	-9.14739e-05	-1.82914e-05	1.55745e-05	8.14496e-05	0.53052	1.15939	0.525267	0.1	0.0203776
-0.932726	-3.47916	0.5862	-9.36184e-06	0.000383823	3.83277e-05	-1.40562e-06	0.000119556	-0.000123724	0.529592	1.15332	0.524349	0.1	0.0182971
-0.074928	-3.59552	1.37685	-6.09518e-05	0.00035288	-1.71281e-05	5.9368e-05	-5.0799e-05	9.62334e-05	0.528499	1.14619	0.523266	0.1	0.0220378
2.04748	0.789294	-0.23696	-3.79492e-05	4.73753e-06	6.12815e-05	7.95065e-05	0.00013315	0.000144519	0.527475	1.13954	0.522252	0.1	0.0240709
0.554164	3.53835	-1.32663	-5.62747e-05	-0.000318668	1.59792e-05	8.83554e-05	-3.27563e-05	-1.32458e-05	0.527182	1.13765	0.521962	0.1	0.0192272
-2.41549	0.786237	0.657595	1.29028e-05	-8.64733e-05	2.49207e-05	0.000241619	-2.15002e-05	7.02624e-05	0.527004	1.1365	0.521786	0.1	0.0273556
2.4105	-1.14819	1.76569	-5.06621e-05	0.000252772	5.37792e-05	-7.26344e-05	5.33119e-05	-0.00021176	0.526785	1.13507	0.521569	0.1	0.0201777
0.078893	-3.34137	0.378	-2.2167e-05	0.000285433	-1.20083e-05	4.94563e-05	1.07639e-05	-7.4596e-05	0.526637	1.13412	0.521423	0.1	0.0176483
0.545535	2.73939	0.960236	1.53192e-05	-0.000334783	-3.64223e-05	0.000209656	0.000169848	2.70709e-05	0.524764	1.12206	0.519568	0.1	0.0167934
-2.44062	3.89626	0.373311	-6.7298e-05	-0.000361742	-5.45481e-06	-0.000173583	-5.5533e-05	1.31957e-05	0.523709	1.11531	0.518524	0.1	0.023593
-2.48897	3.70145	-1.75953	-3.74334e-05	-0.000349282	2.26134e-05	9.0808e-05	-6.0132e-05	-6.70743e-05	0.523479	1.11384	0.518296	0.1	0.0183311
1.50226	0.936581	2.04195	0.000112436	-6.25204e-05	-3.66421e-05	-6.82744e-05	-0.000203372	6.31025e-05	0.521989	1.10436	0.516821	0.1	0.0190381
-1.84373	-1.88103	-0.275961	-6.48062e-05	0.000222938	-3.03482e-05	9.24608e-05	0.000350565	-0.000401817	0.521432	1.10083	0.516269	0.1	0.0214168
-0.403468	1.79492	1.46413	1.80017e-05	-0.00028953	-4.33506e-05	-6.71669e-05	9.5909e-05	-0.00017588	0.521217	1.09946	0.516056	0.1	0.0234223
-2.00385	-3.88085	1.84062	1.49463e-05	0.000404468	-3.03345e-05	2.14452e-05	-3.29937e-05	3.5503e-05	0.518617	1.08309	0.513482	0.1	0.0165075
2.08738	-0.0937044	0.465607	-3.30871e-05	-4.253e-06	-6.24319e-06	-0.000117284	9.51834e-05	-0.000175917	0.517898	1.07859	0.51277	0.1	0.0212953
2.33602	-1.06789	-0.931996	1.29241e-06	9.48363e-05	5.03486e-06	0.000266403	9.87239e-05	4.7119e-05	0.517716	1.07746	0.51259	0.1	0.0237337
1.56742	3.73387	-1.34642	-6.80643e-05	-0.000352985	-5.83227e-05	-7.0893e-05	0.000155424	-4.45061e-05	0.5171	1.07361	0.51198	0.1	0.0166853
-1.87386	2.6636	-1.47226	-5.8917e-05	-0.000277941	6.45822e-05	0.000158289	0.000107614	-4.37411e-05	0.516716	1.07123	0.5116	0.1	0.0207345
-1.94298	0.342897	-0.818979	2.26761e-05	-4.23139e-05	-4.29643e-05	-3.57927e-05	-2.98354e-05	-1.19008e-05	0.515931	1.06635	0.510823	0.1	0.0242791
1.14706	3.20931	-0.548139	-6.69617e-05	-0.000378748	5.47139e-07	-0.000231334	0.000219902	-0.000171705	0.515901	1.06617	0.510793	0.1	0.0139798
1.54565	2.05249	-0.934864	1.48178e-05	-0.000270087	0.000107686	0.000126567	7.34629e-05	-3.52385e-05	0.51576	1.06529	0.510653	0.1	0.0166457
-1.90549	-2.05198	1.95452	6.18003e-05	0.000261177	-7.90035e-06	-8.70081e-05	6.24381e-05	-8.99129e-05	0.514995	1.06056	0.509896	0.1	0.0261943
-0.429768	3.50463	-1.86235	-2.80951e-05	-0.000390409	-2.1057e-05	-0.000100453	-3.91415e-06	6.39017e-05	0.514003	1.05444	0.508914	0.1	0.020728
0.736127	0.112337	2.46207	5.176e-05	1.54963e-05	-2.46162e-05	8.1459e-05	8.29218e-05	-7.27796e-05	0.512599	1.04583	0.507524	0.1	0.0186938
0.540723	-0.337093	1.57669	-3.9741e-06	0.000123225	-5.13191e-05	5.73235e-05	8.74294e-06	-6.26442e-06	0.51184	1.04118	0.506772	0.1	0.0182579
-2.05582	-3.50811	-1.29834	1.01876e-05	0.000405915	2.80555e-05	-0.000124583	-1.75459e-05	-0.000120726	0.511673	1.04017	0.506607	0.1	0.0214463
-0.44967	0.817573	0.698759	-8.19105e-06	-9.11179e-05	3.21295e-06	2.08133e-05	6.71681e-05	-5.94831e-05	0.511494	1.03908	0.50643	0.1	0.0239104
0.880541	-3.20531	-1.50891	2.70084e-05	0.000337049	5.35127e-05	3.66582e-05	-3.39812e-05	0.000120401	0.510448	1.03272	0.505394	0.1	0.0178173
-1.24764	3.48052	2.13256	-7.86565e-05	-0.000346821	3.49874e-05	-0.000411413	7.90157e-05	-0.000131617	0.509646	1.02785	0.5046	0.1	0.0217051
0.829974	-2.74937	-2.40471	-7.62408e-06	0.000275205	4.15955e-05	-0.000150441	7.45114e-05	-4.10499e-07	0.508542	1.02119	0.503507	0.1	0.0204175
-0.637067	-0.427881	-2.25973	3.36557e-05	7.35133e-05	-0.000107456	-9.26751e-05	3.01813e-05	-6.16665e-05	0.508425	1.02048	0.503391	0.1	0.0183018
1.44779	-0.437118	-1.33801	7.69692e-05	-7.57247e-05	3.10411e-05	-0.000194842	3.92806e-06	5.36392e-05	0.506867	1.01114	0.501849	0.1	0.0189783
1.37579	1.80267	-2.44591	3.54511e-05	-0.000136771	2.29754e-05	0.000236983	4.22637e-05	4.35126e-05	0.505037	1.00022	0.500037	0.1	0.0186207
-1.20802	2.69967	-2.23851	-4.94377e-05	-0.000275271	9.47843e-05	0.000247577	6.52208e-05	8.77688e-05	0.504957	0.999745	0.499957	0.1	0.0227388
-2.30039	-3.40003	-0.331598	-2.83806e-05	0.000408125	-5.60668e-07	0.000132774	-7.04198e-05	1.58851e-05	0.504939	0.999642	0.49994	0.1	0.0185896
-0.173185	-0.436254	-1.0793	4.20505e-05	2.41129e-05	-1.27149e-05	0.000285029	1.09906e-05	-7.98043e-05	0.504901	0.999415	0.499902	0.1	0.0169737
0.4294	-0.353506	-0.287145	2.80259e-05	-1.96068e-05	-3.94508e-06	0.000169042	-8.7357e-05	-0.000157999	0.504788	0.998742	0.49979	0.1	0.015326
0.697504	-0.694317	-1.9417	7.13362e-05	6.84417e-05	1.60089e-05	0.000329222	-5.93299e-05	-0.000298496	0.503937	0.993701	0.498948	0.1	0.0196733
-1.00565	-2.23489	1.41789	1.72512e-05	0.000314483	1.88843e-05	-8.16152e-05	-2.0909e-05	-0.000134687	0.503345	0.990196	0.498361	0.1	0.01838
-1.03084	0.371281	-1.80626	4.24405e-05	2.17529e-06	-6.76228e-05	0.000178547	4.43357e-05	0.00012528	0.503196	0.989325	0.498214	0.1	0.0184005
1.3315	-1.46424	-0.445534	8.33784e-06	0.00018741	4.46332e-05	9.26193e-06	-0.000111479	-4.98046e-05	0.502585	0.985721	0.497609	0.1	0.019947
-0.918935	0.810133	-0.185366	2.81101e-06	-0.000124471	9.26747e-06	-0.000111983	-7.75342e-05	-0.000105878	0.501771	0.98094	0.496803	0.1	0.0189284
0.270956	-2.64789	-0.336383	-9.81293e-06	0.000289083	3.29156e-05	3.69757e-05	5.89488e-05	-4.59675e-05	0.501401	0.978774	0.496437	0.1	0.0206865
2.33308	-1.46194	0.794232	-1.16202e-05	0.000203527	7.00191e-05	-5.72092e-05	3.93431e-05	-3.597e-05	0.501352	0.978484	0.496388	0.1	0.0171511
-1.54418	1.40855	2.25281	3.32224e-05	-0.000111403	-3.02027e-05	2.79294e-05	0.0002326	0.000176698	0.501333	0.978374	0.496369	0.1	0.018787
-0.422617	2.77961	2.13022	9.67279e-05	-0.000224271	-2.01264e-06	-0.00028386	3.6431e-06	-0.000217677	0.500305	0.972365	0.495351	0.1	0.0227743
1.75157	-1.92053	1.44713	-1.49e-05	0.000247768	4.97668e-05	6.38667e-05	-2.15155e-05	-3.55031e-05	0.500134	0.971369	0.495182	0.1	0.0139512
-0.335013	-2.11985	-2.14639	4.36939e-05	0.000151409	-3.20859e-05	-0.000101581	-0.000110064	-0.000109261	0.500114	0.971254	0.495162	0.1	0.0224816
1.20678	3.92208	-2.41802	-5.37481e-05	-0.000318094	1.79021e-05	-7.97888e-05	-5.31956e-05	-8.62138e-05	0.499003	0.964792	0.494062	0.1	0.0195368
0.503289	-1.90322	-1.5076	2.17956e-05	0.000218712	-4.81733e-06	-8.29796e-05	-0.000200265	-3.4484e-09	0.49838	0.96119	0.493446	0.1	0.0173742
-0.115733	-1.23101	0.107593	2.55451e-05	0.000174655	-8.77261e-06	-5.00749e-05	-0.000237483	6.07023e-06	0.498014	0.959069	0.493083	0.1	0.0154114
-1.1124	-1.57003	-1.8697	2.41314e-05	0.000201408	-8.99903e-05	-0.000132603	-8.42373e-05	-0.000220406	0.49782	0.957951	0.492891	0.1	0.0205872
1.51575	-3.28465	2.11408	4.29136e-05	0.000399132	2.66093e-06	-2.13886e-06	-5.52793e-05	-0.000149244	0.497807	0.957872	0.492878	0.1	0.0173788
-2.27693	2.68276	-0.490183	-2.36055e-05	-0.000210255	6.4834e-05	-4.79943e-05	0.000159487	-0.000229008	0.497805	0.957862	0.492876	0.1	0.0222125
-1.62593	-2.82389	0.923683	-7.78404e-06	0.000361843	2.24946e-05	-0.000135713	-5.53145e-05	0.000228752	0.496356	0.949524	0.491442	0.1	0.0154372
-1.2968	2.66008	0.964569	-3.20605e-06	-0.000316952	5.96423e-05	3.09184e-05	7.55414e-06	1.1143e-05	0.495653	0.945496	0.490746	0.1	0.0177003
-0.919694	-3.68704	-2.13895	-1.21904e-05	0.000378279	-4.21409e-05	1.9097e-05	2.31225e-05	-5.9575e-05	0.495534	0.944815	0.490628	0.1	0.0193978
-1.35106	-3.40767	-0.60093	-3.31382e-05	0.000409732	6.49145e-05	-5.12594e-05	-6.33071e-05	-9.72549e-06	0.49547	0.944444	0.490564	0.1	0.0166098
-1.27777	2.2775	1.86903	4.95929e-05	-0.000116133	1.96191e-05	5.94012e-05	-0.000328257	-0.000196349	0.495413	0.94412	0.490508	0.1	0.0198695
2.42931	1.87831	-1.36931	6.64744e-05	-0.000242327	0.000140553	0.000132959	6.37761e-05	0.00014493	0.493724	0.934499	0.488836	0.1	0.0165254
-1.72004	1.75324	-1.84449	4.66369e-05	-0.000187466	-2.36132e-05	1.02689e-05	6.46531e-06	0.000336302	0.493582	0.933695	0.488695	0.1	0.0150481
0.805791	1.64509	-1.50132	-1.25519e-05	-0.000205014	9.46675e-05	1.53953e-05	-8.20308e-05	0.000300376	0.493482	0.933124	0.488596	0.1	0.0208373
0.880596	0.515247	-0.430892	-6.68192e-05	-0.000173716	-6.50923e-05	4.07673e-05	7.67801e-05	9.35131e-05	0.49325	0.93181	0.488366	0.1	0.0210775
0.682581	3.99406	0.816976	-8.07266e-06	-0.000478862	1.26481e-05	-0.000115225	-5.94398e-05	0.000137219	0.492733	0.92888	0.487854	0.1	0.0179677
0.156256	0.0389203	0.596474	5.87135e-05	-1.29922e-05	-4.67083e-06	-3.42924e-05	-2.20892e-06	0.000262322	0.492579	0.928012	0.487702	0.1	0.0173923
1.27031	2.6522	0.266881	5.66023e-05	-0.000332589	-6.44095e-06	0.000169815	2.32164e-05	0.000269159	0.492206	0.925909	0.487333	0.1	0.0145867
0.760006	0.234728	-1.55278	1.78252e-05	-0.000174945	-1.32016e-05	0.000274319	-0.000184595	0.000212356	0.490982	0.919016	0.486121	0.1	0.0213268
-1.21753	-2.21938	-0.980254	-3.59007e-05	0.000256404	-1.64161e-05	-0.000287704	-0.000303371	3.62948e-06	0.490889	0.918492	0.486029	0.1	0.0210776
-0.398714	-0.644408	1.48526	2.75118e-05	-8.91675e-06	-9.05462e-05	-8.17875e-05	0.000173366	0.000196718	0.490378	0.915628	0.485523	0.1	0.0208801
1.57699	-2.85854	1.23461	-3.60894e-05	0.000295073	7.19485e-06	4.60845e-05	-5.59761e-05	1.04278e-05	0.489482	0.910617	0.484636	0.1	0.0201256
-2.19419	2.77971	1.32187	2.6598e-05	-0.000234139	5.95163e-05	-8.32409e-05	-4.25505e-06	-0.000183944	0.489469	0.910544	0.484623	0.1	0.0150241
2.26343	-2.44654	-1.81857	-1.84762e-05	0.000259136	2.60098e-05	0.000193188	-0.000136523	3.29332e-05	0.489084	0.908401	0.484242	0.1	0.0166513
-2.15428	0.994836	1.60631	1.26096e-05	-0.000182379	4.26491e-05	4.50011e-05	8.01939e-05	0.000180251	0.488971	0.907768	0.48413	0.1	0.0218503
0.972303	-1.95429	2.0344	-4.98873e-06	0.000221927	1.20919e-05	6.82806e-05	8.80607e-06	-7.94828e-05	0.4888	0.906812	0.48396	0.1	0.0187853
1.58836	-2.15766	0.508467	-7.1172e-06	0.000260102	3.89897e-05	-5.76021e-05	-9.64732e-06	-1.46724e-05	0.488326	0.904178	0.483491	0.1	0.019412
-0.718418	-0.535728	-0.203275	1.31189e-05	9.44657e-05	-4.30588e-05	0.000230619	-7.11791e-05	0.000252917	0.48828	0.903926	0.483446	0.1	0.0157501
-2.01272	2.99524	0.398505	1.52668e-05	-0.000284531	5.94909e-05	1.61139e-05	5.1812e-05	0.000163526	0.488206	0.903513	0.483372	0.1	0.0227405
1.58294	-3.66829	0.705659	1.67116e-05	0.00030635	2.8534e-05	-0.000101241	-0.000117962	9.77209e-06	0.488125	0.903063	0.483292	0.1	0.0196481
0.0528003	1.65588	0.588135	5.51267e-05	-0.000171424	-4.29755e-05	-6.70324e-05	8.9905e-05	-0.000106113	0.486774	0.895587	0.481954	0.1	0.0174197
1.40853	-0.433342	1.10294	-1.95428e-05	0.000140478	6.1786e-05	6.49021e-05	-4.62674e-06	2.92036e-06	0.486222	0.892545	0.481408	0.1	0.0148969
2.32937	-0.518042	-1.75838	6.82877e-05	9.89819e-05	2.02961e-05	-8.69015e-05	7.6606e-05	-8.11508e-05	0.485931	0.890944	0.48112	0.1	0.0215659
-1.06488	-3.76811	1.53681	1.37271e-05	0.000440073	3.04788e-05	-5.11761e-05	-6.11186e-05	4.26944e-05	0.485684	0.889585	0.480875	0.1	0.0154135
2.10789	2.49379	0.7208	5.14937e-05	-0.000217547	2.7255e-05	-9.43733e-05	-0.000131379	3.02811e-05	0.485546	0.888831	0.480739	0.1	0.020901
-1.77477	-0.241521	-1.9536	6.41892e-05	-6.57551e-06	-6.21963e-05	-4.42668e-05	6.51959e-05	-7.46401e-05	0.484993	0.885791	0.480191	0.1	0.02065
-0.641903	1.0506	2.17773	1.93963e-05	-6.92861e-05	-0.000123585	0.000166581	-0.00012389	-8.32798e-05	0.484263	0.881798	0.479468	0.1	0.0162984
-1.83133	-1.51774	-1.21982	1.55895e-07	0.000227092	-0.000139543	0.000237951	-2.24569e-05	3.95247e-05	0.483863	0.879615	0.479072	0.1	0.0223433
-1.79261	-1.83928	0.99957	-1.21359e-05	0.00019577	1.76005e-07	-9.4503e-06	0.000113794	2.60393e-05	0.48386	0.879599	0.479069	0.1	0.0161195
1.71461	-0.129095	-0.448792	1.31843e-06	1.6871e-05	3.38438e-06	4.22459e-05	-0.000163664	-3.72477e-05	0.483476	0.877508	0.478689	0.1	0.0171149
0.512319	2.55426	1.95081	-4.35601e-05	-0.000358981	8.17556e-05	-7.28888e-05	6.62963e-05	-0.000174871	0.483004	0.874942	0.478222	0.1	0.0164807
0.293205	0.92617	-1.07544	-3.2592e-05	-0.000195283	-7.76152e-05	-0.00028026	-5.42708e-05	-0.000205631	0.482785	0.873753	0.478005	0.1	0.0183983
-1.2862	-1.20332	0.501992	-4.65893e-05	0.000116947	-8.73465e-05	-5.23874e-05	0.000188227	-0.000208953	0.482566	0.872562	0.477788	0.1	0.0151544
-0.0167393	0.659128	1.5646	6.75428e-05	-0.000104358	-5.78536e-05	8.64238e-05	-0.000255218	-0.000195243	0.482132	0.870207	0.477358	0.1	0.0213557
1.93371	2.53011	2.20827	-7.4595e-05	-0.000149828	0.000105272	0.000328511	-0.00021528	-3.49249e-05	0.48194	0.869166	0.477168	0.1	0.0199676
-0.587853	2.63612	-0.475046	-2.56644e-05	-0.000244967	2.60931e-05	-0.000195141	4.4825e-05	6.39842e-05	0.481933	0.86913	0.477161	0.1	0.0220302
-1.42438	0.700076	0.636896	-4.8918e-06	-4.71202e-05	1.60928e-06	1.89699e-05	5.13177e-05	-5.03501e-06	0.481479	0.866677	0.476712	0.1	0.0219885
1.02853	-3.35722	-0.525847	-3.65052e-05	0.000323165	5.35535e-05	1.77927e-05	-6.02321e-05	-0.000142484	0.480917	0.863644	0.476155	0.1	0.0146407
-0.912217	-1.55193	2.17803	8.73045e-05	0.000159035	-9.4103e-05	1.17601e-05	9.91363e-05	-7.76495e-05	0.480468	0.861231	0.475711	0.1	0.0176979
1.54158	0.448811	-2.09223	4.56388e-05	-3.01294e-05	-7.45739e-06	0.000131652	-3.92791e-05	0.000113788	0.47986	0.857968	0.475109	0.1	0.0153896
0.466164	2.61827	-0.939723	-0.000124943	-0.000349023	8.10257e-05	4.37104e-05	-0.000191789	-3.46049e-06	0.478966	0.853181	0.474224	0.1	0.0187528
1.22625	0.500298	1.19838	0.000102974	-3.26333e-05	-4.08186e-05	0.000137236	0.000240124	-0.000123371	0.478473	0.850548	0.473736	0.1	0.0186265
-2.45837	0.0249576	1.50052	-1.58905e-05	7.91949e-05	-7.53391e-05	5.06198e-05	-0.000110976	-6.67363e-05	0.478412	0.850219	0.473675	0.1	0.0229439
-1.69273	1.37764	-0.0693708	-9.53097e-06	-0.000163134	-6.30033e-05	0.000109687	-0.000114587	0.000185578	0.47793	0.847656	0.473198	0.1	0.0185345
-1.07406	-3.04082	-1.44608	2.77542e-05	0.000269106	3.40959e-05	0.000254975	-7.01669e-07	-2.13251e-05	0.477808	0.847007	0.473077	0.1	0.0269587
2.22182	3.52816	1.22623	-1.85708e-05	-0.00030614	2.75642e-05	-3.80402e-05	4.49647e-05	0.000324472	0.477733	0.846607	0.473003	0.1	0.0214052
-2.04471	2.71821	2.26559	-4.29246e-05	-0.000222791	7.67214e-05	2.98482e-05	5.04823e-05	5.16429e-05	0.477694	0.846395	0.472964	0.1	0.0166058
-0.647051	1.93115	-2.47	1.32632e-05	-0.000160031	2.49383e-05	0.000200704	6.05759e-05	1.53476e-06	0.477155	0.843541	0.472431	0.1	0.0177184
-0.747533	3.1228	0.32337	-8.08476e-05	-0.000276587	1.95143e-05	-4.31186e-05	-0.000195955	3.92415e-05	0.47715	0.843513	0.472426	0.1	0.0203602
-0.702746	0.132777	1.94949	-1.8479e-06	-3.06394e-05	-0.000136946	-0.000117014	8.17161e-05	4.12852e-05	0.477062	0.843044	0.472339	0.1	0.0202366
-1.51388	0.0192238	1.48383	-3.11078e-05	-2.26812e-05	-4.33062e-05	0.000121269	3.1634e-05	-0.000152681	0.476857	0.841959	0.472136	0.1	0.0201809
1.24019	-1.09917	0.447503	1.44134e-06	0.000186745	4.96383e-05	-1.29801e-05	-3.82931e-05	-3.20165e-05	0.476785	0.841575	0.472064	0.1	0.0144969
-0.361703	3.87616	2.22402	-4.35995e-05	-0.000427469	-5.0621e-05	8.78661e-05	-4.00415e-05	-5.58381e-05	0.475355	0.834028	0.470649	0.1	0.0193317
-1.67486	-0.803224	1.92939	1.2895e-05	0.000123008	-6.96134e-05	6.60816e-05	0.000122332	0.000208828	0.475269	0.83357	0.470563	0.1	0.018291
-1.65418	0.454749	2.30288	5.39936e-05	-7.16464e-05	-2.87566e-05	-4.37599e-06	-1.75052e-05	-0.000164971	0.474862	0.83143	0.47016	0.1	0.0178684
2.02503	-2.80995	-0.969321	1.27994e-05	0.000275747	6.86986e-05	-7.57696e-05	-0.000230027	0.000207108	0.474508	0.829578	0.46981	0.1	0.0201883
-2.1777	1.93619	1.7579	-6.43409e-05	-0.000188002	8.9215e-05	-2.1312e-05	4.28151e-05	-2.68637e-05	0.474403	0.829024	0.469706	0.1	0.0189981
-2.37899	-0.366589	-0.310109	6.3289e-06	5.88345e-05	1.78994e-05	-0.000197883	-5.86579e-05	-1.55042e-05	0.473731	0.82551	0.469041	0.1	0.0226871
-1.07044	-0.0724223	-0.951172	3.76567e-05	3.29944e-05	-6.24686e-05	-0.000274725	-4.32088e-05	-0.000138148	0.47183	0.815609	0.467158	0.1	0.0188755
0.694593	-3.05215	1.67862	-4.01164e-07	0.000243143	1.79682e-05	-0.000435545	0.000200454	0.000292354	0.471086	0.811759	0.466422	0.1	0.0166023
-0.443039	-2.00794	-0.344096	-1.83999e-05	0.000247799	-4.01993e-05	-0.000172201	-0.000118869	7.2504e-05	0.470528	0.808876	0.465869	0.1	0.0225589
-2.14738	-2.39209	-1.06993	-2.18673e-05	0.000276294	-2.70999e-05	-0.000443505	0.000182891	-0.000118151	0.470355	0.807987	0.465698	0.1	0.0165618
0.475069	3.33469	0.146833	7.22541e-06	-0.000392435	5.95586e-05	5.15574e-05	-5.2073e-07	0.000417057	0.470211	0.807242	0.465555	0.1	0.0174409
-1.15614	-2.41295	2.45582	2.50031e-05	0.000233084	-2.7417e-05	-0.000127776	4.02007e-05	-0.000166391	0.47002	0.806259	0.465366	0.1	0.0197689
0.547934	1.03756	2.24295	0.000127735	7.72148e-06	-3.15648e-05	-0.000149312	0.00010931	-0.000140478	0.46956	0.803896	0.464911	0.1	0.0160816
-0.0965465	-1.09793	2.25838	7.37863e-05	0.000125495	-6.67388e-05	-6.86012e-05	-0.000172325	7.10703e-05	0.469458	0.803373	0.46481	0.1	0.0184639
-0.628677	-1.86573	0.606944	-3.39316e-05	0.000158867	-0.00010292	-4.20121e-05	-7.52117e-05	0.000280322	0.469446	0.803307	0.464798	0.1	0.0205739
-0.790687	1.7299	-0.395272	4.41345e-05	-0.000191095	3.22144e-05	0.000145145	-6.3079e-05	4.62088e-05	0.468782	0.799905	0.464141	0.1	0.0169254
1.13159	-0.0461706	0.290514	-1.23956e-05	-6.42821e-08	1.09722e-05	-0.000375854	-5.17687e-05	8.36602e-05	0.467379	0.792743	0.462751	0.1	0.016655
1.8102	-0.354462	1.94932	1.71277e-06	7.01663e-05	2.89398e-05	3.48918e-05	6.46282e-05	-0.000106024	0.467217	0.791923	0.462591	0.1	0.0181605
-0.187427	-2.13851	1.91086	3.93271e-05	0.000220569	-1.36965e-05	0.000254646	0.000117703	2.42474e-05	0.466675	0.789165	0.462054	0.1	0.016421
1.64255	1.20265	-1.5478	3.55081e-05	-7.10215e-05	5.05429e-05	3.7122e-05	0.000144145	-2.85656e-05	0.466232	0.786924	0.461616	0.1	0.0142691
-0.694082	2.19526	0.395519	1.07183e-05	-0.000242505	3.634e-05	-1.09949e-05	0.000131772	0.000211232	0.466205	0.786785	0.461589	0.1	0.017713
-0.90527	2.8517	-1.32988	-3.45818e-05	-0.000324459	1.68843e-05	-4.03793e-06	3.15519e-05	-0.00013222	0.466076	0.786131	0.461461	0.1	0.0152865
0.911911	-2.82639	0.356524	-6.18632e-06	0.000235309	3.90352e-05	-2.03471e-05	-0.000109333	-2.62233e-05	0.465707	0.784266	0.461096	0.1	0.0219135
-1.84326	-2.17329	-1.95348	-4.45402e-05	0.000303813	-2.51068e-05	-6.90708e-05	8.28785e-05	-5.0744e-06	0.465684	0.784148	0.461073	0.1	0.0212267
-1.43027	2.3593	-0.176587	-8.8532e-06	-0.000259258	2.43395e-05	2.22743e-05	-0.000115111	4.30571e-05	0.46529	0.782163	0.460683	0.1	0.0157681
1.96992	1.76438	0.0398207	2.63932e-06	-0.000143902	-0.000124338	-0.000428584	-0.000621695	-0.000129589	0.464712	0.779251	0.460111	0.1	0.0165523
0.818019	-1.03953	2.1764	4.28548e-05	0.000195285	-5.78795e-06	-8.41025e-05	3.667e-05	5.21948e-05	0.464331	0.777336	0.459734	0.1	0.0133237
1.79091	-1.62245	2.3568	-3.91243e-05	0.000242015	4.63433e-05	0.000160246	-9.46415e-06	0.000229256	0.463321	0.772277	0.458734	0.1	0.0143451
-2.19761	2.08842	0.244804	-3.49356e-06	-0.000242149	2.16907e-05	0.000125428	0.000172405	-0.000158104	0.462664	0.768994	0.458083	0.1	0.0168656
0.56243	1.83873	1.35374	1.36798e-05	-0.000244729	-1.87531e-05	0.000383591	-0.000149378	0.000274151	0.462514	0.768246	0.457935	0.1	0.0128435
2.05036	-1.02335	-0.00121592	-1.02573e-05	0.000144584	6.7166e-05	-5.87971e-05	3.63031e-06	-5.40743e-05	0.462457	0.767963	0.457878	0.1	0.0157621
1.00488	-1.33313	1.33124	1.61482e-05	0.000192072	-9.43273e-07	5.20166e-05	2.49065e-05	-5.14014e-06	0.460448	0.757998	0.455889	0.1	0.014668
2.03137	-3.47476	-1.60778	2.78224e-05	0.000384616	-1.4979e-05	0.000342326	0.000107041	-0.000310801	0.4597	0.75431	0.455149	0.1	0.0130578
2.05617	3.12886	0.0381452	4.69942e-05	-0.000399323	-9.33405e-05	-0.000331561	0.000115759	4.14311e-05	0.459434	0.752999	0.454885	0.1	0.0211703
-1.5475	-3.02877	1.84134	-2.26186e-05	0.000407225	2.41294e-05	0.000101219	-3.52718e-05	3.87813e-05	0.45935	0.752587	0.454802	0.1	0.0221572
0.15814	-1.52792	0.982698	6.10146e-06	0.000178758	5.65502e-05	-6.61662e-05	-2.38416e-05	-0.000148196	0.459269	0.752192	0.454722	0.1	0.0154409
-2.47951	1.93824	-2.37037	3.41528e-06	-4.49052e-05	9.90966e-05	-0.000185455	0.000111548	-0.000235935	0.459266	0.752174	0.454719	0.1	0.0182091
-0.174873	0.338005	-0.529394	9.57303e-06	-6.32947e-05	4.99577e-05	-9.71039e-05	0.000136502	0.000278981	0.459194	0.751823	0.454648	0.1	0.0186579
1.46025	3.00426	1.15088	-1.30955e-05	-0.000324793	-1.56166e-05	0.000271977	-9.20118e-05	0.000113459	0.459118	0.751448	0.454572	0.1	0.01905
2.18359	1.09982	-2.28785	-8.14114e-06	-3.055e-05	6.81879e-05	0.000263657	-5.01216e-05	0.000176769	0.459006	0.750894	0.454461	0.1	0.0143265
2.08019	-1.4129	-1.80628	-2.31516e-05	0.000157327	4.34256e-05	6.43107e-05	6.24699e-05	-0.000132296	0.458587	0.748846	0.454047	0.1	0.0220986
-1.46431	3.12983	-0.665199	-1.57629e-05	-0.000291423	-1.28049e-05	-0.000112758	-5.03246e-05	0.000116133	0.458044	0.746189	0.453509	0.1	0.0184201
2.3376	1.64766	1.0309	-2.16026e-05	-0.000170895	9.504e-05	-2.23084e-05	-0.000137022	-7.35394e-05	0.458039	0.746161	0.453504	0.1	0.0158437
-2.14293	3.7255	-0.630576	-4.24756e-05	-0.000357591	-4.50379e-05	-8.42516e-06	7.39429e-05	-1.00215e-06	0.457054	0.74136	0.452529	0.1	0.0200476
-1.44082	0.0349565	-0.0624044	-5.38315e-05	-3.74709e-05	-2.00053e-05	1.58556e-05	-9.76957e-05	-3.38903e-05	0.456744	0.739852	0.452222	0.1	0.0177512
1.17395	-2.3954	-0.444826	-2.24279e-05	0.000231733	4.48778e-05	-6.50653e-05	-9.28204e-05	-3.99471e-05	0.456538	0.738849	0.452018	0.1	0.0147352
2.38627	-3.43949	2.44235	8.13485e-06	0.000310615	7.51596e-06	0.000183862	1.34207e-05	1.5755e-05	0.456295	0.737671	0.451777	0.1	0.0170682
-1.66185	-0.739845	-0.746016	4.75185e-06	0.000108703	2.30382e-06	0.000166552	0.00013622	5.38114e-07	0.4556	0.734306	0.451089	0.1	0.0192496
-0.642575	-2.98157	1.87144	-2.80419e-05	0.000323509	2.45864e-05	-4.29153e-05	0.000219541	-7.30507e-05	0.45547	0.733674	0.45096	0.1	0.0134044
0.166243	2.21217	-0.148413	-1.75354e-06	-0.000196446	-4.84712e-05	6.39696e-05	0.000195764	-5.4558e-05	0.455436	0.733515	0.450927	0.1	0.0143496
1.66434	1.14932	0.635879	-9.05515e-05	-8.68961e-06	-4.65831e-05	-1.074e-05	0.000250472	0.000175465	0.45531	0.732903	0.450802	0.1	0.0142825
0.907423	-2.21435	1.14154	-1.27477e-05	0.000280898	8.77235e-06	3.52143e-05	-3.99589e-05	-9.99442e-06	0.455197	0.732356	0.45069	0.1	0.0144449
1.07935	3.95301	-0.772797	-3.52984e-05	-0.000423509	-1.61344e-05	0.000307579	-5.95422e-05	0.000172717	0.277675	0.16624	0.274926	0.1	0.00613107
1.49843	1.99448	0.576438	0.00012135	-0.000273084	8.3791e-05	-0.000614393	-0.000247607	-0.000100754	0.277411	0.165765	0.274664	0.1	0.00887154
1.83745	-2.21497	-0.210936	5.32867e-05	0.000222742	-0.000176964	-0.00084819	0.000593968	-0.00065428	0.277355	0.165667	0.274609	0.1	0.0133257
-1.11826	1.59504	0.356921	-5.36955e-05	-0.000193441	1.42214e-05	0.000209744	-8.18176e-05	-0.000616199	0.277213	0.165412	0.274468	0.1	0.0143181
0.939788	3.87074	-0.181854	0.000179594	-0.000261999	-7.03082e-05	-2.13374e-05	7.05745e-05	-0.000467889	0.276217	0.163635	0.273482	0.1	0.00837397
-0.753843	-3.00658	-2.41713	1.38699e-05	0.000318687	9.43503e-06	4.35773e-05	-0.000195882	0.000222156	0.275638	0.162608	0.272909	0.1	0.00911898
0.679188	-3.78108	1.83272	-0.00013688	0.000253764	-4.65124e-07	0.000278821	-0.000256605	0.000795827	0.275408	0.162201	0.272681	0.1	0.0100647
1.63385	-0.820083	-0.703077	4.58338e-05	7.18521e-05	5.54748e-05	-0.000201163	-9.2522e-05	-5.9624e-05	0.275341	0.162083	0.272615	0.1	0.00663856
-1.92813	-0.228896	2.31176	-8.12977e-06	7.36518e-06	-2.8266e-05	5.85076e-05	8.80692e-05	-2.54552e-05	0.275341	0.162083	0.272615	0.1	0.0112809
-1.33732	-3.76799	2.23397	-2.03999e-05	0.000434369	-1.24443e-05	0.000148416	-5.21281e-06	9.50119e-05	0.275089	0.161637	0.272365	0.1	0.00859383
0.241803	-3.83292	-1.70157	0.000106429	0.000246812	-4.49712e-05	-0.000535985	-0.000140557	-0.000597254	0.275056	0.161582	0.272333	0.1	0.0105481
1.97658	1.70769	-1.95446	3.58448e-05	-6.05548e-05	0.000104313	0.000251168	-4.70308e-05	-0.000152407	0.274446	0.160509	0.271729	0.1	0.00583999
-0.720253	0.955406	-1.42902	3.66363e-05	-0.000118739	-9.49988e-06	0.00025418	0.000155786	-0.000101506	0.274411	0.160446	0.271694	0.1	0.00654045
-1.27948	0.688716	1.70405	6.3388e-05	-7.7178e-05	2.21854e-05	0.000135615	0.000180828	-3.75356e-05	0.274202	0.16008	0.271487	0.1	0.0103831
1.41213	-1.9655	-2.12573	-1.68602e-05	0.000273748	5.72116e-05	-0.000313801	-5.89919e-05	8.63354e-05	0.274042	0.159801	0.271329	0.1	0.0119596
2.07952	-1.74791	-0.069787	0.000128397	0.000184765	-0.000224113	0.0011653	0.000388978	0.000630695	0.273887	0.159529	0.271175	0.1	0.0149785
1.42191	2.95944	1.87331	-0.000132779	-0.00032639	-2.43854e-05	-0.000513989	-0.000356888	0.00101221	0.273679	0.159166	0.270969	0.1	0.0135341
1.47659	-3.54279	-1.09368	-2.3821e-05	0.000436631	2.62393e-05	0.000418169	5.15247e-05	2.90529e-05	0.273477	0.158813	0.270769	0.1	0.0119904
0.661464	1.57477	-2.28094	7.5818e-05	-0.0001412	3.82596e-05	0.000645229	-0.000400813	0.000342979	0.273324	0.158548	0.270618	0.1	0.00754287
-1.8403	3.32121	-2.35564	-2.93935e-05	-0.000284501	6.7261e-05	0.000114527	-0.000159545	-0.000232921	0.272973	0.157937	0.27027	0.1	0.0105622
0.478837	-1.45236	-2.13445	3.03507e-05	3.80553e-05	-1.64495e-05	0.000103531	-7.2822e-05	1.4054e-05	0.272675	0.15742	0.269975	0.1	0.0106886
0.280672	2.86594	-1.62978	-1.59628e-05	-0.000288922	1.55247e-05	-6.13648e-05	7.66583e-05	0.000164058	0.272585	0.157264	0.269886	0.1	0.0089023
0.674271	0.467982	1.77393	8.97156e-05	-1.79308e-05	-4.66288e-05	-0.000234306	-5.23526e-05	0.00030796	0.27236	0.156875	0.269663	0.1	0.010309
0.579773	2.1604	0.436084	3.22855e-05	-0.000212957	-9.79726e-05	9.06316e-06	-8.90921e-05	0.000155914	0.272313	0.156795	0.269617	0.1	0.00599202
1.31707	0.226413	-0.974259	-2.49537e-05	-6.26931e-05	-6.67289e-05	2.19842e-05	-0.000116399	0.000317114	0.271845	0.155987	0.269153	0.1	0.00649839
1.21266	0.948784	0.112939	-9.9069e-05	-8.07499e-05	-1.12223e-05	-4.83948e-05	-0.000239349	2.40668e-05	0.271451	0.15531	0.268763	0.1	0.0114563
1.85179	3.08641	-2.0202	-0.000107979	-0.000381757	6.09788e-05	-7.47708e-05	-0.000398696	7.33774e-05	0.271375	0.155179	0.268688	0.1	0.00809209
0.223036	-0.660072	0.913802	-8.70849e-06	0.000109701	-2.87422e-05	0.000133968	-6.38921e-05	0.000237116	0.270927	0.154413	0.268245	0.1	0.00912747
1.79773	3.70054	0.391057	6.49258e-05	-0.000423971	-6.02063e-05	0.000580022	0.000178857	0.000125189	0.2707	0.154024	0.26802	0.1	0.00847528
0.408049	-3.83193	-2.21536	5.31713e-05	0.000176912	-6.15229e-05	0.000353185	0.000348339	0.000361976	0.270558	0.153782	0.267879	0.1	0.011203
-0.126002	3.07522	0.724738	-1.54561e-05	-0.000421933	-6.31408e-05	-0.000741487	4.43529e-05	0.000363354	0.270297	0.153339	0.267621	0.1	0.00616809
1.43784	1.2897	-0.855864	-3.1908e-05	-0.000263671	5.38142e-05	-5.06146e-05	-7.4499e-05	-0.000142597	0.270287	0.153322	0.267611	0.1	0.00774989
-2.37492	-1.82831	-1.61102	-2.20429e-05	0.000227103	-1.58536e-05	-0.000354196	0.000437897	0.000198928	0.270186	0.153149	0.267511	0.1	0.0117255
-0.92474	1.37806	-1.68014	-1.14609e-05	-0.000225161	-9.32186e-05	0.000219819	6.61951e-05	-0.000245145	0.270182	0.153142	0.267507	0.1	0.00829395
-2.19978	1.47052	-0.851893	0.000267019	-0.000112931	9.77937e-05	-0.000108237	0.000218469	0.000631615	0.270017	0.152863	0.267344	0.1	0.00997721
1.41196	-1.05916	-2.38661	-4.92353e-05	0.000214942	8.79471e-05	-0.000335311	0.00039818	-0.000168056	0.26995	0.152747	0.267277	0.1	0.0084012
1.5546	1.90242	-1.69407	4.41592e-05	-0.000111816	9.14003e-05	8.19649e-05	-0.000119756	6.112e-05	0.269181	0.151447	0.266516	0.1	0.00706184
0.747535	1.66654	0.325979	1.12149e-05	-0.000183051	-7.54002e-05	-0.000268152	0.00070516	9.28286e-05	0.269098	0.151308	0.266434	0.1	0.00558761
0.377533	3.29097	-0.599975	-3.76307e-05	-0.000394417	-1.64312e-05	-9.29556e-05	-0.000373869	0.000389749	0.268805	0.150813	0.266144	0.1	0.00570424
-0.583376	-3.04597	1.13921	-1.23615e-05	0.000366707	-5.09946e-06	-0.000218044	-0.00026742	-0.000127854	0.268767	0.150749	0.266106	0.1	0.00979869
0.851726	-1.86981	-2.20196	1.40791e-05	0.000247766	2.98686e-05	0.00010847	-0.000969742	0.000815368	0.268522	0.150336	0.265863	0.1	0.00793568
0.670012	1.91395	2.288	1.41606e-05	-0.000290568	0.000106251	-0.000237854	0.000190748	0.000470809	0.268425	0.150173	0.265767	0.1	0.00685277
1.37821	-2.56789	1.93677	4.60328e-05	0.000331999	-2.1928e-05	-3.69519e-05	-1.67292e-05	0.000424485	0.268352	0.150052	0.265695	0.1	0.011877
-0.625566	3.80565	0.636714	-0.00012042	-0.000358182	-3.47498e-05	-0.000188324	7.77878e-05	-0.000186212	0.268323	0.150002	0.265666	0.1	0.00786133
2.34356	-0.712093	0.845675	-4.17231e-05	0.000117318	4.44627e-05	-0.000109397	5.8224e-05	0.000179338	0.268231	0.149848	0.265575	0.1	0.00691845
-1.19006	2.25433	-1.62141	-4.43926e-05	-0.000284714	3.49652e-05	-0.000276576	-0.00024595	2.87134e-05	0.26816	0.14973	0.265505	0.1	0.00628107
-2.42546	1.35274	-0.103366	1.30978e-05	-6.552e-05	-1.41014e-05	6.33069e-05	0.00037099	-0.000582602	0.268094	0.149619	0.26544	0.1	0.00871232
0.184117	-3.8581	-0.202072	-3.84265e-05	0.000310645	-3.11224e-07	-8.9816e-05	0.000165071	0.000302354	0.267672	0.148914	0.265022	0.1	0.00607519
0.0981918	0.0974126	2.02875	1.49009e-05	1.80909e-06	3.92774e-05	7.14631e-06	0.000449183	0.000524587	0.267644	0.148867	0.264994	0.1	0.00867626
0.106662	0.241873	-1.91665	9.62562e-05	2.25258e-05	-0.000107697	0.000634325	-0.000115462	-0.000537116	0.267399	0.148458	0.264751	0.1	0.00807525
-0.85382	0.615924	-0.923359	6.35113e-05	-5.10605e-05	-2.18667e-05	0.000452018	-0.000345631	0.000180989	0.26738	0.148428	0.264733	0.1	0.00906518
-0.626546	-0.872841	0.521211	-4.85723e-05	4.19015e-05	-9.96895e-05	0.00037009	-0.000125135	0.000206214	0.267164	0.148068	0.264519	0.1	0.00735073
1.86779	2.22038	-2.03752	-4.53491e-06	-0.000114386	3.56413e-05	-0.000573968	0.000466977	0.0003179	0.266747	0.147375	0.264106	0.1	0.00836744
-2.18031	3.94236	1.10842	4.4611e-05	-0.000369995	-4.76054e-05	0.000102501	-3.4371e-05	8.53551e-05	0.266696	0.14729	0.264055	0.1	0.00639109
-0.492752	0.221791	-1.27176	2.80453e-05	-3.17938e-05	-1.04334e-05	-0.000304023	-0.000456868	0.000438633	0.266657	0.147227	0.264017	0.1	0.00576334
-0.504444	-2.82929	0.489478	2.2891e-05	0.000320241	-1.48376e-05	6.24874e-05	7.56159e-05	-8.17681e-05	0.266646	0.147208	0.264006	0.1	0.0146378
-0.85567	1.04553	-2.09118	-1.69714e-05	-5.07413e-05	-5.48289e-05	-0.000245334	0.000286377	-0.000162389	0.266512	0.146986	0.263873	0.1	0.00698112
-0.0176312	2.8338	1.49381	7.97988e-05	-0.000417316	1.6114e-05	-1.26863e-05	-1.38988e-05	1.43955e-05	0.266395	0.146792	0.263757	0.1	0.00606161
2.48393	-2.57613	-0.447115	5.33743e-05	0.000108129	0.000107254	0.000408425	0.000277932	-0.000479928	0.26634	0.146702	0.263703	0.1	0.0144409
-1.97807	-1.40156	0.324174	-8.16571e-05	5.36638e-05	0.000104946	-6.23887e-05	-9.4818e-05	0.000500734	0.266286	0.146613	0.26365	0.1	0.0106809
-1.59567	3.75181	1.2995	-2.38885e-05	-0.0004903	-1.96162e-06	-0.000431062	0.000227853	-0.000134322	0.266192	0.146457	0.263556	0.1	0.00739311
-0.929928	-0.673051	-1.45191	0.00015356	0.000111642	-0.000173907	-0.000341243	-0.000266758	-5.72941e-05	0.266027	0.146186	0.263393	0.1	0.013714
-2.06007	3.43952	2.17214	-1.84681e-05	-0.000297097	3.05927e-05	-0.000337676	7.56656e-06	-0.000200451	0.265875	0.145936	0.263243	0.1	0.00638292
1.2681	1.61477	0.273296	-1.12517e-05	-3.99076e-05	-0.000125223	-8.82337e-05	-0.000922398	-0.000237155	0.265741	0.145715	0.26311	0.1	0.00566527
1.29387	-2.84171	-0.981926	7.69207e-06	0.000288592	5.40706e-05	0.000252964	0.000103888	4.24221e-05	0.265638	0.145545	0.263008	0.1	0.00840599
-0.283065	0.654173	-1.44766	-1.42594e-05	-0.000158831	-7.76073e-05	-0.000476782	-0.000126048	-0.000200708	0.265491	0.145302	0.262862	0.1	0.00599251
1.91194	-0.920831	2.37485	-8.76384e-05	0.000184361	8.72792e-05	-0.000333773	-0.000213588	-0.000177656	0.265259	0.144924	0.262633	0.1	0.00964918
1.30687	2.34257	0.939017	2.69049e-05	-0.00029274	-4.75976e-05	-0.000383585	-0.000235396	-0.000171219	0.264796	0.144165	0.262174	0.1	0.00693347
0.653225	-3.7407	0.026726	9.56069e-05	0.000469424	-2.90024e-05	0.000366187	-0.000259568	0.000812931	0.264249	0.143274	0.261633	0.1	0.00924794
-1.79414	2.07517	2.48901	-7.31046e-06	-0.00018056	2.41356e-05	8.30671e-05	-3.05614e-06	2.2615e-05	0.264167	0.14314	0.261551	0.1	0.00972711
-0.361904	-1.47057	1.69495	5.80683e-05	0.000207697	-0.000110893	0.000453374	0.000220725	-0.000349957	0.264016	0.142895	0.261402	0.1	0.00702979
0.0528403	2.75219	0.346241	8.33643e-05	-0.000280717	-0.000136907	0.00110331	0.000151525	0.000459307	0.263903	0.142711	0.26129	0.1	0.0104553
0.512294	-1.12805	0.511338	2.17256e-05	6.49382e-05	1.91844e-05	-0.000328236	-6.16715e-05	0.000285986	0.263737	0.142442	0.261126	0.1	0.00737778
1.37952	-3.69357	-1.80428	1.4153e-07	0.000442852	-7.08268e-06	0.000240036	5.00098e-05	-0.000236559	0.263591	0.142206	0.260981	0.1	0.00871951
-0.0415049	-1.2117	-0.729842	-1.28043e-05	-0.000206759	0.000261583	-0.000868314	-0.00128608	-0.00145157	0.263502	0.142062	0.260893	0.1	0.010171
1.41457	-2.58473	-1.90266	3.28861e-05	0.000285192	5.15977e-05	-0.000558846	0.000108822	0.000113573	0.263392	0.141884	0.260784	0.1	0.00820638
1.31971	-0.824821	1.71879	-8.54231e-06	0.000153469	1.67077e-05	-9.76975e-06	-6.81222e-05	-2.13905e-05	0.263362	0.141834	0.260754	0.1	0.00606089
0.811481	-0.0346888	0.933276	1.2776e-05	9.69471e-05	-1.18244e-05	-4.18435e-05	-4.44788e-05	-0.000108397	0.263318	0.141765	0.260711	0.1	0.00670911
-1.10066	3.82041	0.861484	-9.14981e-05	-0.000389671	5.28627e-05	-7.26855e-05	-0.000126131	-9.22135e-05	0.262863	0.14103	0.26026	0.1	0.00959219
-1.60884	4.00582	-2.37183	5.33069e-05	-0.000406233	-3.99749e-05	0.000234496	-3.38783e-06	0.000326486	0.262474	0.140406	0.259875	0.1	0.00957491
-0.865365	1.66569	0.854327	-8.14283e-06	-0.000247797	3.61137e-05	-0.000163108	-0.000250181	-0.000703942	0.262445	0.140359	0.259847	0.1	0.00953389
2.02464	1.045	1.23734	-0.000132864	-0.000114612	-5.6295e-05	0.000403648	-0.00026198	-0.000138225	0.262382	0.140258	0.259784	0.1	0.00762297
0.458033	-2.36875	1.69287	1.5473e-05	0.000226019	-2.57736e-05	0.000693233	-0.000545432	-0.000500064	0.262307	0.140138	0.25971	0.1	0.0080824
2.29844	3.28828	-0.611848	-8.85281e-05	-0.00030361	-0.000115163	0.000847181	0.000287472	0.000106062	0.261855	0.139414	0.259262	0.1	0.00786393
-0.311354	0.00582583	-1.71365	7.87863e-05	0.000121801	-8.68712e-05	-0.000288599	0.000455346	4.03964e-06	0.261739	0.13923	0.259148	0.1	0.00504661
0.351904	-0.652315	0.402858	2.62355e-05	-3.99649e-06	-1.77812e-05	-0.000123751	0.000516997	-0.00041288	0.261522	0.138883	0.258933	0.1	0.00545528
0.392542	-2.63343	-1.60997	-6.95619e-06	0.000265315	5.15858e-05	-7.65082e-05	9.85269e-05	-9.8585e-05	0.261188	0.138352	0.258602	0.1	0.00989842
-0.137072	3.53505	0.475624	-0.000112017	-0.000479998	-0.000122787	0.000459005	-0.0003175	0.00018257	0.260995	0.138045	0.258411	0.1	0.00644981
1.63926	-1.22523	1.70704	-2.71586e-05	0.000212896	6.19232e-05	-4.80025e-05	-6.90548e-05	0.000144782	0.26082	0.137768	0.258238	0.1	0.00722832
0.0292138	-0.368718	-1.80669	0.000105061	0.000135334	-4.51888e-06	-0.00056124	-8.1509e-06	0.000260945	0.260716	0.137603	0.258135	0.1	0.00794438
2.1009	-0.607295	1.2975	-8.01613e-05	0.000192977	4.50604e-06	-0.000256575	0.000115126	0.00039984	0.260608	0.137432	0.258028	0.1	0.00882525
1.56659	0.458512	0.55761	1.76504e-05	1.19619e-05	-6.38672e-05	6.32615e-05	-0.000204403	0.000125619	0.260419	0.137134	0.257841	0.1	0.0106389
-0.145534	2.63832	-1.33333	-6.22359e-05	-0.000298333	7.33404e-06	-6.50099e-05	-5.27364e-06	-0.000188155	0.25964	0.135906	0.257069	0.1	0.0089855
2.43617	-1.65976	-0.448386	3.88824e-05	0.000372897	-0.000255769	-0.000989622	-0.000157442	0.00014215	0.259308	0.135386	0.256741	0.1	0.0111406
0.779524	-2.77519	-0.890189	-2.09103e-05	0.000297041	4.29395e-05	7.03009e-05	-5.52517e-05	-0.000193024	0.259076	0.135023	0.256511	0.1	0.00412355
1.30316	1.99423	-0.0759863	1.9783e-05	-0.000176877	-0.000240543	-0.000518345	0.00106041	7.19999e-05	0.25907	0.135014	0.256505	0.1	0.00667862
-1.13179	-0.578556	1.33244	-2.98739e-05	-5.11774e-06	-1.82279e-05	-0.00026879	-3.94688e-05	0.000320702	0.258949	0.134824	0.256385	0.1	0.00839395
2.34694	1.45073	2.01341	-7.39215e-05	-0.000163559	0.000119465	-0.000149902	-0.000105669	2.93429e-06	0.258858	0.134682	0.256295	0.1	0.0153956
-0.284164	2.81434	-2.13608	3.45761e-05	-0.000316313	-5.0369e-06	0.000262	-0.000277929	0.000169809	0.258625	0.134319	0.256064	0.1	0.00975266
0.358007	3.95951	2.31211	-1.78808e-05	-0.000462796	-0.000134492	0.00045831	0.000321138	0.000439512	0.25855	0.134202	0.25599	0.1	0.00816802
0.215403	-1.71481	-0.412274	-1.11514e-05	0.000226431	6.32244e-05	0.000129375	-0.000102957	0.000263704	0.258498	0.134122	0.255939	0.1	0.00617248
-1.11984	3.64326	-1.01037	-2.81182e-05	-0.00030494	-2.04888e-05	0.00012047	8.67663e-05	-0.000143832	0.258358	0.133903	0.2558	0.1	0.00698308
-1.70853	-3.44842	0.52638	1.02219e-05	0.000396429	1.33648e-05	0.000407938	0.000473516	-7.55455e-05	0.258082	0.133476	0.255527	0.1	0.0111379
-0.849313	-3.71267	-0.14876	-6.52155e-05	0.000408766	4.96916e-05	0.000111177	-1.88625e-05	1.76541e-05	0.257965	0.133294	0.255411	0.1	0.00746946
-1.50211	-1.78575	-2.46146	6.7732e-05	0.000233154	-6.42878e-05	6.55494e-05	-5.64093e-05	-1.28179e-05	0.25795	0.133271	0.255396	0.1	0.00551313
1.15892	-0.60834	-0.606779	5.99235e-07	8.96082e-07	-3.96124e-07	-1.70229e-25	3.05846e-24	-2.31149e-24	0.257891	0.13318	0.255338	0.1	0.00722974
-0.0771502	2.36497	0.71046	-5.34885e-07	-0.000219111	-3.0205e-05	0.000310795	5.32158e-05	-6.57994e-05	0.25788	0.133161	0.255327	0.1	0.00843499
-0.395498	-1.8179	1.3062	4.68945e-06	0.000262772	3.26946e-05	-0.000166168	-0.000162193	0.000150289	0.257497	0.13257	0.254948	0.1	0.00606433
-1.83355	3.40575	1.65887	4.48103e-05	-0.000369393	-8.30372e-05	0.000370016	-0.000855534	-8.17989e-05	0.257171	0.132066	0.254625	0.1	0.00478272
1.71525	2.36262	-0.256346	0.000134916	-3.86488e-05	-2.73435e-05	3.27158e-05	0.000142446	-0.000511021	0.257045	0.131872	0.2545	0.1	0.0109055
0.571956	0.579143	0.29204	2.04228e-05	-0.00015479	-8.69881e-05	0.000387823	5.46627e-05	-1.14572e-05	0.257002	0.131805	0.254457	0.1	0.012629
0.0255729	-2.79941	1.74508	-1.63341e-05	0.000209197	-4.818e-05	-0.000332907	-0.000205074	-0.000275809	0.2563	0.130728	0.253762	0.1	0.00694968
1.96292	1.18598	-0.898256	4.4327e-05	-0.000273649	-0.000105435	0.000198616	-0.000711173	-0.000116675	0.256161	0.130517	0.253625	0.1	0.00740028
1.53038	3.01721	-2.42581	-6.89193e-05	-3.96288e-05	-2.9916e-05	0.000174604	-4.97032e-05	-0.000330394	0.256037	0.130326	0.253502	0.1	0.00924482
0.348318	-0.520101	2.30173	-7.08783e-05	9.39933e-05	-3.07938e-05	0.000164028	0.000308711	-0.00029353	0.255995	0.130262	0.25346	0.1	0.00640977
1.06471	2.4517	-0.492754	-7.31699e-05	-0.000374453	5.88192e-05	0.0002913	3.85768e-05	0.000290776	0.25592	0.130148	0.253386	0.1	0.00909056
-2.14152	-0.561098	-1.25091	5.29735e-05	2.11403e-05	2.95088e-05	0.00016018	-0.000152641	-0.000181465	0.255837	0.130021	0.253304	0.1	0.013611
0.360082	1.21155	1.08667	2.31589e-05	-0.000226223	-7.12774e-05	-0.000429813	0.000370027	-0.00039964	0.255747	0.129885	0.253215	0.1	0.0078848
-0.0175749	1.30426	1.90127	8.24193e-05	-0.00014745	-1.02899e-05	-0.000461535	0.000165984	0.000486048	0.255291	0.129191	0.252763	0.1	0.00676453
0.43118	-3.40869	-0.93611	-1.98998e-05	0.00039794	3.46901e-05	-0.000349314	-1.05686e-05	-0.000288436	0.255224	0.129089	0.252697	0.1	0.00420908
-1.10631	1.48235	-2.15024	2.07742e-05	-0.00012997	-5.01853e-05	1.22529e-05	-7.86315e-05	-0.000101722	0.255101	0.128903	0.252575	0.1	0.00636192
-1.02997	1.12656	1.56668	-3.66773e-05	-4.76338e-05	-6.80086e-05	-0.000154302	0.000533687	0.000277576	0.254823	0.128482	0.2523	0.1	0.0150205
1.59029	-2.79375	-2.33479	1.82044e-05	0.000305002	5.75407e-05	0.000424788	6.77819e-05	0.000293961	0.254506	0.128002	0.251986	0.1	0.00742753
-0.302774	1.20636	-0.374024	0.000101116	-0.00014043	4.3062e-06	-8.69806e-06	-1.86175e-06	0.000220188	0.254402	0.127845	0.251883	0.1	0.0123677
1.65956	-3.53599	-2.20314	-3.17338e-05	0.000500502	2.67347e-05	-0.000472718	2.77737e-05	-0.000161761	0.254272	0.127649	0.251754	0.1	0.00606257
-0.95421	-1.10212	1.6138	-6.77799e-05	0.000181599	-3.0239e-05	0.000191573	0.000371985	0.000256149	0.254252	0.127621	0.251735	0.1	0.007507
-1.70182	0.670834	-0.180576	2.41073e-05	-8.28259e-05	-6.71848e-05	-9.9085e-05	-5.11863e-05	-0.000217209	0.254212	0.12756	0.251695	0.1	0.00968413
1.03847	-2.23956	-1.89279	2.46326e-05	0.000251105	3.02548e-05	0.00036688	6.12203e-05	6.37676e-06	0.254199	0.127539	0.251682	0.1	0.00652238
1.21233	1.62227	0.879626	-0.000134856	-0.00015613	0.000122134	0.000235712	0.000379453	0.000387602	0.254057	0.127328	0.251542	0.1	0.00597714
1.33613	3.36221	-1.9598	-0.000124157	-0.000285032	-3.7376e-06	0.000110001	-2.10648e-05	-6.48667e-05	0.253567	0.126591	0.251056	0.1	0.00922901
-1.37212	-0.860417	-0.126703	7.83327e-06	7.30597e-05	-6.16451e-05	-1.9297e-05	-0.000248851	7.27657e-05	0.253456	0.126426	0.250947	0.1	0.00611372
1.04379	1.32247	1.32012	9.11759e-05	-0.00014361	7.53469e-06	-3.88077e-05	-0.000626479	4.37864e-05	0.253434	0.126392	0.250925	0.1	0.00631338
-2.38723	2.78031	-2.01888	-5.70288e-05	-0.000203908	0.000115515	-0.000199467	-2.20248e-05	-0.000221227	0.253312	0.12621	0.250804	0.1	0.0116312
1.23678	-0.580665	-2.47905	2.77116e-06	0.00021825	9.97899e-06	7.80946e-06	-0.000342318	-5.76622e-05	0.253184	0.126018	0.250677	0.1	0.00893167
0.854997	0.962689	1.60525	0.00012053	-9.96447e-05	5.91746e-06	-0.000264321	-5.99352e-05	0.000495487	0.253182	0.126015	0.250675	0.1	0.00520233
-0.606966	2.41327	1.06553	1.78871e-05	-0.000269205	2.0123e-05	0.000247395	4.53904e-05	0.000210443	0.253176	0.126006	0.250669	0.1	0.00732241
1.8711	-0.879613	0.722608	-5.7661e-06	0.000206264	5.13189e-05	-7.57598e-05	3.48662e-05	2.40356e-05	0.253012	0.125762	0.250507	0.1	0.00745842
-2.14692	1.32023	-2.31403	3.10917e-05	-1.67933e-06	4.62716e-05	0.000354829	-2.13272e-05	0.000565369	0.252518	0.125027	0.250018	0.1	0.00703185
0.405821	0.211831	-0.907933	-8.42437e-05	-0.000141183	-6.98767e-05	-4.61357e-05	-0.000153177	-0.000355375	0.252479	0.124968	0.249979	0.1	0.00894582
2.26124	2.96713	-2.31452	-1.98378e-05	-0.00022583	0.000119207	-0.000588996	0.000274572	-0.000476086	0.25247	0.124955	0.24997	0.1	0.00639378
1.25263	-1.12646	-1.1113	-3.92555e-06	2.62793e-05	0.000120567	-0.000194785	-0.000814515	-9.84627e-05	0.252451	0.124927	0.249951	0.1	0.0107302
1.04204	-1.39369	-2.25132	-0.000122818	0.000314985	0.00013392	-0.000431073	-0.000887386	-8.40492e-05	0.252394	0.124843	0.249895	0.1	0.014552
-1.726	-2.74125	-1.52994	1.89153e-05	0.000252562	3.7547e-05	0.000542776	-0.000463651	0.000241832	0.251969	0.124213	0.249474	0.1	0.00868569
0.743691	-3.78369	-1.05603	7.97131e-07	0.000414356	5.54195e-05	-0.00010992	7.3081e-06	-0.000325441	0.251672	0.123775	0.24918	0.1	0.00672274
0.305676	-1.66383	2.10366	5.59357e-05	0.000179891	1.82843e-05	-1.92238e-05	1.82149e-05	5.14906e-05	0.251598	0.123666	0.249107	0.1	0.00978384
-1.37166	-1.62245	1.6222	3.38061e-05	0.000295199	-3.13728e-05	-4.8465e-05	-0.000117832	0.000237235	0.251461	0.123464	0.248971	0.1	0.00633209
0.151422	-2.86354	2.23088	5.88614e-06	9.33067e-05	-5.00358e-05	-0.000144646	-0.000126554	-0.00061432	0.251337	0.123281	0.248849	0.1	0.00973846
-1.99093	-1.16771	0.84526	-8.85007e-06	0.00011391	2.43712e-05	-5.6776e-05	7.61515e-05	-0.000127116	0.251292	0.123215	0.248804	0.1	0.00753525
1.99427	-3.90228	-2.15813	-7.88623e-05	0.000486813	-3.7482e-05	-0.000226641	-1.50262e-05	9.79622e-05	0.251252	0.123155	0.248764	0.1	0.00682271
0.319123	-0.999086	-1.0537	-1.32273e-05	-8.49205e-06	-7.59467e-05	-0.000242838	5.97977e-05	-3.78517e-05	0.251159	0.123019	0.248672	0.1	0.0105853
0.445507	-3.80463	-0.63588	-5.83476e-05	0.000422787	3.09963e-05	0.000273667	-0.000207349	0.000237952	0.250885	0.122618	0.248401	0.1	0.00549313
-1.07278	-1.02375	-2.35895	7.35582e-05	0.000115215	-0.000107767	4.9781e-05	-0.000117139	0.000249988	0.250767	0.122444	0.248284	0.1	0.0106067
1.98578	-3.03429	-2.15184	2.65915e-05	0.00031357	-2.11309e-05	-0.00031775	3.97243e-05	-5.53189e-05	0.250701	0.122347	0.248219	0.1	0.00684517
0.900512	-1.47333	-1.05311	1.22458e-05	0.000112931	6.35215e-05	-0.000303177	0.000172555	6.76014e-06	0.250676	0.122311	0.248194	0.1	0.0105075
1.77124	3.59468	-2.0628	-7.23337e-05	-0.000382858	-3.29429e-05	3.08933e-05	-0.0003447	6.71852e-05	0.250667	0.122297	0.248185	0.1	0.00572552
0.214238	-3.83424	-1.07696	-6.32103e-05	0.000441572	3.49884e-05	0.000225295	-0.000481695	-8.16167e-05	0.250642	0.12226	0.24816	0.1	0.00521721
-1.45815	-0.720791	-2.39383	4.15274e-05	4.29622e-05	-8.8436e-05	0.00030869	-5.94206e-05	5.93423e-05	0.250299	0.12176	0.247821	0.1	0.00820193
0.570001	-1.36131	-0.359301	7.51273e-05	0.000154824	-2.22745e-05	-0.000339528	0.000394354	-0.000711995	0.25018	0.121585	0.247703	0.1	0.00952888
-0.285019	-2.68068	2.38109	6.32172e-05	0.000227121	-4.46088e-05	0.00039899	9.88614e-05	0.00012401	0.250152	0.121546	0.247675	0.1	0.00701471
-2.48412	-3.11517	-1.95326	2.887e-05	0.000304923	8.71147e-06	-0.000256222	4.01782e-05	3.46992e-05	0.250067	0.121421	0.247591	0.1	0.00614626
-0.0368928	1.6297	2.29505	4.12006e-05	-7.50448e-05	-2.05817e-05	2.64623e-05	-0.000103005	0.000247876	0.250057	0.121407	0.247581	0.1	0.00838314
-2.19631	1.00546	-1.07227	8.76522e-05	-5.2778e-05	-3.17797e-05	3.42866e-05	-9.32414e-06	-0.000280788	0.249982	0.121297	0.247507	0.1	0.00551468
-1.70389	-0.243134	-1.23143	5.41728e-05	1.33962e-05	-7.56284e-05	-8.02478e-07	-0.000151696	0.000118155	0.249805	0.121041	0.247332	0.1	0.0105826
-1.30749	0.902141	-2.26173	1.39234e-05	-7.80098e-05	-1.24729e-05	-0.000213732	-0.000403317	7.46174e-05	0.249501	0.120599	0.247031	0.1	0.00925679
1.19737	-3.78312	0.0945217	0.000155701	0.000460185	7.01527e-05	0.000370152	-0.000716179	0.000168951	0.249491	0.120585	0.247021	0.1	0.00876435
0.953511	2.02628	0.760771	-8.58949e-05	-0.000177672	2.58558e-05	-0.000733037	-0.000357342	-0.000632393	0.249466	0.120547	0.246996	0.1	0.00685097
0.0280451	0.257306	-1.37423	2.81617e-05	-0.000106848	2.39018e-05	2.24814e-05	0.000114852	0.000441603	0.249265	0.120257	0.246797	0.1	0.00714704
0.734058	-1.0856	-1.30895	-2.35423e-05	-6.03027e-06	-3.84989e-05	-0.000292389	-0.000120823	0.000256879	0.24919	0.120149	0.246723	0.1	0.0120237
0.618624	-0.613683	-0.963006	-2.53956e-07	-2.89699e-07	-5.57502e-07	-6.55102e-24	6.40055e-24	1.47277e-24	0.249006	0.119884	0.246541	0.1	0.0143144
-1.42702	2.32884	-0.963582	3.0662e-05	-0.00020579	7.34162e-06	-0.000345636	9.96419e-05	0.000436586	0.248917	0.119754	0.246452	0.1	0.0106628
2.19982	0.642218	1.94624	0.000135718	2.53558e-06	-7.10964e-05	0.000111622	0.000249204	-1.50565e-05	0.24891	0.119744	0.246446	0.1	0.0102783
1.83601	0.0848087	1.37672	3.56626e-06	9.13302e-05	-9.50704e-06	-9.85016e-06	0.000487758	6.68843e-06	0.248903	0.119734	0.246439	0.1	0.00747143
-1.25987	-0.0666825	-2.43015	3.17681e-05	-1.86605e-05	-6.77006e-05	4.51881e-05	6.49987e-05	0.000342147	0.248902	0.119733	0.246438	0.1	0.00748174
-1.58455	2.97197	1.67542	1.39271e-05	-0.000374883	0.000155625	-0.000745003	-0.000319325	-4.90958e-05	0.248378	0.118978	0.245919	0.1	0.00800448
1.50843	1.1494	1.31286	0.000104667	-6.85065e-05	-1.70137e-05	0.000186857	0.000315386	0.000345911	0.248178	0.11869	0.245721	0.1	0.00556413
-0.331242	0.471521	-2.02029	1.99495e-05	-0.000209177	-0.000146228	-5.44417e-05	0.000156162	-6.87192e-05	0.24787	0.118249	0.245416	0.1	0.0068818
-1.28981	-0.236215	2.1119	4.91691e-06	6.19872e-05	-5.14095e-05	0.000141178	0.000133421	-0.000372523	0.247827	0.118187	0.245373	0.1	0.00702376
-1.61361	-1.26728	1.39564	2.08985e-06	0.000174529	-5.73014e-05	-7.96387e-05	0.000203919	9.46759e-05	0.247767	0.118102	0.245314	0.1	0.00778116
-1.68505	-3.51398	1.25818	2.90115e-05	0.000423126	-9.34678e-06	-2.63445e-05	-0.000129686	8.78626e-05	0.247735	0.118056	0.245282	0.1	0.00868537
1.03879	-3.44936	1.15377	-1.78611e-09	3.71838e-07	-8.1161e-09	-1.42187e-26	7.11246e-26	-2.67178e-26	0.247707	0.118015	0.245254	0.1	0.00950116
-0.0468553	3.76571	0.976648	-2.72304e-05	-0.000375221	-8.72455e-05	0.000186563	-0.000134104	-0.00029653	0.247608	0.117873	0.245156	0.1	0.00806618
-1.68175	3.30069	0.971116	4.32635e-05	-0.000557609	3.24142e-06	-0.000388078	-0.000334596	1.70412e-05	0.247575	0.117828	0.245124	0.1	0.00761396
1.47456	0.779004	-0.872288	-7.26416e-06	-0.000259128	1.42545e-05	0.00021641	-6.68624e-06	0.000258369	0.247232	0.117337	0.244784	0.1	0.00905238
0.119355	-3.42438	-1.32323	-5.11157e-05	0.000405035	4.91885e-05	-0.000251268	2.92001e-05	0.000342754	0.247018	0.117033	0.244572	0.1	0.00758036
0.242474	2.0832	-1.35484	-6.56788e-05	-0.00029339	3.33854e-05	2.5492e-05	-0.000139558	-0.000204793	0.246945	0.11693	0.2445	0.1	0.00734284
-1.91957	3.33521	-1.14988	-4.33417e-05	-0.000329145	1.92441e-05	-0.000261615	-1.60818e-05	0.000196444	0.246862	0.116812	0.244418	0.1	0.00994073
-0.16818	0.508963	2.25608	1.56697e-05	-6.37733e-05	-4.37557e-05	-0.000203571	-0.000197591	0.000143623	0.24683	0.116767	0.244386	0.1	0.0078278
-0.79262	-1.52857	1.4379	3.36584e-05	0.000282028	-6.40979e-05	-0.000160649	-3.62806e-05	0.000257566	0.246791	0.116712	0.244348	0.1	0.00655786
0.243588	3.4165	0.809372	-5.69487e-05	-0.000400243	1.66467e-05	-0.000343353	-0.000183177	0.000138831	0.246746	0.116648	0.244303	0.1	0.00565626
-0.269895	3.99432	0.329553	-8.86765e-05	-0.000466586	-3.50529e-05	-1.59059e-05	-8.55225e-05	-0.000147147	0.246741	0.11664	0.244298	0.1	0.00715442
-0.148895	1.42587	-0.800422	-5.61401e-06	-0.000152782	-0.000108798	0.000195418	0.000297166	0.000346954	0.246625	0.116476	0.244183	0.1	0.00648148
1.33799	3.66819	0.820492	-1.32986e-05	-0.000487175	7.15853e-05	-6.54735e-05	1.21495e-05	-0.000115894	0.246618	0.116465	0.244176	0.1	0.00898725
-0.351269	0.323323	0.144901	5.88049e-05	-6.72716e-05	3.70162e-05	-9.28974e-05	-7.98576e-05	0.000659624	0.246595	0.116433	0.244153	0.1	0.00621498
1.73682	2.73974	-0.581213	0.000147642	-0.000103664	-0.000104749	-0.000248833	-0.000132019	0.000848872	0.246366	0.11611	0.243927	0.1	0.0103194
-0.834454	-1.38907	-0.0292346	1.34613e-06	-4.44619e-07	-5.42496e-06	-8.23324e-06	-2.50666e-05	1.55621e-06	0.246308	0.116027	0.243869	0.1	0.00978955
0.0622624	1.11947	0.0993554	-3.42163e-05	-0.000185537	-3.09249e-05	4.56866e-05	0.000210624	7.99126e-05	0.246304	0.116021	0.243865	0.1	0.0128792
-1.22679	-1.04564	1.2077	1.86783e-05	4.98233e-05	-8.11398e-05	0.000407554	-0.00023192	-0.000234673	0.24629	0.116001	0.243851	0.1	0.00615116
-1.08105	2.01342	1.21553	2.77676e-05	-0.000243022	8.29028e-05	-0.000411794	0.000484744	-0.00012378	0.246171	0.115834	0.243734	0.1	0.00795549
0.633963	3.75758	-0.598676	-3.45138e-05	-0.000360619	1.70643e-05	-0.000145083	0.000158411	-7.36047e-05	0.246104	0.115739	0.243667	0.1	0.00473554
0.678963	-3.2874	0.856533	-2.38566e-05	0.000336235	-2.13311e-07	0.000182421	1.07011e-05	-0.000217536	0.245924	0.115485	0.243489	0.1	0.00976372
-2.2956	0.852879	2.30552	7.25636e-05	5.47479e-05	0.000105224	-0.000160044	-0.000204162	-2.17682e-05	0.245818	0.115336	0.243384	0.1	0.00944619
1.35074	0.603065	-1.31976	-1.31882e-05	-4.84924e-05	-5.99442e-06	0.000212147	-0.000141983	-0.000232609	0.24563	0.115072	0.243198	0.1	0.0101757
-0.613466	0.444233	-2.41461	7.64463e-06	-8.94089e-05	-0.000122514	0.000484531	-8.90738e-05	-0.000101818	0.245492	0.114877	0.243061	0.1	0.0094138
2.17014	2.40493	1.43635	2.49899e-06	-3.56185e-05	5.42467e-05	-0.000302388	2.25234e-05	2.93052e-05	0.245444	0.114812	0.243014	0.1	0.0108053
2.48181	-3.16316	0.330919	-3.13893e-05	0.00032387	-2.93207e-07	-0.000169257	-4.50178e-06	-4.91974e-05	0.245374	0.114714	0.242945	0.1	0.0108471
-0.713057	-0.236948	-1.54569	0.000132419	6.99628e-05	-9.73777e-05	3.00794e-05	-0.000676757	0.000398813	0.245244	0.114531	0.242816	0.1	0.00526683
0.760526	-3.48408	2.24589	-1.25485e-05	0.000171068	3.56469e-05	-9.24038e-05	0.000512594	-9.45064e-05	0.245189	0.114453	0.242761	0.1	0.00651766
1.44443	3.3399	0.426301	3.85044e-05	-0.000348578	-9.19691e-06	-0.000218299	0.000479198	-0.000404812	0.244966	0.114142	0.242541	0.1	0.0118583
-0.40627	0.834093	-0.958863	1.96886e-05	-8.66958e-05	1.29965e-05	-0.000459485	0.000264552	-0.000146637	0.244953	0.114123	0.242528	0.1	0.00530417
-1.97042	-0.980079	0.0442582	-3.23456e-05	-2.92536e-05	-1.55031e-05	0.000140316	4.03804e-05	-0.000214782	0.244934	0.114096	0.242509	0.1	0.00843732
0.214188	-1.00586	1.63468	7.25066e-05	0.000113339	-3.87348e-05	-6.04221e-05	0.000195372	0.000303311	0.244844	0.113972	0.24242	0.1	0.00686012
-0.728038	-2.72488	-1.98662	4.14914e-05	0.000264196	4.28858e-05	0.00020558	0.000233422	-0.000413833	0.244741	0.113827	0.242318	0.1	0.0111315
-0.208904	2.69742	1.05125	2.84118e-05	-0.00031509	4.2986e-05	0.000239524	0.000150019	-0.000360748	0.244734	0.113818	0.242311	0.1	0.00605848
2.46115	-2.10679	1.15229	6.69695e-05	0.000206389	5.03289e-05	0.000241843	-8.89887e-05	-0.000395456	0.244542	0.11355	0.242121	0.1	0.00974689
0.140307	-1.48579	1.67748	4.54896e-05	0.000188215	4.39458e-05	0.000109236	2.61233e-05	6.53782e-05	0.244486	0.113471	0.242065	0.1	0.00650205
0.872297	-2.49514	-1.28816	-1.84839e-06	0.000287149	7.11522e-05	-2.2221e-05	0.000124849	2.12296e-06	0.244454	0.113428	0.242034	0.1	0.00694568
0.68853	2.68212	-0.249209	2.90855e-06	-2.00154e-06	-6.18612e-06	2.83656e-05	1.12437e-05	9.27759e-06	0.2444	0.113351	0.24198	0.1	0.00635295
1.23851	2.72415	2.28908	-0.000143153	-0.000205659	3.56696e-05	-0.00065363	-0.000469308	0.000297683	0.244162	0.113022	0.241745	0.1	0.011025
-2.34819	-0.980475	0.346463	-1.35239e-05	5.86893e-05	1.18325e-05	-6.19921e-05	9.20403e-05	-0.000329885	0.24414	0.112991	0.241723	0.1	0.00754228
-0.0971688	-3.90507	-2.14786	-2.37674e-05	0.000372342	-3.08179e-05	0.000110419	-0.000124751	-0.000111645	0.244103	0.112939	0.241686	0.1	0.00827715
0.343653	-2.94218	-1.06108	-1.27672e-05	0.000363364	1.11971e-05	0.000236142	0.000131186	0.000279678	0.244062	0.112883	0.241646	0.1	0.00675968
-0.334479	1.21437	-1.23935	2.9517e-05	-0.000209322	-7.71453e-05	-1.70876e-05	0.00023082	4.56741e-05	0.243921	0.112687	0.241506	0.1	0.00403807
-1.38933	3.02265	0.0311172	-4.69615e-05	-0.00028279	-2.58531e-05	-0.000238105	7.6873e-05	1.9409e-05	0.243692	0.112369	0.241279	0.1	0.00813019
0.914172	1.64479	1.93509	4.30762e-05	-0.00020698	6.33852e-05	0.000260329	0.000171927	0.00020787	0.24367	0.112339	0.241257	0.1	0.00926799
-1.41375	-1.27198	-0.383252	8.2833e-05	9.56018e-05	-7.77212e-05	5.25391e-05	-8.52978e-05	-8.79994e-06	0.243648	0.11231	0.241236	0.1	0.0096256
-2.05128	2.15796	-0.945484	4.45949e-05	-0.000234915	0.000146645	3.81469e-05	-6.86038e-05	4.03536e-05	0.243387	0.111948	0.240977	0.1	0.00703784
-2.29812	0.975332	-0.590546	-1.21122e-06	2.38027e-08	6.52551e-07	-5.03365e-24	1.42508e-23	2.34596e-24	0.243111	0.111568	0.240704	0.1	0.00840454
-2.35237	-2.57982	1.20102	3.33746e-06	0.000398285	-1.89073e-05	-0.000213268	9.38101e-05	-0.000322287	0.242966	0.111368	0.24056	0.1	0.00905641
0.754336	1.47607	0.791482	-7.60565e-05	-0.000185584	-9.00672e-05	0.000404863	-0.00111152	-8.80754e-05	0.242842	0.111198	0.240438	0.1	0.00446647
-1.64306	3.93192	-1.06141	1.55221e-05	-0.000365308	3.90433e-05	0.000221899	2.44746e-05	0.000333509	0.242774	0.111104	0.24037	0.1	0.00940356
1.5307	-0.683728	-2.06727	0.000250171	6.29084e-05	0.000154438	0.000861183	-4.64871e-05	-0.00114278	0.242496	0.110724	0.240095	0.1	0.0121609
1.77524	-1.22478	1.21182	-2.98918e-05	0.000237148	2.36785e-05	-0.000260365	-0.000154682	0.000198431	0.242131	0.110225	0.239734	0.1	0.00803451
1.1176	-0.417937	2.06342	6.22579e-05	0.000179861	-3.66915e-05	4.01813e-05	-5.38928e-05	-0.000198086	0.241931	0.109952	0.239536	0.1	0.00895306
-0.905981	-3.9317	-0.914976	-0.000183114	0.00034938	-9.96155e-05	-0.000337513	0.00017071	0.000632188	0.24193	0.10995	0.239535	0.1	0.00744188
-2.15953	0.832898	-0.0794889	-9.96856e-07	-8.56172e-07	-3.43317e-08	-2.97172e-25	-7.07531e-25	2.66403e-23	0.241739	0.109691	0.239346	0.1	0.0116899
-1.21475	-0.725637	-1.86361	-7.16544e-07	2.36476e-07	-1.0458e-06	3.12028e-24	-8.06879e-24	5.72325e-25	0.241738	0.109688	0.239345	0.1	0.0135755
-1.87445	-3.74751	0.878922	6.29114e-05	0.000397145	-9.96791e-06	-0.000161767	-9.21949e-05	-0.00019847	0.241731	0.109679	0.239338	0.1	0.0086753
-1.11108	-1.81307	-0.0878635	-1.10983e-06	1.88361e-07	2.22683e-07	-3.97638e-24	1.35348e-23	3.39732e-24	0.241723	0.109668	0.23933	0.1	0.00887276
-1.56038	-2.71116	-0.576	-8.99703e-05	0.000373545	4.51324e-05	-0.000148907	0.000122735	9.92977e-05	0.241715	0.109657	0.239322	0.1	0.00802808
-1.39817	3.29462	1.36515	3.63415e-05	-0.000451913	8.60779e-05	3.72323e-05	-0.000156851	0.000407644	0.241502	0.109368	0.239111	0.1	0.00623176
-1.24349	-2.20741	0.71635	-1.99525e-05	0.000152938	9.75934e-05	0.000854434	3.50761e-05	0.000104748	0.241393	0.109219	0.239003	0.1	0.00633107
-1.90865	-2.98437	-0.791057	-1.79207e-05	0.000387837	6.58274e-05	-2.509e-05	0.000175195	-4.28694e-05	0.241283	0.10907	0.238894	0.1	0.00788929
2.34624	1.13852	-1.61524	3.17126e-05	-0.000159908	6.11624e-05	0.00031137	0.000346774	0.000709448	0.241125	0.108856	0.238738	0.1	0.00626582
0.838587	2.1364	0.00751171	3.34773e-05	-0.000265681	-4.60248e-05	-5.51415e-05	-2.80374e-05	-0.000701264	0.241121	0.108851	0.238734	0.1	0.0054309
2.40846	2.96793	1.89002	1.81528e-05	-0.000233191	1.56881e-05	0.000238176	-0.000324643	-7.57672e-05	0.241078	0.108793	0.238691	0.1	0.00635069
1.08769	1.24966	-2.04992	1.48572e-06	-0.000124707	1.63098e-05	-0.000424329	-1.68056e-05	-0.000336038	0.241066	0.108776	0.238679	0.1	0.00639426
-2.21879	2.16878	0.942425	-4.49748e-05	-0.000190889	0.000100248	-4.12967e-06	8.09486e-05	0.000168131	0.241027	0.108724	0.238641	0.1	0.00857454
-2.36146	1.42378	-1.88772	9.40034e-06	-8.41266e-05	4.22051e-05	0.00021738	0.000568646	0.000134198	0.24097	0.108646	0.238584	0.1	0.0038945
2.0314	1.31443	1.65756	8.01361e-05	-4.23378e-05	-6.16085e-05	5.51309e-05	0.000450408	8.37283e-05	0.240966	0.108641	0.23858	0.1	0.00808504
1.20443	-0.165842	-1.9825	0.000145652	-4.2144e-05	4.0064e-05	-0.000321452	0.000381324	9.09232e-05	0.24074	0.108335	0.238356	0.1	0.00565047
0.553276	2.64432	0.209853	8.77102e-05	-0.000354757	-2.20603e-05	0.000279935	-0.000146695	-0.000426672	0.240483	0.107989	0.238102	0.1	0.00411576
-2.0517	3.47788	1.22621	0.000103623	-0.000304265	-7.66929e-05	-0.000242276	0.000725697	-4.40237e-05	0.240458	0.107956	0.238077	0.1	0.00636999
2.49987	-0.445143	2.03884	3.91196e-05	0.000235221	6.70614e-05	0.000231314	-4.93537e-05	9.06022e-05	0.240401	0.107879	0.238021	0.1	0.00782138
0.475104	0.297322	1.19397	0.000168327	9.71425e-05	-0.000114144	0.000420443	0.000375646	0.00095313	0.240234	0.107654	0.237855	0.1	0.006512
-1.8454	1.95379	-0.564955	1.47407e-05	-0.000352689	9.89639e-05	5.14968e-05	0.000198357	-8.83763e-05	0.240234	0.107654	0.237855	0.1	0.0107005
2.17259	1.75592	-0.654562	0.000209251	-0.000209669	-0.000259496	1.05714e-05	0.00153167	0.000488029	0.240084	0.107453	0.237707	0.1	0.00821726
0.437888	1.20054	1.57356	0.000110319	-0.000216728	-6.82334e-05	-0.000634188	3.01476e-05	-6.57717e-05	0.239985	0.107319	0.237609	0.1	0.00575743
0.260159	0.686252	0.906267	0.000114256	-1.14214e-05	-3.29191e-05	0.000506671	0.000331548	-0.000260898	0.239931	0.107246	0.237555	0.1	0.00587732
2.04067	2.87444	1.50454	3.2565e-05	-2.90938e-05	2.05802e-05	-0.000116231	6.19045e-06	0.000199691	0.239786	0.107053	0.237412	0.1	0.00925086
-0.844937	-0.88281	0.970258	2.60948e-05	-1.56833e-05	-8.09847e-05	-0.000100307	0.0004241	-0.000272497	0.239696	0.106933	0.237323	0.1	0.00559455
0.240916	-1.58104	-0.906994	-7.12819e-05	-0.000226279	0.000196665	0.00212086	0.000347856	0.000742656	0.239588	0.106787	0.237216	0.1	0.00913435
-0.295009	-3.4331	2.27882	1.82684e-05	0.000376579	1.75525e-05	0.000109556	1.10782e-05	-0.000159774	0.239483	0.106648	0.237112	0.1	0.0095485
-1.8431	-2.87223	0.232096	5.53337e-06	0.00028583	4.50793e-05	0.000122629	8.10966e-05	0.000138671	0.239239	0.106322	0.23687	0.1	0.00962298
1.27055	3.81323	0.331617	-3.15993e-05	-0.000441821	-2.33085e-05	0.000245422	-0.000169455	-0.000576287	0.239237	0.106319	0.236868	0.1	0.00819314
-2.23947	-1.24375	-0.3402	-2.01656e-06	0.000261902	4.8764e-05	-0.000229288	-0.000135791	0.000531469	0.239205	0.106277	0.236837	0.1	0.0108222
-2.38392	-0.634673	1.25681	-1.1142e-05	0.000100579	-1.35559e-05	-0.000340977	2.90644e-06	-8.92616e-07	0.239191	0.106258	0.236823	0.1	0.00755497
-2.48927	-0.774222	2.4174	-2.32379e-05	0.000260259	4.41522e-05	0.000115868	-7.03892e-05	0.000265853	0.238965	0.105957	0.236599	0.1	0.0109466
-1.67518	-3.49908	0.0416966	-8.18494e-05	0.000460245	3.81602e-05	-0.000225946	-0.000130257	8.68551e-05	0.238904	0.105876	0.236539	0.1	0.00889245
-0.688741	-1.88677	-1.37402	-2.04295e-05	0.000239462	-7.14954e-05	-8.04446e-05	0.000108925	0.000280402	0.238867	0.105826	0.236502	0.1	0.00796224
-1.29347	-0.55451	0.235572	-4.30709e-05	3.52558e-05	-6.40067e-05	8.67299e-05	0.00011485	0.000177497	0.238847	0.105799	0.236482	0.1	0.00423745
-0.785156	-3.57817	2.16253	-1.68897e-05	0.000387042	1.25356e-05	0.000153696	1.64337e-05	-7.65501e-05	0.23868	0.105579	0.236317	0.1	0.00689345
0.347659	-1.91917	1.5187	6.33274e-05	0.000264754	8.71439e-05	-0.000206503	0.00020914	0.00049952	0.238578	0.105443	0.236216	0.1	0.00696317
-1.39583	0.995221	1.28125	-4.43008e-05	-0.00013073	2.00626e-05	0.000218157	-0.000203387	0.00018266	0.238575	0.105439	0.236213	0.1	0.00843654
-2.18488	-2.86243	-1.63139	8.82056e-06	0.000341601	-1.00838e-05	-7.18448e-05	0.000160446	0.000285626	0.238558	0.105416	0.236196	0.1	0.00634835
0.265617	1.85686	1.99358	6.21831e-05	-0.000115897	-2.78229e-05	0.000346327	7.72924e-05	0.000469786	0.238531	0.105381	0.236169	0.1	0.00700332
0.105232	-0.13714	-2.2361	2.16145e-05	4.14486e-05	-8.03124e-05	-0.000777383	-0.000220951	-6.5442e-05	0.238467	0.105296	0.236106	0.1	0.00700029
-0.710678	3.94677	0.156935	-7.21116e-05	-0.000415373	-2.79687e-06	0.000150051	0.00014009	-3.72098e-05	0.238429	0.105245	0.236068	0.1	0.00527838
-0.850404	-2.78571	-0.63698	3.93538e-09	3.69287e-07	-3.38772e-09	-1.40772e-44	1.44215e-45	3.93588e-45	0.238392	0.105197	0.236032	0.1	0.0118242
2.18734	-2.49621	1.11232	-2.68889e-05	0.000279739	1.35206e-05	-5.39723e-05	0.000110884	-0.000101487	0.238069	0.10477	0.235712	0.1	0.00964501
0.18229	-2.04364	-0.775654	4.06738e-05	0.000291387	-3.21743e-06	0.000234318	-0.000198212	-0.000301229	0.2379	0.104547	0.235545	0.1	0.00541328
-0.0886788	-0.514084	0.207289	4.6467e-05	8.52386e-05	8.59937e-06	0.000309667	0.000469431	-0.000281696	0.237677	0.104254	0.235324	0.1	0.00466436
0.798475	-0.571762	0.592958	-4.35663e-05	0.000108283	5.64632e-05	7.5279e-05	-0.000280106	-6.47694e-05	0.237634	0.104196	0.235281	0.1	0.00674636
1.71497	0.256626	2.25203	7.39052e-05	1.76945e-05	2.14199e-05	-5.91892e-05	1.52241e-07	-4.85029e-05	0.237512	0.104035	0.23516	0.1	0.0112135
-2.33107	3.22559	-2.32116	-1.11459e-07	-0.000286081	5.20669e-06	0.000142134	-4.20418e-05	0.000209722	0.237463	0.103972	0.235112	0.1	0.00573388
0.0860346	2.35564	1.41254	9.26917e-05	-0.000394628	-5.60117e-05	0.000238631	9.55185e-05	-0.000165365	0.237431	0.103929	0.23508	0.1	0.00707422
0.358253	-1.9248	-2.26598	5.48031e-05	5.80004e-05	-0.000112768	-0.00016655	0.000483037	-0.000116316	0.237431	0.103929	0.23508	0.1	0.0131068
1.68839	-0.240275	-2.00587	0.000306446	4.40228e-05	0.000148625	-0.000923519	-2.39586e-05	0.000907378	0.237278	0.103729	0.234929	0.1	0.0103394
-2.47677	1.48164	0.39073	-5.3299e-05	-0.000136857	7.65348e-05	-0.000370842	0.000164268	-2.61714e-05	0.237254	0.103697	0.234905	0.1	0.00746254
0.577333	-2.32837	-0.918461	-6.7059e-05	0.000273283	-2.37206e-06	-0.000246084	-4.22666e-05	0.000433112	0.237202	0.103628	0.234853	0.1	0.00643346
-1.60829	-1.43235	2.22222	0.00011312	0.000201897	-6.32295e-05	-0.000141602	-8.0174e-05	-6.48076e-05	0.237135	0.103541	0.234787	0.1	0.0076147
0.954412	2.39484	2.48139	-6.12573e-05	-0.000239248	8.96667e-05	-0.000204301	-0.000137872	0.000537086	0.237122	0.103524	0.234774	0.1	0.00736899
-0.911645	3.93031	-0.465217	-5.38487e-05	-0.000322576	-4.97702e-05	0.00042336	-1.57231e-05	1.67822e-05	0.236892	0.103224	0.234547	0.1	0.00735033
0.111444	0.478126	-2.35638	7.03693e-05	9.44832e-05	-7.03588e-05	-0.000355384	0.000457304	0.000214761	0.236865	0.103189	0.23452	0.1	0.00908295
-1.37795	1.92667	-0.713146	8.86727e-05	-0.000164763	4.81338e-06	0.000280911	-0.000243651	1.43953e-05	0.236787	0.103086	0.234443	0.1	0.00588268
1.05125	-0.644274	-0.0486615	-4.66606e-06	4.51876e-05	5.96952e-06	-0.000258545	-7.85834e-05	0.000528804	0.236379	0.102554	0.234039	0.1	0.00565878
1.69176	-1.28066	-1.24235	-3.67629e-05	0.000164988	0.000119746	0.000593741	0.000732889	0.000263865	0.23636	0.10253	0.23402	0.1	0.0106005
2.35312	-2.08644	-0.687039	-6.63392e-05	0.000107348	4.84998e-05	0.000395307	2.47113e-05	0.000521576	0.236341	0.102504	0.234001	0.1	0.0171205
-0.622131	1.23932	-0.857749	6.89338e-05	-9.56267e-05	-2.98839e-05	9.73339e-05	0.000196164	0.000163972	0.236281	0.102428	0.233942	0.1	0.00556911
0.8497	1.0406	0.943642	-1.71126e-05	-0.000129143	-5.44586e-05	-0.000287371	-0.000611423	0.000944986	0.236277	0.102422	0.233938	0.1	0.00533981
0.777823	-0.769916	1.00941	-3.51071e-05	0.000159415	1.45038e-05	-0.000124118	5.51222e-05	0.000270625	0.236117	0.102213	0.233779	0.1	0.0055335
-1.26992	1.95242	-1.24395	4.24665e-05	-0.000152034	3.3729e-05	9.0287e-05	0.000350358	0.000286852	0.236076	0.102161	0.233739	0.1	0.00565675
-1.75366	-0.572547	-0.0703734	-3.15702e-05	-2.75382e-05	-1.40489e-05	9.87515e-05	0.000412986	0.000111482	0.235915	0.101951	0.233579	0.1	0.00456812
-1.06815	0.502519	1.22057	-1.42722e-07	-1.69374e-07	5.99607e-07	1.47359e-25	1.13835e-23	1.37325e-23	0.235774	0.10177	0.23344	0.1	0.0119085
1.45148	-0.778683	-0.232559	2.01582e-05	0.000166019	5.29929e-05	3.22615e-05	-4.42767e-05	-1.13064e-05	0.235702	0.101675	0.233368	0.1	0.00375339
1.77004	-3.52098	1.40546	-2.29048e-05	0.000370998	5.96741e-05	-0.00019325	-0.000579155	0.000216611	0.235632	0.101585	0.233299	0.1	0.00652737
0.530272	0.940455	0.616754	6.6874e-05	-9.32138e-05	-0.000149151	-0.000825947	0.000224042	-2.67231e-06	0.235543	0.10147	0.233211	0.1	0.00737123
-2.31603	3.35525	1.73112	3.87687e-05	-0.00020863	3.01345e-05	9.71198e-05	-0.000139256	0.00017826	0.235542	0.101468	0.23321	0.1	0.00495471
1.84164	3.33994	-0.779287	-0.000119347	-0.000291677	-2.05309e-07	0.000236744	3.48696e-05	0.000268454	0.235326	0.10119	0.232996	0.1	0.00600068
-2.07507	1.36734	-1.34986	0.000114314	-0.00010729	8.20822e-06	0.000128734	0.000192366	0.000136173	0.235264	0.101109	0.232935	0.1	0.00435452
-0.158402	1.87649	-0.646982	-1.8396e-06	-0.000161578	-7.68222e-05	-8.52529e-05	0.00069211	-4.3501e-05	0.235177	0.100998	0.232849	0.1	0.00702919
-1.98712	-3.86087	-2.09159	5.37892e-05	0.000341713	-7.38374e-06	-0.000400128	0.000140616	-0.000483956	0.235106	0.100905	0.232778	0.1	0.00772168
1.36947	1.03618	-0.437692	-6.94695e-05	-0.000179743	8.4071e-05	5.84796e-05	-0.000275379	0.000449161	0.23501	0.100782	0.232683	0.1	0.00445111
1.61152	-1.53319	0.851733	-6.25399e-06	0.000235119	6.87814e-05	-0.000101039	-3.16656e-05	0.000156236	0.234827	0.100547	0.232502	0.1	0.00563173
0.153615	1.64421	-1.11113	1.78866e-05	-0.000313632	-0.000190814	0.000482289	0.000549458	-0.000432984	0.234781	0.100487	0.232456	0.1	0.00653253
2.27897	-1.18755	-2.43286	-3.89369e-05	0.000223538	-9.24795e-06	0.000293388	0.000830819	-0.00022832	0.234742	0.100438	0.232418	0.1	0.00520825
0.0499383	2.94354	-0.465343	-1.84443e-05	-0.000338888	-3.33801e-05	-0.000290114	-9.93954e-05	-0.000456779	0.234729	0.100422	0.232405	0.1	0.0109053
0.856292	-0.926559	-0.389821	-2.82546e-06	6.92637e-05	-2.2705e-05	5.85215e-05	-0.000196249	0.000399465	0.234723	0.100413	0.232399	0.1	0.00692376
-0.733718	2.61802	1.48846	-7.85284e-06	-0.00030543	4.39788e-05	-0.000327948	-8.54237e-06	-0.000375355	0.234716	0.100404	0.232392	0.1	0.00823685
-0.465754	-3.79809	-1.43977	-3.30957e-05	0.00042109	-7.13333e-05	-0.000235538	0.000165001	0.000143654	0.234391	0.0999882	0.23207	0.1	0.012465
-0.417155	-1.15329	0.980016	-0.000100469	1.37447e-05	-0.000108044	4.2325e-05	0.000181356	0.000262992	0.234228	0.0997805	0.231909	0.1	0.0105674
-1.0142	1.86703	-1.8768	1.3439e-05	-0.000185943	-1.39709e-05	0.000135865	-8.33468e-05	-0.000617192	0.234163	0.0996969	0.231845	0.1	0.00606853
-0.196358	-0.0985749	-0.00762151	4.16285e-05	-1.5422e-05	4.21715e-05	3.70459e-05	0.000105352	-0.000761778	0.233947	0.0994212	0.231631	0.1	0.00508373
2.40973	-1.97301	-2.33469	5.02251e-06	0.000302635	7.49483e-05	-0.000197726	-3.1269e-05	0.000143776	0.233696	0.0991015	0.231382	0.1	0.0108381
-1.19095	-1.51433	1.18203	5.79757e-05	7.97217e-05	-8.51996e-05	-0.000372694	-6.60172e-05	0.000331393	0.23369	0.0990929	0.231376	0.1	0.00620661
-0.0379947	2.16461	2.17125	-6.19031e-05	-0.000315592	0.000109127	0.000177386	3.98335e-05	0.00011228	0.233609	0.0989904	0.231296	0.1	0.00625565
-0.0734938	3.76633	-0.0369097	-7.2825e-05	-0.000472008	-1.41155e-05	9.56663e-05	-0.000289006	-0.000531714	0.233569	0.0989397	0.231256	0.1	0.00631881
-1.27465	-1.89964	0.34491	-4.31666e-05	0.000287163	5.99122e-05	0.000558748	4.99668e-05	0.000146829	0.233337	0.0986457	0.231027	0.1	0.00544053
0.251776	-3.64754	2.06309	-0.000173128	0.000325257	-0.000107983	-0.000519948	0.000215443	-3.38153e-05	0.233285	0.0985791	0.230975	0.1	0.00732253
0.359759	-3.40244	-0.313806	-3.81536e-05	0.000340979	-3.98396e-06	0.00015683	-4.35825e-05	0.000142572	0.233155	0.0984158	0.230847	0.1	0.00519329
-1.56382	2.2036	0.480112	-1.69694e-05	-0.000213239	1.40706e-05	-0.000305797	0.00012102	7.26423e-05	0.233116	0.0983655	0.230808	0.1	0.00879712
1.44268	1.33956	-0.0964694	-2.21991e-05	-0.000133641	-1.66701e-05	-0.000391565	0.000826135	-0.000100156	0.233102	0.0983481	0.230794	0.1	0.00514736
-1.86209	-0.895173	1.26196	-2.72947e-05	9.74884e-05	-1.91945e-05	-6.97053e-05	-1.03673e-06	3.21104e-05	0.233037	0.0982664	0.23073	0.1	0.00903106
-0.215766	-0.573092	0.654879	4.42116e-07	1.02597e-06	-2.55336e-07	1.32314e-17	-5.56273e-17	-4.62221e-16	0.232987	0.0982018	0.23068	0.1	0.00715228
2.48829	-1.58822	2.42225	-7.34369e-05	0.000142748	-0.000203929	-0.000499236	0.000121617	-0.000248773	0.23297	0.0981807	0.230663	0.1	0.00828382
-1.74634	-2.94658	-0.215756	-3.57632e-05	0.000366107	5.73003e-05	0.000214437	0.000143043	-0.000130349	0.232853	0.0980333	0.230548	0.1	0.00744024
1.13065	2.53811	1.52945	-0.000134549	-0.000179019	6.15734e-05	-0.000766186	0.000158204	-0.00060737	0.232841	0.0980185	0.230536	0.1	0.0108406
2.29742	-3.6329	1.7964	2.09398e-05	0.000401525	-4.062e-06	2.79371e-05	2.82527e-06	0.000130401	0.232838	0.0980137	0.230533	0.1	0.0100376
-1.37422	3.88982	-0.680635	-6.78936e-06	-0.000382378	2.52594e-05	0.000220751	-0.000121891	0.000108319	0.232645	0.0977704	0.230342	0.1	0.00543784
2.24902	2.20588	-0.755204	-0.000120819	-8.71472e-05	5.94305e-06	0.00157192	0.000746204	0.000472325	0.232529	0.0976247	0.230227	0.1	0.00947968
-0.0936069	-0.277488	2.27717	0.000108782	-3.14853e-05	-1.55895e-05	0.000111882	-0.000520918	-0.000261443	0.232356	0.0974063	0.230055	0.1	0.0088934
2.40641	1.36064	-0.568986	0.000167973	-0.000198882	-7.33551e-05	-0.0012136	-0.00112547	-0.000807076	0.232305	0.0973426	0.230005	0.1	0.00594858
-1.03647	1.2139	0.933772	-7.24943e-05	-9.80047e-05	8.88044e-06	-8.45124e-05	0.00010067	0.000372039	0.232166	0.097167	0.229867	0.1	0.00828215
-2.23108	4.00582	-2.45838	3.14999e-07	-0.000406483	-6.40364e-07	2.09034e-24	-7.94257e-24	-1.73564e-24	0.232017	0.0969806	0.22972	0.1	0.00760702
0.587224	-2.02863	-0.544829	7.23581e-05	0.000223667	-3.71152e-05	-0.000337663	7.1344e-05	-0.00038722	0.231839	0.0967586	0.229544	0.1	0.00743118
1.69892	-2.87736	-1.63236	0.000111277	0.000435451	0.000127857	-0.000169963	0.000134837	0.000199883	0.231804	0.0967136	0.229509	0.1	0.00962726
-0.598832	-3.1315	-0.0132859	-5.03658e-05	0.000148124	0.000152189	0.000749181	-0.000113916	0.000382074	0.231661	0.0965346	0.229367	0.1	0.0106998
0.270747	1.95888	-0.794651	5.47876e-05	-0.000439371	-7.79489e-05	0.000273935	-0.000383351	0.000370056	0.231371	0.0961726	0.22908	0.1	0.00684656
1.88683	0.511704	1.56995	0.000110524	-1.72228e-05	2.86127e-06	0.000302034	0.000252557	-0.000180615	0.231332	0.0961243	0.229042	0.1	0.00745712
-1.57891	3.73367	0.808311	-6.70001e-05	-0.000525818	-3.12022e-06	0.00031745	-4.52242e-05	0.000692803	0.231276	0.0960544	0.228986	0.1	0.00894501
0.680749	1.06774	-1.90859	1.0652e-06	-0.000141349	-5.30147e-07	0.000397418	0.000117014	-0.00047544	0.231257	0.0960307	0.228967	0.1	0.0105893
1.78325	1.46882	-0.551397	9.15588e-05	-0.000335739	-5.07339e-05	0.000170559	0.000784575	-0.000120097	0.231228	0.0959953	0.228939	0.1	0.00523315
0.588917	0.791593	1.22997	9.04462e-05	-0.000132085	1.10972e-05	-0.00094772	3.90157e-05	0.000666933	0.231098	0.0958324	0.22881	0.1	0.00407234
-0.415534	2.57937	-1.73289	-3.548e-05	-0.000284172	-1.14019e-05	2.59743e-05	-0.000138186	6.14108e-05	0.231097	0.0958312	0.228809	0.1	0.00894693
1.38129	3.37909	2.13897	-0.000207069	-0.000387408	4.85947e-05	9.72703e-05	-0.000109964	-0.000874568	0.230968	0.0956712	0.228681	0.1	0.0103914
1.50746	1.12939	-2.22806	1.13056e-05	-9.22752e-05	-1.31124e-05	-0.000350468	-0.000244147	-6.40785e-05	0.230925	0.0956178	0.228639	0.1	0.00446352
-1.00171	-0.623063	1.8732	4.12211e-05	3.35396e-05	-1.57396e-05	1.73012e-05	-0.00012629	-0.00023876	0.230853	0.0955284	0.228567	0.1	0.0110177
2.43029	-0.273964	-0.975939	1.2008e-06	-1.84341e-06	1.23016e-06	-3.38606e-23	-2.67984e-23	3.42114e-23	0.230603	0.0952189	0.22832	0.1	0.0111947
0.0774285	-0.589692	-2.30897	-7.73236e-08	5.91073e-05	1.25219e-05	0.000464399	-0.000109701	-0.000112378	0.230371	0.0949306	0.22809	0.1	0.00459403
-0.246647	-1.75201	-1.27685	5.08794e-05	0.000246636	-7.70188e-05	-0.000111822	-1.24737e-05	-0.000111495	0.230367	0.0949265	0.228086	0.1	0.00863001
-0.0816499	3.9667	-1.38464	-1.4484e-05	-0.000352416	-2.63446e-05	-9.27216e-05	-0.000190414	4.72618e-06	0.230224	0.0947498	0.227945	0.1	0.00492909
0.643169	1.19046	0.246793	-1.02095e-05	-0.000153539	-0.000212356	0.000535196	0.000199331	-1.66175e-05	0.22985	0.0942887	0.227574	0.1	0.00783677
-1.68477	-2.19677	0.401502	-3.78778e-05	0.000269566	-2.41252e-05	0.000275339	-3.34967e-05	0.000212204	0.22984	0.0942757	0.227564	0.1	0.00602359
0.194441	3.94351	0.287249	-0.00011616	-0.000500514	2.38833e-05	-0.000210549	-8.18538e-05	-0.000161667	0.229772	0.0941929	0.227497	0.1	0.00471304
-0.0603197	3.10991	-1.36709	-1.90064e-05	-0.000326808	-4.14353e-07	-5.29167e-06	-7.03038e-05	3.98886e-05	0.229716	0.0941249	0.227442	0.1	0.00620674
2.34326	3.5654	-1.04592	-0.000126665	-0.000260851	1.97638e-05	-0.000369162	5.89087e-05	-0.000866052	0.229675	0.0940734	0.227401	0.1	0.00826704
0.89321	-2.88716	1.03848	-6.37597e-05	0.000132701	7.92489e-07	0.000533839	1.23258e-05	-0.00104084	0.229635	0.094024	0.227361	0.1	0.00629626
0.785371	-3.51923	-2.28606	-0.000130916	0.000427723	6.16553e-05	0.000567675	-9.83688e-05	0.000561545	0.229633	0.0940217	0.227359	0.1	0.00705431
-0.501631	3.62372	-0.0942927	-8.85054e-05	-0.000356677	-5.77381e-05	2.33642e-05	9.99628e-05	0.000100163	0.229597	0.0939779	0.227324	0.1	0.00929128
1.8884	0.400565	0.990959	9.50332e-05	-3.07435e-05	-6.92961e-05	1.40142e-06	-0.000413464	0.000172814	0.229587	0.0939654	0.227314	0.1	0.00840725
0.559516	-1.02048	-0.0288381	9.06983e-05	3.47974e-05	0.00010327	4.47929e-05	-0.000291467	0.000568207	0.229559	0.093931	0.227286	0.1	0.00666214
-0.763853	0.135602	0.00819685	-8.5695e-05	-3.75446e-05	9.12458e-05	3.79433e-05	-7.50381e-05	-6.97605e-05	0.229502	0.0938617	0.22723	0.1	0.0065488
-0.102971	-0.807211	-0.464991	5.46411e-05	1.79682e-05	-5.93007e-05	-0.000469069	-3.53641e-05	0.000311662	0.229294	0.0936058	0.227024	0.1	0.00621437
-1.04391	-3.01099	1.31184	-3.52538e-05	2.12354e-05	8.47351e-06	7.19845e-05	4.30802e-05	0.000188182	0.229262	0.0935673	0.226992	0.1	0.00728998
2.36886	1.19854	-1.15442	0.000128654	-0.000271597	5.38727e-05	0.000149649	8.45599e-05	-9.93091e-05	0.229043	0.0932983	0.226775	0.1	0.00653016
2.26599	0.651113	1.3699	-4.27393e-05	6.86513e-06	-0.000124298	-0.000441065	0.000508703	0.000462326	0.229023	0.0932736	0.226755	0.1	0.00555648
2.05505	-3.86235	1.4903	-4.98108e-05	0.000435746	7.47416e-05	0.000140874	0.00055846	-0.000152853	0.22902	0.0932701	0.226752	0.1	0.00681616
2.17601	2.59687	-2.01588	-7.02185e-05	-9.84873e-05	1.82459e-06	0.000683775	-0.000305072	-0.000147723	0.228994	0.0932399	0.226727	0.1	0.00777149
0.345431	-3.2846	2.33652	-4.37125e-05	9.76892e-05	6.23009e-05	-0.000198015	-0.000281203	0.000534239	0.228978	0.0932202	0.226711	0.1	0.00622298
1.17028	2.68996	-1.06239	-0.000112056	-0.000345757	2.36961e-05	0.000664287	-0.000348714	0.000257786	0.228925	0.093155	0.226658	0.1	0.00706266
0.105825	0.664151	0.20872	1.01987e-05	-0.000171799	1.4705e-05	-0.000278321	2.10688e-06	6.18814e-05	0.228769	0.0929649	0.226504	0.1	0.00975201
1.50234	-1.03046	2.12894	5.0957e-05	0.000180346	0.000103535	0.000305673	-0.000120589	-0.000340451	0.228681	0.0928573	0.226417	0.1	0.00497402
0.123423	1.53762	-0.106651	-7.05442e-05	-0.00019184	-5.2395e-05	-5.3298e-05	0.000455365	-0.000244181	0.228633	0.0927983	0.226369	0.1	0.00882144
-0.833412	3.95279	-1.35725	-0.000138141	-0.000213911	2.4223e-05	-0.000238031	1.09072e-05	-0.00100913	0.228527	0.09267	0.226264	0.1	0.00965569
0.953519	0.82388	-2.17911	-7.51372e-06	-0.000105023	-4.25429e-05	0.000233475	-0.000386449	0.000114128	0.228372	0.0924815	0.226111	0.1	0.00922015
1.20322	-3.40372	-2.15354	-7.99979e-05	0.000355677	-4.0919e-05	-0.000621213	9.06424e-05	0.000672258	0.228275	0.0923635	0.226015	0.1	0.00655558
0.438166	-0.969375	1.23339	2.15619e-05	0.000147392	-1.63585e-05	-0.000163186	-9.38523e-05	9.95483e-05	0.228269	0.0923562	0.226009	0.1	0.00448774
2.38523	-1.89013	1.78569	-2.46587e-05	0.00029949	4.02522e-05	0.000137646	6.43295e-05	0.000503042	0.228148	0.0922089	0.225889	0.1	0.00851811
0.218071	3.70217	-0.386399	-7.21916e-05	-0.00045108	-1.92294e-05	0.000292899	6.00028e-05	-0.000409193	0.227891	0.0918988	0.225635	0.1	0.00517556
1.06354	-0.118534	-0.726383	-8.98247e-06	-2.28215e-05	3.31876e-06	-0.000105596	3.28374e-05	-6.08831e-05	0.2278	0.0917882	0.225545	0.1	0.00815985
-2.0094	-2.65848	1.5064	-1.91101e-05	0.000396927	7.36803e-06	2.67654e-06	-0.000204158	0.000140431	0.227735	0.0917093	0.22548	0.1	0.0119496
0.997485	1.17844	0.528731	-8.78964e-05	-0.000176034	-0.000113985	6.64076e-05	-0.000772464	0.000373813	0.227721	0.0916929	0.225466	0.1	0.00572461
1.70554	-2.34417	-2.2413	-3.49906e-05	0.000286826	8.09578e-05	-0.00012437	0.000509583	7.52751e-06	0.227719	0.0916894	0.225464	0.1	0.00799328
1.59704	-0.528123	0.125483	-0.00010753	6.74067e-05	1.19218e-05	0.000121453	-0.000193745	0.000317937	0.227657	0.0916158	0.225403	0.1	0.00521205
2.15203	-3.4822	-0.800119	9.54893e-05	0.000271929	-0.000124252	-0.000797797	1.78387e-05	-0.000582628	0.227655	0.0916129	0.225401	0.1	0.00869463
-1.71243	1.90557	-1.13745	5.92741e-05	-0.000121721	6.0656e-05	0.00039524	0.000267441	0.000321074	0.227637	0.0915917	0.225383	0.1	0.00585067
2.32508	-3.86057	-1.00739	3.93538e-09	3.69287e-07	-3.38772e-09	-2.56963e-59	-1.44599e-59	2.93619e-59	0.227625	0.0915767	0.225371	0.1	0.010108
-2.38823	-3.59925	-1.94233	3.60743e-05	0.000440201	1.90283e-05	-0.000277231	-6.41922e-05	-0.000127984	0.227598	0.0915445	0.225345	0.1	0.0044765
1.12849	-1.6965	0.776621	-1.18775e-07	0.000230434	2.17271e-05	-3.58467e-05	1.71343e-05	5.13931e-05	0.227427	0.0913378	0.225175	0.1	0.00494353
-0.93714	1.64502	1.95002	-2.06372e-05	-8.9548e-05	-6.72022e-05	-0.000441387	-0.000398164	-9.43219e-05	0.227288	0.0911706	0.225038	0.1	0.00646925
1.16652	3.12467	-1.2706	-0.000102038	-0.000314711	4.37653e-05	0.00059703	-0.00039413	-9.81558e-05	0.227272	0.0911519	0.225022	0.1	0.00651621
