-1.38483	1.21498	-1.02894	8.42163e-05	-0.000111304	-1.7647e-05	-2.57729e-05	-7.6104e-05	-0.000102235	0.55482	1.32612	0.549327	0.1	0.0182457
2.15372	3.62206	2.24045	-7.62927e-06	-0.00030686	1.48241e-05	1.80117e-06	2.44238e-05	0.000136477	0.554711	1.32533	0.549219	0.1	0.0177188
-0.828001	-1.26888	-0.915229	4.46836e-05	0.000200114	-0.000104802	-5.78212e-06	2.11955e-05	-0.000179427	0.554426	1.32329	0.548937	0.1	0.0213503
-0.0773802	1.21732	-1.98208	-5.51462e-06	-0.000238031	-7.72654e-05	0.000175732	4.34751e-05	5.64977e-05	0.552434	1.30908	0.546964	0.1	0.0188404
2.47573	-3.3436	1.09577	-1.99482e-05	0.000384394	-5.62135e-06	3.53332e-05	3.67863e-05	0.000103032	0.551275	1.30086	0.545817	0.1	0.024919
-0.322886	-3.42644	-0.674516	-6.02207e-05	0.000394231	4.21587e-05	0.000161629	0.000120366	-5.50439e-05	0.548893	1.28407	0.543458	0.1	0.019462
-2.00438	0.741613	-1.7913	7.86838e-05	-2.24724e-05	-3.80186e-05	5.049e-05	-2.94761e-05	-9.78642e-05	0.548822	1.28357	0.543388	0.1	0.0205911
1.80385	-4.00903	-0.35832	2.29654e-06	0.000369526	-8.17066e-05	0.000194645	-3.78254e-05	5.30956e-06	0.547774	1.27623	0.54235	0.1	0.0193316
-1.93113	-0.412278	0.671028	-4.53204e-05	9.43874e-06	-3.00492e-05	-0.00010597	5.71541e-06	9.54928e-05	0.547358	1.27333	0.541939	0.1	0.0240057
-0.863412	-0.139896	0.726675	-5.32085e-05	-5.35666e-05	-2.90255e-05	5.43423e-05	-3.19044e-05	-9.23463e-05	0.546952	1.2705	0.541537	0.1	0.0200221
2.10205	0.367457	-1.25085	4.57906e-05	-6.68006e-05	-2.81708e-05	5.09221e-05	3.82692e-05	3.44193e-05	0.546649	1.26839	0.541237	0.1	0.0240184
1.2027	2.61011	-1.81828	-2.92695e-05	-0.000213509	5.03764e-05	-0.000126713	2.91811e-05	0.000165945	0.545348	1.25936	0.539949	0.1	0.020492
-2.42351	-2.40202	0.436322	-3.10813e-05	0.000250201	1.74422e-05	0.00013825	2.38359e-05	-2.7352e-06	0.545169	1.25811	0.539771	0.1	0.0214444
-0.0565118	-3.14371	-2.02794	-1.35669e-05	0.000327257	3.12569e-05	2.79234e-07	-0.000142779	-3.07208e-05	0.544719	1.255	0.539326	0.1	0.018328
-0.626285	3.36124	1.30213	2.06077e-05	-0.000330668	-1.61267e-05	-1.58948e-05	0.000272211	4.18763e-05	0.543689	1.24789	0.538306	0.1	0.0185395
2.18404	-2.51607	2.16767	7.85394e-05	0.000317228	2.61146e-05	-5.69506e-05	-4.34516e-05	1.37261e-05	0.541854	1.2353	0.536489	0.1	0.0299812
1.49943	-2.02501	-1.29674	-1.76111e-05	0.000213134	4.37837e-05	3.65084e-05	0.000101732	-5.00132e-05	0.540595	1.22671	0.535243	0.1	0.0261495
2.11296	2.84884	-1.2998	-4.03657e-05	-0.000290879	6.86075e-05	-0.000294777	-7.06782e-05	0.000127444	0.540372	1.22519	0.535022	0.1	0.019202
0.242898	2.2366	-2.11839	8.49067e-06	-0.000263087	4.85302e-05	1.13902e-06	-9.18869e-05	-9.96386e-05	0.540364	1.22514	0.535014	0.1	0.0172534
1.53222	1.89077	1.53977	-8.36312e-06	-0.000105252	3.52626e-05	-0.000170354	1.94051e-05	4.78291e-05	0.537534	1.20599	0.532212	0.1	0.0219438
1.81401	-2.99776	-0.0121843	-2.41806e-05	0.000288649	3.44617e-05	4.96919e-05	0.000102518	8.24144e-05	0.536704	1.20041	0.53139	0.1	0.0220915
-1.68294	1.62107	0.947345	-2.02235e-05	-0.000111473	8.90551e-05	0.000151703	-4.11655e-05	3.82649e-05	0.536645	1.20002	0.531332	0.1	0.0212863
0.66192	-1.88219	0.213831	5.68805e-06	0.00022475	5.23333e-05	6.85852e-05	4.32562e-05	4.15244e-05	0.536462	1.19879	0.53115	0.1	0.02078
0.369477	3.50939	1.65416	8.23459e-07	-0.000393668	1.4047e-05	-4.3012e-05	-0.000128736	5.80034e-05	0.53632	1.19784	0.53101	0.1	0.0228871
-1.13854	-2.59458	0.0583689	-2.14057e-05	0.000316209	2.81472e-06	-0.000128302	1.27529e-05	-1.79203e-06	0.535344	1.19131	0.530044	0.1	0.0182906
-0.267015	-2.49881	-1.19871	-2.11455e-05	0.000332882	2.80144e-05	-0.000231988	3.6705e-05	-0.000107865	0.534798	1.18767	0.529503	0.1	0.0176373
1.35275	3.88491	1.57193	-3.43297e-05	-0.000390031	4.39937e-05	-7.32125e-05	3.88215e-05	-2.79339e-05	0.534761	1.18742	0.529466	0.1	0.0185504
0.796944	1.53019	-0.449232	-5.47584e-05	-0.000229627	-3.50465e-05	7.01077e-05	-0.000295926	-0.000133968	0.534328	1.18454	0.529038	0.1	0.0190802
-1.44875	3.78703	0.0642667	-7.3231e-05	-0.000318099	1.49355e-05	0.000178457	3.54285e-05	3.72201e-06	0.533494	1.179	0.528212	0.1	0.0187645
-0.510902	1.95083	-1.32116	-2.89027e-05	-0.000299129	-5.89788e-06	0.000109806	-1.70705e-05	0.000138508	0.533315	1.17782	0.528035	0.1	0.0176645
-0.367053	3.54279	-0.83032	-6.78404e-05	-0.0003393	-3.83056e-05	-1.89475e-05	-5.27477e-05	3.14969e-05	0.533292	1.17767	0.528012	0.1	0.0180083
-2.01834	-1.19798	-2.15279	3.01197e-07	4.94946e-05	-0.000193365	0.000158519	-1.18179e-05	-0.000115262	0.533023	1.17589	0.527746	0.1	0.0224395
-1.75796	-3.12466	-2.20662	-1.38555e-05	0.00032087	1.77693e-06	1.75843e-05	5.16633e-05	9.46865e-05	0.53279	1.17434	0.527515	0.1	0.0257812
-0.0102932	-2.52136	1.01767	1.42926e-05	0.00029377	-2.55147e-05	-6.51089e-05	-3.34953e-05	-3.00497e-06	0.532572	1.1729	0.527299	0.1	0.025974
-1.45283	3.58097	-1.71195	-3.53287e-05	-0.000339692	2.55579e-05	-0.000155155	5.69937e-05	-6.46896e-05	0.532055	1.16949	0.526787	0.1	0.0214244
0.454762	3.24976	-2.32645	-1.85658e-05	-0.000307652	2.29385e-05	-6.76322e-05	1.66648e-06	0.000155501	0.531483	1.16572	0.526221	0.1	0.0252838
2.41824	0.170891	-2.48239	5.28516e-05	2.94686e-05	-2.0345e-05	-5.56237e-05	4.3828e-05	-2.28717e-05	0.530981	1.16242	0.525724	0.1	0.0207842
-0.17482	-1.19481	-1.76149	2.88367e-05	0.000148469	-9.02574e-05	-1.24918e-05	1.8192e-05	8.16332e-05	0.53052	1.15939	0.525267	0.1	0.020438
-0.932684	-3.48305	0.585831	-2.64665e-06	0.000392545	3.75992e-05	-1.40877e-05	0.000118566	-9.63516e-05	0.529592	1.15332	0.524349	0.1	0.0183723
-0.0743837	-3.59908	1.37701	-5.12227e-05	0.000357714	-1.61009e-05	2.33121e-05	-2.87948e-05	0.000120497	0.528499	1.14619	0.523266	0.1	0.0221213
2.04784	0.789214	-0.237629	-3.10719e-05	8.7651e-06	7.15352e-05	0.000108546	0.000144042	0.000193435	0.527475	1.13954	0.522252	0.1	0.0241199
0.554745	3.54152	-1.32679	-5.90823e-05	-0.000315341	1.67562e-05	8.76631e-05	-4.03302e-05	-8.93315e-06	0.527182	1.13765	0.521962	0.1	0.0193014
-2.41564	0.787108	0.657286	1.85496e-05	-8.76265e-05	3.51247e-05	0.000238056	-3.01583e-05	4.65501e-05	0.527004	1.1365	0.521786	0.1	0.027408
2.41098	-1.15072	1.76516	-4.78865e-05	0.00025278	5.24214e-05	-7.29892e-05	4.42181e-05	-0.000213175	0.526785	1.13507	0.521569	0.1	0.0202288
0.0790915	-3.3443	0.378064	-1.92198e-05	0.000294234	-6.20702e-06	1.80451e-05	-1.26663e-05	-8.93739e-05	0.526637	1.13412	0.521423	0.1	0.0176948
0.545363	2.74274	0.960568	1.59616e-05	-0.000333482	-3.24962e-05	0.000178175	0.000181117	5.23995e-05	0.524764	1.12206	0.519568	0.1	0.0168375
-2.43993	3.9	0.373489	-6.89708e-05	-0.000373184	-1.95915e-05	-0.00022512	-0.000112761	0.000124319	0.523709	1.11531	0.518524	0.1	0.02364
-2.48861	3.70494	-1.75972	-3.6063e-05	-0.000348912	1.75755e-05	0.000105916	-7.83328e-05	-8.5071e-05	0.523479	1.11384	0.518296	0.1	0.0183769
1.50114	0.937198	2.04233	0.000112088	-6.24023e-05	-4.22071e-05	-6.48292e-05	-0.000208619	6.89938e-05	0.521989	1.10436	0.516821	0.1	0.019075
-1.84317	-1.88322	-0.275743	-5.35427e-05	0.000218529	-1.81856e-05	0.000139029	0.000359103	-0.000448375	0.521432	1.10083	0.516269	0.1	0.0214273
-0.403692	1.7978	1.46459	2.37475e-05	-0.000287009	-4.98501e-05	-3.70718e-05	5.64011e-05	-0.000139385	0.521217	1.09946	0.516056	0.1	0.0234567
-2.004	-3.88486	1.84097	1.33575e-05	0.000396817	-3.62378e-05	3.21823e-05	-2.20492e-05	3.50097e-05	0.518617	1.08309	0.513482	0.1	0.016543
2.08771	-0.0936713	0.465668	-3.3055e-05	-3.44667e-07	-6.56766e-06	-9.77552e-05	9.28369e-05	-0.000169271	0.517898	1.07859	0.51277	0.1	0.0213917
2.33601	-1.06883	-0.932034	-1.69453e-06	9.5031e-05	4.12961e-06	0.000271625	9.47972e-05	5.21249e-05	0.517716	1.07746	0.51259	0.1	0.0238143
1.56812	3.7374	-1.3458	-7.12181e-05	-0.000352097	-6.12048e-05	-5.22817e-05	0.000179198	-5.77032e-05	0.5171	1.07361	0.51198	0.1	0.0167204
-1.87325	2.66642	-1.4729	-6.36242e-05	-0.000283801	6.35382e-05	0.000148002	0.000126215	-8.21955e-05	0.516716	1.07123	0.5116	0.1	0.0207815
-1.94321	0.34331	-0.818546	2.49652e-05	-4.11014e-05	-4.4722e-05	-2.75254e-05	-3.72526e-05	-3.51536e-06	0.515931	1.06635	0.510823	0.1	0.0243241
1.14774	3.21311	-0.548134	-6.90606e-05	-0.000378645	-6.23632e-07	-0.000231524	0.000228591	-0.000171345	0.515901	1.06617	0.510793	0.1	0.0140153
1.54546	2.05518	-0.935979	2.34621e-05	-0.000268712	0.000117508	0.000175715	0.000110525	-5.28756e-05	0.51576	1.06529	0.510653	0.1	0.0166944
-1.90614	-2.05458	1.95462	6.62953e-05	0.000261795	-8.92575e-06	-8.35146e-05	5.84241e-05	-8.05069e-05	0.514995	1.06056	0.509896	0.1	0.026266
-0.429465	3.50856	-1.86219	-3.14276e-05	-0.00039503	-1.33614e-05	-9.04356e-05	-9.88961e-06	6.56294e-05	0.514003	1.05444	0.508914	0.1	0.0207596
0.735594	0.112194	2.4623	5.28122e-05	1.36109e-05	-2.11454e-05	7.86072e-05	9.68326e-05	-8.01426e-05	0.512599	1.04583	0.507524	0.1	0.0187427
0.540768	-0.338289	1.57717	-7.18035e-06	0.000118932	-4.54169e-05	7.26648e-05	3.05458e-06	-3.86543e-06	0.51184	1.04118	0.506772	0.1	0.0183104
-2.05593	-3.51218	-1.29859	1.24315e-05	0.000406073	2.39412e-05	-0.000151243	-2.75126e-05	-0.000123238	0.511673	1.04017	0.506607	0.1	0.0214935
-0.449634	0.818545	0.698732	2.58261e-06	-0.000101294	3.00388e-08	2.89825e-06	9.03496e-05	-5.70417e-05	0.511494	1.03908	0.50643	0.1	0.0239332
0.880309	-3.20872	-1.50947	2.35605e-05	0.000343041	5.5622e-05	3.97674e-05	-4.13729e-05	0.000145062	0.510448	1.03272	0.505394	0.1	0.0178312
-1.24703	3.48417	2.1325	-3.42715e-05	-0.000405665	-3.93498e-05	-1.20559e-05	7.49081e-06	-4.75718e-05	0.509646	1.02785	0.5046	0.1	0.0217501
0.830066	-2.75213	-2.40514	-9.62102e-06	0.000277258	4.24635e-05	-0.000159216	5.86617e-05	1.38524e-05	0.508542	1.02119	0.503507	0.1	0.020432
-0.637393	-0.428629	-2.25866	2.93696e-05	7.66738e-05	-0.000104621	-0.00010553	3.87069e-05	-6.56591e-05	0.508425	1.02048	0.503391	0.1	0.0183448
1.44701	-0.436339	-1.33833	7.89621e-05	-8.09697e-05	3.3658e-05	-0.000202405	2.30704e-06	5.07824e-05	0.506867	1.01114	0.501849	0.1	0.01906
1.37544	1.80404	-2.44614	3.46631e-05	-0.000138808	2.20156e-05	0.000242274	5.44738e-05	4.08914e-05	0.505037	1.00022	0.500037	0.1	0.0186609
-1.20763	2.70272	-2.23903	-4.03131e-05	-0.000354661	6.0024e-06	-0.000149564	0.000614837	-0.000477205	0.504957	0.999745	0.499957	0.1	0.0227691
-2.30003	-3.40407	-0.331529	-3.66436e-05	0.000403763	-9.77032e-06	0.000177832	-8.6337e-05	-4.85221e-06	0.504939	0.999642	0.49994	0.1	0.0186703
-0.173607	-0.436512	-1.07918	4.31871e-05	2.85801e-05	-1.21843e-05	0.000276976	1.74934e-05	-8.1069e-05	0.504901	0.999415	0.499902	0.1	0.0170363
0.429116	-0.353327	-0.287116	2.94182e-05	-1.62907e-05	-2.29009e-06	0.000171107	-9.89859e-05	-0.000153108	0.504788	0.998742	0.49979	0.1	0.0153909
0.696782	-0.694985	-1.94187	7.36832e-05	6.49209e-05	1.74166e-05	0.000317925	-6.77481e-05	-0.00031496	0.503937	0.993701	0.498948	0.1	0.0197539
-1.00582	-2.23802	1.41772	1.6672e-05	0.000309597	1.79041e-05	-8.91893e-05	-2.26756e-05	-0.000157737	0.503345	0.990196	0.498361	0.1	0.018437
-1.03126	0.371243	-1.80559	4.13549e-05	7.20541e-06	-6.61946e-05	0.000182305	5.01107e-05	0.000128119	0.503196	0.989325	0.498214	0.1	0.0184499
1.3314	-1.46616	-0.44598	9.47045e-06	0.000194015	4.56925e-05	1.44354e-05	-0.000127966	-5.24583e-05	0.502585	0.985721	0.497609	0.1	0.0200106
-0.918964	0.811383	-0.185476	3.33646e-06	-0.000124025	1.23274e-05	-0.000107157	-8.60128e-05	-9.79487e-05	0.501771	0.98094	0.496803	0.1	0.0189644
0.271037	-2.65078	-0.336708	-7.43407e-06	0.000290762	3.21916e-05	4.79734e-05	8.07405e-05	-3.36651e-05	0.501401	0.978774	0.496437	0.1	0.0207189
2.33318	-1.46395	0.793555	-9.25453e-06	0.000202153	6.85693e-05	-5.60893e-05	4.17906e-05	-4.38404e-05	0.501352	0.978484	0.496388	0.1	0.0171826
-1.54456	1.40969	2.25311	4.33547e-05	-0.000105929	-3.17716e-05	2.98801e-05	0.000240338	0.000177257	0.501333	0.978374	0.496369	0.1	0.0188468
-0.423677	2.78187	2.13018	0.000106873	-0.000223979	7.96964e-06	-0.000237308	6.11447e-05	-0.000257355	0.500305	0.972365	0.495351	0.1	0.0228129
1.75169	-1.92299	1.44665	-1.10346e-05	0.000245571	4.85721e-05	7.16801e-05	-1.73902e-05	-3.34031e-05	0.500134	0.971369	0.495182	0.1	0.0139818
-0.335439	-2.12137	-2.14609	4.26019e-05	0.000153374	-2.88083e-05	-0.00010801	-9.47568e-05	-9.74934e-05	0.500114	0.971254	0.495162	0.1	0.0225422
1.20735	3.92523	-2.41822	-5.88044e-05	-0.000315156	1.97915e-05	-8.47784e-05	-8.57902e-05	-8.52638e-05	0.499003	0.964792	0.494062	0.1	0.0196298
0.503064	-1.90546	-1.50759	2.27092e-05	0.000226199	-1.03145e-06	-9.88292e-05	-0.000200576	1.08636e-05	0.49838	0.96119	0.493446	0.1	0.0174231
-0.115987	-1.23276	0.107686	2.61534e-05	0.000175479	-8.66873e-06	-5.48282e-05	-0.000240193	2.77762e-06	0.498014	0.959069	0.493083	0.1	0.0154772
-1.11264	-1.57203	-1.8688	2.19842e-05	0.000200985	-8.80552e-05	-0.000129662	-8.01474e-05	-0.000214673	0.49782	0.957951	0.492891	0.1	0.0206266
1.51532	-3.28866	2.11404	4.34859e-05	0.000401761	6.89962e-06	7.44627e-06	-3.51117e-05	-0.000158106	0.497807	0.957872	0.492878	0.1	0.0174214
-2.27666	2.68485	-0.490831	-2.86354e-05	-0.000209669	6.52254e-05	1.07387e-05	0.000154666	-0.000259495	0.497805	0.957862	0.492876	0.1	0.0222742
-1.62584	-2.82749	0.92347	-1.00141e-05	0.000357449	2.23121e-05	-0.00012571	-4.84828e-05	0.000235055	0.496356	0.949524	0.491442	0.1	0.0154997
-1.29679	2.66326	0.963899	-1.86335e-06	-0.000315905	6.89713e-05	3.87228e-05	-5.03425e-05	-2.3525e-05	0.495653	0.945496	0.490746	0.1	0.0177848
-0.919563	-3.69079	-2.13852	-1.26984e-05	0.000373621	-4.15106e-05	5.731e-06	3.4392e-06	-5.84618e-05	0.495534	0.944815	0.490628	0.1	0.0194769
-1.3507	-3.41178	-0.60159	-3.6491e-05	0.000411899	6.58807e-05	-2.81426e-05	-7.20364e-05	-4.85368e-07	0.49547	0.944444	0.490564	0.1	0.0166852
-1.27731	2.27949	1.86892	-0.000152027	-0.000322981	7.27187e-06	0.000185317	-0.000581071	6.71187e-05	0.495413	0.94412	0.490508	0.1	0.0199219
2.42863	1.88071	-1.37078	6.98695e-05	-0.00023701	0.000151121	0.000167044	5.42466e-05	0.000122379	0.493724	0.934499	0.488836	0.1	0.0165677
-1.7205	1.75515	-1.84425	4.61488e-05	-0.000193729	-2.34078e-05	1.76625e-05	-3.24692e-06	0.00039245	0.493582	0.933695	0.488695	0.1	0.0151147
0.805924	1.64714	-1.50228	-1.42613e-05	-0.000205773	9.75776e-05	6.95066e-06	-9.77156e-05	0.000293425	0.493482	0.933124	0.488596	0.1	0.0208658
0.881256	0.516955	-0.430273	-6.59082e-05	-0.000167545	-5.81594e-05	2.52179e-05	8.38722e-05	6.6751e-05	0.49325	0.93181	0.488366	0.1	0.0211621
0.682796	3.99888	0.816678	-2.46677e-05	-0.000480897	3.21922e-05	-8.49327e-05	-6.24497e-05	0.000122345	0.492733	0.92888	0.487854	0.1	0.0180159
0.155659	0.0391365	0.596539	6.33424e-05	-2.76021e-05	-7.4614e-06	-3.3613e-05	-4.7412e-06	0.000247287	0.492579	0.928012	0.487702	0.1	0.0174491
1.26979	2.65553	0.266944	4.95086e-05	-0.000332151	-6.75226e-06	0.000165723	1.40701e-05	0.000252696	0.492206	0.925909	0.487333	0.1	0.0146165
0.759804	0.236471	-1.55266	2.07707e-05	-0.000176232	-9.50702e-06	0.000282068	-0.000177981	0.000207493	0.490982	0.919016	0.486121	0.1	0.0213958
-1.21717	-2.2219	-0.980103	-3.72737e-05	0.000253313	-1.55773e-05	-0.000284377	-0.00030221	5.42736e-07	0.490889	0.918492	0.486029	0.1	0.0210733
-0.398999	-0.644278	1.48617	2.80149e-05	-1.54312e-05	-9.07724e-05	-9.02093e-05	0.000190314	0.000205965	0.490378	0.915628	0.485523	0.1	0.0209217
1.57735	-2.86148	1.23461	-3.51571e-05	0.000295063	-2.52707e-06	5.33855e-05	-5.17188e-05	5.66377e-06	0.489482	0.910617	0.484636	0.1	0.0201579
-2.19441	2.78207	1.32128	1.8295e-05	-0.00023248	5.63051e-05	-0.000138637	2.77221e-05	-0.000140613	0.489469	0.910544	0.484623	0.1	0.0150812
2.26363	-2.44912	-1.81883	-2.08158e-05	0.000258516	2.70081e-05	0.000195718	-0.000159984	2.04593e-05	0.489084	0.908401	0.484242	0.1	0.0167069
-2.15451	0.996625	1.60581	2.96687e-05	-0.000172874	5.23119e-05	-1.0395e-05	0.000109108	0.000184556	0.488971	0.907768	0.48413	0.1	0.0219162
0.972323	-1.95649	2.03429	-1.75207e-06	0.000220632	1.04679e-05	6.70628e-05	3.84964e-06	-9.21536e-05	0.4888	0.906812	0.48396	0.1	0.0188293
1.58842	-2.16027	0.508095	-5.2917e-06	0.000262115	3.69283e-05	-6.26402e-05	-7.04709e-06	-2.02365e-05	0.488326	0.904178	0.483491	0.1	0.0193983
-0.718537	-0.536661	-0.202835	1.41338e-05	9.36497e-05	-4.42273e-05	0.000227163	-6.66234e-05	0.000256119	0.48828	0.903926	0.483446	0.1	0.0157743
-2.01296	2.99813	0.397867	2.36379e-05	-0.000289169	6.44665e-05	7.89417e-05	-1.64122e-05	7.17527e-05	0.488206	0.903513	0.483372	0.1	0.0228033
1.58291	-3.67137	0.705407	7.79191e-07	0.000309803	2.43967e-05	-0.000108453	-0.000113577	-2.05715e-05	0.488125	0.903063	0.483292	0.1	0.0197115
0.0522217	1.65765	0.588563	5.93206e-05	-0.00017831	-4.4563e-05	-4.12058e-05	7.50657e-05	-9.43459e-05	0.486774	0.895587	0.481954	0.1	0.0174603
1.4087	-0.434751	1.10231	-1.51278e-05	0.000140968	6.42281e-05	5.91578e-05	-5.10617e-06	7.99769e-06	0.486222	0.892545	0.481408	0.1	0.0149815
2.32868	-0.519055	-1.75859	7.0302e-05	0.000103564	2.01437e-05	-7.02743e-05	7.96735e-05	-8.91972e-05	0.485931	0.890944	0.48112	0.1	0.0216632
-1.06502	-3.77253	1.53655	1.35567e-05	0.000438412	2.58061e-05	-1.18924e-05	-7.9171e-05	4.05906e-05	0.485684	0.889585	0.480875	0.1	0.0154892
2.10742	2.49599	0.720569	4.40659e-05	-0.000219235	2.21018e-05	-0.000100829	-0.000111536	3.4727e-05	0.485546	0.888831	0.480739	0.1	0.0209425
-1.77542	-0.241467	-1.95299	6.53229e-05	-2.25826e-06	-6.15891e-05	-3.98705e-05	6.61758e-05	-7.15484e-05	0.484993	0.885791	0.480191	0.1	0.0206854
-0.642145	1.05132	2.17897	2.70807e-05	-7.18902e-05	-0.000122885	0.000168216	-0.000140364	-9.61939e-05	0.484263	0.881798	0.479468	0.1	0.016332
-1.83135	-1.51999	-1.21844	2.48687e-07	0.00022689	-0.000137586	0.000235756	-2.5577e-05	3.64219e-05	0.483863	0.879615	0.479072	0.1	0.0223562
-1.79249	-1.84121	0.999597	-1.08361e-05	0.000194139	-1.78708e-06	-1.79494e-05	0.000122257	2.22806e-05	0.48386	0.879599	0.479069	0.1	0.0162023
1.71459	-0.129306	-0.448822	1.20036e-06	2.39202e-05	2.87e-06	3.7852e-05	-0.000160313	-1.46127e-05	0.483476	0.877508	0.478689	0.1	0.0171437
0.512779	2.55784	1.95003	-4.43536e-05	-0.000357777	7.64594e-05	-7.57402e-05	7.76481e-05	-0.000139401	0.483004	0.874942	0.478222	0.1	0.0165525
0.293503	0.928108	-1.07468	-2.63337e-05	-0.000192503	-7.50963e-05	-0.000292764	-5.65271e-05	-0.000209796	0.482785	0.873753	0.478005	0.1	0.0184774
-1.28571	-1.20448	0.502924	-4.94361e-05	0.000114633	-9.42256e-05	-4.12686e-05	0.000202144	-0.000211065	0.482566	0.872562	0.477788	0.1	0.0152119
-0.0174357	0.660169	1.56516	6.96396e-05	-0.00010525	-5.58807e-05	7.36496e-05	-0.000258753	-0.000174711	0.482132	0.870207	0.477358	0.1	0.0213941
1.93453	2.53157	2.20712	-8.75479e-05	-0.000144359	0.000117054	0.000316648	-0.000252283	-3.65778e-05	0.48194	0.869166	0.477168	0.1	0.0199961
-0.587631	2.63857	-0.475392	-1.95864e-05	-0.000244009	3.89085e-05	-0.000177996	6.88835e-05	4.6526e-05	0.481933	0.86913	0.477161	0.1	0.0220747
-1.42435	0.700581	0.636856	-5.735e-07	-5.30033e-05	6.5797e-06	1.31735e-05	6.90114e-05	1.4133e-05	0.481479	0.866677	0.476712	0.1	0.0220338
1.02894	-3.36046	-0.526345	-4.1103e-05	0.000325774	4.97812e-05	9.60818e-06	-5.62726e-05	-0.000127353	0.480917	0.863644	0.476155	0.1	0.0147155
-0.913098	-1.55351	2.17895	8.76904e-05	0.000158774	-8.9086e-05	-1.80461e-06	0.000102813	-6.83874e-05	0.480468	0.861231	0.475711	0.1	0.0177532
1.54112	0.449115	-2.09216	4.59907e-05	-3.14073e-05	-5.67914e-06	0.000148167	-4.60741e-05	0.000130709	0.47986	0.857968	0.475109	0.1	0.0154039
0.467423	2.62178	-0.94054	-0.000126439	-0.000349239	8.18833e-05	2.35685e-05	-0.000214904	-1.37941e-05	0.478966	0.853181	0.474224	0.1	0.0187937
1.22524	0.500609	1.1988	9.98292e-05	-2.92452e-05	-4.63956e-05	0.000140069	0.00025247	-0.000133299	0.478473	0.850548	0.473736	0.1	0.0187174
-2.45823	0.0241496	1.50127	-1.53095e-05	8.5508e-05	-7.96637e-05	2.98189e-05	-0.000115798	-6.50058e-05	0.478412	0.850219	0.473675	0.1	0.0230377
-1.69265	1.37927	-0.0687881	-6.1391e-06	-0.000162024	-5.51579e-05	0.000125725	-0.000102558	0.00016955	0.47793	0.847656	0.473198	0.1	0.0185997
-1.0743	-3.04348	-1.4464	2.31096e-05	0.0002673	3.12781e-05	0.000259263	1.24236e-05	-1.77043e-05	0.477808	0.847007	0.473077	0.1	0.0270129
2.22204	3.53122	1.22604	-2.52351e-05	-0.000303753	1.6802e-05	-4.34916e-05	6.13628e-05	0.000274535	0.477733	0.846607	0.473003	0.1	0.0214543
-2.04418	2.72046	2.2648	-7.23197e-05	-0.000226665	8.17421e-05	1.88247e-06	-2.91716e-05	7.56368e-05	0.477694	0.846395	0.472964	0.1	0.0166558
-0.647206	1.93278	-2.47023	1.77169e-05	-0.000162759	2.4105e-05	0.000193282	4.81664e-05	8.10983e-06	0.477155	0.843541	0.472431	0.1	0.0177586
-0.746713	3.12557	0.323089	-8.2855e-05	-0.000277089	3.1316e-05	-5.70068e-05	-0.000204489	5.27636e-05	0.47715	0.843513	0.472426	0.1	0.0204168
-0.702749	0.133104	1.95088	-4.08858e-07	-3.31647e-05	-0.000138241	-0.00011681	6.87485e-05	3.14657e-05	0.477062	0.843044	0.472339	0.1	0.0202743
-1.51358	0.0194587	1.48426	-3.02417e-05	-2.00531e-05	-4.49698e-05	0.000117863	3.19468e-05	-0.000162942	0.476857	0.841959	0.472136	0.1	0.0202477
1.24016	-1.10105	0.446993	4.26671e-06	0.000187671	5.2459e-05	-9.87289e-06	-4.01701e-05	-4.27003e-05	0.476785	0.841575	0.472064	0.1	0.0145538
-0.361312	3.88043	2.2245	-3.61099e-05	-0.000429133	-4.36176e-05	3.75667e-05	1.34899e-05	2.22603e-05	0.475355	0.834028	0.470649	0.1	0.0193993
-1.67501	-0.804451	1.93009	1.46877e-05	0.000124253	-6.93497e-05	6.4866e-05	0.000125098	0.000210184	0.475269	0.83357	0.470563	0.1	0.0183611
-1.65475	0.455477	2.30316	5.92578e-05	-6.6386e-05	-3.06034e-05	-3.33555e-06	-1.60659e-05	-0.000173211	0.474862	0.83143	0.47016	0.1	0.0179322
2.02492	-2.81274	-0.969979	9.74e-06	0.000280868	6.40402e-05	-7.91394e-05	-0.00023208	0.000201028	0.474508	0.829578	0.46981	0.1	0.0202586
-2.17712	1.93806	1.75698	-5.23596e-05	-0.000180696	9.15859e-05	1.3268e-05	1.48974e-05	-1.98659e-05	0.474403	0.829024	0.469706	0.1	0.0190244
-2.37905	-0.367185	-0.310273	5.29721e-06	6.09358e-05	1.59536e-05	-0.000210054	-5.50288e-05	-2.83039e-05	0.473731	0.82551	0.469041	0.1	0.0227299
-1.07081	-0.0727582	-0.950542	3.91796e-05	3.40368e-05	-6.28487e-05	-0.000268095	-4.33646e-05	-0.000145383	0.47183	0.815609	0.467158	0.1	0.0188888
0.69457	-3.05468	1.67842	4.6855e-06	0.000255224	1.89998e-05	-0.000364434	0.00014946	0.000321277	0.471086	0.811759	0.466422	0.1	0.0165856
-0.442848	-2.0104	-0.343724	-1.99171e-05	0.000246481	-3.57007e-05	-0.000179017	-0.000131239	7.29643e-05	0.470528	0.808876	0.465869	0.1	0.0226367
-2.14716	-2.39485	-1.06966	-2.3548e-05	0.000276848	-2.87182e-05	-0.000434793	0.000180583	-0.000121364	0.470355	0.807987	0.465698	0.1	0.0165893
0.474984	3.33857	0.14623	9.73696e-06	-0.000386787	6.26621e-05	5.56644e-05	1.51195e-06	0.000396288	0.470211	0.807242	0.465555	0.1	0.0174865
-1.1564	-2.41526	2.45608	2.5904e-05	0.000231701	-2.41329e-05	-0.000114254	2.59051e-05	-0.000170003	0.47002	0.806259	0.465366	0.1	0.0198234
0.546659	1.0375	2.24327	0.000127857	4.53128e-06	-3.26443e-05	-0.000157427	0.000101623	-0.00013246	0.46956	0.803896	0.464911	0.1	0.0161239
-0.0973003	-1.09917	2.25904	7.61534e-05	0.000123824	-6.5105e-05	-7.90255e-05	-0.000181768	5.3974e-05	0.469458	0.803373	0.46481	0.1	0.0185281
-0.628328	-1.86735	0.607974	-3.44101e-05	0.000161438	-0.000102839	-5.77765e-05	-0.000107156	0.000294547	0.469446	0.803307	0.464798	0.1	0.0206263
-0.791112	1.7318	-0.395654	4.20877e-05	-0.000189116	4.03212e-05	0.00014492	-7.26268e-05	4.656e-05	0.468782	0.799905	0.464141	0.1	0.0169636
1.13171	-0.0461809	0.290384	-1.28836e-05	2.37394e-06	1.56953e-05	-0.000361347	-4.11534e-05	8.51404e-05	0.467379	0.792743	0.462751	0.1	0.0167164
1.81017	-0.355182	1.94901	5.90689e-06	7.35168e-05	3.20303e-05	4.0211e-05	6.54475e-05	-9.87456e-05	0.467217	0.791923	0.462591	0.1	0.0182321
-0.187795	-2.14071	1.91097	3.65536e-05	0.000219627	-9.82554e-06	0.00024737	0.000104056	5.23516e-05	0.466675	0.789165	0.462054	0.1	0.0164601
1.64222	1.20338	-1.54833	3.13019e-05	-7.61244e-05	5.83987e-05	3.72984e-05	0.000153047	-3.09866e-05	0.466232	0.786924	0.461616	0.1	0.0143087
-0.694207	2.1977	0.395069	1.26774e-05	-0.000245203	4.85898e-05	4.13314e-06	0.000151716	0.000204054	0.466205	0.786785	0.461589	0.1	0.0177422
-0.904905	2.85496	-1.33014	-3.73834e-05	-0.000326417	3.17657e-05	-3.87572e-05	3.57353e-05	-0.000128025	0.466076	0.786131	0.461461	0.1	0.0153295
0.91195	-2.82878	0.356106	-2.57359e-06	0.00024013	4.14821e-05	-3.03872e-05	-9.56479e-05	-2.18228e-05	0.465707	0.784266	0.461096	0.1	0.0219643
-1.84282	-2.17628	-1.95324	-4.46142e-05	0.000298456	-2.25104e-05	-6.72916e-05	8.4682e-05	-1.3645e-06	0.465684	0.784148	0.461073	0.1	0.0212824
-1.43018	2.36187	-0.176856	-8.64506e-06	-0.000254423	2.90304e-05	4.89609e-05	-0.000143407	3.23621e-05	0.46529	0.782163	0.460683	0.1	0.0157887
1.96991	1.76583	0.0410823	3.42875e-06	-0.000145456	-0.00013061	-0.000404912	-0.000647611	-0.000176405	0.464712	0.779251	0.460111	0.1	0.0165617
0.81757	-1.04145	2.17645	4.58885e-05	0.00019161	-3.45826e-06	-7.45185e-05	4.31765e-05	6.62951e-05	0.464331	0.777336	0.459734	0.1	0.0133446
1.79127	-1.62485	2.35636	-3.52844e-05	0.000240003	4.39116e-05	0.000158065	-4.1232e-06	0.000239981	0.463321	0.772277	0.458734	0.1	0.0143721
-2.19755	2.09085	0.244613	-6.75214e-06	-0.000242205	1.98715e-05	6.7775e-05	0.000174647	-0.00011226	0.462664	0.768994	0.458083	0.1	0.0169118
0.562249	1.8412	1.35393	2.00146e-05	-0.000248037	-2.03867e-05	0.000370117	-0.00012275	0.000288157	0.462514	0.768246	0.457935	0.1	0.0128926
2.05046	-1.02481	-0.00190244	-1.14337e-05	0.000148734	7.08207e-05	-4.90214e-05	1.43063e-05	-4.85868e-05	0.462457	0.767963	0.457878	0.1	0.0157895
1.00469	-1.33505	1.33125	2.01982e-05	0.000194017	-2.97008e-07	5.27449e-05	2.29024e-05	1.15966e-07	0.460448	0.757998	0.455889	0.1	0.0147253
2.03111	-3.47862	-1.60762	2.60175e-05	0.000385627	-1.58909e-05	0.000335787	0.000101578	-0.000307275	0.4597	0.75431	0.455149	0.1	0.013084
2.05585	3.13285	0.0390976	2.80154e-05	-0.000395994	-9.34629e-05	-0.000311329	0.000152605	1.18093e-05	0.459434	0.752999	0.454885	0.1	0.0212623
-1.54726	-3.03284	1.84112	-2.47923e-05	0.000401496	2.17617e-05	9.17245e-05	-4.53242e-05	3.89972e-05	0.45935	0.752587	0.454802	0.1	0.022221
0.158076	-1.5297	0.982121	4.85827e-06	0.000176648	5.86101e-05	-7.39425e-05	-2.02756e-05	-0.000153481	0.459269	0.752192	0.454722	0.1	0.0154722
-2.47953	1.93868	-2.37137	1.35679e-06	-4.21805e-05	0.000100088	-0.000201405	0.000109737	-0.000270628	0.459266	0.752174	0.454719	0.1	0.0182406
-0.174982	0.338619	-0.529902	1.288e-05	-5.88156e-05	5.21404e-05	-8.4737e-05	0.000134997	0.000275558	0.459194	0.751823	0.454648	0.1	0.0187076
1.46036	3.00749	1.15103	-1.21695e-05	-0.000320363	-1.62133e-05	0.00028022	-0.000100943	8.39733e-05	0.459118	0.751448	0.454572	0.1	0.0191095
2.1837	1.10011	-2.28855	-1.53549e-05	-2.56658e-05	6.80334e-05	0.000270544	-6.18729e-05	0.000199636	0.459006	0.750894	0.454461	0.1	0.0143643
2.0804	-1.4145	-1.80669	-2.1873e-05	0.000162895	3.95564e-05	5.41527e-05	5.58056e-05	-0.000127093	0.458587	0.748846	0.454047	0.1	0.022158
-1.46413	3.13272	-0.665142	-2.001e-05	-0.000286608	-1.71055e-06	-0.000124155	-4.48798e-05	0.000148147	0.458044	0.746189	0.453509	0.1	0.0184636
2.33776	1.64933	1.02994	-1.06874e-05	-0.000164777	9.70116e-05	-4.57685e-05	-0.000101096	-4.85354e-05	0.458039	0.746161	0.453504	0.1	0.015874
-2.14241	3.72912	-0.630049	-5.6175e-05	-0.000362791	-5.52115e-05	-4.77441e-05	5.27075e-05	-1.83094e-06	0.457054	0.74136	0.452529	0.1	0.0201032
-1.44028	0.0353365	-0.0622029	-5.24425e-05	-3.81566e-05	-2.05404e-05	1.58439e-05	-9.68321e-05	-3.78059e-05	0.456744	0.739852	0.452222	0.1	0.0177987
1.17417	-2.39777	-0.44525	-2.20306e-05	0.000239648	4.1701e-05	-6.41507e-05	-0.00010519	-3.73968e-05	0.456538	0.738849	0.452018	0.1	0.0147845
2.38619	-3.44256	2.44231	9.24779e-06	0.000306469	5.37665e-06	0.000177382	6.99959e-06	1.01682e-05	0.456295	0.737671	0.451777	0.1	0.017141
-1.66189	-0.740943	-0.746022	4.60713e-06	0.000111455	1.31961e-06	0.000157575	0.000135432	3.76464e-06	0.4556	0.734306	0.451089	0.1	0.0193021
-0.642278	-2.98478	1.87121	-2.9246e-05	0.000318505	2.38282e-05	-3.04316e-05	0.000215048	-4.34231e-05	0.45547	0.733674	0.45096	0.1	0.0134573
0.166223	2.21416	-0.147964	5.29901e-06	-0.000199918	-4.49414e-05	4.82071e-05	0.000188244	-4.68789e-05	0.455436	0.733515	0.450927	0.1	0.0143925
1.66526	1.14942	0.636369	-9.68513e-05	-9.17758e-06	-5.6714e-05	-1.87718e-05	0.000284473	0.00018702	0.45531	0.732903	0.450802	0.1	0.0143082
0.90753	-2.21719	1.14147	-9.08523e-06	0.000285381	6.88962e-06	4.73396e-05	-3.93937e-05	-1.93686e-05	0.455197	0.732356	0.45069	0.1	0.0144839
1.07969	3.95726	-0.772628	-3.41651e-05	-0.000423168	-1.5997e-05	0.000307321	-9.25886e-05	0.000165216	0.277675	0.16624	0.274926	0.1	0.00616248
1.49724	1.99712	0.575508	0.000121539	-0.000260394	0.000101634	-0.000693504	-0.000180402	-7.13238e-05	0.277411	0.165765	0.274664	0.1	0.00886881
1.83696	-2.21723	-0.209314	4.158e-05	0.000230905	-0.000143971	-0.000735589	0.000519063	-0.000585083	0.277355	0.165667	0.274609	0.1	0.0133327
-1.11775	1.59703	0.356724	-4.9649e-05	-0.00020022	2.17136e-05	0.000219677	-0.000100712	-0.0006033	0.277213	0.165412	0.274468	0.1	0.0143374
0.938	3.87333	-0.181098	0.000180689	-0.000255276	-7.70557e-05	-5.1254e-05	5.60104e-05	-0.000490585	0.276217	0.163635	0.273482	0.1	0.00838539
-0.753979	-3.00973	-2.4172	1.31807e-05	0.000312324	6.93404e-06	4.50249e-05	-0.000181076	0.000221059	0.275638	0.162608	0.272909	0.1	0.0091556
0.680566	-3.7836	1.83268	-0.000139277	0.000252295	3.52168e-06	0.000243027	-0.000304298	0.000750694	0.275408	0.162201	0.272681	0.1	0.0101294
1.63336	-0.820824	-0.703642	4.93063e-05	7.53307e-05	5.9814e-05	-0.000212657	-6.76173e-05	-7.3114e-05	0.275341	0.162083	0.272615	0.1	0.00668232
-1.92806	-0.228974	2.31204	-5.82944e-06	1.22057e-05	-2.81617e-05	5.26351e-05	9.17298e-05	-2.73371e-05	0.275341	0.162083	0.272615	0.1	0.0113282
-1.33714	-3.77224	2.23416	-1.77064e-05	0.000405296	-1.48437e-05	9.48248e-05	2.22227e-07	5.35246e-05	0.275089	0.161637	0.272365	0.1	0.00862235
0.24075	-3.83538	-1.70115	0.000105281	0.000247159	-4.2064e-05	-0.000534552	-0.000124909	-0.000591531	0.275056	0.161582	0.272333	0.1	0.010549
1.97619	1.70834	-1.95558	4.14378e-05	-7.25728e-05	0.000119643	0.000319823	3.08415e-05	-0.00029607	0.274446	0.160509	0.271729	0.1	0.00584712
-0.720632	0.956584	-1.42894	3.95097e-05	-0.000116378	-6.75056e-06	0.000278749	0.000186886	-0.000101374	0.274411	0.160446	0.271694	0.1	0.00657383
-1.28016	0.689496	1.70384	6.95924e-05	-7.63456e-05	2.36476e-05	0.000139681	0.000145805	-5.07567e-05	0.274202	0.16008	0.271487	0.1	0.0104246
1.41229	-1.96826	-2.1263	-1.52772e-05	0.000274663	5.52167e-05	-0.000300553	-7.0579e-05	6.5098e-05	0.274042	0.159801	0.271329	0.1	0.0119718
2.0783	-1.74977	-0.0676927	0.000112163	0.000187912	-0.000188432	0.00102863	0.000399732	0.00055766	0.273887	0.159529	0.271175	0.1	0.0149379
1.42327	2.96268	1.87356	-0.000141305	-0.000325887	-2.75514e-05	-0.000505925	-0.000373362	0.0010497	0.273679	0.159166	0.270969	0.1	0.013561
1.47682	-3.54715	-1.09395	-2.31708e-05	0.00043538	2.89344e-05	0.000409419	2.70002e-05	4.89284e-05	0.273477	0.158813	0.270769	0.1	0.0120106
0.660721	1.57619	-2.28131	7.37964e-05	-0.000142659	3.54427e-05	0.000646763	-0.0004118	0.00032641	0.273324	0.158548	0.270618	0.1	0.00758032
-1.83997	3.32406	-2.3563	-4.2846e-05	-0.000286269	6.59248e-05	9.82122e-05	-0.000114352	-0.000344116	0.272973	0.157937	0.27027	0.1	0.0105886
0.478539	-1.45275	-2.13429	2.42444e-05	4.12508e-05	-1.08044e-05	0.000151675	-6.85367e-05	6.23755e-05	0.272675	0.15742	0.269975	0.1	0.0107297
0.280825	2.86883	-1.62994	-1.34277e-05	-0.000288923	1.70842e-05	-6.68174e-05	8.09682e-05	0.000178279	0.272585	0.157264	0.269886	0.1	0.00891436
0.673377	0.468159	1.77436	8.93731e-05	-1.90993e-05	-4.15105e-05	-0.000221787	-2.72453e-05	0.000295595	0.27236	0.156875	0.269663	0.1	0.0103275
0.579427	2.16257	0.437006	3.47395e-05	-0.00021509	-9.0103e-05	3.41762e-05	-6.98612e-05	0.000147721	0.272313	0.156795	0.269617	0.1	0.00603211
1.3173	0.227043	-0.973618	-2.62603e-05	-6.51355e-05	-6.20219e-05	4.8416e-05	-0.000137405	0.000319416	0.271845	0.155987	0.269153	0.1	0.00652215
1.21369	0.949544	0.113082	-0.000108002	-7.05308e-05	-2.64724e-05	3.69698e-05	-0.00027222	5.78675e-05	0.271451	0.15531	0.268763	0.1	0.0114873
1.85295	3.09014	-2.02086	-0.000119416	-0.000370943	6.94603e-05	2.84459e-05	-0.000413736	0.00012225	0.271375	0.155179	0.268688	0.1	0.00812173
0.223116	-0.661114	0.914115	-9.29108e-06	0.000100564	-3.64059e-05	9.49976e-05	-2.57095e-05	0.000229707	0.270927	0.154413	0.268245	0.1	0.00916989
1.79717	3.70477	0.391634	5.17763e-05	-0.000421344	-5.55559e-05	0.000518687	0.00027053	0.000241254	0.2707	0.154024	0.26802	0.1	0.00848564
0.407537	-3.83371	-2.21476	4.95076e-05	0.000177458	-6.07045e-05	0.000343865	0.000346336	0.000377681	0.270558	0.153782	0.267879	0.1	0.0112505
-0.125858	3.07951	0.725362	-1.40183e-05	-0.000427026	-5.9561e-05	-0.000705289	3.41293e-05	0.000381062	0.270297	0.153339	0.267621	0.1	0.00616531
1.43812	1.29234	-0.856428	-2.01944e-05	-0.000265086	6.30858e-05	-0.000108673	-3.001e-05	-0.000111366	0.270287	0.153322	0.267611	0.1	0.00774904
-2.37469	-1.83057	-1.61088	-2.48126e-05	0.000227585	-1.43527e-05	-0.000375761	0.00044524	0.000162556	0.270186	0.153149	0.267511	0.1	0.0117799
-0.924637	1.3803	-1.67921	-1.01938e-05	-0.000220789	-9.14497e-05	0.000224516	6.75481e-05	-0.00024248	0.270182	0.153142	0.267507	0.1	0.00832465
-2.20261	1.47161	-0.85285	0.000311457	-0.000103365	8.52922e-05	-6.92926e-05	0.00044728	0.000635491	0.270017	0.152863	0.267344	0.1	0.0100446
1.41243	-1.06129	-2.38748	-4.65257e-05	0.000211434	8.81211e-05	-0.000343538	0.000428806	-0.000162602	0.26995	0.152747	0.267277	0.1	0.00842653
1.55416	1.90355	-1.69503	4.54059e-05	-0.000113616	0.000102998	0.000128077	-0.000280338	7.95027e-05	0.269181	0.151447	0.266516	0.1	0.00705499
0.747389	1.66836	0.326715	1.59599e-05	-0.000180875	-7.16779e-05	-0.000319691	0.000698945	0.00012863	0.269098	0.151308	0.266434	0.1	0.00560875
0.377911	3.2949	-0.599819	-3.91715e-05	-0.000391057	-1.62839e-05	-8.84248e-05	-0.000386214	0.000380337	0.268805	0.150813	0.266144	0.1	0.00571702
-0.583251	-3.04974	1.13925	-9.64405e-06	0.000378519	-3.55034e-06	-0.000239892	-0.000299819	-0.000168419	0.268767	0.150749	0.266106	0.1	0.00980896
0.851593	-1.8723	-2.20226	1.23094e-05	0.000248686	2.86589e-05	0.000103279	-0.00100541	0.000824087	0.268522	0.150336	0.265863	0.1	0.00796357
0.669848	1.91682	2.28696	1.76665e-05	-0.000286563	0.000102762	-0.000224652	0.000150581	0.000453498	0.268425	0.150173	0.265767	0.1	0.00689063
1.37773	-2.57121	1.93697	4.6694e-05	0.000331636	-1.7085e-05	-5.85334e-05	-1.77009e-05	0.000438602	0.268352	0.150052	0.265695	0.1	0.0118901
-0.624381	3.80932	0.637032	-0.000114565	-0.000371415	-3.10297e-05	-0.000125476	7.31146e-05	-0.000174532	0.268323	0.150002	0.265666	0.1	0.00789491
2.34396	-0.71325	0.845253	-4.00771e-05	0.00011726	4.07684e-05	-0.000120181	3.96305e-05	0.000189746	0.268231	0.149848	0.265575	0.1	0.00696206
-1.1897	2.25709	-1.6216	-3.33185e-05	-0.000265964	1.2578e-05	-5.53242e-05	-0.000427137	-2.56355e-05	0.26816	0.14973	0.265505	0.1	0.00632178
-2.4256	1.35335	-0.103377	1.1871e-05	-5.33162e-05	1.4167e-05	0.000178719	0.000433752	-0.000597039	0.268094	0.149619	0.26544	0.1	0.00874177
0.184451	-3.86121	-0.202165	-3.53304e-05	0.000310081	1.16155e-05	-6.18955e-05	0.000180249	0.00029699	0.267672	0.148914	0.265022	0.1	0.00606214
0.0980205	0.0973848	2.02834	1.67953e-05	4.81913e-06	4.37132e-05	-3.56025e-05	0.000445807	0.00048019	0.267644	0.148867	0.264994	0.1	0.00870342
0.105682	0.241677	-1.9156	9.7371e-05	1.63045e-05	-0.000101515	0.000656302	-0.000115133	-0.000487015	0.267399	0.148458	0.264751	0.1	0.00809131
-0.854477	0.616426	-0.923163	6.68728e-05	-4.92994e-05	-1.8884e-05	0.000465757	-0.00031392	0.000190845	0.26738	0.148428	0.264733	0.1	0.00910908
-0.626031	-0.873241	0.52224	-5.20288e-05	3.90636e-05	-0.000103656	0.000386502	-0.000145812	0.00021561	0.267164	0.148068	0.264519	0.1	0.00738178
1.8678	2.22153	-2.0379	3.02363e-06	-0.000118749	3.93805e-05	-0.000731191	0.000559727	0.000392454	0.266747	0.147375	0.264106	0.1	0.00838899
-2.18082	3.94615	1.109	4.48496e-05	-0.000376622	-5.95937e-05	0.000156191	-4.49072e-05	0.000161577	0.266696	0.14729	0.264055	0.1	0.00640405
-0.493037	0.222097	-1.27168	2.90922e-05	-2.71974e-05	-6.20925e-06	-0.000278053	-0.000460734	0.000445483	0.266657	0.147227	0.264017	0.1	0.00578439
-0.504646	-2.83262	0.489634	2.03311e-05	0.000337733	-1.54375e-05	0.000114038	0.000107015	-7.17337e-05	0.266646	0.147208	0.264006	0.1	0.0146635
-0.855514	1.04603	-2.09066	-1.57906e-05	-4.58436e-05	-5.0901e-05	-0.000239885	0.000296636	-0.00017712	0.266512	0.146986	0.263873	0.1	0.007013
-0.0184107	2.83792	1.49368	7.68933e-05	-0.000409714	1.44106e-05	-7.21698e-05	-4.27809e-05	6.04085e-05	0.266395	0.146792	0.263757	0.1	0.00607053
2.4834	-2.5772	-0.448171	5.24998e-05	0.000105585	0.000104167	0.000403144	0.000265016	-0.000470565	0.26634	0.146702	0.263703	0.1	0.0145
-1.97723	-1.40209	0.323119	-8.45192e-05	5.33178e-05	0.000107509	-0.0001211	-0.000118623	0.000529287	0.266286	0.146613	0.26365	0.1	0.0107212
-1.59549	3.75678	1.29949	-1.77912e-05	-0.000499833	1.25148e-06	-0.000460414	0.000152082	-0.000146718	0.266192	0.146457	0.263556	0.1	0.00740066
-0.931425	-0.67418	-1.45021	0.000145708	0.000115789	-0.000164254	-0.000307008	-0.000250337	-4.19137e-05	0.266027	0.146186	0.263393	0.1	0.0137762
-2.05987	3.44255	2.1719	-2.76091e-05	-0.000306086	1.96208e-05	-0.000341083	2.84686e-05	-0.000271037	0.265875	0.145936	0.263243	0.1	0.00640664
1.26818	1.61506	0.27444	-7.35577e-06	-1.74693e-05	-0.000116894	7.68685e-05	-0.00100987	-0.000282298	0.265741	0.145715	0.26311	0.1	0.0056533
1.29382	-2.84464	-0.982463	3.43717e-06	0.000295204	5.35364e-05	0.000245958	0.000119309	2.01393e-06	0.265638	0.145545	0.263008	0.1	0.00843136
-0.282941	0.655749	-1.44692	-1.04478e-05	-0.000155496	-7.02472e-05	-0.000494604	-0.000129483	-0.000218199	0.265491	0.145302	0.262862	0.1	0.00601516
1.91281	-0.922669	2.37398	-8.67239e-05	0.000183877	8.67631e-05	-0.000324229	-0.000239403	-0.000185008	0.265259	0.144924	0.262633	0.1	0.00969559
1.30661	2.34548	0.939477	2.84143e-05	-0.000290278	-4.73612e-05	-0.00038451	-0.000194602	-0.000115822	0.264796	0.144165	0.262174	0.1	0.00696568
0.652258	-3.74541	0.026956	9.86783e-05	0.000474797	-2.37158e-05	0.000415896	-0.000202326	0.000842342	0.264249	0.143274	0.261633	0.1	0.00923183
-1.79405	2.07699	2.48873	-1.57759e-05	-0.000177943	3.39947e-05	0.00014061	-1.86169e-05	9.35655e-05	0.264167	0.14314	0.261551	0.1	0.00977492
-0.362499	-1.47262	1.69604	5.96882e-05	0.000202455	-0.000105651	0.000425872	0.00021342	-0.000359521	0.264016	0.142895	0.261402	0.1	0.0070711
0.0519944	2.75504	0.347636	8.51898e-05	-0.000281516	-0.000137801	0.0010901	0.000161174	0.000441727	0.263903	0.142711	0.26129	0.1	0.0104793
0.512059	-1.12863	0.511166	2.4374e-05	5.42194e-05	1.62517e-05	-0.000370941	-9.03798e-05	0.00029758	0.263737	0.142442	0.261126	0.1	0.00741812
1.37956	-3.69805	-1.80422	-3.49369e-06	0.000448925	-5.71518e-06	0.000213575	8.60044e-05	-0.000274597	0.263591	0.142206	0.260981	0.1	0.0087647
-0.0413798	-1.20962	-0.732504	-8.85092e-06	-0.00020429	0.000266543	-0.000884835	-0.00132609	-0.00144523	0.263502	0.142062	0.260893	0.1	0.0101818
1.41428	-2.58758	-1.9032	2.5266e-05	0.000283215	5.88879e-05	-0.0006246	8.26792e-05	8.73476e-05	0.263392	0.141884	0.260784	0.1	0.00822215
1.31978	-0.826361	1.7186	-5.48662e-06	0.00015541	1.94342e-05	-9.33611e-06	-7.32031e-05	-3.22709e-05	0.263362	0.141834	0.260754	0.1	0.00609333
0.81135	-0.0356315	0.933364	1.3516e-05	9.19297e-05	-5.83433e-06	-0.00010064	-6.95856e-05	-6.81537e-05	0.263318	0.141765	0.260711	0.1	0.00675795
-1.09983	3.82427	0.86095	-7.87814e-05	-0.00038563	5.17939e-05	-3.34829e-05	-0.000103666	-0.000143256	0.262863	0.14103	0.26026	0.1	0.00959975
-1.60938	-4.00989	-2.37143	5.46799e-05	0.000406498	-4.10394e-05	0.000241184	-4.56487e-06	0.000336104	0.262474	0.140406	0.259875	0.1	0.00961438
-0.865006	1.6662	0.854807	-3.77436e-05	-4.22612e-05	-5.67481e-05	0.000259663	3.19706e-05	-0.000211645	0.262445	0.140359	0.259847	0.1	0.00958125
2.02592	1.04613	1.23795	-0.00012783	-0.000110296	-7.43248e-05	0.000481227	-0.00043801	-0.000175936	0.262382	0.140258	0.259784	0.1	0.00765684
0.457902	-2.37106	1.69306	1.31653e-05	0.000231572	-1.68648e-05	0.000622057	-0.000511822	-0.000508663	0.262307	0.140138	0.25971	0.1	0.00809217
2.2995	3.29133	-0.610621	-0.000110386	-0.000306959	-0.000122682	0.000821144	0.000273073	7.62968e-05	0.261855	0.139414	0.259262	0.1	0.00792135
-0.312165	0.00465346	-1.71282	7.99083e-05	0.000108167	-8.6133e-05	-0.000449477	0.000341343	3.85162e-05	0.261739	0.13923	0.259148	0.1	0.00506198
0.351633	-0.652204	0.403069	2.64769e-05	-1.6743e-05	-2.44827e-05	-8.26446e-05	0.000519667	-0.000407961	0.261522	0.138883	0.258933	0.1	0.00548238
0.39265	-2.63613	-1.6105	-1.06008e-05	0.000271022	5.28325e-05	-4.85438e-05	6.65273e-05	-0.000134491	0.261188	0.138352	0.258602	0.1	0.00992809
-0.135973	3.53985	0.476768	-0.000107689	-0.000477118	-0.000110102	0.00047064	-0.000341428	0.000170033	0.260995	0.138045	0.258411	0.1	0.00645831
1.63951	-1.22735	1.70642	-2.42824e-05	0.000212053	6.27412e-05	-6.05904e-05	-4.15291e-05	0.000152841	0.26082	0.137768	0.258238	0.1	0.00724848
0.0281035	-0.370061	-1.80676	0.000111511	0.000127467	7.19564e-06	-0.000271847	-7.25842e-05	0.00024105	0.260716	0.137603	0.258135	0.1	0.00794748
2.1017	-0.609221	1.29747	-7.93238e-05	0.000191807	2.68656e-06	-0.000251014	0.000134417	0.000412342	0.260608	0.137432	0.258028	0.1	0.00886314
1.56641	0.458394	0.558251	1.49876e-05	1.36106e-05	-6.66631e-05	5.73822e-05	-0.000234823	0.000114769	0.260419	0.137134	0.257841	0.1	0.0106679
-0.144888	2.64131	-1.33346	-6.57722e-05	-0.000298952	1.61711e-05	-7.30406e-05	6.94297e-05	-0.000195418	0.25964	0.135906	0.257069	0.1	0.00899951
2.43576	-1.66339	-0.445987	3.49973e-05	0.000348243	-0.000217626	-0.00102883	-0.000234648	0.000261179	0.259308	0.135386	0.256741	0.1	0.0112246
0.779746	-2.7782	-0.890645	-2.27712e-05	0.00030272	4.60658e-05	6.47624e-05	1.19232e-06	-0.000180458	0.259076	0.135023	0.256511	0.1	0.00413965
1.30294	1.996	-0.0735189	2.91998e-05	-0.000171067	-0.000260409	-0.000853424	0.00112939	0.000100354	0.25907	0.135014	0.256505	0.1	0.00671199
-1.13147	-0.578482	1.33262	-3.39433e-05	-5.45366e-06	-1.87362e-05	-0.000282747	-2.00214e-05	0.000320725	0.258949	0.134824	0.256385	0.1	0.00841265
2.34763	1.45236	2.01224	-6.31261e-05	-0.000159727	0.000113236	-0.000205742	-8.89225e-05	1.14279e-05	0.258858	0.134682	0.256295	0.1	0.0154086
-0.284561	2.81746	-2.13602	4.17166e-05	-0.00031181	-3.48802e-06	0.000331229	-0.000390514	0.000151384	0.258625	0.134319	0.256064	0.1	0.00979413
0.35819	3.96415	2.31344	-1.89495e-05	-0.000464738	-0.000133691	0.000459627	0.000330616	0.000451959	0.25855	0.134202	0.25599	0.1	0.0082213
0.215509	-1.71712	-0.412916	-1.06745e-05	0.000233214	6.62938e-05	0.000149911	-0.00010659	0.000264028	0.258498	0.134122	0.255939	0.1	0.00622354
-1.11954	3.64633	-1.01017	-3.00579e-05	-0.00030884	-2.04668e-05	7.05272e-05	4.87922e-05	-0.000178402	0.258358	0.133903	0.2558	0.1	0.00702474
-1.70864	-3.45238	0.526272	1.07224e-05	0.000396062	6.62147e-06	0.000437494	0.000500184	-8.46816e-05	0.258082	0.133476	0.255527	0.1	0.0111747
-0.848677	-3.71675	-0.149246	-6.36476e-05	0.000407276	4.8919e-05	9.03634e-05	1.55443e-05	8.77311e-06	0.257965	0.133294	0.255411	0.1	0.00750308
-1.50279	-1.78807	-2.46082	6.64679e-05	0.000233746	-6.24798e-05	7.58498e-05	-6.02039e-05	-3.3613e-06	0.25795	0.133271	0.255396	0.1	0.00554756
1.15892	-0.608345	-0.606775	4.90654e-07	2.34712e-08	-3.33562e-07	-3.93176e-24	5.24882e-25	3.67612e-25	0.257891	0.13318	0.255338	0.1	0.00724794
-0.0771983	2.36723	0.710694	4.7293e-06	-0.000229738	-1.9128e-05	0.000314658	2.95183e-05	-7.38807e-05	0.25788	0.133161	0.255327	0.1	0.00845616
-0.395557	-1.8205	1.30586	4.93329e-06	0.00025578	3.34411e-05	-0.000158605	-0.00017951	0.000185589	0.257497	0.13257	0.254948	0.1	0.00608023
-1.83405	3.40943	1.65985	5.84722e-05	-0.000365589	-0.000122731	0.00038885	-0.000459651	7.83961e-05	0.257171	0.132066	0.254625	0.1	0.00480517
1.71387	2.36297	-0.256108	0.000139602	-3.13501e-05	-1.55041e-05	-2.67532e-05	0.000145596	-0.000457416	0.257045	0.131872	0.2545	0.1	0.0109498
0.571744	0.580716	0.292931	2.05897e-05	-0.000157305	-9.12589e-05	0.000367085	5.19384e-05	-1.28345e-05	0.257002	0.131805	0.254457	0.1	0.0126889
0.0257379	-2.80152	1.74556	-1.61725e-05	0.00021131	-4.91635e-05	-0.000299748	-0.000180232	-0.000307652	0.2563	0.130728	0.253762	0.1	0.00696109
1.96268	1.18892	-0.897079	2.49275e-05	-0.000312524	-0.000132732	0.000202992	-0.000384716	-0.000176718	0.256161	0.130517	0.253625	0.1	0.00742729
1.53117	3.0176	-2.42559	-8.39388e-05	-3.83914e-05	-1.82131e-05	0.000112437	-6.9072e-05	-0.000394227	0.256037	0.130326	0.253502	0.1	0.00927427
0.348975	-0.521015	2.30197	-6.38474e-05	8.9598e-05	-1.77243e-05	0.000139134	0.000323174	-0.000246553	0.255995	0.130262	0.25346	0.1	0.00643877
1.06544	2.45546	-0.493342	-7.35356e-05	-0.000375091	5.86127e-05	0.000294261	3.50439e-05	0.000294653	0.25592	0.130148	0.253386	0.1	0.0091027
-2.14206	-0.561305	-1.2512	5.51663e-05	2.05101e-05	2.97936e-05	0.000161471	-0.000165676	-0.000183257	0.255837	0.130021	0.253304	0.1	0.0136311
0.359818	1.21383	1.08737	2.62635e-05	-0.00022996	-6.95958e-05	-0.000401839	0.000368388	-0.000436612	0.255747	0.129885	0.253215	0.1	0.00791592
-0.0184111	1.30573	1.90139	8.46729e-05	-0.000147058	-1.60301e-05	-0.000463505	0.00016937	0.000449176	0.255291	0.129191	0.252763	0.1	0.00677304
0.431422	-3.41266	-0.936444	-2.42314e-05	0.000399104	3.21871e-05	-0.000351433	-2.95496e-05	-0.000317285	0.255224	0.129089	0.252697	0.1	0.00421216
-1.10654	1.48365	-2.14974	2.50134e-05	-0.000127263	-4.81624e-05	-1.39387e-05	-8.27227e-05	-0.000107015	0.255101	0.128903	0.252575	0.1	0.00640125
-1.02971	1.12707	1.56739	-1.90166e-05	-5.39421e-05	-7.2334e-05	-0.000205295	0.000529168	0.000257387	0.254823	0.128482	0.2523	0.1	0.0150782
1.5901	-2.79678	-2.33542	1.89438e-05	0.000297134	6.9825e-05	0.00046445	5.32671e-05	0.000323516	0.254506	0.128002	0.251986	0.1	0.00742522
-0.303764	1.20775	-0.374092	9.35822e-05	-0.000133742	7.8649e-06	1.78797e-05	2.4775e-05	0.00022191	0.254402	0.127845	0.251883	0.1	0.0123839
1.65988	-3.54101	-2.20341	-3.19686e-05	0.000500922	2.85281e-05	-0.000503444	2.37053e-05	-0.000230624	0.254272	0.127649	0.251754	0.1	0.00607579
-0.953521	-1.1039	1.61411	-6.66981e-05	0.000174589	-2.89492e-05	0.000189981	0.000349882	0.000246662	0.254252	0.127621	0.251735	0.1	0.00756429
-1.70205	0.67166	-0.17991	2.25622e-05	-8.23146e-05	-6.6383e-05	-9.967e-05	-3.72664e-05	-0.000203069	0.254212	0.12756	0.251695	0.1	0.00970923
1.03823	-2.24211	-1.89309	2.34138e-05	0.000256363	3.00449e-05	0.000372844	0.00010245	-7.17807e-06	0.254199	0.127539	0.251682	0.1	0.00653717
1.21361	1.62383	0.878394	-0.000130446	-0.0001554	0.000122857	0.000218054	0.0004109	0.000384202	0.254057	0.127328	0.251542	0.1	0.00598875
1.33743	3.36503	-1.95976	-0.000131361	-0.000281151	-5.24822e-06	0.00012598	-2.83951e-05	-1.26035e-05	0.253567	0.126591	0.251056	0.1	0.00928639
-1.37216	-0.861179	-0.126066	4.39882e-06	7.7525e-05	-6.37595e-05	-1.37836e-06	-0.000257847	6.27878e-05	0.253456	0.126426	0.250947	0.1	0.00613087
1.04282	1.3239	1.32006	9.87069e-05	-0.000143213	5.10263e-06	-6.80213e-05	-0.000620772	3.12595e-05	0.253434	0.126392	0.250925	0.1	0.0063314
-2.3865	2.78231	-2.02016	-7.52651e-05	-0.000197538	0.000127279	-0.00037379	6.31125e-05	-0.000419341	0.253312	0.12621	0.250804	0.1	0.0116637
1.23674	-0.582836	-2.47917	6.00946e-06	0.000216739	1.43696e-05	5.7466e-06	-0.000341264	-6.92772e-05	0.253184	0.126018	0.250677	0.1	0.00892828
0.853776	0.963677	1.60519	0.000123775	-9.94258e-05	6.04932e-06	-0.000250108	-6.15865e-05	0.000513538	0.253182	0.126015	0.250675	0.1	0.0052273
-0.607119	2.41595	1.06524	1.11031e-05	-0.000267763	3.2616e-05	0.000282606	9.01553e-05	0.000252604	0.253176	0.126006	0.250669	0.1	0.00733325
1.87112	-0.881661	0.722095	-1.8517e-06	0.000208205	5.31117e-05	-7.04506e-05	4.67277e-05	2.92068e-05	0.253012	0.125762	0.250507	0.1	0.00749201
-2.1472	1.32023	-2.3145	1.89394e-05	-2.09125e-06	4.57515e-05	0.000308987	0.000124264	0.00057171	0.252518	0.125027	0.250018	0.1	0.0070546
0.406636	0.213234	-0.907271	-7.93189e-05	-0.000136781	-6.43601e-05	-6.05155e-05	-0.000200758	-0.000327532	0.252479	0.124968	0.249979	0.1	0.00899069
2.26151	2.96926	-2.31575	-3.02596e-05	-0.000209556	0.000124824	-0.000651568	0.000295233	-0.000534163	0.25247	0.124955	0.24997	0.1	0.00642019
1.25271	-1.12764	-1.11161	-2.87248e-05	0.000192415	-1.30646e-05	0.000305732	0.000133887	0.000422866	0.252451	0.124927	0.249951	0.1	0.0107925
1.04326	-1.39684	-2.25269	-0.000120641	0.000313085	0.000137448	-0.000448221	-0.000922158	-9.39194e-05	0.252394	0.124843	0.249895	0.1	0.0146055
-1.72619	-2.74377	-1.53029	1.78235e-05	0.000252412	3.33386e-05	0.000541181	-0.00048854	0.000235145	0.251969	0.124213	0.249474	0.1	0.00868458
0.743651	-3.78785	-1.05659	4.70962e-06	0.000417336	5.56944e-05	-0.000106101	4.23611e-05	-0.000350329	0.251672	0.123775	0.24918	0.1	0.00675879
0.305099	-1.6656	2.10345	5.7907e-05	0.000175208	2.48288e-05	-6.23215e-05	8.50725e-05	9.52882e-05	0.251598	0.123666	0.249107	0.1	0.00982807
-1.37219	-1.62551	1.62253	5.93779e-05	0.000308647	-3.34738e-05	-0.00016171	5.89896e-05	0.000227233	0.251461	0.123464	0.248971	0.1	0.0063544
0.151415	-2.86448	2.23136	8.30628e-07	9.54834e-05	-4.96433e-05	-0.000146083	-0.000134066	-0.000614692	0.251337	0.123281	0.248849	0.1	0.00975124
-1.99085	-1.16883	0.845041	-8.13062e-06	0.000113772	2.30242e-05	-4.16472e-05	7.52318e-05	-0.000113176	0.251292	0.123215	0.248804	0.1	0.00758195
1.99499	-3.90721	-2.15771	-7.07632e-05	0.000492744	-4.19677e-05	-0.000189766	-9.72707e-06	0.000155	0.251252	0.123155	0.248764	0.1	0.0068391
0.319215	-0.999013	-1.05296	-7.49031e-06	-4.89956e-06	-7.0872e-05	-0.00027737	3.14813e-05	-5.15911e-05	0.251159	0.123019	0.248672	0.1	0.0105325
0.446131	-3.80886	-0.636208	-6.6593e-05	0.000425117	3.34769e-05	0.000262215	-0.000165558	0.000234993	0.250885	0.122618	0.248401	0.1	0.00550876
-1.0735	-1.02492	-2.35789	6.98055e-05	0.000117119	-0.000103368	6.27317e-05	-0.000131749	0.000255881	0.250767	0.122444	0.248284	0.1	0.0106499
1.9855	-3.03742	-2.1516	3.1819e-05	0.0003126	-2.27813e-05	-0.000317041	7.4015e-05	-2.52415e-05	0.250701	0.122347	0.248219	0.1	0.00687086
0.900153	-1.47458	-1.05362	4.3654e-05	0.000131842	4.9528e-05	-0.000379636	0.000147918	-6.09249e-05	0.250676	0.122311	0.248194	0.1	0.0105403
1.77196	3.59842	-2.0624	-7.3223e-05	-0.00037078	-4.15896e-05	2.6654e-05	-0.000386336	0.00014291	0.250667	0.122297	0.248185	0.1	0.00572649
0.214921	-3.83866	-1.07729	-6.97098e-05	0.000444165	3.15554e-05	0.000218973	-0.000482391	-7.77842e-05	0.250642	0.12226	0.24816	0.1	0.005225
-1.45857	-0.721225	-2.39295	4.13095e-05	4.59083e-05	-8.7339e-05	0.000300212	-6.79739e-05	4.70071e-05	0.250299	0.12176	0.247821	0.1	0.00821477
0.569228	-1.36288	-0.359087	7.85131e-05	0.000157049	-2.13298e-05	-0.000348409	0.000417757	-0.000739967	0.25018	0.121585	0.247703	0.1	0.00954975
-0.285604	-2.68296	2.38153	5.70392e-05	0.00022766	-4.20921e-05	0.000398441	0.000113071	0.000124527	0.250152	0.121546	0.247675	0.1	0.00703654
-2.4844	-3.1182	-1.95334	2.80713e-05	0.000302469	8.83001e-06	-0.000253641	3.52775e-05	2.95464e-05	0.250067	0.121421	0.247591	0.1	0.00617528
-0.0373074	1.63047	2.29524	4.36833e-05	-7.78236e-05	-1.94114e-05	2.56655e-05	-9.0644e-05	0.000233147	0.250057	0.121407	0.247581	0.1	0.0084003
-2.19722	1.00597	-1.07194	9.4447e-05	-4.93574e-05	-3.38683e-05	2.60696e-05	-2.01989e-05	-0.000307237	0.249982	0.121297	0.247507	0.1	0.0055413
-1.70442	-0.243285	-1.23067	5.52125e-05	1.47792e-05	-7.61944e-05	3.86154e-06	-0.000151527	9.5981e-05	0.249805	0.121041	0.247332	0.1	0.0105897
-1.30766	0.902925	-2.26162	1.65167e-05	-7.24598e-05	-1.18375e-05	-0.000225773	-0.00043574	8.02744e-05	0.249501	0.120599	0.247031	0.1	0.00929827
1.19586	-3.78774	0.0938093	0.000149991	0.000464395	7.33871e-05	0.000430529	-0.000763309	0.000193821	0.249491	0.120585	0.247021	0.1	0.00879339
0.954324	2.02809	0.760501	-8.25006e-05	-0.000180042	3.01753e-05	-0.000729196	-0.000365616	-0.000617471	0.249466	0.120547	0.246996	0.1	0.00686869
0.0277584	0.25838	-1.37447	2.79926e-05	-0.000104745	2.68878e-05	5.33278e-05	0.000133938	0.00042386	0.249265	0.120257	0.246797	0.1	0.0071866
0.734179	-1.08556	-1.3085	-8.8163e-06	-6.284e-07	-4.36259e-05	-0.000269658	-4.35717e-05	0.000337611	0.24919	0.120149	0.246723	0.1	0.0120657
0.618627	-0.613677	-0.963001	-1.9374e-07	-9.50312e-07	-4.45842e-07	-3.33104e-24	-3.98297e-24	-9.50252e-25	0.249006	0.119884	0.246541	0.1	0.0143313
-1.42736	2.33092	-0.9636	3.45041e-05	-0.000206576	3.19514e-08	-0.00038086	0.000140932	0.000471729	0.248917	0.119754	0.246452	0.1	0.0107019
2.19846	0.642185	1.94696	0.000135957	4.45712e-06	-7.29531e-05	9.57613e-05	0.000242125	-1.96307e-05	0.24891	0.119744	0.246446	0.1	0.0103118
1.83597	0.0838894	1.37681	4.62842e-06	9.23735e-05	-9.58477e-06	1.21749e-05	0.000512182	2.2077e-05	0.248903	0.119734	0.246439	0.1	0.00751505
-1.26019	-0.0664879	-2.42948	3.09484e-05	-1.5165e-05	-6.8179e-05	3.28591e-05	6.04202e-05	0.000333366	0.248902	0.119733	0.246438	0.1	0.00751158
-1.58461	2.97583	1.67414	-1.39085e-06	-0.000393709	0.000103455	-0.000889235	-0.00015321	-0.000236179	0.248378	0.118978	0.245919	0.1	0.00806475
1.50733	1.15008	1.31305	0.000110216	-6.67944e-05	-2.28015e-05	0.000185434	0.00030768	0.000330907	0.248178	0.11869	0.245721	0.1	0.00560333
-0.331461	0.473628	-2.01884	2.16333e-05	-0.000211472	-0.000143319	-5.58864e-05	0.000135597	-8.72136e-05	0.24787	0.118249	0.245416	0.1	0.00691378
-1.28986	-0.23683	2.11242	4.76384e-06	6.36121e-05	-5.36249e-05	0.000135704	0.000141496	-0.000368094	0.247827	0.118187	0.245373	0.1	0.00705486
-1.61364	-1.26903	1.39624	4.17469e-06	0.0001749	-5.91198e-05	-7.41545e-05	0.000205747	0.000106261	0.247767	0.118102	0.245314	0.1	0.00781258
-1.68533	-3.51833	1.25828	2.79354e-05	0.000430618	-1.13357e-05	3.45092e-05	-3.66354e-05	-3.46319e-05	0.247735	0.118056	0.245282	0.1	0.00869914
1.0388	-3.44936	1.15377	-5.91375e-07	-1.70374e-07	-4.96158e-07	-2.06753e-24	-3.29801e-24	1.07253e-23	0.247707	0.118015	0.245254	0.1	0.00953447
-0.0466576	3.76951	0.977423	-1.88995e-05	-0.000380307	-7.6355e-05	0.000223027	-0.000152861	-0.000308282	0.247608	0.117873	0.245156	0.1	0.00807323
-1.68227	3.30624	0.971094	4.81238e-05	-0.000550693	8.45556e-06	-0.0004615	-0.000361288	-0.000214265	0.247575	0.117828	0.245124	0.1	0.00769353
1.47461	0.781617	-0.872467	-1.01002e-06	-0.000261461	2.14545e-05	0.000288513	8.98291e-07	0.00019513	0.247232	0.117337	0.244784	0.1	0.00907745
0.119916	-3.42846	-1.32373	-5.56848e-05	0.000411644	5.03005e-05	-0.000219953	2.8585e-05	0.00033005	0.247018	0.117033	0.244572	0.1	0.00756902
0.243134	2.08613	-1.35517	-6.64726e-05	-0.000292311	3.49549e-05	4.97294e-05	-0.000120549	-0.00020707	0.246945	0.11693	0.2445	0.1	0.00737795
-1.91916	3.33858	-1.15009	-3.73853e-05	-0.000337734	2.03658e-05	-0.000219863	-7.10269e-05	0.000213631	0.246862	0.116812	0.244418	0.1	0.00997648
-0.168355	0.509625	2.25651	1.85139e-05	-6.85047e-05	-4.27305e-05	-0.000203092	-0.000195462	0.000151492	0.24683	0.116767	0.244386	0.1	0.00782431
-0.792992	-1.53137	1.43855	3.81463e-05	0.000275785	-6.33725e-05	-0.000141122	-4.29394e-05	0.000275769	0.246791	0.116712	0.244348	0.1	0.00658606
0.24417	3.42057	0.8092	-5.79411e-05	-0.000405804	1.87935e-05	-0.000277536	-0.000217395	8.02492e-05	0.246746	0.116648	0.244303	0.1	0.00567192
-0.269035	3.99896	0.329797	-8.50041e-05	-0.000460992	-2.18555e-05	-1.34519e-05	-9.53684e-05	-0.000119247	0.246741	0.11664	0.244298	0.1	0.00717357
-0.148844	1.42733	-0.799264	-6.7239e-06	-0.000143095	-0.000124829	0.000142456	0.000261394	0.000379586	0.246625	0.116476	0.244183	0.1	0.00650248
1.33823	3.67307	0.819751	-2.87635e-05	-0.000484727	7.41388e-05	-5.75297e-05	6.86985e-05	-7.12112e-05	0.246618	0.116465	0.244176	0.1	0.00900162
-0.351863	0.324049	0.144532	6.17996e-05	-7.93407e-05	3.75416e-05	-7.02426e-05	-8.02829e-05	0.000670934	0.246595	0.116433	0.244153	0.1	0.00623079
1.73535	2.74079	-0.580169	0.000142405	-0.000107735	-0.000100965	-0.000236806	-0.000145532	0.000865334	0.246366	0.11611	0.243927	0.1	0.0104029
-0.834476	-1.38906	-0.0291476	2.02974e-06	-1.67788e-06	-8.21129e-06	-1.22717e-05	-3.78795e-05	2.55967e-06	0.246308	0.116027	0.243869	0.1	0.0097899
0.0625929	1.12137	0.0996608	-3.16992e-05	-0.000190716	-3.31581e-05	7.5359e-06	0.000241609	5.29079e-05	0.246304	0.116021	0.243865	0.1	0.0129058
-1.22699	-1.04612	1.20853	1.94224e-05	5.0425e-05	-7.90156e-05	0.00040618	-0.000250962	-0.000220061	0.24629	0.116001	0.243851	0.1	0.00616849
-1.08134	2.01592	1.21478	2.86008e-05	-0.000256461	6.30012e-05	-0.000160445	0.00041524	-1.53494e-05	0.246171	0.115834	0.243734	0.1	0.00799849
0.634303	3.76118	-0.598859	-3.57437e-05	-0.000357783	1.81027e-05	-0.000166069	0.00019633	-5.40461e-05	0.246104	0.115739	0.243667	0.1	0.00472522
0.679223	-3.29073	0.856437	-2.55564e-05	0.000333657	1.05436e-05	7.82453e-05	1.28654e-05	-0.000248261	0.245924	0.115485	0.243489	0.1	0.00978047
-2.2964	0.852321	2.30441	8.42343e-05	5.92792e-05	0.000113214	-0.000156079	-0.000233131	-5.99826e-05	0.245818	0.115336	0.243384	0.1	0.00945841
1.35083	0.603652	-1.32	-9.78778e-06	-6.41353e-05	3.58457e-05	0.000114607	-0.000123167	-0.000191796	0.24563	0.115072	0.243198	0.1	0.0101588
-0.613507	0.445226	-2.41343	-1.79016e-06	-0.000106719	-0.000113431	0.000585508	-1.55895e-06	0.000151046	0.245492	0.114877	0.243061	0.1	0.00943183
2.17011	2.40527	1.43585	2.609e-06	-3.38501e-05	5.0032e-05	-0.000280179	1.82518e-05	2.69572e-05	0.245444	0.114812	0.243014	0.1	0.0107962
2.4822	-3.16628	0.330966	-3.87152e-05	0.000310904	-6.41135e-06	-0.000146678	-2.66426e-06	-7.56694e-05	0.245374	0.114714	0.242945	0.1	0.0108944
-0.714372	-0.237654	-1.54473	0.000127404	7.24001e-05	-9.32386e-05	-1.04876e-05	-0.000648526	0.000360831	0.245244	0.114531	0.242816	0.1	0.00528026
0.760678	-3.48583	2.24554	-1.46315e-05	0.000177727	3.33234e-05	-0.00010761	0.000523576	-9.55123e-05	0.245189	0.114453	0.242761	0.1	0.00650369
1.44399	3.34345	0.4263	4.408e-05	-0.000358184	9.28879e-06	-0.000142122	0.000464139	-0.000441008	0.244966	0.114142	0.242541	0.1	0.0118828
-0.406493	0.834957	-0.959004	2.49658e-05	-8.66046e-05	1.35501e-05	-0.000431186	0.000258422	-0.000178788	0.244953	0.114123	0.242528	0.1	0.00531631
-1.9701	-0.979782	0.0444415	-3.19296e-05	-2.9652e-05	-1.83844e-05	0.000140456	4.69438e-05	-0.000236293	0.244934	0.114096	0.242509	0.1	0.00845817
0.213452	-1.00695	1.63507	7.41007e-05	0.000107028	-3.85925e-05	-5.40215e-05	0.000219857	0.000319726	0.244844	0.113972	0.24242	0.1	0.00689087
-0.728443	-2.72749	-1.98701	4.08311e-05	0.000261143	3.76097e-05	0.000190906	0.000215368	-0.000421706	0.244741	0.113827	0.242318	0.1	0.0111519
-0.209188	2.70063	1.05081	2.62958e-05	-0.000321487	4.53319e-05	0.000221263	0.000176854	-0.000432239	0.244734	0.113818	0.242311	0.1	0.00607286
2.46046	-2.1089	1.1518	6.97463e-05	0.000211309	5.03738e-05	0.000251913	-9.38882e-05	-0.000398114	0.244542	0.11355	0.242121	0.1	0.00976536
0.139841	-1.48763	1.67702	4.72338e-05	0.000178682	4.79892e-05	0.000158531	-6.89812e-05	7.96917e-05	0.244486	0.113471	0.242065	0.1	0.00654127
0.872356	-2.49805	-1.28892	-6.83992e-06	0.000292136	7.72921e-05	-5.42042e-06	0.000119697	-5.00508e-05	0.244454	0.113428	0.242034	0.1	0.00697478
0.688527	2.68212	-0.249202	1.61882e-07	-3.9304e-07	-5.36285e-07	-7.24751e-25	-3.7702e-24	-8.98603e-25	0.2444	0.113351	0.24198	0.1	0.00639348
1.23989	2.72618	2.28872	-0.000137317	-0.000206082	3.48395e-05	-0.000670263	-0.000428523	0.000305016	0.244162	0.113022	0.241745	0.1	0.0110383
-2.34807	-0.981066	0.346359	-1.28225e-05	6.12142e-05	1.12371e-05	-4.56646e-05	9.83603e-05	-0.000316956	0.24414	0.112991	0.241723	0.1	0.00757391
-0.0969266	-3.90878	-2.14764	-2.36896e-05	0.000369757	-1.58904e-05	0.00010632	-0.000146813	-0.000115602	0.244103	0.112939	0.241686	0.1	0.008285
0.343768	-2.94583	-1.06125	-1.04929e-05	0.00036874	1.63616e-05	0.000292824	0.000102259	0.000297529	0.244062	0.112883	0.241646	0.1	0.00677841
-0.334811	1.21647	-1.23857	3.63232e-05	-0.000209205	-7.83851e-05	-4.06622e-05	0.000228743	5.48469e-05	0.243921	0.112687	0.241506	0.1	0.00407361
-1.38885	3.02546	0.0312715	-4.98558e-05	-0.00028004	-1.01586e-05	-0.000248386	0.00011804	6.56101e-05	0.243692	0.112369	0.241279	0.1	0.00815417
0.913742	1.64682	1.9345	4.34868e-05	-0.000203135	5.5654e-05	0.000274374	0.000203589	0.000170828	0.24367	0.112339	0.241257	0.1	0.00930108
-1.41455	-1.27294	-0.382465	8.02153e-05	9.6426e-05	-7.90803e-05	4.2545e-06	7.93979e-05	0.000130164	0.243648	0.11231	0.241236	0.1	0.0096237
-2.05174	2.16031	-0.947006	5.0465e-05	-0.000234526	0.000154534	-5.37094e-05	-5.26091e-05	4.92165e-05	0.243387	0.111948	0.240977	0.1	0.00704069
-2.29811	0.975335	-0.590552	-1.2071e-06	-7.76491e-07	5.16066e-07	5.52669e-24	-8.6555e-24	6.53961e-24	0.243111	0.111568	0.240704	0.1	0.00842272
-2.35233	-2.58365	1.20124	-3.42311e-06	0.000383019	-2.26298e-05	-0.000131502	1.99418e-05	-0.000293114	0.242966	0.111368	0.24056	0.1	0.00910461
0.755021	1.4779	0.792372	-6.85743e-05	-0.000183905	-8.82178e-05	0.000476107	-0.00108817	-0.000121868	0.242842	0.111198	0.240438	0.1	0.00448371
-1.64316	3.9356	-1.06175	8.1152e-06	-0.000371366	3.16496e-05	0.000309328	6.37639e-05	0.000309629	0.242774	0.111104	0.24037	0.1	0.00944094
1.52821	-0.684355	-2.06883	0.000245482	6.35395e-05	0.000155828	0.000889846	-6.11413e-05	-0.00108735	0.242496	0.110724	0.240095	0.1	0.0121963
1.77553	-1.22716	1.2116	-2.79511e-05	0.000237167	2.35679e-05	-0.000270869	-0.00016114	0.000206573	0.242131	0.110225	0.239734	0.1	0.00805201
1.11698	-0.419721	2.06377	6.14089e-05	0.000177954	-3.38475e-05	1.61222e-05	-4.33303e-05	-0.000204992	0.241931	0.109952	0.239536	0.1	0.00897415
-0.904127	-3.93518	-0.913991	-0.000186377	0.000345608	-9.90702e-05	-0.000351595	0.000154844	0.000611975	0.24193	0.10995	0.239535	0.1	0.00747238
-2.15953	0.832906	-0.0794883	-5.92528e-08	-9.41617e-07	-7.4495e-08	8.89807e-25	2.89954e-25	-2.63925e-23	0.241739	0.109691	0.239346	0.1	0.0116962
-1.21475	-0.725635	-1.8636	-5.86699e-07	-5.39554e-07	-8.66407e-07	3.87782e-24	-2.04674e-23	2.80226e-25	0.241738	0.109688	0.239345	0.1	0.0135753
-1.87505	-3.75156	0.879003	5.52562e-05	0.000405881	-1.15692e-05	-0.000263085	-0.000197813	-0.00015092	0.241731	0.109679	0.239338	0.1	0.00865785
-1.11107	-1.81306	-0.087866	-9.92476e-07	-6.07465e-07	2.47559e-07	-2.81969e-24	-1.0005e-23	1.04842e-24	0.241723	0.109668	0.23933	0.1	0.00891981
-1.55934	-2.71492	-0.576502	-0.00010696	0.00037723	5.04326e-05	-0.00012627	8.5345e-05	0.000167602	0.241715	0.109657	0.239322	0.1	0.00805983
-1.39855	3.29924	1.36446	3.81184e-05	-0.000465771	5.25949e-05	0.000333245	-0.000304652	0.000442282	0.241502	0.109368	0.239111	0.1	0.00625023
-1.24329	-2.20893	0.715376	-2.08152e-05	0.000154622	9.88728e-05	0.000867269	4.18005e-05	0.00010255	0.241393	0.109219	0.239003	0.1	0.00635061
-1.90845	-2.98824	-0.79173	-2.17596e-05	0.000387857	6.62009e-05	-5.73985e-05	0.00020136	-5.06468e-05	0.241283	0.10907	0.238894	0.1	0.0079308
2.34554	1.14025	-1.6158	0.000123493	-0.000195439	4.80304e-05	0.000319753	0.000745908	6.87299e-05	0.241125	0.108856	0.238738	0.1	0.00627933
0.83826	2.13907	0.00795087	3.46519e-05	-0.000271061	-4.05151e-05	-0.000104214	-5.30785e-05	-0.000662255	0.241121	0.108851	0.238734	0.1	0.00544549
2.40832	2.97022	1.88992	9.26748e-06	-0.000225755	2.51178e-06	0.000305071	-0.000359674	-0.000139315	0.241078	0.108793	0.238691	0.1	0.00636681
1.08767	1.25091	-2.0501	3.79015e-06	-0.000125771	1.92516e-05	-0.000453059	-4.2537e-05	-0.000317238	0.241066	0.108776	0.238679	0.1	0.00639091
-2.2184	2.17071	0.941375	-3.50783e-05	-0.000192006	0.000107679	5.27156e-05	-2.70225e-05	0.000120771	0.241027	0.108724	0.238641	0.1	0.00860142
-2.36152	1.4246	-1.88814	1.92304e-06	-7.89124e-05	4.05318e-05	0.000225041	0.00060504	0.000103511	0.24097	0.108646	0.238584	0.1	0.00390717
2.03057	1.31488	1.65821	8.37725e-05	-4.50926e-05	-6.38356e-05	3.29218e-05	0.000487654	4.05352e-05	0.240966	0.108641	0.23858	0.1	0.0081084
1.20294	-0.165386	-1.98288	0.000153762	-4.98934e-05	3.69029e-05	-0.000338058	0.000385173	9.94275e-05	0.24074	0.108335	0.238356	0.1	0.00564544
0.552435	2.64783	0.21006	8.46997e-05	-0.00035	-2.15954e-05	0.000284379	-0.000134868	-0.000406135	0.240483	0.107989	0.238102	0.1	0.00415029
-2.05276	3.48099	1.22709	9.12621e-05	-0.000307032	-9.35143e-05	-0.000225193	0.00044383	-9.22153e-05	0.240458	0.107956	0.238077	0.1	0.00637902
2.49948	-0.447498	2.03816	3.95461e-05	0.000237544	6.79285e-05	0.000234131	-4.88632e-05	9.13036e-05	0.240401	0.107879	0.238021	0.1	0.00786882
0.473567	0.296458	1.19508	0.00014889	8.22432e-05	-0.000110445	0.000359239	0.000491852	0.000994568	0.240234	0.107654	0.237855	0.1	0.00656732
-1.84556	1.95737	-0.566	1.84874e-05	-0.000358163	0.000107202	0.000105506	0.000204973	-0.000115178	0.240234	0.107654	0.237855	0.1	0.0107514
2.17032	1.75807	-0.651752	0.000202397	-0.00025436	-0.000246199	0.00111225	0.000982963	0.00140763	0.240084	0.107453	0.237707	0.1	0.00821703
0.436761	1.20271	1.57423	0.000114472	-0.000217538	-6.76839e-05	-0.000617093	2.93658e-05	-0.000108765	0.239985	0.107319	0.237609	0.1	0.00578642
0.258995	0.686434	0.906598	0.000122404	-2.04527e-05	-3.45503e-05	0.000496231	0.000306511	-0.000252809	0.239931	0.107246	0.237555	0.1	0.00588777
2.04034	2.87475	1.50433	3.25002e-05	-3.01575e-05	2.0768e-05	-0.000116319	8.46532e-06	0.000200527	0.239786	0.107053	0.237412	0.1	0.00927743
-0.845205	-0.882629	0.971086	2.58289e-05	-1.82119e-05	-8.2952e-05	-0.000107838	0.000463855	-0.000305479	0.239696	0.106933	0.237323	0.1	0.00561607
0.241621	-1.57879	-0.90902	-6.50636e-05	-0.000219698	0.000205115	0.00213906	0.000393099	0.00075026	0.239588	0.106787	0.237216	0.1	0.00920407
-0.295158	-3.43686	2.27866	1.07606e-05	0.000374479	1.21299e-05	0.000161343	1.22022e-05	-0.000235366	0.239483	0.106648	0.237112	0.1	0.00957633
-1.84314	-2.87505	0.231633	1.97444e-06	0.00028264	4.63041e-05	0.000114408	7.33229e-05	0.000144303	0.239239	0.106322	0.23687	0.1	0.0096547
1.27096	3.81767	0.331904	-4.11067e-05	-0.000441532	-2.77568e-05	0.000234738	-0.000250808	-0.000530466	0.239237	0.106319	0.236868	0.1	0.00817494
-2.23948	-1.24634	-0.340696	9.79463e-07	0.000257355	4.77745e-05	-0.00034311	-0.000213014	0.000658382	0.239205	0.106277	0.236837	0.1	0.0108631
-2.38382	-0.635683	1.25694	-9.52158e-06	0.000103477	-1.27423e-05	-0.000331099	1.86312e-05	9.64373e-06	0.239191	0.106258	0.236823	0.1	0.00757893
-2.48903	-0.776831	2.41696	-2.60863e-05	0.000263923	4.38213e-05	0.00011669	-6.96218e-05	0.000259694	0.238965	0.105957	0.236599	0.1	0.010974
-1.67431	-3.50368	0.041335	-8.7695e-05	0.000460377	3.35866e-05	-0.000284629	-0.000129508	0.000197228	0.238904	0.105876	0.236539	0.1	0.00892268
-0.688548	-1.88917	-1.37331	-1.936e-05	0.000242891	-6.94354e-05	-7.91852e-05	0.00010212	0.000297636	0.238867	0.105826	0.236502	0.1	0.00797343
-1.293	-0.554861	0.236215	-4.51207e-05	3.49137e-05	-6.42599e-05	8.79046e-05	0.000114611	0.000168726	0.238847	0.105799	0.236482	0.1	0.00426584
-0.784981	-3.58198	2.16241	-1.78981e-05	0.000374242	1.20068e-05	0.000135101	4.47336e-05	-0.000142279	0.23868	0.105579	0.236317	0.1	0.00692585
0.347042	-1.92181	1.51783	6.19177e-05	0.00026311	8.71725e-05	-0.000187363	0.000211062	0.000498916	0.238578	0.105443	0.236216	0.1	0.00698853
-1.39547	0.996523	1.28105	-2.9979e-05	-0.000129749	2.05935e-05	0.000193749	-0.00021111	9.97808e-05	0.238575	0.105439	0.236213	0.1	0.00845685
-2.18497	-2.86585	-1.63125	7.51526e-06	0.000341273	-1.31182e-05	4.85918e-06	0.000156823	0.000334735	0.238558	0.105416	0.236196	0.1	0.0063785
0.264952	1.85809	1.99386	6.64461e-05	-0.000124219	-2.84507e-05	0.000375527	9.20085e-05	0.000495804	0.238531	0.105381	0.236169	0.1	0.00703331
0.10495	-0.137489	-2.23538	3.34543e-05	2.92925e-05	-6.69011e-05	-0.000833393	-0.000155286	-5.59722e-06	0.238467	0.105296	0.236106	0.1	0.007015
-0.709993	3.95092	0.156927	-6.73178e-05	-0.00041321	3.598e-06	0.000128866	0.000114465	-5.18695e-05	0.238429	0.105245	0.236068	0.1	0.00529786
-0.850404	-2.78571	-0.63698	4.00733e-09	-4.32452e-07	-3.78326e-09	-3.12025e-40	3.19656e-41	8.72399e-41	0.238392	0.105197	0.236032	0.1	0.0118569
2.18762	-2.49904	1.11225	-2.67665e-05	0.000283007	5.30991e-06	-1.74996e-05	0.000115678	-8.43545e-05	0.238069	0.10477	0.235712	0.1	0.00965774
0.181889	-2.04661	-0.775642	4.01912e-05	0.00029927	7.66253e-08	0.000219728	-0.000182395	-0.000289857	0.2379	0.104547	0.235545	0.1	0.00546901
-0.0891342	-0.514909	0.207223	4.59557e-05	8.06882e-05	4.95027e-06	0.00031849	0.000478893	-0.000280049	0.237677	0.104254	0.235324	0.1	0.00468855
0.798914	-0.572847	0.592383	-4.43119e-05	0.000109024	5.9361e-05	6.08718e-05	-0.000294545	-7.7169e-05	0.237634	0.104196	0.235281	0.1	0.00677574
1.71421	0.256428	2.25181	7.68131e-05	2.10646e-05	2.22865e-05	-8.47823e-05	5.11829e-06	-4.80493e-05	0.237512	0.104035	0.23516	0.1	0.0112709
-2.33107	3.2284	-2.32119	-5.17977e-06	-0.000274853	5.61909e-06	0.000160037	-7.35348e-05	0.000243457	0.237463	0.103972	0.235112	0.1	0.00576628
0.0850712	2.35954	1.413	9.60282e-05	-0.000386452	-3.9966e-05	0.000236171	9.52791e-05	-0.000212345	0.237431	0.103929	0.23508	0.1	0.00710219
0.357722	-1.92541	-2.2648	5.24691e-05	6.18107e-05	-0.000118945	-0.0001438	0.000498381	-0.000136976	0.237431	0.103929	0.23508	0.1	0.0131229
1.68534	-0.240711	-2.00737	0.000301757	4.24068e-05	0.000149203	-0.000951916	2.83906e-05	0.000851628	0.237278	0.103729	0.234929	0.1	0.0103859
-2.47632	1.48303	0.389911	-3.50904e-05	-0.00014075	8.62814e-05	-0.000354904	9.31914e-05	2.43342e-06	0.237254	0.103697	0.234905	0.1	0.00746007
0.577921	-2.33103	-0.918354	2.55275e-05	9.18458e-05	-6.02644e-05	-0.000445963	-1.78633e-05	-0.000258162	0.237202	0.103628	0.234853	0.1	0.00645668
-1.60943	-1.43437	2.22285	0.000113287	0.000203052	-6.12091e-05	-0.000145715	-9.25442e-05	-7.61112e-05	0.237135	0.103541	0.234787	0.1	0.00767624
0.955002	2.39719	2.48052	-5.84488e-05	-0.000234916	8.74761e-05	-0.000199569	-0.000172058	0.000509446	0.237122	0.103524	0.234774	0.1	0.00740057
-0.911086	3.93354	-0.464727	-5.62956e-05	-0.000324562	-4.78833e-05	0.00045123	-1.86549e-05	2.63141e-05	0.236892	0.103224	0.234547	0.1	0.00735997
0.110764	0.477219	-2.35571	6.44618e-05	9.268e-05	-6.46457e-05	-0.000368687	0.000430328	0.000190749	0.236865	0.103189	0.23452	0.1	0.00913251
-1.37887	1.92829	-0.713194	9.47577e-05	-0.00015791	4.68781e-06	0.000265922	-0.000267061	-1.70151e-05	0.236787	0.103086	0.234443	0.1	0.00589002
1.05129	-0.644751	-0.0487492	-3.11827e-06	4.93849e-05	1.12094e-05	-0.000240297	-7.19567e-05	0.000541177	0.236379	0.102554	0.234039	0.1	0.00568571
1.69198	-1.2826	-1.24249	-2.44056e-05	0.000217105	-2.63606e-05	-4.02877e-05	-0.000176369	-0.000424759	0.23636	0.10253	0.23402	0.1	0.0106559
2.35379	-2.08753	-0.687527	-6.68763e-05	0.000107856	4.82718e-05	0.000399966	3.23454e-05	0.000522222	0.236341	0.102504	0.234001	0.1	0.0171814
-0.622849	1.24027	-0.857508	7.3111e-05	-9.78e-05	-2.22738e-05	7.89199e-05	0.000217234	0.000222426	0.236281	0.102428	0.233942	0.1	0.00559238
0.849849	1.04188	0.944226	-1.76178e-05	-0.000130336	-6.54573e-05	-0.000295588	-0.000684004	0.000974288	0.236277	0.102422	0.233938	0.1	0.00534041
0.778169	-0.771513	1.00925	-3.5669e-05	0.000161104	1.72516e-05	-0.000112278	6.03103e-05	0.000285869	0.236117	0.102213	0.233779	0.1	0.00555873
-1.27023	1.95396	-1.24405	2.78949e-05	-0.000156709	-5.87969e-06	-6.89791e-05	0.000399253	0.000372007	0.236076	0.102161	0.233739	0.1	0.0056906
-1.75333	-0.572285	-0.0702102	-3.29447e-05	-2.55599e-05	-1.55128e-05	0.000100819	0.000406848	0.000114377	0.235915	0.101951	0.233579	0.1	0.00458584
-1.06815	0.502524	1.22056	2.50217e-08	-9.50716e-07	7.19453e-07	5.26296e-24	-7.96802e-24	5.31469e-24	0.235774	0.10177	0.23344	0.1	0.0119319
1.45127	-0.780381	-0.23312	2.06111e-05	0.000171418	5.79742e-05	2.80974e-05	-6.16882e-05	-2.36818e-05	0.235702	0.101675	0.233368	0.1	0.00377878
1.77035	-3.52469	1.40493	-3.11035e-05	0.000371738	5.09981e-05	-0.000220338	-0.00058055	0.000170547	0.235632	0.101585	0.233299	0.1	0.00655027
0.529615	0.941423	0.618258	6.40638e-05	-9.13376e-05	-0.000157849	-0.000825561	0.000273746	6.58763e-05	0.235543	0.10147	0.233211	0.1	0.00738542
-2.31641	3.35729	1.73096	3.34596e-05	-0.000201072	1.08703e-05	9.71322e-05	-7.05194e-05	0.000199411	0.235542	0.101468	0.23321	0.1	0.0049637
1.84312	3.34294	-0.779362	-0.000157501	-0.000300129	1.70463e-05	0.000385686	9.20345e-05	0.000376004	0.235326	0.10119	0.232996	0.1	0.00605338
-2.07624	1.36839	-1.34994	0.000119792	-0.000101741	6.87194e-06	0.000148531	0.000195647	0.000178031	0.235264	0.101109	0.232935	0.1	0.0043816
-0.158346	1.87804	-0.646255	-7.00226e-06	-0.000153423	-7.60188e-05	3.31044e-05	0.000774435	-5.65324e-05	0.235177	0.100998	0.232849	0.1	0.00703123
-1.98767	-3.86431	-2.09153	5.48612e-05	0.000346012	-4.8005e-06	-0.000406611	0.000160475	-0.000460762	0.235106	0.100905	0.232778	0.1	0.00773377
1.37014	1.03798	-0.438576	-6.40908e-05	-0.000183812	9.24139e-05	9.95463e-05	-0.00035897	0.000423643	0.23501	0.100782	0.232683	0.1	0.00446232
1.61157	-1.53554	0.851046	-4.70086e-06	0.000235093	7.0392e-05	-9.69065e-05	-3.67867e-05	0.000176828	0.234827	0.100547	0.232502	0.1	0.0056511
0.153423	1.64738	-1.10926	1.91599e-05	-0.0003167	-0.000188392	0.000475841	0.000541539	-0.000410619	0.234781	0.100487	0.232456	0.1	0.0065819
2.27937	-1.18979	-2.43278	-4.15449e-05	0.00022614	-6.38792e-06	0.000316356	0.000811086	-0.000204974	0.234742	0.100438	0.232418	0.1	0.00520458
0.0500925	2.94692	-0.465025	-1.29402e-05	-0.000338638	-3.2496e-05	-0.000284217	-6.97193e-05	-0.000422551	0.234729	0.100422	0.232405	0.1	0.0109603
0.856306	-0.92729	-0.389589	-1.2658e-07	7.55599e-05	-2.17625e-05	7.63829e-05	-0.000196077	0.000398058	0.234723	0.100413	0.232399	0.1	0.00697151
-0.733642	2.6211	1.48793	-7.91134e-06	-0.00030709	5.64223e-05	-0.000195371	-3.20181e-05	-0.000377093	0.234716	0.100404	0.232392	0.1	0.00823826
-0.465404	-3.80231	-1.43905	-3.51926e-05	0.000421432	-7.22221e-05	-0.000226873	0.000180778	0.000133279	0.234391	0.0999882	0.23207	0.1	0.0124878
-0.416131	-1.15339	0.981125	-0.000103342	9.04349e-06	-0.000111558	6.95986e-05	0.000184312	0.000258152	0.234228	0.0997805	0.231909	0.1	0.0106279
-1.01432	1.86885	-1.87668	1.13697e-05	-0.000176599	-1.02355e-05	0.000106998	-8.92946e-05	-0.000661593	0.234163	0.0996969	0.231845	0.1	0.00609474
-0.196771	-0.0984025	-0.00802093	4.34345e-05	-1.7128e-05	3.85786e-05	5.4582e-05	0.000114517	-0.000777501	0.233947	0.0994212	0.231631	0.1	0.00510744
2.40966	-1.97604	-2.33543	6.90047e-06	0.000303117	7.55391e-05	-0.000204868	-3.15796e-05	0.000176103	0.233696	0.0991015	0.231382	0.1	0.0108673
-1.19155	-1.51509	1.18291	6.04508e-05	7.92368e-05	-8.73749e-05	-0.000349403	-7.21402e-05	0.000321621	0.23369	0.0990929	0.231376	0.1	0.0062257
-0.0373926	2.16784	2.1702	-5.88487e-05	-0.000322524	0.000103038	0.000143978	-2.74334e-05	0.000111122	0.233609	0.0989904	0.231296	0.1	0.00628374
-0.0728166	3.77106	-0.036884	-6.64659e-05	-0.000474551	2.59384e-06	5.15049e-05	-0.000276939	-0.000508929	0.233569	0.0989397	0.231256	0.1	0.00631885
-1.27421	-1.90251	0.344306	-4.40283e-05	0.000287405	6.0703e-05	0.000560433	5.40598e-05	0.000136048	0.233337	0.0986457	0.231027	0.1	0.00546577
0.253527	-3.65078	2.06416	-0.000176745	0.000323712	-0.000106591	-0.000523088	0.000228954	-5.40431e-05	0.233285	0.0985791	0.230975	0.1	0.00736187
0.36013	-3.4058	-0.313802	-3.72505e-05	0.000336227	-6.47111e-07	0.000182484	-1.56409e-05	0.000141723	0.233155	0.0984158	0.230847	0.1	0.00521656
-1.56359	2.20567	0.479947	-2.73445e-05	-0.000205843	1.75969e-05	-0.00034873	0.000136772	-2.96658e-05	0.233116	0.0983655	0.230808	0.1	0.00881888
1.44293	1.3408	-0.0963318	-2.36644e-05	-0.000118768	-1.49366e-05	-0.000527535	0.000887906	-9.50642e-05	0.233102	0.0983481	0.230794	0.1	0.00516146
-1.8618	-0.896148	1.26215	-2.86785e-05	9.93661e-05	-1.79144e-05	-6.22148e-05	8.74365e-06	2.9145e-05	0.233037	0.0982664	0.23073	0.1	0.00905533
-0.215769	-0.573096	0.654882	2.60265e-07	-8.44986e-08	-2.55747e-07	2.93278e-13	-1.23299e-12	-1.02453e-11	0.232987	0.0982018	0.23068	0.1	0.0071555
2.48901	-1.58969	2.42426	-7.40115e-05	0.000149317	-0.000201086	-0.00052459	0.000110353	-0.000227486	0.23297	0.0981807	0.230663	0.1	0.00833313
-1.74593	-2.95018	-0.216366	-4.21335e-05	0.000359588	6.1457e-05	0.000191141	0.000166071	-8.76763e-05	0.232853	0.0980333	0.230548	0.1	0.00747495
1.13196	2.5399	1.52887	-0.000128412	-0.000180715	5.50762e-05	-0.000784885	0.00018487	-0.000589509	0.232841	0.0980185	0.230536	0.1	0.0108758
2.2972	-3.63692	1.79649	2.16882e-05	0.000401894	-7.68724e-06	5.30582e-05	-2.83908e-06	6.97968e-05	0.232838	0.0980137	0.230533	0.1	0.0100587
-1.37415	3.89367	-0.680881	-5.29695e-06	-0.00038558	2.44174e-05	0.000157387	-0.000128052	0.000126641	0.232645	0.0977704	0.230342	0.1	0.00546156
2.25044	2.20663	-0.755256	-0.00016467	-9.79082e-05	4.90898e-05	0.000458613	0.00017201	-3.35087e-05	0.232529	0.0976247	0.230227	0.1	0.00955377
-0.0946731	-0.277202	2.27732	0.00010403	-2.39775e-05	-1.11997e-05	0.000148393	-0.000544324	-0.000234696	0.232356	0.0974063	0.230055	0.1	0.00893135
2.40452	1.36268	-0.568306	0.000226728	-0.000223839	-7.13319e-05	-0.00173222	-0.00146559	-0.00125186	0.232305	0.0973426	0.230005	0.1	0.00596869
-1.03621	1.21429	0.933878	-2.35603e-05	-3.76378e-05	-1.08089e-05	-0.000175371	8.8553e-05	0.000109159	0.232166	0.097167	0.229867	0.1	0.00829504
-2.23108	-4.00989	-2.45837	3.69253e-07	0.000406401	-7.15858e-07	9.36274e-25	-1.29846e-23	-4.3085e-24	0.232017	0.0969806	0.22972	0.1	0.00762662
0.58651	-2.03088	-0.544449	7.20397e-05	0.000227028	-3.78815e-05	-0.000340656	6.51339e-05	-0.000406791	0.231839	0.0967586	0.229544	0.1	0.00744129
1.69785	-2.88172	-1.63368	0.000105232	0.00043542	0.000137525	-0.00013939	0.000205633	0.000206831	0.231804	0.0967136	0.229509	0.1	0.00966797
-0.598321	-3.13299	-0.014826	-5.07587e-05	0.000149716	0.000155011	0.000748786	-0.000125041	0.00038912	0.231661	0.0965346	0.229367	0.1	0.0107593
0.270222	1.96328	-0.793892	5.10559e-05	-0.000439554	-7.72593e-05	0.000261446	-0.00043934	0.000324071	0.231371	0.0961726	0.22908	0.1	0.00688818
1.88572	0.511876	1.56992	0.000110491	-1.86848e-05	4.02807e-07	0.000276408	0.000262619	-0.000185422	0.231332	0.0961243	0.229042	0.1	0.00749486
-1.5784	3.73898	0.808288	-4.74914e-05	-0.000530097	4.16351e-06	0.000373445	-2.53529e-05	0.000836821	0.231276	0.0960544	0.228986	0.1	0.00895154
0.680704	1.06915	-1.90859	6.06729e-06	-0.000141105	2.75975e-06	0.000319014	4.9843e-05	-0.000392197	0.231257	0.0960307	0.228967	0.1	0.010596
1.78228	1.4722	-0.550867	0.000111843	-0.000342158	-5.77274e-05	0.000114816	0.000752901	-6.91209e-05	0.231228	0.0959953	0.228939	0.1	0.00525423
0.588006	0.792881	1.22987	8.86542e-05	-0.00013116	5.17132e-06	-0.00104129	5.33275e-05	0.000700064	0.231098	0.0958324	0.22881	0.1	0.00409885
-0.415165	2.58212	-1.7328	-3.89884e-05	-0.000272415	-7.71669e-06	-1.54048e-05	-0.000115751	0.000100941	0.231097	0.0958312	0.228809	0.1	0.00895088
1.38335	3.38297	2.13843	-0.0002124	-0.000388645	5.1465e-05	0.00012567	-0.000175641	-0.000995698	0.230968	0.0956712	0.228681	0.1	0.0104043
1.50737	1.13031	-2.22795	6.54934e-06	-9.36227e-05	-1.13296e-05	-0.000385506	-0.00021609	-8.48323e-05	0.230925	0.0956178	0.228639	0.1	0.00447087
-1.00213	-0.623407	1.87336	4.46458e-05	3.57059e-05	-1.68634e-05	1.74502e-05	-0.000134423	-0.00026007	0.230853	0.0955284	0.228567	0.1	0.0110397
2.43028	-0.273943	-0.975951	1.12232e-06	-2.51897e-06	1.11144e-06	-1.98086e-23	1.75114e-23	4.17933e-23	0.230603	0.0952189	0.22832	0.1	0.0112381
0.0773508	-0.590214	-2.30914	1.38123e-05	4.56274e-05	2.40631e-05	0.000535908	-8.12409e-05	-0.00014608	0.230371	0.0949306	0.22809	0.1	0.00460384
-0.247151	-1.7545	-1.2761	5.16212e-05	0.000250712	-7.50987e-05	-0.000127293	-7.37513e-06	-0.000102677	0.230367	0.0949265	0.228086	0.1	0.00866409
-0.0814669	3.97025	-1.38438	-1.93697e-05	-0.000355049	-2.57243e-05	-8.54651e-05	-0.00022216	1.49991e-06	0.230224	0.0947498	0.227945	0.1	0.00493021
0.64324	1.192	0.248912	-1.15174e-05	-0.000150702	-0.000225076	0.000510819	0.000145551	-6.88447e-05	0.22985	0.0942887	0.227574	0.1	0.00787061
-1.68436	-2.19943	0.401746	-4.16033e-05	0.000266041	-2.24155e-05	0.000270666	-2.06739e-05	0.000234886	0.22984	0.0942757	0.227564	0.1	0.00603428
0.195564	3.94847	0.286904	-0.000111808	-0.000494116	3.77422e-05	-0.00016816	-9.10664e-05	-0.000134906	0.229772	0.0941929	0.227497	0.1	0.00471115
-0.0601183	3.1132	-1.36713	-2.08256e-05	-0.000330176	5.38538e-06	-5.33813e-06	-5.92648e-05	5.00875e-05	0.229716	0.0941249	0.227442	0.1	0.00622668
2.34462	3.56808	-1.04604	-0.000141733	-0.000267448	1.01613e-05	-0.000359847	0.000118118	-0.000909855	0.229675	0.0940734	0.227401	0.1	0.00833962
0.893889	-2.88902	1.03837	-6.67717e-05	0.000205225	1.49561e-05	0.000235057	-0.000199214	0.000264086	0.229635	0.094024	0.227361	0.1	0.00629164
0.786719	-3.52354	-2.28668	-0.000134857	0.000432822	6.13702e-05	0.000604633	-7.84719e-05	0.000540403	0.229633	0.0940217	0.227359	0.1	0.00707833
-0.500773	3.62731	-0.0937829	-8.49105e-05	-0.000359143	-4.85381e-05	8.11208e-05	6.93506e-05	6.68866e-05	0.229597	0.0939779	0.227324	0.1	0.00929761
1.88748	0.400879	0.991655	9.14459e-05	-3.10749e-05	-7.17432e-05	-4.8948e-06	-0.000451849	0.000174033	0.229587	0.0939654	0.227314	0.1	0.00844387
0.558596	-1.02084	-0.0298886	9.35906e-05	3.57185e-05	0.000106331	4.99707e-05	-0.000317434	0.000596915	0.229559	0.093931	0.227286	0.1	0.00669229
-0.762992	0.135989	0.00729464	-8.36284e-05	-3.7805e-05	9.05665e-05	4.68224e-05	-7.42829e-05	-7.6823e-05	0.229502	0.0938617	0.22723	0.1	0.00658014
-0.103527	-0.807405	-0.464396	5.67687e-05	2.16957e-05	-5.90674e-05	-0.000455068	-2.09959e-05	0.000295518	0.229294	0.0936058	0.227024	0.1	0.00622471
-1.04355	-3.01121	1.31175	-3.59487e-05	2.12105e-05	8.6785e-06	7.39677e-05	4.15186e-05	0.000192226	0.229262	0.0935673	0.226992	0.1	0.00731136
2.3676	1.20125	-1.15498	0.000153478	-0.000272993	6.04148e-05	1.83862e-05	-0.000595817	0.000268078	0.229043	0.0932983	0.226775	0.1	0.00655161
2.26642	0.651031	1.37114	-5.01233e-05	6.77078e-06	-0.000138471	-0.00045679	0.000545677	0.000495307	0.229023	0.0932736	0.226755	0.1	0.00559892
2.05554	-3.86674	1.48963	-4.91622e-05	0.00044034	6.67269e-05	0.000153795	0.000572362	-7.21428e-05	0.22902	0.0932701	0.226752	0.1	0.0068437
2.177	2.59756	-2.01571	-0.000101599	-6.59831e-05	-1.75587e-05	0.000440461	-0.000739728	-4.0125e-05	0.228994	0.0932399	0.226727	0.1	0.00783305
0.345892	-3.2856	2.33589	-4.51007e-05	0.000101812	6.20865e-05	-0.000202407	-0.000264631	0.000548752	0.228978	0.0932202	0.226711	0.1	0.00622664
1.17141	2.69341	-1.0626	-0.000113713	-0.000342957	2.05389e-05	0.000679765	-0.000359768	0.000268027	0.228925	0.093155	0.226658	0.1	0.00705578
0.105721	0.6659	0.208565	1.02006e-05	-0.0001755	1.73737e-05	-0.000254522	3.36559e-06	6.35973e-05	0.228769	0.0929649	0.226504	0.1	0.0098014
1.50181	-1.03227	2.12791	5.61071e-05	0.000182874	0.000105593	0.000323335	-0.000194162	-0.000328353	0.228681	0.0928573	0.226417	0.1	0.00500069
0.124082	1.53957	-0.106129	-6.45698e-05	-0.000196655	-5.38657e-05	-4.15528e-06	0.00044714	-0.000262272	0.228633	0.0927983	0.226369	0.1	0.00884207
-0.832019	3.95493	-1.3575	-0.00014021	-0.000214962	2.62219e-05	-0.000235983	1.68595e-05	-0.000995505	0.228527	0.09267	0.226264	0.1	0.00965683
0.953557	0.824925	-2.1787	-3.78536e-06	-0.000108697	-3.63435e-05	0.000250832	-0.000282084	5.01124e-05	0.228372	0.0924815	0.226111	0.1	0.00923702
1.20403	-3.4073	-2.15313	-8.04893e-05	0.000360012	-3.95767e-05	-0.000604421	9.61525e-05	0.000653479	0.228275	0.0923635	0.226015	0.1	0.00658443
0.437936	-0.970831	1.23356	2.2371e-05	0.000145578	-1.72864e-05	-0.000165103	-0.000106969	0.000100752	0.228269	0.0923562	0.226009	0.1	0.00451612
2.38545	-1.89312	1.78531	-1.98834e-05	0.000298807	3.81788e-05	0.000143234	6.10807e-05	0.000517159	0.228148	0.0922089	0.225889	0.1	0.00853473
0.218776	3.70665	-0.386207	-7.18375e-05	-0.000447038	-1.69257e-05	0.000311939	3.46555e-05	-0.00042987	0.227891	0.0918988	0.225635	0.1	0.00517441
1.06364	-0.118281	-0.726418	-1.21084e-05	-3.12963e-05	4.31968e-06	-0.000140822	4.46887e-05	-8.09838e-05	0.2278	0.0917882	0.225545	0.1	0.0081883
-2.00914	-2.66236	1.50636	-2.68992e-05	0.000382615	3.63296e-06	-4.70968e-05	-0.000135143	0.000142518	0.227735	0.0917093	0.22548	0.1	0.0119871
0.998369	1.18024	0.529823	-9.53584e-05	-0.000175925	-0.000112631	6.60076e-06	-0.000800434	0.000355977	0.227721	0.0916929	0.225466	0.1	0.00573514
1.70592	-2.34703	-2.24211	-3.92969e-05	0.000281655	8.28095e-05	-0.00019926	0.00057491	9.86892e-06	0.227719	0.0916894	0.225464	0.1	0.00799144
1.59814	-0.528818	0.12536	-0.000112315	7.23634e-05	1.32912e-05	7.50983e-05	-0.000204092	0.000333238	0.227657	0.0916158	0.225403	0.1	0.00525905
2.15116	-3.48495	-0.79883	8.37929e-05	0.000274683	-0.000130137	-0.00084146	-3.15327e-06	-0.000463459	0.227655	0.0916129	0.225401	0.1	0.00869734
-1.71297	1.90682	-1.13806	5.38075e-05	-0.000125589	5.96276e-05	0.000335038	0.000415963	0.000363941	0.227637	0.0915917	0.225383	0.1	0.00586185
2.32508	-3.86057	-1.00739	4.00733e-09	-4.32452e-07	-3.78326e-09	-5.69566e-55	-3.20508e-55	6.50813e-55	0.227625	0.0915767	0.225371	0.1	0.0101576
-2.3886	-3.60366	-1.94249	3.98599e-05	0.000439164	1.53834e-05	-0.000310507	-3.06853e-05	-9.66154e-05	0.227598	0.0915445	0.225345	0.1	0.0044943
1.12847	-1.69882	0.776411	3.16536e-06	0.000233505	2.17327e-05	-3.62341e-05	3.44296e-05	5.99458e-05	0.227427	0.0913378	0.225175	0.1	0.00497305
-0.936942	1.64597	1.95077	-1.67528e-05	-9.59149e-05	-8.06585e-05	-0.000551081	-0.000374045	-9.55531e-05	0.227288	0.0911706	0.225038	0.1	0.00649321
1.16756	3.1278	-1.27103	-0.000104871	-0.000311766	4.16336e-05	0.00061739	-0.00040053	-8.76852e-05	0.227272	0.0911519	0.225022	0.1	0.00654472
