-1.39082	1.22396	-1.02811	6.39112e-05	-0.0001432	-7.98881e-06	-6.99851e-05	-8.05851e-05	-8.10942e-05	0.55482	1.32612	0.549327	0.1	0.0188238
2.15397	3.64406	2.23949	-1.0171e-05	-0.000312891	9.0084e-06	-9.42615e-05	6.23377e-05	6.88945e-05	0.554711	1.32533	0.549219	0.1	0.0180507
-0.830511	-1.28233	-0.908666	3.94116e-05	0.000191395	-9.31625e-05	-3.36134e-05	-3.73634e-05	-0.000256415	0.554426	1.32329	0.548937	0.1	0.0216404
-0.0771726	1.2349	-1.97513	8.99217e-06	-0.000246619	-0.000107058	0.000317299	-5.79143e-05	7.35218e-05	0.552434	1.30908	0.546964	0.1	0.0191037
2.47505	-3.36779	1.09796	-1.23341e-06	0.000336493	-1.21201e-05	-0.000169085	0.000139426	-0.000167348	0.551275	1.30086	0.545817	0.1	0.0253856
-0.31851	-3.45448	-0.676483	-5.57918e-05	0.000410972	2.40993e-05	0.000131956	9.83605e-05	-2.11341e-05	0.548893	1.28407	0.543458	0.1	0.0197454
-2.01008	0.744759	-1.78937	7.14991e-05	-7.73153e-05	-1.15245e-05	3.75419e-05	-3.30727e-05	-0.000130789	0.548822	1.28357	0.543388	0.1	0.020998
1.80318	-4.03338	-0.35424	1.87434e-05	0.000339642	-5.43321e-05	0.000137958	-4.71689e-05	5.29202e-05	0.547774	1.27623	0.54235	0.1	0.0199004
-1.92672	-0.413737	0.672164	-7.26842e-05	1.06585e-05	1.42109e-06	-0.00014792	3.04115e-05	4.77572e-05	0.547358	1.27333	0.541939	0.1	0.0244313
-0.85873	-0.136086	0.727905	-6.23248e-05	-5.21824e-05	-1.42685e-05	2.26229e-05	-2.65085e-05	-0.000112566	0.546952	1.2705	0.541537	0.1	0.0202923
2.09884	0.371924	-1.24915	3.03882e-05	-5.27864e-05	1.65725e-07	-2.82565e-05	2.6422e-05	-6.50269e-05	0.546649	1.26839	0.541237	0.1	0.0243718
1.20445	2.62479	-1.82175	-1.61608e-05	-0.000200831	2.54226e-05	-9.89106e-05	7.91973e-05	0.000174517	0.545348	1.25936	0.539949	0.1	0.0207756
-2.42148	-2.41894	0.43573	-1.54525e-05	0.000230737	4.76087e-07	3.16222e-05	-6.48029e-05	-8.54384e-05	0.545169	1.25811	0.539771	0.1	0.0219911
-0.0560353	-3.16616	-2.0294	-1.02004e-05	0.000329838	2.13443e-05	-7.41979e-05	-0.000175492	-6.27379e-05	0.544719	1.255	0.539326	0.1	0.0185172
-0.627758	3.38434	1.3033	1.4571e-05	-0.000339368	-3.03276e-05	7.78081e-05	0.000143872	-8.17937e-05	0.543689	1.24789	0.538306	0.1	0.0188639
2.17809	-2.53792	2.1656	8.42233e-05	0.000323811	3.78078e-05	-5.13297e-06	-7.20925e-05	2.4886e-05	0.541854	1.2353	0.536489	0.1	0.0300169
1.50101	-2.03996	-1.29958	-5.4492e-06	0.000227286	5.2647e-05	2.98155e-07	5.57606e-05	-3.78898e-05	0.540595	1.22671	0.535243	0.1	0.0266151
2.11563	2.87047	-1.30221	-3.82879e-05	-0.000321009	-1.27885e-06	-0.000224189	-4.33093e-05	0.000124698	0.540372	1.22519	0.535022	0.1	0.0196484
0.242244	2.25529	-2.12278	1.54406e-05	-0.000262026	5.94131e-05	-6.70491e-05	-8.41256e-05	-8.97598e-05	0.540364	1.22514	0.535014	0.1	0.0176258
1.53303	1.89685	1.53713	-1.73004e-05	-0.000100684	2.41304e-05	-9.11322e-05	1.65343e-05	0.000124678	0.537534	1.20599	0.532212	0.1	0.0221047
1.81578	-3.01768	-0.0138173	-2.10063e-05	0.000282051	1.77339e-05	1.81134e-05	0.000109298	4.964e-05	0.536704	1.20041	0.53139	0.1	0.0225778
-1.68199	1.62745	0.940071	-1.69605e-05	-9.4466e-05	9.50796e-05	0.000151451	1.1497e-05	6.34607e-05	0.536645	1.20002	0.531332	0.1	0.0215519
0.661158	-1.89771	0.210011	2.61883e-05	0.000230207	5.82436e-05	5.90202e-05	-1.69704e-06	1.16929e-05	0.536462	1.19879	0.53115	0.1	0.0212493
0.369455	3.53667	1.65336	-1.4009e-05	-0.000383492	7.20635e-06	-2.75095e-05	-0.000199859	4.84474e-05	0.53632	1.19784	0.53101	0.1	0.0236386
-1.13606	-2.61456	0.0581335	-3.77881e-05	0.000290063	1.19599e-05	-2.05362e-05	-6.26847e-06	-0.000197441	0.535344	1.19131	0.530044	0.1	0.0188197
-0.264998	-2.52318	-1.2008	-1.827e-05	0.000358305	2.72019e-05	-0.000164429	7.30982e-05	-0.000160547	0.534798	1.18767	0.529503	0.1	0.0178665
1.35508	3.91198	1.56823	-4.68598e-05	-0.000378923	5.93249e-05	-3.64538e-05	8.21822e-05	-3.65653e-05	0.534761	1.18742	0.529466	0.1	0.0190101
0.799875	1.54766	-0.446315	-5.07239e-05	-0.000239416	-5.15897e-05	0.000259832	-0.000371157	-0.000287397	0.534328	1.18454	0.529038	0.1	0.0198482
-1.44368	3.80853	0.0638911	-7.67298e-05	-0.000311895	2.12471e-05	6.53958e-05	0.000136742	-2.20669e-05	0.533494	1.179	0.528212	0.1	0.0191006
-0.5091	1.97173	-1.32048	-3.72438e-05	-0.000287787	-1.27024e-05	0.0001637	4.10191e-05	0.000136385	0.533315	1.17782	0.528035	0.1	0.0180173
-0.363028	3.56658	-0.827939	-5.6638e-05	-0.000332257	-2.74206e-05	-4.03101e-05	2.11594e-05	2.72773e-05	0.533292	1.17767	0.528012	0.1	0.0183175
-2.01911	-1.20032	-2.13905	3.33776e-05	4.85719e-05	-0.000186516	-0.000208214	-8.88815e-05	-4.00738e-05	0.533023	1.17589	0.527746	0.1	0.0229606
-1.75671	-3.14687	-2.20625	-2.37626e-05	0.000322525	-3.68209e-06	-7.432e-06	8.54454e-05	9.67017e-05	0.53279	1.17434	0.527515	0.1	0.0261927
-0.0124353	-2.54157	1.01948	5.8442e-05	0.000288389	-3.27957e-05	-5.52479e-05	-5.78771e-05	-7.9181e-05	0.532572	1.1729	0.527299	0.1	0.0263813
-1.45086	3.6051	-1.71279	-3.15612e-05	-0.000333602	1.20552e-05	-0.000158672	7.41684e-05	-5.90288e-05	0.532055	1.16949	0.526787	0.1	0.0216621
0.455972	3.27141	-2.32803	-3.06868e-05	-0.000299101	1.9573e-05	-2.47427e-05	4.83413e-05	0.000176529	0.531483	1.16572	0.526221	0.1	0.0260167
2.4151	0.16968	-2.48157	3.07391e-05	8.31249e-06	-1.3217e-07	-3.96413e-05	2.07976e-05	-7.86787e-05	0.530981	1.16242	0.525724	0.1	0.0213058
-0.17643	-1.20621	-1.75584	3.97621e-05	0.000158448	-7.26673e-05	0.000118296	5.14127e-05	5.52532e-05	0.53052	1.15939	0.525267	0.1	0.0208535
-0.932786	-3.51178	0.584475	1.06516e-05	0.000409672	1.46341e-05	4.92134e-05	4.87907e-05	-0.000111582	0.529592	1.15332	0.524349	0.1	0.0189456
-0.0724822	-3.62524	1.37824	-2.44452e-05	0.000384162	-2.54204e-05	4.70535e-05	-3.01095e-05	6.63446e-05	0.528499	1.14619	0.523266	0.1	0.0226432
2.04876	0.787905	-0.242115	-1.97785e-05	2.04882e-05	5.45728e-05	-3.95681e-06	0.000197231	4.78021e-05	0.527475	1.13954	0.522252	0.1	0.0245073
0.558594	3.56367	-1.3279	-5.70648e-05	-0.000319176	1.41873e-05	8.26736e-05	-7.25603e-05	-1.85141e-05	0.527182	1.13765	0.521962	0.1	0.0198124
-2.4168	0.791096	0.654314	1.60224e-05	-5.19395e-05	3.02334e-05	0.000208237	-0.00011997	2.18366e-05	0.527004	1.1365	0.521786	0.1	0.027589
2.41585	-1.17063	1.76104	-7.69513e-05	0.000297832	6.25816e-05	7.09394e-05	0.000170378	-0.000165261	0.526785	1.13507	0.521569	0.1	0.0205782
0.0802024	-3.3652	0.379131	-8.18401e-06	0.00029814	-2.4862e-05	3.64081e-05	4.6112e-05	-9.45089e-05	0.526637	1.13412	0.521423	0.1	0.0180215
0.543729	2.767	0.961419	1.42657e-05	-0.000331409	-2.17453e-05	0.000155795	0.000135974	-3.17515e-06	0.524764	1.12206	0.519568	0.1	0.0171902
-2.43595	3.92363	0.373332	-5.8141e-05	-0.000329284	2.16814e-05	-0.000286073	-0.000147023	0.000140381	0.523709	1.11531	0.518524	0.1	0.0240853
-2.48675	3.72957	-1.76046	-3.0479e-05	-0.000343038	5.94714e-06	0.000163743	-9.98484e-05	-8.11974e-05	0.523479	1.11384	0.518296	0.1	0.0187382
1.49402	0.942245	2.04525	8.24246e-05	-8.57932e-05	-4.7061e-05	-2.03625e-05	-0.000129695	3.97327e-05	0.521989	1.10436	0.516821	0.1	0.0193003
-1.83973	-1.89885	-0.274884	-4.83115e-05	0.0002293	-1.00112e-05	0.00022095	0.00035309	-0.00020564	0.521432	1.10083	0.516269	0.1	0.0214895
-0.40475	1.81644	1.46815	-7.52934e-07	-0.000277714	-6.86378e-05	2.03235e-05	2.06054e-05	-6.23602e-05	0.521217	1.09946	0.516056	0.1	0.0235944
-2.00591	-3.91184	1.84278	2.65206e-05	0.00037936	-9.18155e-06	-3.74016e-05	4.52542e-05	3.36904e-05	0.518617	1.08309	0.513482	0.1	0.0168153
2.09066	-0.0959669	0.465497	-4.76934e-05	3.26502e-05	1.78068e-05	-0.000194982	9.53616e-05	-0.000201791	0.517898	1.07859	0.51277	0.1	0.0220369
2.33676	-1.07515	-0.933638	3.98942e-06	8.1802e-05	4.12715e-05	0.000269542	0.000165518	8.20252e-05	0.517716	1.07746	0.51259	0.1	0.0241864
1.57252	3.76294	-1.34244	-5.95395e-05	-0.000367371	-4.67491e-05	2.63669e-05	0.000206035	-8.3016e-05	0.5171	1.07361	0.51198	0.1	0.0169885
-1.86959	2.68638	-1.47733	-4.16585e-05	-0.000277382	6.43419e-05	5.75894e-05	-3.94526e-05	5.70397e-07	0.516716	1.07123	0.5116	0.1	0.0212198
-1.94467	0.346983	-0.816155	2.77717e-06	-6.54307e-05	-8.3964e-06	-6.39616e-05	-3.06379e-05	-2.47997e-05	0.515931	1.06635	0.510823	0.1	0.0246656
1.15304	3.24	-0.548259	-6.64143e-05	-0.000387095	-1.02736e-05	-0.00013644	0.000172528	-0.00026733	0.515901	1.06617	0.510793	0.1	0.0142928
1.54156	2.07584	-0.944283	4.64877e-05	-0.000296822	9.05569e-05	0.000203757	0.000363477	-0.000116522	0.51576	1.06529	0.510653	0.1	0.016952
-1.91069	-2.07324	1.95522	6.73454e-05	0.000269434	-4.69526e-06	-0.000104629	0.000111841	-0.000101112	0.514995	1.06056	0.509896	0.1	0.0267067
-0.42725	3.53624	-1.86128	-4.45465e-05	-0.000395777	-9.66785e-06	-8.42283e-05	-5.60865e-05	4.15313e-05	0.514003	1.05444	0.508914	0.1	0.0209181
0.731908	0.111487	2.46284	6.24677e-05	-5.72834e-06	2.66758e-06	-3.95941e-05	9.51375e-05	6.99983e-06	0.512599	1.04583	0.507524	0.1	0.0190267
0.5417	-0.346629	1.57938	-1.24827e-05	0.000116916	-2.75406e-05	8.9168e-05	3.61799e-05	-2.16712e-05	0.51184	1.04118	0.506772	0.1	0.0186503
-2.05788	-3.54014	-1.3002	3.69697e-05	0.000398447	3.50313e-05	-0.000120283	3.74164e-05	-0.000134592	0.511673	1.04017	0.506607	0.1	0.0218398
-0.449907	0.826453	0.698689	1.65224e-05	-0.000113174	-1.57006e-05	4.21001e-05	0.000222635	-7.37025e-05	0.511494	1.03908	0.50643	0.1	0.0240787
0.878758	-3.23262	-1.51339	1.20626e-05	0.000338021	6.58247e-05	-1.21267e-05	-0.000106678	0.000148999	0.510448	1.03272	0.505394	0.1	0.0178875
-1.24357	3.51092	2.13781	-8.34838e-05	-0.000359373	-9.18231e-05	-0.000327337	-0.000356333	-0.000264705	0.509646	1.02785	0.5046	0.1	0.0220688
0.830161	-2.77151	-2.40816	4.07695e-06	0.000275794	5.07431e-05	-0.000102584	4.36355e-05	5.14934e-05	0.508542	1.02119	0.503507	0.1	0.0205776
-0.638441	-0.436795	-2.25413	4.98439e-05	0.000148173	-1.87482e-05	-0.000218096	0.000250158	-0.000229347	0.508425	1.02048	0.503391	0.1	0.0186579
1.44095	-0.430462	-1.34144	9.66563e-05	-8.72192e-05	5.05483e-05	-9.90011e-05	-1.0269e-05	0.000226547	0.506867	1.01114	0.501849	0.1	0.0196929
1.37315	1.81399	-2.44771	3.0986e-05	-0.000145144	9.74804e-06	0.000165663	5.89591e-05	4.42765e-05	0.505037	1.00022	0.500037	0.1	0.0188914
-1.1984	2.72478	-2.23896	-5.91471e-05	-0.000258934	2.16425e-05	3.5265e-05	0.000423019	0.000279694	0.504957	0.999745	0.499957	0.1	0.0229026
-2.29763	-3.43266	-0.330356	-1.80762e-05	0.000404995	3.72773e-06	0.000116747	-0.000151055	7.87343e-05	0.504939	0.999642	0.49994	0.1	0.0192725
-0.177553	-0.439796	-1.07876	6.55246e-05	4.2681e-05	1.76822e-07	0.000127627	4.01411e-05	-3.29734e-05	0.504901	0.999415	0.499902	0.1	0.0175527
0.426566	-0.353094	-0.287687	3.02184e-05	-5.16312e-06	2.04364e-05	4.46312e-05	-0.000137237	-0.000117335	0.504788	0.998742	0.49979	0.1	0.0158451
0.691093	-0.699053	-1.9439	0.000101348	4.12326e-05	3.17211e-05	0.0002953	-3.35768e-05	-0.000372115	0.503937	0.993701	0.498948	0.1	0.0202069
-1.00674	-2.25964	1.41661	1.66762e-05	0.000311026	1.5121e-05	-8.97642e-05	-2.41626e-05	-0.000125513	0.503345	0.990196	0.498361	0.1	0.0187822
-1.03467	0.373553	-1.80016	8.97564e-05	-6.00871e-05	-9.65591e-05	-0.000194095	-0.000128854	0.000107988	0.503196	0.989325	0.498214	0.1	0.0188815
1.33079	-1.47973	-0.449396	4.76359e-05	0.000202591	7.36368e-05	6.55211e-05	-1.62164e-05	-9.04998e-05	0.502585	0.985721	0.497609	0.1	0.0204764
-0.918866	0.820605	-0.186961	-1.14089e-05	-0.000137449	2.18989e-05	-0.000135192	-0.000128361	-6.5108e-05	0.501771	0.98094	0.496803	0.1	0.0192314
0.27155	-2.67163	-0.338363	-9.15621e-07	0.000311051	2.46563e-05	8.20493e-05	8.58256e-05	-8.16112e-05	0.501401	0.978774	0.496437	0.1	0.0209705
2.33415	-1.47789	0.789641	4.87358e-06	0.000206107	1.46554e-05	3.43021e-05	-3.78122e-05	-1.3225e-05	0.501352	0.978484	0.496388	0.1	0.0174635
-1.5471	1.41703	2.25436	1.88208e-05	-0.000111503	-5.02367e-08	2.64628e-05	0.000171593	0.000112157	0.501333	0.978374	0.496369	0.1	0.0194959
-0.428379	2.7972	2.12885	3.93178e-05	-0.00022122	1.80042e-05	-0.000367139	4.88809e-05	-0.000132488	0.500305	0.972365	0.495351	0.1	0.0228985
1.75174	-1.93891	1.44385	2.73897e-05	0.000238649	2.31713e-05	-9.14733e-05	5.48873e-05	2.9484e-05	0.500134	0.971369	0.495182	0.1	0.0141027
-0.337534	-2.13351	-2.14425	3.74812e-05	0.000177999	-3.49579e-05	-0.000188107	-8.99591e-05	-9.1863e-05	0.500114	0.971254	0.495162	0.1	0.0229396
1.21086	3.94793	-2.42035	-6.78844e-05	-0.000306498	3.39758e-05	-9.15186e-05	-0.000140951	-0.000118508	0.499003	0.964792	0.494062	0.1	0.0202543
0.501839	-1.92164	-1.50689	3.66829e-05	0.000224949	-1.91713e-05	-0.000174869	-0.000197288	1.34748e-05	0.49838	0.96119	0.493446	0.1	0.0176197
-0.118317	-1.24517	0.107918	5.61579e-05	0.000196768	-1.17431e-05	-0.000155398	-0.000126142	-1.08884e-05	0.498014	0.959069	0.493083	0.1	0.0159054
-1.11367	-1.5868	-1.86298	2.54629e-05	0.000218265	-8.62719e-05	-7.36443e-05	-6.77584e-05	-0.000180473	0.49782	0.957951	0.492891	0.1	0.0209481
1.51138	-3.31628	2.11266	5.79576e-05	0.000403018	1.40707e-05	-2.29697e-05	-7.94743e-06	-0.000156028	0.497807	0.957872	0.492878	0.1	0.0175862
-2.27502	2.70115	-0.492774	-3.83863e-05	-0.000261375	1.12312e-06	3.06009e-05	7.4255e-05	-0.000193224	0.497805	0.957862	0.492876	0.1	0.0227258
-1.62484	-2.85228	0.921904	-9.24614e-06	0.00034586	2.95001e-05	-0.00013439	4.4271e-05	0.000277147	0.496356	0.949524	0.491442	0.1	0.0159875
-1.29666	2.68412	0.961063	-1.65747e-05	-0.000301875	3.35195e-05	-0.000129091	-3.66757e-05	2.13684e-05	0.495653	0.945496	0.490746	0.1	0.0182879
-0.918661	-3.71702	-2.13486	-1.4918e-05	0.000382524	-5.03136e-05	1.39274e-05	-7.95555e-06	-5.02736e-05	0.495534	0.944815	0.490628	0.1	0.0200341
-1.34814	-3.44114	-0.605528	-2.58055e-05	0.000422668	7.30655e-05	-0.000158091	1.424e-05	-1.32346e-05	0.49547	0.944444	0.490564	0.1	0.0172699
-1.26414	2.30093	1.86846	-3.97513e-05	-0.000239381	1.89895e-05	2.16398e-05	-0.00035692	-2.65256e-05	0.495413	0.94412	0.490508	0.1	0.0204143
2.42363	1.89864	-1.37931	5.77354e-05	-0.000274208	8.73625e-05	0.000128856	-0.000116674	8.53379e-05	0.493724	0.934499	0.488836	0.1	0.0168923
-1.72433	1.76921	-1.84376	4.80108e-05	-0.000199755	2.28553e-06	7.23146e-05	4.94846e-05	0.000203288	0.493582	0.933695	0.488695	0.1	0.0156317
0.806596	1.66193	-1.50978	-1.71102e-05	-0.000210767	0.000110444	0.000109375	-0.00014747	0.000290457	0.493482	0.933124	0.488596	0.1	0.020999
0.88539	0.52343	-0.428094	-6.16194e-05	-8.11669e-05	-2.46123e-05	-0.000143249	0.000228611	-0.00029339	0.49325	0.93181	0.488366	0.1	0.0219044
0.684696	4.03179	0.813665	-2.84765e-05	-0.000476286	4.10587e-05	-0.00019287	-0.00012056	7.11416e-05	0.492733	0.92888	0.487854	0.1	0.0186791
0.152939	0.0435315	0.597193	2.76801e-05	-8.35729e-05	-2.16934e-05	-0.000137517	-7.86763e-05	0.000152196	0.492579	0.928012	0.487702	0.1	0.0179475
1.26802	2.67979	0.267737	1.56093e-05	-0.000346466	-1.96746e-05	7.67024e-05	3.49114e-05	0.000279601	0.492206	0.925909	0.487333	0.1	0.0147966
0.756744	0.247938	-1.55343	4.3728e-05	-0.000175379	2.45875e-05	0.00045422	-0.000393518	8.85156e-05	0.490982	0.919016	0.486121	0.1	0.02188
-1.21359	-2.23948	-0.978689	-4.45894e-05	0.000247427	-4.54593e-06	-0.000281479	-0.000347064	5.28498e-05	0.490889	0.918492	0.486029	0.1	0.0210411
-0.401165	-0.642775	1.49261	3.19791e-05	-1.55615e-05	-8.0063e-05	1.02919e-05	0.000178693	0.000301076	0.490378	0.915628	0.485523	0.1	0.0211946
1.57858	-2.88072	1.24003	-4.85094e-05	0.000295632	-0.000137167	0.000501858	0.000343473	-0.000111874	0.489482	0.910617	0.484636	0.1	0.0203264
-2.19552	2.79802	1.31924	4.40416e-06	-0.000222679	2.11252e-05	-0.000208626	5.25978e-05	-6.50777e-05	0.489469	0.910544	0.484623	0.1	0.0154735
2.26505	-2.46666	-1.82087	-1.17419e-06	0.000257857	3.85207e-05	0.000140834	-6.78055e-05	5.15857e-05	0.489084	0.908401	0.484242	0.1	0.0171638
-2.15627	1.00652	1.60165	1.68231e-05	-0.000143929	5.825e-05	5.30419e-05	0.000176596	0.000196858	0.488971	0.907768	0.48413	0.1	0.0224402
0.97218	-1.97168	2.03387	2.1418e-05	0.000211494	6.83812e-06	-2.53198e-05	-2.19936e-05	-0.000126823	0.4888	0.906812	0.48396	0.1	0.0192783
1.58826	-2.17846	0.506156	1.95134e-05	0.000261058	1.95723e-05	-3.67104e-05	9.7911e-05	2.63488e-05	0.488326	0.904178	0.483491	0.1	0.0196811
-0.71901	-0.54283	-0.200435	3.34957e-06	9.32718e-05	-3.72238e-05	0.000239058	-4.97351e-05	0.000315873	0.48828	0.903926	0.483446	0.1	0.015938
-2.01448	3.01659	0.394425	6.33949e-06	-0.000261024	4.70679e-05	0.000268258	-1.2595e-06	-4.57037e-06	0.488206	0.903513	0.483372	0.1	0.0231892
1.58342	-3.69431	0.702998	-1.86505e-05	0.000336947	3.81858e-05	-0.000160348	-0.000173998	1.58207e-05	0.488125	0.903063	0.483292	0.1	0.0202996
0.0483339	1.67073	0.591021	5.56106e-05	-0.000178135	-4.33139e-05	-3.09402e-05	-2.91983e-05	-5.82401e-05	0.486774	0.895587	0.481954	0.1	0.0177287
1.40994	-0.4449	1.09818	-3.13814e-05	0.000157683	6.97393e-05	3.50421e-05	-3.60758e-05	7.5932e-05	0.486222	0.892545	0.481408	0.1	0.0156336
2.32361	-0.524806	-1.76026	8.86268e-05	7.43913e-05	3.7207e-05	-7.19846e-05	7.67609e-05	0.000163828	0.485931	0.890944	0.48112	0.1	0.0223282
-1.06668	-3.80404	1.53572	1.46272e-05	0.000436557	6.02987e-06	-5.91519e-05	-5.37153e-05	0.000123583	0.485684	0.889585	0.480875	0.1	0.0160051
2.10419	2.50874	0.722111	3.65077e-05	-0.000168589	-3.32609e-05	-0.000198196	-9.97858e-06	5.48819e-05	0.485546	0.888831	0.480739	0.1	0.0211642
-1.77946	-0.240465	-1.94881	6.4531e-05	4.62031e-06	-5.53495e-05	4.56916e-05	0.000111638	-0.000276258	0.484993	0.885791	0.480191	0.1	0.0209821
-0.643802	1.05581	2.18918	1.43922e-05	-6.18297e-05	-0.000139958	0.00015685	6.02099e-05	4.0246e-07	0.484263	0.881798	0.479468	0.1	0.0165108
-1.83073	-1.53591	-1.20927	-1.56103e-06	0.000218195	-0.000129039	0.000250983	-2.46478e-05	5.60794e-06	0.483863	0.879615	0.479072	0.1	0.0223998
-1.79135	-1.8546	0.99997	-1.24605e-05	0.000186338	-7.66302e-06	-3.10045e-05	6.85355e-05	3.23799e-05	0.48386	0.879599	0.479069	0.1	0.0167409
1.71557	-0.132035	-0.449864	-1.68324e-05	3.36996e-05	2.76892e-05	8.67653e-05	-0.000157882	-1.73746e-05	0.483476	0.877508	0.478689	0.1	0.0172904
0.515791	2.58272	1.94461	-4.82564e-05	-0.000345628	7.75603e-05	-0.000118701	8.41403e-05	-8.22817e-05	0.483004	0.874942	0.478222	0.1	0.0170434
0.295704	0.940273	-1.06871	-3.48142e-05	-0.000173465	-8.85829e-05	-0.000510288	-1.78562e-05	-0.00012505	0.482785	0.873753	0.478005	0.1	0.0190508
-1.28274	-1.21186	0.509527	-2.37565e-05	9.51949e-05	-9.10841e-05	-2.42429e-05	0.000227474	-0.00027093	0.482566	0.872562	0.477788	0.1	0.0154114
-0.0233105	0.669434	1.56968	6.41881e-05	-0.000156547	-7.40058e-05	1.94761e-05	-0.000231609	-0.00017814	0.482132	0.870207	0.477358	0.1	0.021651
1.94081	2.54097	2.19821	-4.12943e-05	-0.000152273	8.58638e-05	0.000252085	-9.63477e-05	-0.00014829	0.48194	0.869166	0.477168	0.1	0.0201799
-0.58767	2.65634	-0.477689	-1.34504e-05	-0.000246859	3.93708e-05	-0.000109175	5.37268e-05	7.6841e-06	0.481933	0.86913	0.477161	0.1	0.0224024
-1.42401	0.703394	0.635672	-4.74732e-06	-4.29231e-05	1.81712e-05	-2.41524e-05	0.000136346	2.17088e-06	0.481479	0.866677	0.476712	0.1	0.0223594
1.03222	-3.38318	-0.529504	-4.56445e-05	0.000330731	3.84476e-05	4.61479e-05	-4.84967e-05	-0.000116411	0.480917	0.863644	0.476155	0.1	0.0152105
-0.918701	-1.56562	2.18371	8.45124e-05	0.000185961	-4.77581e-05	6.79197e-05	0.000123669	-7.06895e-05	0.480468	0.861231	0.475711	0.1	0.0180983
1.53802	0.451237	-2.09219	4.16829e-05	-1.29553e-05	6.37939e-06	0.000159375	-5.5187e-05	8.13965e-05	0.47986	0.857968	0.475109	0.1	0.015535
0.477052	2.64536	-0.945354	-0.000132725	-0.000333085	6.02515e-05	-1.90088e-05	-0.000141289	5.4644e-05	0.478966	0.853181	0.474224	0.1	0.0189343
1.21914	0.501826	1.2027	5.46474e-05	-2.12669e-05	-6.09579e-05	0.000119693	0.000141824	-0.000226307	0.478473	0.850548	0.473736	0.1	0.0193344
-2.45571	0.0131975	1.50291	-3.96249e-05	0.000153111	4.39296e-05	0.000401951	0.000142209	-0.000190878	0.478412	0.850219	0.473675	0.1	0.023736
-1.69254	1.39063	-0.0659796	3.15615e-07	-0.000159956	-3.01312e-05	0.000142889	-1.78712e-05	8.87515e-05	0.47793	0.847656	0.473198	0.1	0.0190143
-1.07567	-3.06245	-1.44771	2.60306e-05	0.000269326	3.17485e-05	0.00029109	-3.18767e-05	-9.87002e-05	0.477808	0.847007	0.473077	0.1	0.0274041
2.22374	3.55164	1.22494	-4.88427e-05	-0.000294588	1.35489e-05	0.000113745	1.92106e-05	0.000214268	0.477733	0.846607	0.473003	0.1	0.0218537
-2.03891	2.74055	2.26212	-9.48783e-05	-0.00029716	3.34837e-05	4.32509e-05	-0.000171225	0.000162712	0.477694	0.846395	0.472964	0.1	0.0172295
-0.648345	1.94448	-2.47288	1.4007e-05	-0.000168778	5.58155e-05	0.000299098	0.000115402	1.12624e-05	0.477155	0.843541	0.472431	0.1	0.0179217
-0.742196	3.1441	0.321915	-6.7521e-05	-0.00026992	3.22082e-05	-4.06984e-05	-0.000120303	-4.42189e-05	0.47715	0.843513	0.472426	0.1	0.0207744
-0.702709	0.135583	1.96037	-1.43174e-05	-3.90232e-05	-0.000107244	-0.00019886	9.34725e-05	-1.84758e-05	0.477062	0.843044	0.472339	0.1	0.0204889
-1.51048	0.0203162	1.48676	-4.44451e-05	-5.97187e-06	-3.39805e-05	0.000115131	1.68744e-05	-0.000142025	0.476857	0.841959	0.472136	0.1	0.0207194
1.23899	-1.11381	0.443309	3.31882e-05	0.000187499	6.7763e-05	-3.0756e-05	-7.76301e-05	-5.66179e-05	0.476785	0.841575	0.472064	0.1	0.0149811
-0.358797	3.91055	2.22781	-5.59621e-05	-0.000424647	-5.78455e-05	-5.15205e-05	0.000117875	9.20614e-05	0.475355	0.834028	0.470649	0.1	0.0198756
-1.67576	-0.813375	1.9358	1.1159e-05	0.000136558	-0.00010383	8.77989e-05	0.000141986	0.000293672	0.475269	0.83357	0.470563	0.1	0.0188554
-1.65805	0.460249	2.30473	3.3544e-05	-7.90915e-05	-1.31798e-05	4.80575e-05	2.65719e-05	-0.000110417	0.474862	0.83143	0.47016	0.1	0.0184433
2.02507	-2.83241	-0.973851	-1.10356e-05	0.000289015	4.92452e-05	8.82529e-06	-0.000159899	0.000120327	0.474508	0.829578	0.46981	0.1	0.020737
-2.17415	1.94852	1.74976	-3.57059e-05	-0.000143564	8.9873e-05	-7.70826e-06	-3.68606e-06	-5.24739e-05	0.474403	0.829024	0.469706	0.1	0.0195492
-2.37815	-0.371459	-0.312453	-2.52466e-05	3.4413e-05	5.59854e-05	-0.000178389	-0.000126058	1.71945e-05	0.473731	0.82551	0.469041	0.1	0.0230281
-1.07287	-0.0740421	-0.94624	1.278e-05	1.73674e-05	-6.63479e-05	-0.000350214	7.52427e-06	-0.000244996	0.47183	0.815609	0.467158	0.1	0.0189521
0.692506	-3.07349	1.67711	2.75673e-05	0.000276947	1.72037e-05	-0.000256609	9.02408e-05	0.000315133	0.471086	0.811759	0.466422	0.1	0.0163925
-0.440557	-2.02694	-0.342442	-2.97586e-05	0.000245327	-2.83119e-06	-0.000165329	-8.96542e-05	0.000218594	0.470528	0.808876	0.465869	0.1	0.0231292
-2.14456	-2.41415	-1.06688	-3.01556e-05	0.000262822	-4.77063e-05	-0.000386223	0.000193979	-0.000112452	0.470355	0.807987	0.465698	0.1	0.016817
0.474059	3.36529	0.141098	2.78121e-05	-0.000385322	6.75998e-05	3.70665e-05	9.13103e-05	0.000381467	0.470211	0.807242	0.465555	0.1	0.0178968
-1.1581	-2.4316	2.45787	3.09385e-05	0.000234131	-2.87911e-05	-7.99697e-05	-1.69988e-06	-0.000141885	0.47002	0.806259	0.465366	0.1	0.0201712
0.538885	1.03837	2.24745	8.72152e-05	-4.20511e-05	-8.36226e-05	-0.000178748	6.16444e-05	-9.42299e-05	0.46956	0.803896	0.464911	0.1	0.0163796
-0.10268	-1.10802	2.26312	8.66705e-05	0.000129377	-4.96432e-05	-0.000207444	-0.000182789	-8.03824e-06	0.469458	0.803373	0.46481	0.1	0.0188848
-0.626943	-1.87866	0.614466	1.56623e-05	0.000162164	-0.000113091	4.98586e-05	-0.000218207	0.000440125	0.469446	0.803307	0.464798	0.1	0.0209564
-0.794125	1.74561	-0.398038	1.81393e-05	-0.000195154	2.5048e-05	0.000114277	-6.26028e-05	3.46271e-05	0.468782	0.799905	0.464141	0.1	0.0173638
1.13382	-0.0490394	0.287915	-3.62075e-05	4.48424e-05	4.10498e-05	-0.000221551	-2.80783e-05	0.000124246	0.467379	0.792743	0.462751	0.1	0.0172051
1.80972	-0.36022	1.94725	-3.36349e-06	7.63393e-05	3.11582e-05	0.000189324	0.000144084	4.78897e-05	0.467217	0.791923	0.462591	0.1	0.0188603
-0.190342	-2.15466	1.91136	4.55801e-05	0.000211413	-1.702e-05	0.000243567	6.93815e-05	0.000163909	0.466675	0.789165	0.462054	0.1	0.0167922
1.63936	1.20841	-1.55175	4.0225e-05	-6.15704e-05	5.37813e-05	1.15002e-05	0.000204664	1.15641e-05	0.466232	0.786924	0.461616	0.1	0.0146019
-0.695467	2.21461	0.392537	1.28214e-06	-0.000250174	3.07493e-05	3.39389e-05	0.000183604	0.00022423	0.466205	0.786785	0.461589	0.1	0.0179275
-0.90245	2.87773	-1.33259	-5.45254e-05	-0.000317333	4.8392e-05	-9.47307e-05	9.88136e-05	-0.000108956	0.466076	0.786131	0.461461	0.1	0.015532
0.911967	-2.84547	0.353717	3.52392e-06	0.000241605	2.58926e-05	4.33207e-05	-0.000113239	-1.50849e-05	0.465707	0.784266	0.461096	0.1	0.0223127
-1.83988	-2.19662	-1.95271	-2.94592e-05	0.000296236	-1.19336e-05	-1.62914e-05	0.000205108	8.24476e-06	0.465684	0.784148	0.461073	0.1	0.0217107
-1.43036	2.37951	-0.177757	-1.31344e-05	-0.000238591	2.43016e-06	6.43664e-05	-0.000140812	-1.10565e-06	0.46529	0.782163	0.460683	0.1	0.0159273
1.96847	1.77582	0.0521777	1.45044e-05	-0.000152048	-0.000138406	-0.000410202	-0.000667037	-0.000260972	0.464712	0.779251	0.460111	0.1	0.0166178
0.814313	-1.05468	2.17642	5.6306e-05	0.000183147	-3.2414e-06	2.83909e-06	5.77847e-05	0.000113969	0.464331	0.777336	0.459734	0.1	0.0135624
1.79371	-1.64111	2.35351	-2.87301e-05	0.000241864	5.18155e-05	0.000116126	-5.87029e-05	0.000230323	0.463321	0.772277	0.458734	0.1	0.01458
-2.19775	2.10651	0.244148	-4.7075e-06	-0.000219308	2.0305e-06	-0.000122429	0.000135179	-8.52014e-07	0.462664	0.768994	0.458083	0.1	0.0172639
0.56127	1.859	1.35459	7.76426e-07	-0.000252976	-5.28783e-06	0.000368849	-6.3257e-05	0.000236876	0.462514	0.768246	0.457935	0.1	0.0132213
2.05348	-1.03513	-0.00650839	-0.000118403	0.000114323	1.50869e-05	0.000104875	-4.66475e-05	-0.000231124	0.462457	0.767963	0.457878	0.1	0.0161482
1.00347	-1.34891	1.33116	3.78822e-05	0.000194414	-8.06983e-07	-1.48981e-05	2.96397e-05	6.51739e-05	0.460448	0.757998	0.455889	0.1	0.0151074
2.02874	-3.50488	-1.60699	2.65886e-05	0.000377427	-9.0704e-06	0.000180811	-2.70077e-05	-0.000214754	0.4597	0.75431	0.455149	0.1	0.0132394
2.05381	3.15657	0.0495358	1.56146e-05	-0.000305505	-0.000159213	-0.000170014	-0.000176872	0.000206223	0.459434	0.752999	0.454885	0.1	0.021918
-1.54561	-3.06092	1.83987	-1.45257e-05	0.000392513	2.29129e-05	0.000105297	-0.000130086	5.43995e-05	0.45935	0.752587	0.454802	0.1	0.0226423
0.156672	-1.54153	0.977318	3.61463e-05	0.000170436	7.46719e-05	0.000129009	-2.72145e-05	-0.00013625	0.459269	0.752192	0.454722	0.1	0.0156832
-2.48082	1.94297	-2.37896	1.77254e-05	-0.000104345	8.87512e-05	0.000114321	0.000117779	-0.000311995	0.459266	0.752174	0.454719	0.1	0.0185631
-0.176719	0.341675	-0.534444	2.0846e-05	-4.34514e-05	6.33844e-05	7.57843e-05	9.95048e-05	0.000252892	0.459194	0.751823	0.454648	0.1	0.0189647
1.46076	3.02879	1.15308	-1.2813e-05	-0.000293621	-2.88828e-05	0.00028774	1.85028e-07	0.000198369	0.459118	0.751448	0.454572	0.1	0.0195203
2.18455	1.10227	-2.29216	-1.19164e-06	-2.88607e-05	9.40262e-06	6.62724e-05	-2.52702e-05	0.000174274	0.459006	0.750894	0.454461	0.1	0.0146464
2.08113	-1.42445	-1.80907	2.71981e-05	0.000131412	4.16253e-05	0.000109514	0.000157573	-0.000314314	0.458587	0.748846	0.454047	0.1	0.0225407
-1.46273	3.15278	-0.665048	-3.87136e-05	-0.000295898	2.06759e-05	-2.56431e-05	-0.000102055	0.000172861	0.458044	0.746189	0.453509	0.1	0.0187482
2.3381	1.65785	1.0232	-4.71112e-06	-0.000110527	7.70447e-05	-2.82584e-05	-0.000102035	-8.08924e-05	0.458039	0.746161	0.453504	0.1	0.0160234
-2.1394	3.7537	-0.62476	-2.03851e-05	-0.000351075	-6.04399e-05	0.00016156	-0.000297907	-0.0002227	0.457054	0.74136	0.452529	0.1	0.0204663
-1.43603	0.0386273	-0.0613315	-7.13001e-05	-5.59333e-05	1.86606e-06	2.35864e-05	-8.19701e-05	-5.88023e-05	0.456744	0.739852	0.452222	0.1	0.0181045
1.17579	-2.41445	-0.447719	-1.22502e-05	0.000247265	3.72476e-05	-1.3936e-05	-8.79864e-05	-3.34874e-05	0.456538	0.738849	0.452018	0.1	0.01514
2.38416	-3.46407	2.4412	3.83663e-05	0.000326048	2.03054e-05	0.000123703	-1.4184e-05	1.52327e-05	0.456295	0.737671	0.451777	0.1	0.0177482
-1.66116	-0.748432	-0.747513	-1.59848e-05	0.000100502	3.48798e-05	0.00020821	0.000183094	0.000106407	0.4556	0.734306	0.451089	0.1	0.019686
-0.641995	-3.00808	1.86945	-6.78181e-06	0.000333195	1.9682e-05	-1.36185e-05	0.000185403	1.18682e-05	0.45547	0.733674	0.45096	0.1	0.0138136
0.164261	2.22869	-0.145836	1.73464e-05	-0.000201693	-3.84521e-05	2.49396e-05	0.000157123	3.39246e-05	0.455436	0.733515	0.450927	0.1	0.0146438
1.67192	1.14847	0.641136	-9.57526e-05	-1.34778e-06	-5.08432e-05	-9.75675e-06	0.000398301	0.000147429	0.45531	0.732903	0.450802	0.1	0.014437
0.906828	-2.23541	1.14087	4.47061e-05	0.000235355	1.87473e-05	6.82595e-05	-6.88755e-05	-9.14963e-06	0.455197	0.732356	0.45069	0.1	0.0147929
1.08126	3.98712	-0.772052	-8.98107e-06	-0.000424572	-7.49396e-06	0.000173885	-0.000122187	0.00024253	0.277675	0.16624	0.274926	0.1	0.00637213
1.48834	2.01468	0.566813	0.0001306	-0.000221953	0.000171786	-0.000961976	3.74654e-05	-5.89802e-05	0.277411	0.165765	0.274664	0.1	0.008776
1.83805	-2.23596	-0.208185	-1.88313e-05	0.000285577	2.50978e-05	-5.18662e-07	-4.13658e-05	-0.000162373	0.277355	0.165667	0.274609	0.1	0.0134305
-1.11681	1.61268	0.355567	8.3853e-06	-0.000261811	1.70568e-05	0.000201118	-2.92713e-05	-0.000306291	0.277213	0.165412	0.274468	0.1	0.0144517
0.927221	3.89256	-0.17653	3.20207e-05	-0.000348558	-3.0875e-05	0.000278544	-0.000139563	9.03095e-05	0.276217	0.163635	0.273482	0.1	0.00846284
-0.75524	-3.03192	-2.41764	1.93926e-05	0.000320446	-6.11068e-07	2.96097e-05	-0.000191695	0.000211246	0.275638	0.162608	0.272909	0.1	0.0094059
0.690825	-3.7996	1.83019	-0.000161463	0.000227979	6.10631e-05	0.000228708	-0.000249576	0.000911951	0.275408	0.162201	0.272681	0.1	0.0106117
1.62992	-0.826321	-0.70878	6.75224e-05	7.59103e-05	8.02009e-05	-0.000327305	-0.000224356	-2.81544e-05	0.275341	0.162083	0.272615	0.1	0.00701989
-1.92715	-0.229294	2.31376	-2.95594e-05	-7.47485e-06	-2.70958e-05	0.000109252	0.000130764	-3.00519e-05	0.275341	0.162083	0.272615	0.1	0.0116763
-1.33726	-3.80131	2.23622	-2.55719e-07	0.000421563	-2.96558e-05	0.000100457	-9.1269e-06	9.49659e-05	0.275089	0.161637	0.272365	0.1	0.00880083
0.233637	-3.85255	-1.69749	0.000100245	0.000250272	-5.51892e-05	-0.000583232	-3.29926e-05	-0.000606794	0.275056	0.161582	0.272333	0.1	0.0105178
1.97363	1.71228	-1.96293	2.53115e-05	-6.67349e-05	9.16037e-05	0.000394545	0.000155402	-0.000308558	0.274446	0.160509	0.271729	0.1	0.00590996
-0.722563	0.965565	-1.42671	2.44959e-05	-0.000124326	-5.4744e-05	0.000566692	0.000202923	2.83664e-05	0.274411	0.160446	0.271694	0.1	0.00678279
-1.28144	0.694606	1.69911	-5.71498e-05	-5.92995e-05	0.000100079	0.000316445	-8.8395e-05	0.000252176	0.274202	0.16008	0.271487	0.1	0.0107545
1.41444	-1.98823	-2.13029	-1.18675e-05	0.000267722	5.85916e-05	-0.000316222	-7.09824e-05	0.000205953	0.274042	0.159801	0.271329	0.1	0.0120846
2.0759	-1.76535	-0.0680242	1.52153e-05	0.000241102	6.9286e-05	0.000308637	0.000286269	8.4659e-05	0.273887	0.159529	0.271175	0.1	0.0151056
1.43359	2.98613	1.87645	-0.000186865	-0.000400869	-2.87977e-05	-0.000125268	-0.000742803	0.00182166	0.273679	0.159166	0.270969	0.1	0.0137764
1.47759	-3.57708	-1.09654	-3.59531e-06	0.000431303	3.11029e-05	0.00018822	-5.79623e-05	4.11284e-05	0.273477	0.158813	0.270769	0.1	0.0121148
0.656483	1.58722	-2.28295	5.36579e-05	-0.000175522	1.0444e-05	0.000783048	-0.000307899	0.00022149	0.273324	0.158548	0.270618	0.1	0.00780072
-1.83904	3.34623	-2.35759	-1.82916e-05	-0.000327642	2.11595e-05	0.00012632	-0.000225104	-0.000151645	0.272973	0.157937	0.27027	0.1	0.0107233
0.477706	-1.45427	-2.13394	2.54336e-05	2.69521e-05	-1.18862e-05	5.6814e-05	-5.79552e-05	3.15103e-05	0.272675	0.15742	0.269975	0.1	0.0109918
0.281826	2.8887	-1.63092	-1.33737e-05	-0.000279164	6.56443e-06	-2.47064e-05	8.06051e-05	0.000175449	0.272585	0.157264	0.269886	0.1	0.00902615
0.666239	0.470806	1.77694	7.77427e-05	-5.99119e-05	-2.91291e-05	-9.26115e-05	-3.08795e-05	0.000418639	0.27236	0.156875	0.269663	0.1	0.0104299
0.576873	2.17902	0.441261	2.95648e-05	-0.000218256	-6.67245e-05	1.40567e-05	-2.90673e-05	0.000140229	0.272313	0.156795	0.269617	0.1	0.00630861
1.32435	0.234156	-0.971464	-0.000112239	-0.00011862	-1.1104e-05	6.37135e-05	-0.00026646	0.000378774	0.271845	0.155987	0.269153	0.1	0.00663404
1.22213	0.955317	0.113807	-0.000117507	-7.24242e-05	-5.01927e-06	-1.08171e-05	-0.000413978	0.000112608	0.271451	0.15531	0.268763	0.1	0.0117957
1.86206	3.11388	-2.02478	-0.000112362	-0.000322493	1.39901e-05	0.000240445	-0.000551388	0.000658183	0.271375	0.155179	0.268688	0.1	0.00831093
0.224583	-0.66672	0.917146	-8.83844e-06	4.68633e-05	-3.1147e-05	2.01194e-05	0.000112535	0.000113309	0.270927	0.154413	0.268245	0.1	0.00947246
1.79479	3.73293	0.396183	-2.85936e-05	-0.00040503	-6.28574e-05	0.00068912	0.00047224	2.52585e-06	0.2707	0.154024	0.26802	0.1	0.00852409
0.40525	-3.84833	-2.20949	2.1015e-05	0.000233942	-8.26373e-05	0.000587289	0.000346233	0.000440943	0.270558	0.153782	0.267879	0.1	0.0115938
-0.126118	3.10888	0.72991	-2.50653e-05	-0.000413084	-3.51183e-05	-0.000526345	-0.000146385	0.000309795	0.270297	0.153339	0.267621	0.1	0.00613288
1.4375	1.31102	-0.859909	-1.35898e-06	-0.000267205	5.17657e-05	-0.000194476	-0.000115518	-2.96939e-05	0.270287	0.153322	0.267611	0.1	0.00783152
-2.37349	-1.84549	-1.6106	6.35978e-06	0.000201452	-9.50656e-06	-0.000453059	0.00026399	0.000381106	0.270186	0.153149	0.267511	0.1	0.0122104
-0.924326	1.39598	-1.67367	-8.80273e-06	-0.000226293	-6.13339e-05	-6.6019e-06	7.93023e-05	-6.54858e-05	0.270182	0.153142	0.267507	0.1	0.00851424
-2.23078	1.47781	-0.855042	0.000418056	-7.43477e-05	1.2901e-05	0.000204233	0.000469551	0.00109127	0.270017	0.152863	0.267344	0.1	0.0105867
1.41651	-1.07522	-2.39293	-7.51024e-05	0.000196162	7.52559e-05	-0.000344925	0.000511334	2.46222e-05	0.26995	0.152747	0.267277	0.1	0.00863604
1.55116	1.91131	-1.70163	3.93955e-05	-0.000105082	7.15672e-05	0.00011368	-0.000522027	5.14612e-05	0.269181	0.151447	0.266516	0.1	0.00700099
0.747689	1.68456	0.332618	-1.35817e-05	-0.000217879	-9.81879e-05	-0.000549441	0.000605084	0.000122463	0.269098	0.151308	0.266434	0.1	0.0057594
0.380544	3.31583	-0.601352	-3.50375e-05	-0.000105619	9.31265e-05	-0.000616522	0.000128385	-9.07966e-05	0.268805	0.150813	0.266144	0.1	0.00586459
-0.583518	-3.07584	1.13993	8.74275e-06	0.000385142	-1.29322e-05	-0.000204117	-0.000143509	-0.00011304	0.268767	0.150749	0.266106	0.1	0.0098798
0.850672	-1.88707	-2.20211	3.6123e-05	0.000159147	-2.48865e-05	-0.000346146	-0.000819199	0.000663631	0.268522	0.150336	0.265863	0.1	0.00820889
0.669085	1.93734	2.27975	1.45608e-05	-0.000280477	9.74407e-05	-8.71065e-05	0.000164924	0.000385421	0.268425	0.150173	0.265767	0.1	0.00712513
1.37434	-2.59381	1.93725	5.7441e-05	0.000323028	-1.53316e-06	2.03171e-05	1.1532e-05	0.000459037	0.268352	0.150052	0.265695	0.1	0.0118872
-0.618358	3.83506	0.638785	-6.98081e-05	-0.000341068	-1.27111e-05	-0.000126112	0.000349959	-0.000289091	0.268323	0.150002	0.265666	0.1	0.00808436
2.34826	-0.722139	0.841864	-6.21948e-05	0.000125682	6.73667e-05	4.9003e-05	4.40148e-05	0.000214487	0.268231	0.149848	0.265575	0.1	0.00722437
-1.18435	2.27438	-1.6216	3.49077e-07	-0.000272148	-2.77881e-05	6.79651e-05	-0.000918936	9.7236e-06	0.26816	0.14973	0.265505	0.1	0.00656903
-2.42703	1.35617	-0.103913	2.65009e-05	-5.35401e-05	-3.20087e-06	0.000187506	0.000120588	-0.000421783	0.268094	0.149619	0.26544	0.1	0.00893709
0.185146	-3.88196	-0.202748	-9.09389e-06	0.0002981	-6.4816e-06	-0.000132862	7.76531e-05	0.000402942	0.267672	0.148914	0.265022	0.1	0.00593094
0.0972514	0.0975684	2.02373	2.06571e-05	-7.25763e-06	8.16742e-05	-3.0925e-05	0.000515863	0.000542928	0.267644	0.148867	0.264994	0.1	0.00890762
0.0981211	0.242201	-1.91091	0.000122606	-6.49287e-05	-7.00718e-05	0.000968922	0.000267218	0.000421328	0.267399	0.148458	0.264751	0.1	0.00820107
-0.859603	0.621108	-0.921732	6.86962e-05	-7.09467e-05	-2.89857e-05	0.000634345	-0.000270502	0.00025361	0.26738	0.148428	0.264733	0.1	0.00938866
-0.622972	-0.87614	0.528453	-2.75419e-05	4.63289e-05	-8.86293e-05	0.000464312	-0.000198632	0.000404221	0.267164	0.148068	0.264519	0.1	0.00761677
1.86782	2.22932	-2.03983	4.95166e-06	-0.000116234	1.39201e-06	-0.000919935	0.000637041	0.000348628	0.266747	0.147375	0.264106	0.1	0.00855002
-2.18121	3.97027	1.11143	-7.25353e-05	-0.000293148	3.2919e-06	0.000440931	0.000244697	-0.000410462	0.266696	0.14729	0.264055	0.1	0.0066692
-0.494547	0.223686	-1.27207	1.52067e-05	-3.70578e-05	-3.05912e-06	-1.9783e-05	-0.000561066	0.000541095	0.266657	0.147227	0.264017	0.1	0.00594043
-0.507068	-2.85693	0.49089	5.44011e-05	0.000344335	-1.63318e-05	-6.45498e-05	4.57973e-05	-0.000122972	0.266646	0.147208	0.264006	0.1	0.014822
-0.855853	1.05289	-2.08487	4.25678e-05	-0.00013169	-0.000123793	0.000208574	0.000330095	-0.000220567	0.266512	0.146986	0.263873	0.1	0.0072076
-0.0219636	2.86546	1.49288	4.81581e-05	-0.00039714	7.39176e-06	-7.28977e-05	-8.27219e-05	0.000100725	0.266395	0.146792	0.263757	0.1	0.00611399
2.48009	-2.5841	-0.454947	4.60248e-05	9.63688e-05	8.96389e-05	0.000360868	0.000219164	-0.000420038	0.26634	0.146702	0.263703	0.1	0.0148602
-1.97127	-1.4052	0.314231	-8.47928e-05	4.90195e-05	0.000138462	-7.95238e-05	-0.00013818	0.0006225	0.266286	0.146613	0.26365	0.1	0.0110252
-1.59451	3.78567	1.3038	3.86763e-06	-0.000267744	-0.000144026	0.000835108	0.000161089	0.000106834	0.266192	0.146457	0.263556	0.1	0.00749581
-0.94239	-0.681678	-1.43962	0.000176328	8.76529e-05	-0.000177531	-0.000370325	-0.000185632	-2.53434e-05	0.266027	0.146186	0.263393	0.1	0.0142293
-2.05758	3.467	2.1714	-4.4102e-05	-0.000352489	3.30984e-05	-0.000146062	-0.000138076	-0.000358542	0.265875	0.145936	0.263243	0.1	0.00649641
1.26798	1.61381	0.284532	7.32212e-06	3.16082e-05	-9.45372e-05	0.000395154	-0.00144408	-0.000190666	0.265741	0.145715	0.26311	0.1	0.00549204
1.29403	-2.86524	-0.985849	-1.14132e-05	0.000298755	4.40167e-05	0.000162133	0.0001848	-0.000146096	0.265638	0.145545	0.263008	0.1	0.00862537
-0.281858	0.666835	-1.44089	-1.7457e-05	-0.000161476	-9.54197e-05	-0.000823531	3.66368e-05	-0.000304936	0.265491	0.145302	0.262862	0.1	0.00617416
1.91742	-0.934703	2.36963	-3.41657e-05	0.000173168	4.94918e-05	-0.00044322	-0.00018196	-0.000331958	0.265259	0.144924	0.262633	0.1	0.00998464
1.30579	2.36433	0.941982	7.95323e-06	-0.000260807	-3.85746e-05	-0.00042523	-0.000113953	-0.000306169	0.264796	0.144165	0.262174	0.1	0.00721112
0.647797	-3.77653	0.0282825	-0.000121936	0.000297781	8.85323e-05	0.000460402	1.03305e-05	0.000557268	0.264249	0.143274	0.261633	0.1	0.00915747
-1.79408	2.09038	2.48561	-1.75559e-05	-0.000197049	3.8654e-05	-1.74422e-05	1.44568e-05	0.000171183	0.264167	0.14314	0.261551	0.1	0.0103223
-0.366706	-1.48512	1.70193	-2.16598e-06	0.000189123	-4.47297e-05	0.000339123	0.000307542	-0.000701162	0.264016	0.142895	0.261402	0.1	0.00732583
0.0451391	2.77464	0.357689	7.75604e-05	-0.000263316	-0.000119249	0.00104454	0.000153693	0.000354879	0.263903	0.142711	0.26129	0.1	0.0106529
0.509538	-1.13158	0.509851	5.4664e-05	4.14678e-05	2.5415e-05	-0.000760858	-8.236e-05	0.000278286	0.263737	0.142442	0.261126	0.1	0.00771703
1.37908	-3.72921	-1.80457	2.06457e-06	0.000449588	9.09305e-06	0.000240242	0.000289849	-0.000149306	0.263591	0.142206	0.260981	0.1	0.00906915
-0.0395029	-1.19559	-0.75139	-0.00015422	-0.000177054	0.000198702	-0.000958075	-0.000289755	-0.00148363	0.263502	0.142062	0.260893	0.1	0.0103189
1.41009	-2.60869	-1.909	0.000170247	0.000379823	8.2383e-05	-0.0016586	0.00101906	0.000828578	0.263392	0.141884	0.260784	0.1	0.00832841
1.32037	-0.837555	1.7177	-8.02548e-06	0.000164883	1.51462e-05	4.59674e-05	1.88841e-05	-0.000152028	0.263362	0.141834	0.260754	0.1	0.00632954
0.811987	-0.0417016	0.933034	-2.73048e-05	7.66778e-05	2.35509e-06	-0.000233899	-3.04552e-05	6.72654e-05	0.263318	0.141765	0.260711	0.1	0.00712054
-1.09594	3.85065	0.858849	-2.97705e-05	-0.000358472	4.12756e-05	-0.000229195	0.000142166	2.78513e-05	0.262863	0.14103	0.26026	0.1	0.00967478
-1.61332	4.03836	-2.36846	5.41503e-05	-0.000406384	-4.04346e-05	0.000238948	-5.44904e-06	0.000331186	0.262474	0.140406	0.259875	0.1	0.00982309
-0.862491	1.66914	0.859278	-4.83533e-05	-5.55178e-05	-8.20589e-05	0.000360822	5.68081e-05	-0.000293968	0.262445	0.140359	0.259847	0.1	0.00992812
2.0425	1.04697	1.23737	-0.000238662	-6.67985e-07	2.9212e-05	-0.000315954	-0.00103145	-0.000479129	0.262382	0.140258	0.259784	0.1	0.00769461
0.454972	-2.38848	1.69123	7.00956e-06	0.000247988	-9.69265e-05	-5.01338e-05	8.50062e-05	-0.000379719	0.262307	0.140138	0.25971	0.1	0.00817428
2.30381	3.31308	-0.599005	-3.15195e-05	-0.00030342	-0.000155926	3.14499e-05	0.000320248	0.000273523	0.261855	0.139414	0.259262	0.1	0.0083245
-0.319136	-0.00155371	-1.71175	0.000144262	1.34906e-05	1.6824e-05	-0.000490134	0.000421406	-0.000697513	0.261739	0.13923	0.259148	0.1	0.00523452
0.349193	-0.649905	0.405283	1.72577e-05	-5.27098e-05	-3.33342e-05	0.000259162	0.000409754	-0.000178822	0.261522	0.138883	0.258933	0.1	0.00568885
0.393537	-2.655	-1.61408	-8.38231e-06	0.000269234	4.29022e-05	5.29004e-05	6.11903e-05	-0.000167205	0.261188	0.138352	0.258602	0.1	0.0101188
-0.12821	3.57252	0.484654	-9.08187e-05	-0.000460754	-9.99294e-05	0.000250072	-0.000434458	0.000272393	0.260995	0.138045	0.258411	0.1	0.00651613
1.64236	-1.24109	1.70292	-4.38345e-05	0.000204344	2.75211e-05	0.000235919	-0.000391349	0.000185335	0.26082	0.137768	0.258238	0.1	0.00740515
0.0195083	-0.377758	-1.8112	0.000101293	8.02438e-06	2.4391e-05	0.000564587	-0.000501279	0.000579707	0.260716	0.137603	0.258135	0.1	0.00802556
2.10733	-0.619322	1.29514	-5.05427e-05	3.78258e-05	8.0884e-05	0.000148165	4.9364e-05	7.07739e-05	0.260608	0.137432	0.258028	0.1	0.00920354
1.56551	0.455802	0.5625	8.56207e-07	3.19742e-05	-5.42273e-05	9.8017e-05	-0.000136904	0.000194038	0.260419	0.137134	0.257841	0.1	0.0109394
-0.139993	2.66224	-1.33375	-7.66278e-05	-0.000297646	1.93102e-05	-6.36771e-05	3.98724e-05	-0.000243434	0.25964	0.135906	0.257069	0.1	0.00912652
2.43819	-1.67967	-0.44217	-6.00814e-05	0.000195361	-1.0627e-05	-0.000766575	-0.000224964	0.000291959	0.259308	0.135386	0.256741	0.1	0.011388
0.780849	-2.79976	-0.893748	2.79176e-05	0.00033068	2.69271e-05	7.19724e-05	-0.000612347	0.00028223	0.259076	0.135023	0.256511	0.1	0.00435758
1.29942	2.00629	-0.0520666	5.07888e-05	-0.000162804	-0.000291877	-0.00149162	0.00129596	0.000198603	0.25907	0.135014	0.256505	0.1	0.00691054
-1.12858	-0.57859	1.33275	-4.27515e-05	1.56614e-05	2.13945e-06	-0.000289563	-1.5343e-05	0.000307669	0.258949	0.134824	0.256385	0.1	0.00854118
2.34774	1.46274	1.99924	1.05741e-05	-0.000139585	0.000188137	-0.00029854	-0.000163106	0.000242923	0.258858	0.134682	0.256295	0.1	0.0156346
-0.287448	2.83938	-2.13583	2.867e-05	-0.000320748	1.73209e-06	0.000296467	-0.000247019	0.000211839	0.258625	0.134319	0.256064	0.1	0.0100242
0.359802	3.98634	2.32831	-2.37528e-05	-0.000240325	-0.000256012	0.000907274	4.5063e-05	-5.70319e-05	0.25855	0.134202	0.25599	0.1	0.00873406
0.215998	-1.73354	-0.417853	8.84433e-06	0.00023444	7.43285e-05	0.00012876	1.00099e-05	0.000314702	0.258498	0.134122	0.255939	0.1	0.0065603
-1.11765	3.6682	-1.00865	-3.5764e-05	-0.000312383	-1.40241e-05	0.000120369	-7.90964e-05	-0.000127671	0.258358	0.133903	0.2558	0.1	0.00722147
-1.70953	-3.47912	0.525365	4.18175e-05	0.000348805	5.75846e-05	9.49591e-05	0.00025615	0.000141165	0.258082	0.133476	0.255527	0.1	0.0114362
-0.844659	-3.7464	-0.151607	-3.74212e-05	0.0004283	3.33146e-05	4.92391e-05	6.47033e-05	-0.000166617	0.257965	0.133294	0.255411	0.1	0.00776323
-1.50723	-1.80477	-2.45666	6.98273e-05	0.000249729	-6.17617e-05	0.000102167	-7.95359e-05	8.60056e-05	0.25795	0.133271	0.255396	0.1	0.00579555
1.15891	-0.608355	-0.60677	2.465e-07	2.51571e-07	-5.45272e-08	6.12986e-25	-3.51302e-26	2.25067e-24	0.257891	0.13318	0.255338	0.1	0.00744585
-0.0780982	2.38407	0.711527	-4.00791e-06	-0.000223934	-3.11047e-05	0.000276317	-3.03408e-05	-5.88462e-05	0.25788	0.133161	0.255327	0.1	0.00857362
-0.396884	-1.83662	1.30362	2.0554e-05	0.000236146	1.78807e-05	-0.000208629	-0.000164634	3.17061e-05	0.257497	0.13257	0.254948	0.1	0.0061634
-1.83791	3.43552	1.67264	3.3054e-05	-0.00037973	-0.000233962	0.00078663	-6.0101e-05	0.000222013	0.257171	0.132066	0.254625	0.1	0.00488958
1.6992	2.36291	-0.252951	0.000255229	-5.48647e-06	-7.40251e-05	9.058e-05	0.000218038	-0.000621644	0.257045	0.131872	0.2545	0.1	0.0111504
0.569509	0.59692	0.301817	7.22859e-06	-0.00024227	-0.000141409	0.000591691	-0.000100874	0.000162242	0.257002	0.131805	0.254457	0.1	0.0132954
0.0248945	-2.81662	1.74914	1.259e-05	0.000227016	-5.11517e-05	-0.000295754	-0.000135265	-0.000367239	0.2563	0.130728	0.253762	0.1	0.00708378
1.9623	1.21317	-0.885158	-3.5267e-05	-0.000309346	-0.000159761	-5.3052e-05	-0.000177502	-0.000169365	0.256161	0.130517	0.253625	0.1	0.00768594
1.5393	3.02062	-2.4243	-0.000127256	-0.000102557	-5.3239e-05	0.000268285	0.00015662	-0.000431195	0.256037	0.130326	0.253502	0.1	0.00947904
0.352612	-0.526931	2.3014	-8.9623e-05	7.50361e-05	-2.44897e-05	0.00032377	7.43353e-06	-0.000656289	0.255995	0.130262	0.25346	0.1	0.00664294
1.07139	2.48204	-0.496757	-8.80182e-05	-0.000381722	3.86016e-05	0.000118649	4.09084e-05	0.000431946	0.25592	0.130148	0.253386	0.1	0.00907906
-2.14623	-0.562904	-1.2535	7.52721e-05	3.47557e-05	4.76378e-05	0.00026334	-0.00017613	-0.000288413	0.255837	0.130021	0.253304	0.1	0.0137438
0.358681	1.23	1.09203	-1.44468e-05	-0.000207769	-0.000106694	-0.00018488	0.000248415	-0.000445444	0.255747	0.129885	0.253215	0.1	0.00805939
-0.0238089	1.3167	1.90514	6.10324e-05	-0.000171462	-7.56462e-05	-0.000320338	0.000172606	0.000336976	0.255291	0.129191	0.252763	0.1	0.00676397
0.433275	-3.44121	-0.938402	-3.2062e-05	0.000406383	3.68835e-05	-0.000304806	-1.30974e-05	-0.000288532	0.255224	0.129089	0.252697	0.1	0.00422783
-1.10878	1.49476	-2.14692	2.51658e-05	-0.000173744	-2.63351e-05	0.000100388	-9.59049e-05	-0.000265149	0.255101	0.128903	0.252575	0.1	0.0066535
-1.02522	1.13228	1.5716	-9.75306e-05	-0.000100099	-3.86101e-05	-0.000691744	0.000555315	-0.000255486	0.254823	0.128482	0.2523	0.1	0.0154812
1.58726	-2.81697	-2.34194	3.03406e-05	0.000282065	9.06544e-05	0.000641683	0.000163574	0.000501379	0.254506	0.128002	0.251986	0.1	0.00734222
-0.304347	1.20901	-0.374309	-1.97225e-05	-7.16749e-05	4.92621e-05	-0.000375368	6.24025e-06	-0.000136871	0.254402	0.127845	0.251883	0.1	0.0125338
1.66185	-3.57484	-2.2065	3.56846e-06	0.000460017	1.87437e-05	-0.000287215	9.37016e-05	-0.00025755	0.254272	0.127649	0.251754	0.1	0.00616055
-0.948319	-1.11676	1.61491	-0.000100797	0.000204309	-6.87786e-07	3.71425e-05	0.000539761	-5.1368e-05	0.254252	0.127621	0.251735	0.1	0.00797923
-1.70288	0.677676	-0.176044	6.49806e-07	-8.71982e-05	-4.06993e-05	-0.000102531	-4.70471e-05	-0.000168757	0.254212	0.12756	0.251695	0.1	0.00985767
1.03708	-2.25941	-1.89547	4.2363e-05	0.000232093	4.61789e-05	0.000342375	0.000114379	-5.05701e-05	0.254199	0.127539	0.251682	0.1	0.00664259
1.22061	1.63312	0.869819	-0.000105154	-0.000137531	0.000106799	9.12056e-05	0.000300961	0.000392105	0.254057	0.127328	0.251542	0.1	0.00610004
1.34642	3.38462	-1.95998	-0.000143616	-0.000264703	-1.69109e-06	0.000170611	4.79615e-05	5.45932e-05	0.253567	0.126591	0.251056	0.1	0.0097274
-1.37251	-0.866638	-0.122294	2.16839e-05	7.00786e-05	-5.07172e-05	6.91461e-06	-0.000211179	4.94568e-05	0.253456	0.126426	0.250947	0.1	0.00627371
1.03526	1.33372	1.31984	9.15136e-05	-0.000148924	-9.74107e-06	-0.000176864	-0.000581459	-8.95552e-06	0.253434	0.126392	0.250925	0.1	0.00644014
-2.38321	2.79687	-2.02772	-1.07463e-05	-0.000212354	8.33771e-05	0.000265173	4.55716e-05	2.60191e-05	0.253312	0.12621	0.250804	0.1	0.0118761
1.23218	-0.59275	-2.48208	7.32564e-05	0.000130545	4.62152e-05	0.000327303	-7.72329e-05	-0.000284177	0.253184	0.126018	0.250677	0.1	0.00890901
0.844812	0.970204	1.6056	9.7667e-05	-9.83016e-05	-2.63806e-05	-6.8021e-05	-9.62955e-05	0.000492674	0.253182	0.126015	0.250675	0.1	0.00540151
-0.607868	2.43312	1.06379	-9.73203e-06	-0.000251525	1.91803e-05	0.000281696	6.68281e-05	0.0001272	0.253176	0.126006	0.250669	0.1	0.00741319
1.8708	-0.896659	0.718174	2.29943e-05	0.000229361	5.61524e-05	5.95163e-05	0.000190786	-9.02334e-05	0.253012	0.125762	0.250507	0.1	0.00773337
-2.14781	1.32422	-2.31389	1.8707e-05	-9.42778e-05	6.59508e-07	0.000134421	-0.000308725	-0.000362473	0.252518	0.125027	0.250018	0.1	0.00719112
0.409818	0.219526	-0.905017	-4.7953e-05	-0.000139033	-2.13748e-05	-0.000905681	0.000368398	-0.000425939	0.252479	0.124968	0.249979	0.1	0.00928381
2.26344	2.98399	-2.32555	-6.22077e-06	-0.000226105	0.00011693	-0.000354478	3.50132e-05	-0.000150888	0.25247	0.124955	0.24997	0.1	0.00660394
1.25645	-1.13959	-1.1132	-2.97044e-06	0.000146895	5.04969e-05	-0.000166072	0.000371476	0.000387891	0.252451	0.124927	0.249951	0.1	0.0110628
1.05101	-1.4159	-2.26073	-8.36265e-05	0.000212952	6.91872e-05	-2.7211e-05	-0.000959862	4.08009e-05	0.252394	0.124843	0.249895	0.1	0.0149444
-1.72786	-2.76351	-1.53096	4.26466e-05	0.000292266	-1.02296e-06	0.000751355	-0.000684656	0.000247058	0.251969	0.124213	0.249474	0.1	0.00871089
0.742991	-3.81673	-1.06048	5.504e-06	0.000407439	6.93321e-05	-3.36305e-06	0.000173771	-0.000319205	0.251672	0.123775	0.24918	0.1	0.00700447
0.299408	-1.67488	2.10002	0.000109024	0.000115178	5.63316e-05	0.000189274	8.67212e-05	-0.000568754	0.251598	0.123666	0.249107	0.1	0.0101257
-1.37527	-1.64671	1.62526	6.22881e-05	0.000316062	-4.6396e-05	-0.000217037	6.76922e-05	0.000154043	0.251461	0.123464	0.248971	0.1	0.00649395
0.151177	-2.87304	2.23557	1.30744e-06	0.000117844	-5.07264e-05	-0.000239254	-0.000193898	-0.000855774	0.251337	0.123281	0.248849	0.1	0.00984179
-1.98933	-1.17722	0.842682	-2.11447e-05	0.000115746	4.04311e-05	0.000117024	8.6803e-05	-4.97288e-05	0.251292	0.123215	0.248804	0.1	0.00784214
1.99789	-3.94066	-2.15532	-1.40072e-05	0.00047254	-2.91269e-05	7.87164e-05	0.000140783	0.000224428	0.251252	0.123155	0.248764	0.1	0.00698743
0.329245	-1.0047	-1.05566	-1.35155e-05	1.12754e-05	8.01673e-06	4.53092e-05	3.43041e-06	7.26766e-05	0.251159	0.123019	0.248672	0.1	0.0104319
0.450087	-3.8389	-0.637677	-4.76875e-05	0.000422143	1.49579e-05	0.000311239	-3.1136e-05	0.000220215	0.250885	0.122618	0.248401	0.1	0.00561076
-1.07838	-1.03501	-2.35248	9.4067e-05	0.000185911	-4.95906e-05	0.000269388	-0.000686813	0.00052091	0.250767	0.122444	0.248284	0.1	0.0109462
1.9783	-3.05634	-2.14523	8.08416e-05	0.00029771	-6.72806e-05	0.000190775	-5.80966e-05	8.6276e-05	0.250701	0.122347	0.248219	0.1	0.0070918
0.902875	-1.48636	-1.06013	4.04893e-05	0.000108235	9.18524e-05	0.000372326	8.17661e-05	-0.000201969	0.250676	0.122311	0.248194	0.1	0.0106585
1.77709	3.62197	-2.0595	-8.05466e-05	-0.00031702	-4.78192e-05	0.000307898	-0.000464784	-0.000329532	0.250667	0.122297	0.248185	0.1	0.00575711
0.219582	-3.87012	-1.07896	-6.23608e-05	0.000452961	2.19451e-05	0.000216893	-0.00047474	-0.000117443	0.250642	0.12226	0.24816	0.1	0.00527126
-1.4606	-0.724187	-2.38616	1.93093e-05	5.9704e-05	-0.000120245	0.000381838	-0.000180574	0.00023907	0.250299	0.12176	0.247821	0.1	0.00829436
0.563272	-1.37396	-0.357959	0.000113508	0.000153132	-2.59208e-05	-0.000131508	0.000571587	-0.000814544	0.25018	0.121585	0.247703	0.1	0.0097219
-0.289967	-2.70015	2.3837	5.87046e-05	0.000246246	-3.54926e-05	0.000486188	0.000178494	0.000221757	0.250152	0.121546	0.247675	0.1	0.00721459
-2.4866	-3.13883	-1.95445	3.45557e-05	0.000301215	2.49827e-05	-0.000175639	4.25819e-05	1.39769e-05	0.250067	0.121421	0.247591	0.1	0.00641895
-0.0403138	1.63504	2.2971	4.24651e-05	-5.70227e-05	-3.07105e-05	3.58219e-05	-0.000123869	0.000263171	0.250057	0.121407	0.247581	0.1	0.0084536
-2.2037	1.01083	-1.06885	8.67581e-05	-7.76087e-05	-1.27988e-05	-5.1305e-05	0.000164713	-0.000415336	0.249982	0.121297	0.247507	0.1	0.00575455
-1.70747	-0.243452	-1.22585	2.87977e-05	-2.15434e-06	-6.70095e-05	-0.000106125	-0.000315064	0.00012338	0.249805	0.121041	0.247332	0.1	0.0106441
-1.30903	0.908273	-2.26049	3.87857e-05	-9.72439e-05	-2.33137e-05	-0.000142979	-4.61263e-05	7.99097e-05	0.249501	0.120599	0.247031	0.1	0.00955924
1.18624	-3.81997	0.0900948	6.55899e-05	0.000409432	2.72918e-05	-4.14387e-05	4.94841e-05	-0.000240113	0.249491	0.120585	0.247021	0.1	0.00896136
0.959595	2.04097	0.757526	-7.53799e-05	-0.00018319	3.01325e-05	-0.000473003	-0.000375452	-0.000452764	0.249466	0.120547	0.246996	0.1	0.00700715
0.0260494	0.265928	-1.37645	2.37212e-05	-0.000110954	2.96924e-05	8.69442e-05	0.000157203	0.000495335	0.249265	0.120257	0.246797	0.1	0.00746256
0.744358	-1.09097	-1.31185	1.76383e-05	5.67899e-05	4.26151e-05	-0.000681884	-8.05648e-05	0.000338283	0.24919	0.120149	0.246723	0.1	0.0124224
0.618641	-0.613656	-0.962992	-5.68225e-08	4.95151e-07	2.72757e-07	-1.93669e-14	2.99322e-14	-6.54162e-14	0.249006	0.119884	0.246541	0.1	0.0145551
-1.42967	2.34537	-0.964341	3.47192e-05	-0.000185289	2.99287e-05	-0.000112122	0.000226893	0.000476	0.248917	0.119754	0.246452	0.1	0.0109588
2.18956	0.642561	1.95132	0.000112958	-2.02894e-05	-5.29712e-05	9.42379e-05	0.000210111	0.000171905	0.24891	0.119744	0.246446	0.1	0.01065
1.83277	0.0980234	1.37625	-9.89974e-05	-0.000326828	-0.000160817	-0.000174652	-0.000142337	0.00054023	0.248903	0.119734	0.246439	0.1	0.00810936
-1.26206	-0.0665974	-2.42603	5.35408e-05	2.4499e-05	-1.6866e-05	-5.17605e-05	-0.000280696	0.000685371	0.248902	0.119733	0.246438	0.1	0.00777175
-1.58894	3.00146	1.673	0.000123767	-0.000325637	-8.74767e-05	-0.00106987	-0.000661764	0.000196328	0.248378	0.118978	0.245919	0.1	0.00833889
1.49859	1.15403	1.31457	0.00010261	-7.03241e-05	-1.6533e-05	0.000182048	8.66938e-05	0.000262858	0.248178	0.11869	0.245721	0.1	0.00592876
-0.333832	0.489405	-2.01069	8.1829e-05	-0.000221147	-5.99084e-05	-0.00106011	-0.000185545	-1.41427e-05	0.24787	0.118249	0.245416	0.1	0.00717918
-1.2895	-0.241881	2.11581	-2.72293e-05	8.52218e-05	-2.88072e-05	0.000350216	0.000112495	-0.000406344	0.247827	0.118187	0.245373	0.1	0.00724291
-1.61372	-1.28134	1.40119	4.48712e-06	0.000177348	-8.08954e-05	-0.00014259	0.000335656	0.000114901	0.247767	0.118102	0.245314	0.1	0.00802359
-1.68697	-3.54899	1.25788	1.17506e-05	0.000463197	4.47513e-05	0.000207115	0.000303481	-0.000350709	0.247735	0.118056	0.245282	0.1	0.00884836
1.03881	-3.44937	1.15378	2.33445e-09	3.64703e-07	8.85662e-10	-4.99899e-27	4.33298e-26	2.26856e-26	0.247707	0.118015	0.245254	0.1	0.00985747
-0.0475211	3.79672	0.98042	-1.46909e-05	-0.000367505	-7.67573e-05	0.00013911	0.000147167	-6.80057e-05	0.247608	0.117873	0.245156	0.1	0.00813941
-1.68635	3.33068	0.975713	3.89107e-05	-9.05572e-05	-0.0001291	0.000206573	-0.000345991	0.00031557	0.247575	0.117828	0.245124	0.1	0.00797188
1.4739	0.800227	-0.873942	1.02903e-05	-0.000268051	2.61109e-05	0.000325761	8.96172e-06	9.0552e-05	0.247232	0.117337	0.244784	0.1	0.00928695
0.12411	-3.45792	-1.32689	-5.21833e-05	0.000431789	4.45027e-05	-0.000169667	9.51479e-05	0.000350966	0.247018	0.117033	0.244572	0.1	0.00743251
0.247506	2.10734	-1.35844	-6.97445e-05	-0.000291776	3.73868e-05	6.75114e-05	-0.000241408	-0.000279272	0.246945	0.11693	0.2445	0.1	0.00763909
-1.91788	3.36133	-1.15032	-1.15914e-05	-0.00031286	2.9159e-07	-0.000128414	9.01058e-06	-0.000140266	0.246862	0.116812	0.244418	0.1	0.0102281
-0.169981	0.513121	2.25923	2.48065e-05	-4.24741e-05	-3.62672e-05	-0.000182186	-0.000121959	3.35156e-05	0.24683	0.116767	0.244386	0.1	0.00781624
-0.794158	-1.5509	1.44083	-1.96699e-05	0.000293435	-2.15812e-05	-3.16809e-05	-0.00027047	0.000459049	0.246791	0.116712	0.244348	0.1	0.00674296
0.246278	3.44958	0.806395	-6.60282e-05	-0.000402623	1.18369e-05	-0.000123198	-0.000585447	-0.000311647	0.246746	0.116648	0.244303	0.1	0.00578148
-0.263026	4.03058	0.332318	-7.94133e-05	-0.000452705	-5.10288e-05	8.02034e-05	-4.32614e-05	-0.000169232	0.246741	0.11664	0.244298	0.1	0.00730616
-0.148047	1.43476	-0.787388	-3.5142e-05	-0.000232313	-4.54162e-05	0.00113625	0.000217918	0.000360137	0.246625	0.116476	0.244183	0.1	0.0066678
1.34615	3.70393	0.814503	-0.000115079	-0.000434788	7.62471e-05	1.7269e-05	-7.33126e-05	-0.000344403	0.246618	0.116465	0.244176	0.1	0.00907972
-0.352191	0.330768	0.14369	1.46483e-05	-5.01776e-05	-7.04477e-05	0.00022426	-0.000338285	9.47346e-05	0.246595	0.116433	0.244153	0.1	0.0063699
1.72307	2.74616	-0.570223	0.000199289	-7.61089e-05	-0.000171164	-0.000583859	-0.000122373	0.000848308	0.246366	0.11611	0.243927	0.1	0.0109707
-0.834787	-1.38884	-0.0278512	7.17574e-06	-5.46834e-06	-2.86228e-05	-2.65712e-05	-0.000135363	2.08561e-05	0.246308	0.116027	0.243869	0.1	0.00979295
0.0644804	1.13512	0.101563	1.46391e-05	-0.000136449	-8.87043e-05	0.000304989	8.75901e-05	-8.01599e-05	0.246304	0.116021	0.243865	0.1	0.0130033
-1.22814	-1.05027	1.21277	1.85968e-05	7.95108e-05	-7.25539e-05	0.000435216	-0.000404851	-0.000178846	0.24629	0.116001	0.243851	0.1	0.00627825
-1.08333	2.03145	1.21045	1.11389e-05	-0.000218768	5.545e-05	5.18753e-05	0.000426504	-0.000178445	0.246171	0.115834	0.243734	0.1	0.00837851
0.636518	3.78601	-0.600075	-1.80667e-05	-0.000354554	1.21954e-05	-0.000330554	0.000221968	-4.47836e-05	0.246104	0.115739	0.243667	0.1	0.00470172
0.679511	-3.29594	0.8563	1.47222e-07	3.84134e-07	1.16087e-07	-6.22041e-26	2.46436e-24	5.73227e-26	0.245924	0.115485	0.243489	0.1	0.00992654
-2.30249	0.849561	2.29659	9.52947e-05	2.19749e-05	0.000116335	-0.000300457	-0.000200789	-8.78494e-05	0.245818	0.115336	0.243384	0.1	0.00963163
1.35106	0.607598	-1.32233	-7.97171e-07	-4.98467e-05	3.33163e-05	0.000127559	-0.000134481	-0.000202026	0.24563	0.115072	0.243198	0.1	0.0100429
-0.616058	0.454142	-2.40599	0.000122949	-0.000133681	-8.54795e-05	0.000649924	-0.000117056	-0.00112121	0.245492	0.114877	0.243061	0.1	0.00954232
2.17009	2.40546	1.43555	-4.43767e-08	4.35276e-07	-4.80688e-07	-1.7218e-11	-2.22252e-12	1.28359e-12	0.245444	0.114812	0.243014	0.1	0.010704
2.48455	-3.18661	0.332332	-5.19815e-05	0.000272086	-1.08586e-05	0.000121356	5.25335e-06	-4.4816e-05	0.245374	0.114714	0.242945	0.1	0.0112765
-0.722966	-0.242313	-1.54072	0.000132293	6.72697e-05	-1.98741e-05	0.000492666	-0.00058923	0.000445845	0.245244	0.114531	0.242816	0.1	0.00546281
0.760973	-3.49968	2.24325	-3.43583e-05	0.000224209	4.22333e-05	-0.000304715	0.000812923	-3.38091e-05	0.245189	0.114453	0.242761	0.1	0.00641412
1.44068	3.36934	0.427678	-4.55363e-05	-0.000348365	-1.94614e-05	-2.27231e-05	0.00046381	-0.000230553	0.244966	0.114142	0.242541	0.1	0.0119991
-0.408205	0.841185	-0.960288	2.10749e-05	-8.92546e-05	1.38051e-05	-0.000491434	0.000204097	-0.000167817	0.244953	0.114123	0.242528	0.1	0.00536429
-1.9674	-0.976205	0.0459699	2.27527e-06	-9.30223e-05	-0.000105423	-2.16128e-05	-0.000890744	0.000108343	0.244934	0.114096	0.242509	0.1	0.00859655
0.207948	-1.01359	1.63704	8.13278e-05	9.11622e-05	-1.86685e-05	4.86555e-05	0.000219928	0.000452335	0.244844	0.113972	0.24242	0.1	0.00705907
-0.730467	-2.74495	-1.99056	-9.68482e-06	0.000159999	0.000105438	0.000726717	0.000153179	-0.00014409	0.244741	0.113827	0.242318	0.1	0.0112759
-0.211665	2.72277	1.04838	9.1469e-06	-0.000323985	3.34858e-05	0.000215064	0.000243277	-0.000344972	0.244734	0.113818	0.242311	0.1	0.0061842
2.45447	-2.12258	1.15213	0.000101033	0.000103617	3.24291e-07	8.79945e-05	-8.60034e-05	0.000271993	0.244542	0.11355	0.242121	0.1	0.00990401
0.137921	-1.49551	1.67228	1.38181e-05	7.88259e-05	7.88173e-05	0.000134471	-4.06352e-05	0.000152235	0.244486	0.113471	0.242065	0.1	0.00681398
0.873197	-2.5188	-1.29437	2.62073e-05	0.000301396	4.5779e-05	-0.000103971	0.000610304	-0.000142254	0.244454	0.113428	0.242034	0.1	0.00726479
0.688389	2.68226	-0.248934	1.17406e-05	-1.17196e-05	-2.42526e-05	0.000124478	3.87195e-05	3.77501e-05	0.2444	0.113351	0.24198	0.1	0.00663522
1.2493	2.74162	2.28717	-0.000161253	-0.000241973	7.46204e-05	-0.00159752	-0.00038373	0.000116455	0.244162	0.113022	0.241745	0.1	0.0111819
-2.34588	-0.986264	0.346619	-3.21771e-05	6.64808e-05	-0.000148878	-0.000779875	0.000674884	-0.000228971	0.24414	0.112991	0.241723	0.1	0.00773967
-0.0952526	-3.93444	-2.14712	-2.42365e-05	0.000369633	6.43248e-06	0.000131126	-0.000169459	-7.42465e-05	0.244103	0.112939	0.241686	0.1	0.00835002
0.344546	-2.97255	-1.06116	-1.80962e-05	0.000376587	4.89821e-06	0.000127337	0.00010718	0.000303877	0.244062	0.112883	0.241646	0.1	0.00692293
-0.336306	1.23208	-1.23141	1.50084e-05	-0.000218156	-0.000110612	-9.56841e-05	0.000336908	-2.75563e-05	0.243921	0.112687	0.241506	0.1	0.0043081
-1.38561	3.04478	0.0319144	-5.41314e-05	-0.000277212	1.0216e-05	-7.97531e-05	9.128e-05	0.00012163	0.243692	0.112369	0.241279	0.1	0.00830385
0.911438	1.66017	1.93159	1.65319e-05	-0.000181244	2.4686e-05	0.000455866	7.50326e-05	-5.33216e-05	0.24367	0.112339	0.241257	0.1	0.00950784
-1.41942	-1.28017	-0.378312	4.99682e-05	0.000105897	-4.35638e-05	-0.000127023	-4.59133e-06	-0.000175375	0.243648	0.11231	0.241236	0.1	0.00966131
-2.05459	2.17798	-0.955273	1.41988e-05	-0.000271364	8.04375e-05	-0.00012997	0.000204391	0.000132567	0.243387	0.111948	0.240977	0.1	0.00715292
-2.29806	0.975386	-0.590516	-5.07619e-07	-8.7418e-07	-8.22235e-07	-1.29279e-13	-6.26056e-13	-8.363e-14	0.243111	0.111568	0.240704	0.1	0.00859926
-2.35207	-2.60811	1.20387	2.67702e-05	0.000323171	-1.73905e-05	0.0003331	-0.000419322	0.00026898	0.242966	0.111368	0.24056	0.1	0.00939967
0.757526	1.48825	0.797767	-4.51484e-05	-0.000131989	-8.38536e-05	0.00021841	-0.000286714	-0.00123796	0.242842	0.111198	0.240438	0.1	0.00456983
-1.64538	3.96193	-1.0631	5.7054e-05	-0.00035864	3.03135e-05	4.09085e-05	0.000199572	0.00029885	0.242774	0.111104	0.24037	0.1	0.00972554
1.51188	-0.688735	-2.07891	0.000145705	7.44181e-05	0.000144531	0.00084615	-0.000212627	-0.000957251	0.242496	0.110724	0.240095	0.1	0.0124496
1.77794	-1.2426	1.21047	-1.99263e-05	0.000226007	-2.71811e-05	-4.78997e-05	-3.37783e-05	0.000119203	0.242131	0.110225	0.239734	0.1	0.00818314
1.11371	-0.429924	2.06546	2.11249e-06	4.77435e-06	-7.83932e-07	1.51932e-25	-6.18731e-24	-7.12782e-24	0.241931	0.109952	0.239536	0.1	0.00909489
-0.891445	-3.95923	-0.907196	-0.000186182	0.000349086	-8.08462e-05	-0.00038153	0.000138597	0.000646767	0.24193	0.10995	0.239535	0.1	0.00774574
-2.15958	0.832925	-0.0794768	1.12796e-06	-1.75366e-08	-2.39483e-07	-2.07108e-24	-1.24402e-24	5.48361e-24	0.241739	0.109691	0.239346	0.1	0.0117491
-1.21472	-0.725632	-1.86357	-3.01957e-07	3.17053e-07	-4.71558e-07	-1.22745e-25	-5.85036e-24	1.42267e-24	0.241738	0.109688	0.239345	0.1	0.0135913
-1.87816	-3.78068	0.878157	1.75451e-05	0.00043191	7.07809e-05	-0.000512108	-0.000586741	2.5832e-05	0.241731	0.109679	0.239338	0.1	0.00879113
-1.11101	-1.81306	-0.0878556	-9.1753e-07	2.5782e-07	-2.39274e-07	1.33078e-24	8.09289e-25	-1.38726e-25	0.241723	0.109668	0.23933	0.1	0.00922583
-1.55084	-2.7411	-0.578813	-0.000109126	0.000368691	3.51666e-05	-0.000103788	2.88204e-05	0.000146909	0.241715	0.109657	0.239322	0.1	0.00828856
-1.40035	3.32646	1.3664	4.49592e-07	-0.000265059	-0.000104273	-0.000884339	-0.000683356	-7.36706e-05	0.241502	0.109368	0.239111	0.1	0.00643258
-1.24218	-2.21897	0.708981	-1.12699e-05	0.000150466	0.000102191	0.000780187	-4.34065e-05	0.000148311	0.241393	0.109219	0.239003	0.1	0.00649568
-1.90668	-3.01548	-0.795184	-1.71672e-05	0.000383368	5.78895e-05	-0.000146814	0.000209401	-2.0769e-05	0.241283	0.10907	0.238894	0.1	0.008237
2.33516	1.15307	-1.61719	1.56396e-05	-3.4168e-05	-5.68443e-05	0.000270147	0.000182723	-4.01166e-05	0.241125	0.108856	0.238738	0.1	0.00639202
0.835288	2.16187	0.00817742	3.55428e-05	-0.000323217	-1.09713e-05	-0.000251309	-0.000127223	-0.00057439	0.241121	0.108851	0.238734	0.1	0.00550676
2.40857	2.98762	1.89155	-1.65216e-05	-0.000253185	-2.92102e-05	0.000600536	-0.000345339	-0.000147818	0.241078	0.108793	0.238691	0.1	0.00648158
1.08704	1.26032	-2.05119	4.31133e-06	-0.000120327	1.9814e-05	-0.000362852	-4.95858e-05	-0.000313657	0.241066	0.108776	0.238679	0.1	0.00634703
-2.21202	2.18515	0.936649	-7.69933e-05	-0.000193166	3.96623e-05	0.000377604	-0.000320857	-0.0002397	0.241027	0.108724	0.238641	0.1	0.00885806
-2.36289	1.43193	-1.89009	3.55464e-05	-0.000138511	1.09186e-05	0.0003949	0.000216383	-0.000432857	0.24097	0.108646	0.238584	0.1	0.00402175
2.0234	1.31462	1.65647	9.58534e-05	-2.54658e-06	4.35036e-05	0.000738803	0.000231288	-0.000123587	0.240966	0.108641	0.23858	0.1	0.00815981
1.19145	-0.161406	-1.98614	0.000166537	-5.08241e-05	3.69319e-05	-0.000289405	0.000415568	0.000310354	0.24074	0.108335	0.238356	0.1	0.00558348
0.547844	2.67187	0.20997	6.57673e-05	-0.0003479	-1.26735e-05	0.000298919	-0.000139242	-0.000527769	0.240483	0.107989	0.238102	0.1	0.00440621
-2.05543	3.50154	1.23648	-5.87075e-05	-0.000269166	-0.000145387	-0.000132319	0.000518233	0.000296706	0.240458	0.107956	0.238077	0.1	0.00644883
2.49741	-0.465771	2.03195	3.30207e-05	0.000269376	9.92707e-05	5.20332e-05	4.28242e-06	8.35563e-06	0.240401	0.107879	0.238021	0.1	0.00821745
0.464439	0.295142	1.20435	0.000100886	-0.000118065	-6.18257e-05	0.000337763	0.000108032	0.000321833	0.240234	0.107654	0.237855	0.1	0.00702508
-1.84689	1.98109	-0.571912	1.16777e-05	-0.000299334	5.35205e-05	-0.000108924	4.31781e-05	-0.000211478	0.240234	0.107654	0.237855	0.1	0.0111026
2.15625	1.78405	-0.634478	0.000159953	-0.000421852	-0.000254003	0.00156049	2.4681e-05	0.000586518	0.240084	0.107453	0.237707	0.1	0.00843986
0.428698	1.21884	1.58007	8.84248e-05	-0.000239832	-9.63168e-05	-0.000464434	-7.55308e-06	-8.53409e-06	0.239985	0.107319	0.237609	0.1	0.00601202
0.250499	0.690322	0.909935	7.55844e-05	-6.24446e-05	-6.85324e-05	0.000603091	0.00042316	-0.000101756	0.239931	0.107246	0.237555	0.1	0.00595278
2.03797	2.8768	1.50315	3.07594e-05	-2.72086e-05	1.49687e-05	-0.000110911	-3.34006e-05	0.000174437	0.239786	0.107053	0.237412	0.1	0.00946209
-0.846769	-0.880725	0.97631	3.8855e-05	-1.60924e-05	-7.03274e-05	-0.000241425	0.000492799	-0.000393587	0.239696	0.106933	0.237323	0.1	0.00574756
0.246244	-1.56497	-0.923082	-0.000164027	-0.000138768	0.000111775	0.0015366	0.000347304	0.00159812	0.239588	0.106787	0.237216	0.1	0.00964627
-0.295362	-3.46312	2.27856	1.11342e-05	0.000410084	5.79097e-06	0.000252517	-2.61369e-06	-0.000273955	0.239483	0.106648	0.237112	0.1	0.00977639
-1.84151	-2.89551	0.228536	-4.82197e-05	0.000317232	5.30537e-05	0.000427715	0.000121349	0.000313235	0.239239	0.106322	0.23687	0.1	0.00991567
1.27455	3.84759	0.332707	-5.08107e-05	-0.000482962	-8.72203e-07	0.000259945	-3.3021e-05	-0.000353706	0.239237	0.106319	0.236868	0.1	0.00808449
-2.23972	-1.26516	-0.34576	5.62311e-06	0.000284576	0.000113952	-0.000295347	-5.41832e-05	7.04748e-05	0.239205	0.106277	0.236837	0.1	0.0111003
-2.37983	-0.647386	1.25674	-7.95591e-05	0.000183636	1.22876e-05	-0.000616178	-0.000264535	0.00012653	0.239191	0.106258	0.236823	0.1	0.0076749
-2.48702	-0.795402	2.41249	-2.71071e-05	0.000266873	7.36579e-05	4.7475e-06	-0.000126716	0.000354105	0.238965	0.105957	0.236599	0.1	0.0111654
-1.66919	-3.5361	0.0392605	-2.02846e-05	0.00041464	5.30404e-05	0.000244798	-3.37335e-05	0.000221588	0.238904	0.105876	0.236539	0.1	0.00914055
-0.686819	-1.90946	-1.37055	-9.27045e-07	0.000313532	-4.47235e-05	-0.000337679	0.000150884	0.000287939	0.238867	0.105826	0.236502	0.1	0.0080892
-1.28991	-0.556872	0.240092	-3.77028e-05	2.09208e-05	-4.85668e-05	0.00011374	0.000114711	0.000333626	0.238847	0.105799	0.236482	0.1	0.00445105
-0.784767	-3.60882	2.16234	-1.807e-05	0.000387026	-4.2998e-06	0.000157819	3.6019e-05	-0.000337517	0.23868	0.105579	0.236317	0.1	0.00715126
0.339873	-1.94056	1.51072	9.95362e-05	9.63685e-05	-3.91738e-06	-0.000223741	0.000109743	-0.000589105	0.238578	0.105443	0.236216	0.1	0.00716934
-1.39129	1.00508	1.27909	-8.27343e-05	-0.000126	3.08827e-05	0.000273577	-0.000627609	-2.7447e-05	0.238575	0.105439	0.236213	0.1	0.00862059
-2.18581	-2.88929	-1.63035	3.31744e-05	0.000336135	-5.52502e-06	-0.000152845	0.000231314	0.000194384	0.238558	0.105416	0.236196	0.1	0.00659197
0.262929	1.86024	1.9949	1.92985e-05	4.16309e-06	-1.17002e-05	3.61065e-05	4.63286e-05	7.27349e-05	0.238531	0.105381	0.236169	0.1	0.00723681
0.0999419	-0.136714	-2.23495	9.05478e-05	-5.16284e-05	-2.4507e-06	-0.00134081	0.000319862	-7.87737e-05	0.238467	0.105296	0.236106	0.1	0.00713241
-0.705479	3.97838	0.158394	-5.93403e-05	-0.00039192	-2.93182e-05	0.000149219	4.97869e-05	2.68389e-05	0.238429	0.105245	0.236068	0.1	0.00541176
-0.850392	-2.78572	-0.637007	-6.44956e-07	7.5151e-07	1.56843e-06	-1.40872e-23	7.97116e-24	-2.49303e-24	0.238392	0.105197	0.236032	0.1	0.0120579
2.18848	-2.51788	1.11696	3.53987e-05	0.00016504	-8.62205e-05	2.89537e-05	-0.000327831	-0.000628639	0.238069	0.10477	0.235712	0.1	0.00978254
0.178795	-2.06755	-0.776039	6.17336e-05	0.000290027	1.76711e-05	0.000187212	-0.000282233	-0.00030882	0.2379	0.104547	0.235545	0.1	0.00574009
-0.0900522	-0.524092	0.20645	-2.54206e-05	0.00019359	3.14966e-05	0.000498716	-1.61521e-05	0.000327411	0.237677	0.104254	0.235324	0.1	0.00486822
0.801406	-0.57998	0.589933	-4.77154e-05	9.69402e-05	3.1631e-05	4.98148e-05	-0.000436067	1.97946e-05	0.237634	0.104196	0.235281	0.1	0.00696377
1.7099	0.255835	2.24971	4.74003e-05	4.29166e-06	4.03745e-05	-0.000317189	0.000101532	-6.44476e-05	0.237512	0.104035	0.23516	0.1	0.0117234
-2.33176	3.24911	-2.32055	-1.10922e-06	-0.000274762	1.55493e-05	-9.26862e-05	0.00019249	-4.81008e-05	0.237463	0.103972	0.235112	0.1	0.00594799
0.0798177	2.38467	1.41404	5.50884e-05	-0.000358163	-3.32095e-05	0.000218962	9.97699e-05	-0.0002506	0.237431	0.103929	0.23508	0.1	0.00730271
0.354523	-1.92892	-2.25471	5.99216e-05	4.68663e-05	-0.000126761	-6.71616e-05	0.000455931	-0.000318535	0.237431	0.103929	0.23508	0.1	0.0132525
1.66437	-0.243336	-2.01804	0.000223596	3.8655e-05	0.000136947	-0.000881309	0.000125739	0.000610002	0.237278	0.103729	0.234929	0.1	0.010693
-2.47496	1.49091	0.382765	2.16207e-06	-0.000113152	9.26677e-05	-0.000215231	1.71958e-05	-1.92841e-05	0.237254	0.103697	0.234905	0.1	0.00744847
0.575716	-2.33803	-0.913618	3.73627e-05	0.000110673	-7.21056e-05	-0.000573177	8.83222e-07	-0.000309783	0.237202	0.103628	0.234853	0.1	0.00663216
-1.61677	-1.44909	2.22729	0.000115608	0.000221188	-7.5344e-05	-0.000241085	-0.000336594	-7.85311e-05	0.237135	0.103541	0.234787	0.1	0.00812532
0.959206	2.41349	2.47392	-0.000106517	-0.000255185	0.000122626	0.000410241	-0.000579926	0.000781915	0.237122	0.103524	0.234774	0.1	0.00762559
-0.906608	3.95623	-0.461687	-7.29611e-05	-0.000330344	-3.03453e-05	0.000255098	-0.000114135	-0.000114476	0.236892	0.103224	0.234547	0.1	0.00741908
0.108605	0.473343	-2.35329	7.35181e-06	4.35167e-05	-1.59161e-05	-0.000248071	3.72134e-05	-2.08642e-05	0.236865	0.103189	0.23452	0.1	0.00943105
-1.38582	1.94001	-0.71283	7.79223e-05	-0.000165186	-1.72241e-05	0.000192953	-0.00031136	-9.91992e-05	0.236787	0.103086	0.234443	0.1	0.00592768
1.05066	-0.649885	-0.0503057	1.16254e-06	7.5458e-05	3.54091e-05	-0.000197869	0.000187135	0.000463106	0.236379	0.102554	0.234039	0.1	0.00586129
1.69496	-1.29797	-1.24275	5.82939e-06	0.000197626	2.90335e-05	-6.79468e-05	-0.00021634	-0.000105881	0.23636	0.10253	0.23402	0.1	0.0109244
2.35862	-2.09558	-0.691092	-6.23768e-05	0.000103809	4.28125e-05	0.000378935	4.77117e-05	0.000484342	0.236341	0.102504	0.234001	0.1	0.0174351
-0.627687	1.24761	-0.855514	5.07235e-05	-0.000105826	-3.13258e-05	9.65886e-05	0.000280327	0.000291818	0.236281	0.102428	0.233942	0.1	0.00575864
0.852524	1.05006	0.948309	-8.35643e-05	-0.000126038	-7.45864e-05	-0.000134248	-0.000547597	0.00137401	0.236277	0.102422	0.233938	0.1	0.00540047
0.781519	-0.782342	1.00899	-4.55281e-05	0.000140959	2.20215e-07	-0.000113036	0.000196465	0.000251768	0.236117	0.102213	0.233779	0.1	0.00568852
-1.27281	1.96631	-1.2422	-7.19338e-06	-0.000192151	-6.07219e-05	-0.000178232	0.000566175	0.000364705	0.236076	0.102161	0.233739	0.1	0.00592613
-1.74984	-0.569832	-0.0699512	-4.20126e-05	-5.07722e-05	-1.16966e-05	0.000161097	0.000368106	0.000227226	0.235915	0.101951	0.233579	0.1	0.00470113
-1.06814	0.502575	1.2205	-2.42153e-07	-4.50788e-07	8.94469e-07	1.37317e-24	8.90132e-24	1.62181e-24	0.235774	0.10177	0.23344	0.1	0.0120457
1.45094	-0.792826	-0.236107	-3.10437e-05	0.000213155	9.13311e-06	-5.50094e-06	-2.31502e-05	8.98518e-05	0.235702	0.101675	0.233368	0.1	0.00397791
1.77164	-3.54916	1.40624	-4.77932e-05	0.000347618	-0.000119953	-0.00118858	-0.00059713	0.000189107	0.235632	0.101585	0.233299	0.1	0.00670802
0.52348	0.953316	0.631288	4.58453e-05	-0.000177001	-0.000206211	-0.00103676	0.000191051	-0.000315491	0.235543	0.10147	0.233211	0.1	0.00736193
-2.31789	3.37241	1.73094	5.50695e-06	-0.000211413	-9.3884e-06	0.000276047	1.0628e-05	0.000330681	0.235542	0.101468	0.23321	0.1	0.00501998
1.85109	3.36548	-0.779244	-5.37862e-05	-0.000325872	-4.59977e-05	-0.000368884	4.5388e-05	-0.000299644	0.235326	0.10119	0.232996	0.1	0.00639232
-2.08473	1.37668	-1.35046	0.00010349	-0.000143712	1.38661e-05	0.000165637	0.000169602	0.000229535	0.235264	0.101109	0.232935	0.1	0.00464327
-0.158182	1.88802	-0.642751	2.12147e-05	-0.000299344	4.38355e-05	-0.000720634	-3.97918e-05	-0.000447786	0.235177	0.100998	0.232849	0.1	0.0070224
-1.99211	-3.88898	-2.09126	6.31611e-05	0.000358872	-5.68013e-06	-0.000478794	0.000204545	-0.00045848	0.235106	0.100905	0.232778	0.1	0.00783576
1.37291	1.05062	-0.441152	-4.63169e-05	-0.000164273	5.11249e-05	0.000296443	-0.000597461	0.000744602	0.23501	0.100782	0.232683	0.1	0.00460052
1.61197	-1.55098	0.846559	5.30742e-06	0.000218786	4.80962e-05	0.000201988	4.64212e-06	0.000171223	0.234827	0.100547	0.232502	0.1	0.00581552
0.151931	1.6686	-1.09807	1.15359e-05	-0.00025436	-0.000107584	0.000718013	0.000133612	-0.000300923	0.234781	0.100487	0.232456	0.1	0.00695598
2.281	-1.20402	-2.43079	3.92837e-06	0.00018777	-2.61889e-05	0.000194642	0.000868441	-0.000552696	0.234742	0.100438	0.232418	0.1	0.00520026
0.0543428	2.96359	-0.467164	-6.99067e-05	-7.48226e-05	8.90482e-05	0.000458302	-0.000440678	5.29348e-06	0.234729	0.100422	0.232405	0.1	0.0112603
0.855655	-0.933154	-0.390443	3.81294e-05	9.1061e-05	6.48995e-05	4.23024e-05	-0.000162466	0.000483092	0.234723	0.100413	0.232399	0.1	0.0073282
-0.731705	2.64261	1.48468	-3.3569e-05	-0.000319871	3.70354e-05	-0.000423321	4.61854e-05	-0.000116353	0.234716	0.100404	0.232392	0.1	0.00805735
-0.456819	-3.82367	-1.43499	-0.000170744	0.000240542	-4.98817e-05	1.27595e-05	0.000219558	0.00109136	0.234391	0.0999882	0.23207	0.1	0.0128583
-0.409445	-1.15333	0.988789	-7.79104e-05	9.43324e-06	-0.00010283	-7.86813e-05	0.000200553	9.55818e-05	0.234228	0.0997805	0.231909	0.1	0.0110553
-1.0151	1.88222	-1.87642	8.42145e-06	-0.000208757	-2.39478e-07	-5.77085e-05	-0.000202992	-0.000425194	0.234163	0.0996969	0.231845	0.1	0.00627001
-0.19915	-0.0962314	-0.0100845	2.64124e-05	-3.79329e-05	2.01892e-05	4.35185e-05	0.000161725	-0.000979894	0.233947	0.0994212	0.231631	0.1	0.00531626
2.40965	-1.99682	-2.34139	4.88232e-05	0.000204075	0.000185112	0.000818932	-2.95984e-05	-2.84385e-05	0.233696	0.0991015	0.231382	0.1	0.0110759
-1.1953	-1.52103	1.18929	2.58045e-05	0.000116095	-8.2964e-05	-0.000354044	-2.091e-05	9.23645e-05	0.23369	0.0990929	0.231376	0.1	0.00633891
-0.0299366	2.18556	2.16316	-0.00015331	-0.00018761	9.64513e-05	-3.62551e-05	-0.000277389	-0.000596918	0.233609	0.0989904	0.231296	0.1	0.00650399
-0.069511	3.80428	-0.0375331	-4.81954e-05	-0.000468848	-1.73881e-05	-9.28082e-05	-0.000479695	-0.000582926	0.233569	0.0989397	0.231256	0.1	0.00635228
-1.2738	-1.90503	0.343751	-2.29507e-07	1.83376e-06	2.675e-07	1.70608e-24	3.75478e-24	-9.0064e-25	0.233337	0.0986457	0.231027	0.1	0.00571188
0.266856	-3.66026	2.06343	-0.00021159	4.17142e-05	8.1541e-05	-4.62154e-05	0.000327321	-0.000251324	0.233285	0.0985791	0.230975	0.1	0.00773929
0.363195	-3.4295	-0.313137	-4.28305e-05	0.00034935	-1.7723e-05	0.000227375	-4.77831e-05	4.25224e-05	0.233155	0.0984158	0.230847	0.1	0.00537479
-1.56262	2.22027	0.480278	-8.25468e-06	-0.000218357	-2.79125e-05	-0.000183051	-4.48457e-05	-0.000136381	0.233116	0.0983655	0.230808	0.1	0.0089482
1.4443	1.35072	-0.0953917	-4.60397e-05	-0.000114955	-7.06208e-06	-0.000589634	0.000920737	-6.62498e-05	0.233102	0.0983481	0.230794	0.1	0.00523393
-1.85967	-0.90403	1.26193	-3.93574e-05	0.000105123	2.40146e-05	4.42862e-05	0.000179176	-2.73796e-05	0.233037	0.0982664	0.23073	0.1	0.00920482
-0.215568	-0.570419	0.654697	-4.85562e-06	-6.10685e-05	7.06829e-06	8.74364e-06	-3.8259e-05	-0.000301161	0.232987	0.0982018	0.23068	0.1	0.00722006
2.49406	-1.59967	2.43835	-4.258e-05	6.07184e-05	-0.000107667	-0.000340995	0.000174383	-0.000504277	0.23297	0.0981807	0.230663	0.1	0.00868399
-1.74141	-2.97637	-0.219794	-7.24268e-05	0.000397947	5.00904e-05	-0.000152971	5.27156e-05	-7.6022e-05	0.232853	0.0980333	0.230548	0.1	0.00772157
1.14068	2.55076	1.52494	-0.0001233	-0.000161543	5.22309e-05	-0.000614939	0.000131231	-0.000587982	0.232841	0.0980185	0.230536	0.1	0.0111802
2.29412	-3.66541	1.79629	4.3117e-05	0.000402477	1.12047e-05	4.72602e-05	-1.02837e-05	-0.000161902	0.232838	0.0980137	0.230533	0.1	0.0101341
-1.37376	3.92001	-0.682287	-7.56839e-06	-0.000369006	4.12905e-05	0.000178899	-0.000537215	-4.752e-05	0.232645	0.0977704	0.230342	0.1	0.00563955
2.25484	2.22246	-0.760246	-5.82501e-05	-0.000276956	5.50433e-05	-0.000205101	2.88249e-05	0.000400309	0.232529	0.0976247	0.230227	0.1	0.00981584
-0.100026	-0.274915	2.2777	9.86906e-05	-4.83819e-05	6.70852e-06	0.000250053	-0.000664945	-0.000323614	0.232356	0.0974063	0.230055	0.1	0.00909469
2.38158	1.38268	-0.559257	0.000353211	-0.000293563	-0.000148203	-0.00123372	-0.00166008	0.000689212	0.232305	0.0973426	0.230005	0.1	0.00608667
-1.03455	1.21693	0.934669	-3.0356e-05	-4.80162e-05	-1.4928e-05	-0.000231924	0.000117116	0.000138495	0.232166	0.097167	0.229867	0.1	0.00833184
-2.23112	4.03836	-2.45834	3.26117e-07	-0.00040519	-2.31827e-07	5.47336e-18	1.26284e-19	-3.58407e-18	0.232017	0.0969806	0.22972	0.1	0.00776765
0.58111	-2.04734	-0.541794	8.58141e-05	0.000248082	-3.96366e-05	-0.000368954	8.47496e-05	-0.000346434	0.231839	0.0967586	0.229544	0.1	0.00741273
1.68623	-2.91399	-1.64457	0.000319555	0.000558416	0.000137784	0.000327013	0.000148173	-0.0010495	0.231804	0.0967136	0.229509	0.1	0.0099707
-0.594497	-3.1439	-0.0249135	-5.57501e-05	0.000161331	0.000146055	0.000824249	-5.61566e-05	0.000403078	0.231661	0.0965346	0.229367	0.1	0.0112074
0.265487	1.9934	-0.790613	4.52734e-06	-0.000370628	2.0869e-05	0.000106339	3.45296e-05	0.000494137	0.231371	0.0961726	0.22908	0.1	0.00717059
1.88696	0.531235	1.5642	-0.000242365	-0.000347419	-7.97716e-05	0.000570634	0.000167353	0.000109728	0.231332	0.0961243	0.229042	0.1	0.00756417
-1.57484	3.76243	0.812293	-6.54455e-05	-5.95241e-05	-0.000157382	-3.5593e-05	8.93742e-05	-0.000469596	0.231276	0.0960544	0.228986	0.1	0.00921735
0.680423	1.07883	-1.9084	6.47927e-06	-0.000130287	-9.14411e-06	0.00034692	0.00015882	-0.000464662	0.231257	0.0960307	0.228967	0.1	0.0106599
1.77177	1.49809	-0.545768	0.000109843	-0.000343929	-5.52181e-05	-0.000332838	0.000551933	-0.000306135	0.231228	0.0959953	0.228939	0.1	0.00548129
0.580637	0.806518	1.23141	8.80789e-05	-0.000246365	-4.43969e-05	-0.000550668	0.000247357	0.000239975	0.231098	0.0958324	0.22881	0.1	0.00426182
-0.411711	2.6018	-1.73192	-6.76553e-05	-0.000268835	5.39415e-06	-0.00018643	-0.00015542	-0.000272237	0.231097	0.0958312	0.228809	0.1	0.00892711
1.40071	3.41123	2.13513	-0.000368896	-0.000429358	2.76221e-05	0.000389522	-0.000233728	-0.00194492	0.230968	0.0956712	0.228681	0.1	0.0104103
1.5069	1.13691	-2.22781	2.4509e-05	-7.99957e-05	3.77446e-06	-0.000416566	3.07936e-05	-9.24285e-05	0.230925	0.0956178	0.228639	0.1	0.00452651
-1.00509	-0.625809	1.87449	4.57133e-05	3.76323e-05	-1.85404e-05	1.83289e-05	-0.000147049	-0.000263359	0.230853	0.0955284	0.228567	0.1	0.0111606
2.43022	-0.273843	-0.97604	5.48986e-07	-2.68924e-07	1.24894e-06	1.46869e-09	1.26187e-09	-2.42179e-10	0.230603	0.0952189	0.22832	0.1	0.0115197
0.0739523	-0.591399	-2.31254	5.98536e-05	-1.06603e-05	8.76656e-05	0.00120169	0.000270939	3.71012e-05	0.230371	0.0949306	0.22809	0.1	0.00464895
-0.25082	-1.77298	-1.27125	7.56886e-05	0.000262954	-7.4442e-05	-0.000315648	6.99998e-05	-9.80056e-05	0.230367	0.0949265	0.228086	0.1	0.00892978
-0.0798303	3.99491	-1.38253	-2.36334e-05	-0.000351545	-2.47025e-05	-7.34121e-05	-0.000322425	4.31195e-05	0.230224	0.0947498	0.227945	0.1	0.00492169
0.642417	1.20686	0.265737	1.99494e-05	-0.00020499	-0.000233124	0.000980071	8.79716e-05	0.000119159	0.22985	0.0942887	0.227574	0.1	0.00810085
-1.68192	-2.21752	0.401941	-2.26696e-05	0.000266243	6.52492e-05	0.000479711	2.31894e-05	0.000339733	0.22984	0.0942757	0.227564	0.1	0.0061511
0.202787	3.98262	0.283598	-9.54414e-05	-0.000488367	2.66824e-05	-0.000272312	-0.000131112	-8.69179e-05	0.229772	0.0941929	0.227497	0.1	0.00471287
-0.0584996	3.13623	-1.36743	-3.40113e-05	-0.000329475	8.30605e-06	-1.58948e-05	-6.30076e-06	0.00012625	0.229716	0.0941249	0.227442	0.1	0.00637718
2.35283	3.58095	-1.04257	-7.02642e-05	-9.1837e-05	-0.000120703	0.000274041	0.0005405	-0.000569064	0.229675	0.0940734	0.227401	0.1	0.00884383
0.897234	-2.90502	1.03765	-7.06653e-05	0.000241539	-7.44438e-07	-8.69337e-05	-0.000131367	0.000768266	0.229635	0.094024	0.227361	0.1	0.00614749
0.794839	-3.5539	-2.29113	-0.00011712	0.000463402	7.58658e-05	0.000759177	-0.000160101	0.000411555	0.229633	0.0940217	0.227359	0.1	0.00724384
-0.49612	3.6511	-0.0904053	-7.09996e-05	-0.000350191	-3.8321e-05	-0.000279725	0.000253106	8.57375e-05	0.229597	0.0939779	0.227324	0.1	0.00939576
1.88182	0.403206	0.996392	5.64073e-05	-3.09228e-05	-4.76792e-05	2.97867e-05	-0.000317351	0.000239018	0.229587	0.0939654	0.227314	0.1	0.00850151
0.55166	-1.024	-0.0372696	0.000133343	4.14831e-05	9.707e-05	-0.000127932	-0.000301928	0.000876021	0.229559	0.093931	0.227286	0.1	0.00691126
-0.757854	0.137274	0.00185238	-6.94447e-05	7.55133e-05	3.25686e-06	-0.000327409	0.000359827	-0.000255816	0.229502	0.0938617	0.22723	0.1	0.00680953
-0.107776	-0.810214	-0.460953	6.7317e-05	4.50791e-05	-5.15418e-05	-0.000189117	-7.84625e-05	0.000182994	0.229294	0.0936058	0.227024	0.1	0.00629681
-1.04151	-3.01252	1.31125	-3.14177e-05	2.15956e-05	7.8887e-06	6.74457e-05	2.44718e-05	0.000173106	0.229262	0.0935673	0.226992	0.1	0.00741996
2.35787	1.22163	-1.15736	6.10127e-05	-0.000310676	-1.97106e-05	0.000139675	-0.00053522	0.000101123	0.229043	0.0932983	0.226775	0.1	0.00668549
2.27853	0.644086	1.36403	-0.00021273	0.000111051	0.000256558	0.000675488	-0.0014586	0.00153245	0.229023	0.0932736	0.226755	0.1	0.0056875
2.05844	-3.89755	1.48278	-5.75228e-05	0.000448356	9.49275e-05	1.45972e-05	0.000580609	-8.46465e-05	0.22902	0.0932701	0.226752	0.1	0.00703971
2.18216	2.60332	-2.01226	-1.99864e-05	-0.000128689	-6.08794e-05	0.00137399	3.85754e-07	-0.000382845	0.228994	0.0932399	0.226727	0.1	0.00826939
0.34793	-3.29508	2.33159	-8.13874e-05	0.000110316	8.42596e-05	-9.16359e-05	-0.000450397	0.000685992	0.228978	0.0932202	0.226711	0.1	0.00618734
1.17966	2.71706	-1.06377	-0.000104613	-0.000329474	-6.89552e-06	0.00061549	-0.000493191	0.0002685	0.228925	0.093155	0.226658	0.1	0.00694187
0.105057	0.678663	0.207363	3.33817e-06	-0.000121291	-2.93894e-05	-0.00058666	-3.38421e-05	1.58622e-05	0.228769	0.0929649	0.226504	0.1	0.0101552
1.50523	-1.04141	2.12262	-8.94357e-05	9.33528e-05	6.46293e-05	0.00026348	0.000248934	-0.000123595	0.228681	0.0928573	0.226417	0.1	0.00517546
0.126999	1.55383	-0.103123	-5.13722e-05	-0.000197972	-5.05348e-05	4.67587e-05	0.000433909	-0.000428622	0.228633	0.0927983	0.226369	0.1	0.0089747
-0.82841	3.96031	-1.35822	-4.19067e-11	3.65718e-07	-1.08183e-09	0	0	0	0.228527	0.09267	0.226264	0.1	0.00967759
0.953837	0.833082	-2.17655	-1.12249e-06	-9.55072e-05	-4.56261e-05	0.000202332	-0.000367496	0.000167778	0.228372	0.0924815	0.226111	0.1	0.00932812
1.20891	-3.43316	-2.15164	-3.90301e-05	0.000352705	-5.49254e-05	-0.000976618	9.89539e-05	-6.06291e-05	0.228275	0.0923635	0.226015	0.1	0.00676708
0.437058	-0.981003	1.23377	3.49185e-05	0.000128654	2.53427e-05	-0.000376549	-0.000129298	0.000183115	0.228269	0.0923562	0.226009	0.1	0.00472147
2.38633	-1.91479	1.78308	2.70953e-06	0.000322638	4.37276e-05	-0.000121283	-0.000285306	0.000652088	0.228148	0.0922089	0.225889	0.1	0.00855104
0.221606	3.74152	-0.385982	-1.44494e-05	-0.000513481	-1.19567e-05	0.000173664	-7.58485e-05	-0.000495143	0.227891	0.0918988	0.225635	0.1	0.00525705
1.06743	-0.110947	-0.727429	-6.88788e-05	-0.00011773	3.01092e-05	-0.000424508	0.000213108	-0.00012673	0.2278	0.0917882	0.225545	0.1	0.00834028
-2.00675	-2.68864	1.5061	-2.49732e-05	0.000362526	1.95025e-05	-5.42353e-05	4.47489e-05	0.000201373	0.227735	0.0917093	0.22548	0.1	0.0121984
1.00563	1.19377	0.536078	-0.000106998	-0.000197956	-6.70999e-05	0.000156712	-0.000880624	0.000586184	0.227721	0.0916929	0.225466	0.1	0.00577932
1.70942	-2.36702	-2.24906	-3.5583e-05	0.000266448	0.00011404	-0.000313393	0.000532067	-0.000151898	0.227719	0.0916894	0.225464	0.1	0.00794883
1.60609	-0.535422	0.123569	-0.000127393	0.000107973	2.65223e-05	0.000173167	-0.000261755	0.000442778	0.227657	0.0916158	0.225403	0.1	0.0055442
2.14546	-3.50266	-0.790727	9.16544e-05	0.000248819	-0.000107956	-0.000734602	4.47343e-05	-0.000526282	0.227655	0.0916129	0.225401	0.1	0.00869297
-1.71763	1.91654	-1.1419	2.78593e-05	-0.000168637	4.15152e-06	0.000235289	0.0001776	0.000353713	0.227637	0.0915917	0.225383	0.1	0.00599207
2.32508	-3.86057	-1.00739	-5.64466e-08	4.77876e-07	6.69573e-08	-1.50567e-24	-8.47276e-25	1.72045e-24	0.227625	0.0915767	0.225371	0.1	0.0105231
-2.39247	-3.63384	-1.94376	4.2808e-05	0.000449794	3.59151e-05	-0.000324187	-6.59398e-05	-6.38515e-05	0.227598	0.0915445	0.225345	0.1	0.00464113
1.12779	-1.71458	0.774356	3.08258e-05	0.000217276	3.86021e-05	-8.14864e-06	9.16679e-05	0.000106489	0.227427	0.0913378	0.225175	0.1	0.00516636
-0.934815	1.65235	1.9569	-4.87518e-05	-8.23468e-05	-7.99291e-05	-0.000347293	-3.52729e-05	2.57197e-05	0.227288	0.0911706	0.225038	0.1	0.00668949
1.17467	3.14948	-1.27407	-9.32489e-05	-0.000305647	2.61514e-05	0.000542546	-0.000306761	1.5449e-05	0.227272	0.0911519	0.225022	0.1	0.00676151
