-1.39319	1.22919	-1.02775	3.26209e-05	-0.000134831	3.96554e-06	-0.000247163	-9.35291e-05	1.58391e-05	0.55482	1.32612	0.549327	0.1	0.0192024
2.15458	3.65694	2.23905	-3.28895e-05	-0.00032011	2.96253e-05	2.4131e-07	5.22896e-05	0.000121597	0.554711	1.32533	0.549219	0.1	0.0181208
-0.83188	-1.28983	-0.905079	4.5782e-05	0.000184119	-8.48512e-05	-5.42978e-05	-2.77464e-05	-0.000226284	0.554426	1.32329	0.548937	0.1	0.021817
-0.0771834	1.24503	-1.97142	-1.01735e-06	-0.000261776	-7.77099e-05	0.00016412	-5.19175e-05	-4.00918e-05	0.552434	1.30908	0.546964	0.1	0.0192737
2.47473	-3.38113	1.09903	2.59234e-05	0.00032899	-4.28238e-05	-0.000101656	0.000165371	-3.59697e-05	0.551275	1.30086	0.545817	0.1	0.0258625
-0.316851	-3.47084	-0.67787	-3.82415e-05	0.00041682	2.90388e-05	0.000235586	0.000189281	1.3166e-05	0.548893	1.28407	0.543458	0.1	0.0199142
-2.01388	0.746393	-1.78948	0.000155734	-1.12519e-05	1.6596e-05	9.00972e-05	-2.08197e-05	-0.000287982	0.548822	1.28357	0.543388	0.1	0.02111
1.80277	-4.04645	-0.352367	-8.01997e-06	0.000305028	-3.17344e-05	0.000146054	2.66138e-05	1.61483e-05	0.547774	1.27623	0.54235	0.1	0.0201643
-1.92392	-0.414438	0.671585	-5.89534e-05	2.23355e-05	3.04766e-05	-0.000229871	-6.60246e-05	0.000106912	0.547358	1.27333	0.541939	0.1	0.0245877
-0.85566	-0.133834	0.728111	-7.73689e-05	-5.69763e-05	-2.57721e-06	1.28939e-05	-2.81999e-05	-9.49491e-05	0.546952	1.2705	0.541537	0.1	0.0203874
2.09779	0.373828	-1.24911	3.23866e-05	-5.70224e-05	-2.07704e-05	-6.74752e-05	0.000159195	-0.000151938	0.546649	1.26839	0.541237	0.1	0.0245322
1.20563	2.63274	-1.8236	-6.60782e-05	-0.000200459	6.47273e-05	-7.97048e-05	0.000328348	8.5588e-06	0.545348	1.25936	0.539949	0.1	0.0209912
-2.42127	-2.42722	0.435592	9.60595e-06	0.000194847	-4.83772e-06	7.12478e-05	-0.000107322	-0.000115336	0.545169	1.25811	0.539771	0.1	0.0222794
-0.0552454	-3.17885	-2.03115	-3.86029e-05	0.000332664	6.54461e-05	-3.81601e-05	-0.000138011	-4.08022e-05	0.544719	1.255	0.539326	0.1	0.018617
-0.628334	3.39802	1.30506	2.40247e-05	-0.000356134	-5.92652e-05	0.000204635	4.31737e-05	-0.000184416	0.543689	1.24789	0.538306	0.1	0.0191215
2.17424	-2.55001	2.16366	0.000103294	0.000300974	4.1662e-05	-8.08239e-05	-2.61148e-05	-9.24585e-05	0.541854	1.2353	0.536489	0.1	0.0301544
1.50001	-2.04868	-1.30211	4.82126e-05	0.000243859	7.2785e-05	7.40762e-05	8.98042e-05	-9.32375e-05	0.540595	1.22671	0.535243	0.1	0.0269195
2.11702	2.88317	-1.30159	-1.83271e-05	-0.000328745	-2.47652e-05	-8.51268e-05	-0.000109836	0.000133171	0.540372	1.22519	0.535022	0.1	0.0198888
0.241439	2.26641	-2.12445	3.82319e-06	-0.000289572	1.32191e-05	-0.00019389	-0.000554117	0.000103305	0.540364	1.22514	0.535014	0.1	0.0178112
1.53441	1.90071	1.53568	-4.97788e-05	-8.15849e-05	4.07809e-05	-0.000141729	2.645e-05	0.000131839	0.537534	1.20599	0.532212	0.1	0.0222151
1.81653	-3.02846	-0.0145554	-8.48754e-06	0.000258245	1.16705e-05	-3.29434e-05	0.00013048	2.92747e-05	0.536704	1.20041	0.53139	0.1	0.0228166
-1.68052	1.63129	0.935618	-5.6525e-05	-0.000104143	0.000130992	0.000145447	2.65968e-05	0.000193055	0.536645	1.20002	0.531332	0.1	0.0216804
0.659344	-1.90743	0.207822	5.78531e-05	0.000243704	5.66686e-05	8.01302e-05	-1.45198e-05	-1.367e-05	0.536462	1.19879	0.53115	0.1	0.0215179
0.370119	3.55234	1.65326	-1.61158e-05	-0.000396828	1.34183e-05	-0.000168745	-0.000185575	0.000142446	0.53632	1.19784	0.53101	0.1	0.0240701
-1.13493	-2.62574	0.058032	-3.672e-05	0.000282631	-1.84537e-05	5.17431e-05	2.24655e-05	-0.000259302	0.535344	1.19131	0.530044	0.1	0.0191346
-0.264751	-2.53753	-1.20221	5.33302e-06	0.00037728	3.96345e-05	-0.000254938	-3.96469e-06	-0.000218193	0.534798	1.18767	0.529503	0.1	0.0179877
1.35713	3.9272	1.56578	-5.72533e-05	-0.00036477	6.96566e-05	-2.493e-05	2.74362e-05	-5.93001e-05	0.534761	1.18742	0.529466	0.1	0.0193097
0.800919	1.55747	-0.444367	6.34125e-06	-0.000264318	-4.2421e-05	0.000220605	-0.000464195	-0.000296189	0.534328	1.18454	0.529038	0.1	0.0202873
-1.44134	3.82139	0.0624244	-5.99365e-05	-0.000333878	3.6493e-05	0.000178471	0.000145281	0.000110726	0.533494	1.179	0.528212	0.1	0.0192684
-0.507372	1.98337	-1.31924	-5.99668e-05	-0.000305588	-5.31855e-05	0.000327305	0.000139243	6.80041e-05	0.533315	1.17782	0.528035	0.1	0.0181373
-0.360683	3.58004	-0.826865	-6.20047e-05	-0.00033346	-2.54098e-05	-0.000132459	6.91337e-05	-2.71478e-05	0.533292	1.17767	0.528012	0.1	0.0185014
-2.02079	-1.20178	-2.13157	2.19254e-05	2.47072e-05	-0.000168713	7.71164e-05	-0.000232347	0.000290029	0.533023	1.17589	0.527746	0.1	0.0232674
-1.75594	-3.15993	-2.2059	-1.75252e-05	0.000337675	-1.06473e-05	-3.10709e-05	0.000146409	6.20237e-06	0.53279	1.17434	0.527515	0.1	0.0264292
-0.0150089	-2.55308	1.02062	7.70056e-05	0.00027389	-3.27578e-05	-7.64099e-05	-1.63065e-06	-0.000112652	0.532572	1.1729	0.527299	0.1	0.0266664
-1.44846	3.61929	-1.71281	-6.28794e-05	-0.000375086	-2.51748e-05	-6.74264e-05	0.000139686	-0.000115684	0.532055	1.16949	0.526787	0.1	0.0217134
0.457332	3.28394	-2.32863	-4.00361e-05	-0.000316255	1.50599e-05	8.1156e-05	7.22488e-05	7.83886e-05	0.531483	1.16572	0.526221	0.1	0.0263697
2.4131	0.167951	-2.48195	7.21164e-05	8.8463e-05	1.64672e-05	-0.000144188	-4.31634e-05	-8.11372e-05	0.530981	1.16242	0.525724	0.1	0.0215604
-0.178388	-1.21244	-1.75337	4.95812e-05	0.000155319	-6.31799e-05	9.00261e-05	1.99553e-05	9.5053e-05	0.53052	1.15939	0.525267	0.1	0.0211403
-0.933864	-3.52814	0.583529	3.26352e-05	0.000399912	1.66203e-05	-1.02641e-05	0.000138081	-0.000169583	0.529592	1.15332	0.524349	0.1	0.0192851
-0.071648	-3.64055	1.37925	-3.85948e-05	0.000367505	-4.24944e-05	0.000127926	-1.99032e-05	-1.15948e-05	0.528499	1.14619	0.523266	0.1	0.0229329
2.04864	0.787278	-0.244012	3.00488e-05	5.03535e-06	3.63642e-05	-9.15148e-05	0.000239874	0.000112696	0.527475	1.13954	0.522252	0.1	0.0247689
0.56101	3.57742	-1.32842	-5.80695e-05	-0.000384561	1.9572e-05	5.59828e-05	-0.000122812	-4.13918e-05	0.527182	1.13765	0.521962	0.1	0.0200803
-2.41741	0.793712	0.652859	5.4741e-06	-7.14608e-05	4.35537e-05	0.00038836	-0.000293097	8.23465e-05	0.527004	1.1365	0.521786	0.1	0.0276107
2.41875	-1.18161	1.75847	-9.83293e-05	0.000304353	6.56069e-05	0.000108073	0.000230851	-0.000332976	0.526785	1.13507	0.521569	0.1	0.0207751
0.0799753	-3.37722	0.380205	1.35346e-05	0.000292703	-3.94038e-05	0.000103396	-7.81987e-06	-4.99766e-05	0.526637	1.13412	0.521423	0.1	0.0182381
0.543591	2.78108	0.962104	-9.85513e-06	-0.000340354	-2.71058e-05	0.000248929	0.000232492	0.000125086	0.524764	1.12206	0.519568	0.1	0.0174269
-2.43387	3.93758	0.37269	-6.07545e-05	-0.000386464	2.32314e-05	-0.000392933	-0.000150452	5.5709e-05	0.523709	1.11531	0.518524	0.1	0.0243044
-2.48477	3.74261	-1.76063	-4.52559e-05	-0.000325027	1.12591e-05	6.02811e-05	-6.62908e-05	8.61516e-06	0.523479	1.11384	0.518296	0.1	0.0189587
1.49116	0.944759	2.0475	7.04661e-05	-3.26029e-05	-8.77251e-05	4.2312e-05	-0.000104656	6.38003e-05	0.521989	1.10436	0.516821	0.1	0.0194397
-1.83863	-1.90753	-0.275022	-2.37312e-05	0.000248512	1.30716e-05	0.0003019	0.00038467	-0.000132676	0.521432	1.10083	0.516269	0.1	0.0215289
-0.404345	1.82878	1.47211	-7.46015e-06	-0.000306282	-0.000124309	-4.01706e-05	-4.01767e-06	9.36865e-05	0.521217	1.09946	0.516056	0.1	0.0236655
-2.00727	-3.92826	1.8429	4.36986e-05	0.000412981	-1.32801e-05	-0.000195366	-1.48416e-05	-7.44301e-05	0.518617	1.08309	0.513482	0.1	0.0170371
2.09246	-0.0967008	0.465391	-3.46665e-05	7.6513e-06	-1.5376e-05	-0.00033582	0.000157018	-0.000237759	0.517898	1.07859	0.51277	0.1	0.0223465
2.33426	-1.08165	-0.936668	6.1451e-05	0.000187206	6.08344e-05	-2.95513e-05	0.000146274	2.21421e-05	0.517716	1.07746	0.51259	0.1	0.0245153
1.5752	3.77754	-1.34077	-6.08497e-05	-0.000375128	-3.64793e-05	8.28542e-05	6.93412e-05	-4.71966e-05	0.5171	1.07361	0.51198	0.1	0.0171469
-1.86632	2.69855	-1.47911	-0.000103694	-0.00032163	2.30618e-05	-8.87979e-06	-7.00556e-05	1.91557e-06	0.516716	1.07123	0.5116	0.1	0.0213589
-1.94475	0.349537	-0.815678	-2.91439e-07	-9.42304e-05	-1.87599e-05	8.16152e-05	-0.000200352	8.46111e-05	0.515931	1.06635	0.510823	0.1	0.0248951
1.15596	3.25609	-0.548173	-8.91447e-05	-0.000425619	1.92863e-05	-0.000131311	0.000149239	-0.000202153	0.515901	1.06617	0.510793	0.1	0.0144516
1.53904	2.08815	-0.947254	8.00201e-05	-0.000329197	5.01771e-05	0.000234436	0.000594083	-0.000146276	0.51576	1.06529	0.510653	0.1	0.0170951
-1.91352	-2.08385	1.95513	7.88833e-05	0.000260985	-4.43883e-06	-7.86653e-05	4.95268e-05	6.3771e-05	0.514995	1.06056	0.509896	0.1	0.026859
-0.425131	3.55281	-1.86086	-5.27854e-05	-0.000415629	-7.24621e-06	-1.73673e-05	-0.000112771	6.17888e-05	0.514003	1.05444	0.508914	0.1	0.0209658
0.729696	0.110838	2.46286	4.94635e-05	3.50347e-05	-1.68328e-05	3.80183e-05	0.000251858	-5.01702e-05	0.512599	1.04583	0.507524	0.1	0.019144
0.542478	-0.351259	1.58008	-1.20893e-05	0.000110781	-2.35055e-05	7.87944e-05	-9.61471e-05	5.40365e-05	0.51184	1.04118	0.506772	0.1	0.0188459
-2.05893	-3.55659	-1.30104	3.44802e-05	0.000414785	1.91811e-05	-3.74125e-05	3.54306e-05	-0.000235011	0.511673	1.04017	0.506607	0.1	0.0219557
-0.45096	0.831502	0.699547	2.41092e-05	-0.000131112	-2.6763e-05	5.81063e-05	0.000373081	-0.000144283	0.511494	1.03908	0.50643	0.1	0.0241624
0.879076	-3.24625	-1.51627	-1.86726e-05	0.000336909	8.13796e-05	0.000107883	-8.26497e-05	0.00015475	0.510448	1.03272	0.505394	0.1	0.0179425
-1.24048	3.52515	2.14446	-6.07092e-05	-0.000400997	-7.63727e-05	-0.000467889	-0.000447463	-0.000168593	0.509646	1.02785	0.5046	0.1	0.0223476
0.830849	-2.78241	-2.41034	-3.79817e-05	0.000284843	7.37712e-05	-0.000200275	2.96964e-05	7.24263e-05	0.508542	1.02119	0.503507	0.1	0.0206127
-0.640508	-0.442633	-2.2538	6.44884e-05	0.00016581	2.7961e-06	-4.01619e-05	0.000114828	-0.000189135	0.508425	1.02048	0.503391	0.1	0.0189037
1.43749	-0.4273	-1.34328	7.15619e-05	-7.01652e-05	2.45923e-05	2.53266e-05	-8.40069e-05	0.000249815	0.506867	1.01114	0.501849	0.1	0.0200382
1.37295	1.81942	-2.44852	-7.68531e-05	-0.000129575	1.31473e-05	0.000215989	-0.000108785	0.000156056	0.505037	1.00022	0.500037	0.1	0.0190201
-1.19547	2.73616	-2.23562	-9.55284e-05	-0.000314314	2.46556e-05	0.000219791	0.000175234	0.000299145	0.504957	0.999745	0.499957	0.1	0.022946
-2.29712	-3.44837	-0.329961	-1.0451e-05	0.000348062	-9.06036e-06	0.000204554	-0.000141738	6.49521e-05	0.504939	0.999642	0.49994	0.1	0.0195781
-0.180212	-0.441718	-1.07897	5.38914e-05	5.50322e-05	3.67476e-06	0.0001314	1.69069e-05	-7.20883e-05	0.504901	0.999415	0.499902	0.1	0.017809
0.425278	-0.352691	-0.288776	2.81532e-05	-7.79947e-06	2.39827e-05	0.000110095	-0.000142063	-9.50891e-05	0.504788	0.998742	0.49979	0.1	0.0161167
0.687116	-0.701033	-1.94475	8.89647e-05	5.79068e-05	-6.01057e-06	0.000208898	2.95689e-05	-0.000357545	0.503937	0.993701	0.498948	0.1	0.0204965
-1.00771	-2.27231	1.41537	3.5897e-05	0.000322494	3.41896e-05	1.27999e-05	-0.000109733	-0.000152682	0.503345	0.990196	0.498361	0.1	0.0189243
-1.03827	0.376201	-1.79638	0.000112604	-7.88342e-05	-9.92489e-05	-0.00011002	-0.000146477	0.000295783	0.503196	0.989325	0.498214	0.1	0.0191615
1.32703	-1.48762	-0.452698	0.000104826	0.000205551	9.3605e-05	3.66898e-05	-0.000110727	-0.000109162	0.502585	0.985721	0.497609	0.1	0.0208334
-0.917772	0.82622	-0.187929	-5.31513e-05	-0.000139758	3.04671e-05	-9.95765e-05	-0.000194189	-6.87639e-05	0.501771	0.98094	0.496803	0.1	0.0194509
0.27117	-2.68445	-0.339449	2.12104e-05	0.000322425	2.69281e-05	4.8407e-05	0.000104462	-7.03531e-05	0.501401	0.978774	0.496437	0.1	0.021099
2.33408	-1.48491	0.788771	1.29597e-05	0.000170056	-2.70896e-06	-3.53541e-05	-1.95702e-05	5.3275e-05	0.501352	0.978484	0.496388	0.1	0.0175667
-1.54766	1.42029	2.25389	1.87216e-05	-5.34252e-05	2.13381e-05	5.86365e-05	0.000355521	0.000275212	0.501333	0.978374	0.496369	0.1	0.0197304
-0.428763	2.80785	2.12948	-6.10567e-05	-0.00036116	-6.4909e-05	-0.00016326	-0.000264225	0.000203306	0.500305	0.972365	0.495351	0.1	0.0231547
1.75034	-1.94759	1.44219	4.73277e-05	0.000200806	1.44459e-05	-3.92603e-05	6.29891e-05	-5.67055e-06	0.500134	0.971369	0.495182	0.1	0.0141382
-0.339658	-2.14053	-2.14308	6.93405e-05	0.000169853	-3.19499e-05	-0.000152036	-5.5805e-06	-6.30327e-05	0.500114	0.971254	0.495162	0.1	0.0230972
1.21384	3.96055	-2.42175	-5.93508e-05	-0.000334587	4.7605e-05	-2.16749e-05	-5.78986e-05	-8.54385e-05	0.499003	0.964792	0.494062	0.1	0.0205894
0.499465	-1.93075	-1.50696	7.93485e-05	0.000246896	1.2734e-05	-0.000135554	-0.000227886	7.9141e-05	0.49838	0.96119	0.493446	0.1	0.017697
-0.12078	-1.25307	0.108153	7.04587e-05	0.000196589	5.91249e-07	-0.000176445	-7.96586e-05	5.8524e-05	0.498014	0.959069	0.493083	0.1	0.0161002
-1.11517	-1.59566	-1.8595	2.44598e-05	0.000252567	-8.76834e-05	2.20831e-05	-4.56807e-05	-0.000272263	0.49782	0.957951	0.492891	0.1	0.0211434
1.50949	-3.33239	2.11167	3.08997e-05	0.000410386	5.73461e-05	1.75405e-05	5.94083e-06	-0.000135847	0.497807	0.957872	0.492878	0.1	0.0176655
-2.27273	2.71067	-0.492982	-6.20323e-05	-0.000225156	9.57325e-06	-8.63247e-05	9.88805e-06	-1.93517e-06	0.497805	0.957862	0.492876	0.1	0.0229766
-1.6254	-2.86621	0.920677	3.49674e-05	0.000347159	2.88425e-05	-0.000234689	0.000115606	0.000376414	0.496356	0.949524	0.491442	0.1	0.0162734
-1.29632	2.69637	0.960696	-1.17743e-05	-0.000317008	1.0015e-05	-0.000399953	-2.68455e-05	5.92719e-05	0.495653	0.945496	0.490746	0.1	0.0185555
-0.917722	-3.73165	-2.13291	-2.89687e-05	0.000364464	-4.24808e-05	3.35334e-05	-9.5858e-05	-1.83446e-05	0.495534	0.944815	0.490628	0.1	0.020361
-1.34764	-3.45762	-0.60877	-9.90067e-06	0.000389074	9.24002e-05	-0.000131053	-6.07247e-05	1.44904e-05	0.49547	0.944444	0.490564	0.1	0.0175963
-1.26384	2.3036	1.86996	6.22688e-07	-3.54914e-08	5.08515e-07	-5.34394e-07	-4.92031e-07	4.8683e-08	0.495413	0.94412	0.490508	0.1	0.0206562
2.42145	1.90959	-1.38218	7.7164e-05	-0.000293603	0.000110392	-7.93636e-05	-0.000208825	5.13908e-05	0.493724	0.934499	0.488836	0.1	0.0171708
-1.72533	1.77825	-1.84275	-1.67279e-05	-0.000257563	-2.82241e-05	0.000118607	0.000112113	0.000197066	0.493582	0.933695	0.488695	0.1	0.015979
0.807797	1.67013	-1.51522	-4.30692e-05	-0.000193598	0.000144044	2.55464e-05	-0.000133779	0.000234847	0.493482	0.933124	0.488596	0.1	0.0210749
0.888054	0.527	-0.427517	-5.76921e-05	-0.000109358	-2.38533e-05	-0.000177145	0.000209954	-0.000262831	0.49325	0.93181	0.488366	0.1	0.0223283
0.685511	4.05083	0.812297	-1.21223e-05	-0.000471411	2.99904e-05	-0.000242455	-0.000116406	6.86131e-05	0.492733	0.92888	0.487854	0.1	0.0191445
0.151585	0.0476607	0.598298	4.62872e-05	-0.000101018	-3.88949e-05	-0.000158922	-0.000199339	0.000242686	0.492579	0.928012	0.487702	0.1	0.0182263
1.26787	2.6939	0.268037	3.28263e-06	-0.000362127	1.79231e-05	4.51459e-05	-1.25698e-05	0.000351992	0.492206	0.925909	0.487333	0.1	0.0149043
0.756197	0.255366	-1.55458	-1.68797e-05	-0.000190097	1.86152e-05	0.000434176	-0.000371073	0.00018681	0.490982	0.919016	0.486121	0.1	0.0221054
-1.21199	-2.24888	-0.97843	-3.82288e-05	0.0002344	1.09059e-05	-0.000295677	-0.000414718	1.8075e-05	0.490889	0.918492	0.486029	0.1	0.0209941
-0.402014	-0.642746	1.49506	2.47411e-05	2.47128e-05	-5.16628e-05	-0.000170607	0.000309241	0.000119376	0.490378	0.915628	0.485523	0.1	0.0212897
1.57993	-2.89121	1.24256	-1.84998e-05	0.000230678	-2.6374e-05	7.56436e-05	6.11342e-05	-6.24406e-05	0.489482	0.910617	0.484636	0.1	0.0205124
-2.1961	2.80647	1.31931	2.14353e-05	-0.000195399	1.34026e-05	-8.11156e-05	9.84461e-05	-0.000114063	0.489469	0.910544	0.484623	0.1	0.0156946
2.26421	-2.47699	-1.82264	1.87238e-05	0.000266019	3.79656e-05	0.000147184	-0.000127231	-3.12947e-05	0.489084	0.908401	0.484242	0.1	0.0175568
-2.1574	1.01153	1.59982	5.97951e-05	-0.000125282	4.1437e-05	-4.14155e-05	0.00045995	0.000271194	0.488971	0.907768	0.48413	0.1	0.0227229
0.971183	-1.97972	2.0336	3.87874e-05	0.000180208	-6.65786e-06	-2.47957e-05	-5.93326e-05	-0.000264873	0.4888	0.906812	0.48396	0.1	0.0195055
1.58692	-2.1886	0.505408	4.84787e-05	0.000246803	6.67175e-06	-8.58985e-06	0.000111497	1.37032e-05	0.488326	0.904178	0.483491	0.1	0.0198706
-0.718753	-0.546298	-0.199334	3.9236e-06	8.68087e-05	-2.48263e-05	0.000259551	-9.69356e-05	0.000272515	0.48828	0.903926	0.483446	0.1	0.0160179
-2.01389	3.02872	0.392769	-3.27959e-05	-0.000360879	3.89711e-05	0.000405722	8.44024e-05	2.88006e-05	0.488206	0.903513	0.483372	0.1	0.0234695
1.58406	-3.70776	0.701169	-1.13087e-05	0.000343788	5.41126e-05	-0.000140224	-7.12329e-05	-0.000106102	0.488125	0.903063	0.483292	0.1	0.0206114
0.0458415	1.67832	0.59408	6.24753e-05	-0.000200103	-0.000103337	-7.93251e-05	-5.9675e-05	-1.51295e-06	0.486774	0.895587	0.481954	0.1	0.0179189
1.41063	-0.451452	1.09492	3.01218e-06	0.000171932	8.67852e-05	6.47469e-06	-3.37863e-05	0.000140427	0.486222	0.892545	0.481408	0.1	0.0160601
2.32044	-0.528787	-1.76185	7.79951e-05	0.000134767	3.67035e-05	7.56942e-05	5.71004e-05	0.000110713	0.485931	0.890944	0.48112	0.1	0.0225833
-1.06788	-3.82163	1.53511	4.37397e-05	0.000431384	1.37803e-05	-2.32817e-05	-0.000113288	0.00014807	0.485684	0.889585	0.480875	0.1	0.0163618
2.10335	2.51606	0.722566	1.56228e-05	-0.000183988	3.44139e-05	1.68074e-05	-6.67105e-05	7.72837e-05	0.485546	0.888831	0.480739	0.1	0.0213017
-1.78201	-0.240406	-1.94662	7.83976e-05	-1.09459e-05	-6.79602e-05	0.000119425	0.000233349	-0.000451659	0.484993	0.885791	0.480191	0.1	0.0211699
-0.644114	1.05737	2.19446	2.44496e-05	6.12199e-06	-0.000132697	0.000220997	-7.61187e-05	-0.000313584	0.484263	0.881798	0.479468	0.1	0.0166738
-1.8312	-1.54463	-1.20435	1.69385e-05	0.00022825	-9.87983e-05	0.000275013	9.84207e-05	-2.40497e-05	0.483863	0.879615	0.479072	0.1	0.0223977
-1.79082	-1.86149	1.00011	-2.95703e-06	0.000165459	-1.17598e-05	-0.000114581	8.17266e-05	7.75456e-05	0.48386	0.879599	0.479069	0.1	0.0169991
1.71701	-0.133826	-0.450818	-2.77093e-05	4.3413e-05	4.04986e-06	0.000203432	-0.000184081	-0.00022254	0.483476	0.877508	0.478689	0.1	0.0174139
0.517811	2.59663	1.94223	-6.52527e-05	-0.000258562	-1.73901e-05	3.00093e-05	-3.84737e-05	-0.000101025	0.483004	0.874942	0.478222	0.1	0.0173282
0.297098	0.94711	-1.06573	-3.58546e-05	-0.000170997	-6.10957e-05	-0.000497097	0.000104864	-0.000288963	0.482785	0.873753	0.478005	0.1	0.0194041
-1.28145	-1.21511	0.5134	-2.1984e-05	7.48091e-05	-0.000104954	8.65424e-06	0.000184095	-0.000258685	0.482566	0.872562	0.477788	0.1	0.0155094
-0.025562	0.675085	1.57216	6.45259e-05	-0.00010519	-6.30303e-05	-0.000236769	-0.000354494	-0.000245131	0.482132	0.870207	0.477358	0.1	0.0217734
1.94299	2.54619	2.19507	-9.86642e-05	-9.04975e-05	7.42653e-05	0.000252234	-6.40991e-05	-2.00289e-05	0.48194	0.869166	0.477168	0.1	0.0203168
-0.586823	2.66672	-0.478533	-2.17168e-05	-0.000267	9.98327e-06	0.000101275	0.000156771	3.65116e-06	0.481933	0.86913	0.477161	0.1	0.0225181
-1.42377	0.704912	0.63433	-1.66477e-05	-4.33368e-05	4.87211e-05	-5.36459e-05	0.000276969	-3.12903e-05	0.481479	0.866677	0.476712	0.1	0.0225633
1.0339	-3.39615	-0.531009	-3.41538e-05	0.000311267	3.55648e-05	7.1775e-05	-7.2497e-05	-0.000131217	0.480917	0.863644	0.476155	0.1	0.0153139
-0.921884	-1.57347	2.18548	6.34584e-05	0.000218726	-2.08714e-05	-4.96711e-05	6.22061e-05	7.61742e-05	0.480468	0.861231	0.475711	0.1	0.0183241
1.53631	0.451573	-2.09234	4.12329e-05	-3.16072e-06	-8.47019e-06	0.000302287	-0.000157649	0.000181106	0.47986	0.857968	0.475109	0.1	0.0155374
0.483052	2.65881	-0.947929	-0.000167972	-0.000356263	8.07589e-05	0.000134036	-3.79303e-06	2.00694e-05	0.478966	0.853181	0.474224	0.1	0.0189045
1.21713	0.502346	1.20523	5.56358e-05	6.08001e-06	-8.4052e-05	-5.01428e-05	5.01471e-05	-0.000297812	0.478473	0.850548	0.473736	0.1	0.0198315
-2.45392	0.00704743	1.50154	-2.24969e-05	0.000210269	-1.39789e-05	0.00015286	-7.91038e-05	-0.000158282	0.478412	0.850219	0.473675	0.1	0.0240044
-1.69234	1.39609	-0.0646222	-2.13709e-05	-0.000114224	-2.27989e-05	0.000223757	-1.8875e-05	-2.9541e-05	0.47793	0.847656	0.473198	0.1	0.0192537
-1.07682	-3.07255	-1.44917	1.02479e-05	0.000248541	4.80094e-05	0.000283365	0.000101779	-8.45855e-05	0.477808	0.847007	0.473077	0.1	0.0276843
2.22574	3.56305	1.22425	-4.93843e-05	-0.000272516	4.47293e-05	5.27882e-05	2.44454e-05	0.000290912	0.477733	0.846607	0.473003	0.1	0.0221561
-2.03362	2.75266	2.2623	-0.000162718	-0.000301226	1.05167e-05	-0.000239476	8.93162e-05	1.18499e-05	0.477694	0.846395	0.472964	0.1	0.0174545
-0.649421	1.9532	-2.47453	2.13745e-05	-0.000318386	2.29918e-05	-4.43918e-06	0.000555601	-0.000148779	0.477155	0.843541	0.472431	0.1	0.018031
-0.741366	3.15504	0.320995	-1.44095e-05	-0.000283469	2.11971e-05	-0.000224774	1.12654e-05	-0.000225007	0.47715	0.843513	0.472426	0.1	0.0209884
-0.701828	0.136397	1.96389	-1.14155e-05	1.45521e-05	-7.76386e-05	-0.000315338	6.10731e-05	0.000225314	0.477062	0.843044	0.472339	0.1	0.0206114
-1.50847	0.0198992	1.4875	-3.48963e-05	9.05499e-06	-3.78177e-06	0.00016029	5.80636e-05	-0.00029344	0.476857	0.841959	0.472136	0.1	0.0209986
1.23646	-1.12144	0.440343	7.20815e-05	0.000192243	8.53917e-05	3.50965e-06	-2.64596e-05	-4.46744e-05	0.476785	0.841575	0.472064	0.1	0.015257
-0.356644	3.92796	2.22999	-5.27306e-05	-0.000428817	-4.94511e-05	-3.80588e-05	0.000174032	7.40841e-05	0.475355	0.834028	0.470649	0.1	0.0202044
-1.67583	-0.819133	1.93966	-7.25137e-06	0.000150453	-0.000115012	7.92349e-05	0.000230885	0.000280062	0.475269	0.83357	0.470563	0.1	0.0191784
-1.6604	0.462455	2.30451	9.31176e-05	-3.78121e-05	1.59522e-05	2.9968e-06	3.78407e-06	-0.000152412	0.474862	0.83143	0.47016	0.1	0.0187887
2.02635	-2.84498	-0.975596	-3.7406e-05	0.000324539	3.45355e-05	0.000157949	-0.000120809	7.49399e-05	0.474508	0.829578	0.46981	0.1	0.0210469
-2.17166	1.95389	1.74584	-8.82282e-05	-0.000130865	0.000107041	-0.000141977	-8.85882e-05	-0.00014641	0.474403	0.829024	0.469706	0.1	0.0197049
-2.37678	-0.374137	-0.312401	7.62982e-06	0.000174794	-4.24944e-05	-0.000292842	6.74259e-05	5.56116e-05	0.473731	0.82551	0.469041	0.1	0.023278
-1.07371	-0.0751935	-0.944046	5.40067e-05	6.03996e-05	-3.76233e-05	-0.000230413	-6.49093e-05	-0.000166249	0.47183	0.815609	0.467158	0.1	0.0189479
0.691214	-3.08491	1.6769	2.39699e-05	0.000256637	5.70154e-06	-0.000222223	-7.78915e-05	0.000395157	0.471086	0.811759	0.466422	0.1	0.0162681
-0.439489	-2.0368	-0.342358	-1.38092e-05	0.000245575	8.96968e-07	-0.000123094	-0.000119077	0.00023487	0.470528	0.808876	0.465869	0.1	0.0233892
-2.14313	-2.42479	-1.0649	-3.38629e-05	0.000274145	-3.59585e-05	-0.000321926	0.000210894	-0.000152453	0.470355	0.807987	0.465698	0.1	0.0169412
0.473193	3.38096	0.138051	2.00246e-05	-0.000421402	0.000110268	1.32758e-06	0.000162401	0.000335077	0.470211	0.807242	0.465555	0.1	0.018267
-1.15973	-2.44123	2.45865	5.12393e-05	0.000247728	-1.96793e-05	4.79642e-05	-2.71188e-05	-0.000156373	0.47002	0.806259	0.465366	0.1	0.0203594
0.535673	1.0391	2.25058	9.39705e-05	1.72319e-05	-6.33269e-05	-0.000230345	0.000187373	-0.000145105	0.46956	0.803896	0.464911	0.1	0.0165444
-0.106166	-1.11327	2.26478	8.47015e-05	0.000143276	-4.12904e-05	-0.00011511	-7.61218e-05	-0.000224383	0.469458	0.803373	0.46481	0.1	0.0190575
-0.627579	-1.8849	0.619092	2.94903e-05	0.000150604	-0.000111484	6.18886e-05	-0.000263907	0.000470614	0.469446	0.803307	0.464798	0.1	0.0210954
-0.794492	1.75392	-0.398016	-8.60967e-06	-0.000215187	-2.08746e-05	-5.30076e-05	-7.12053e-05	5.82778e-06	0.468782	0.799905	0.464141	0.1	0.0176116
1.13532	-0.0506865	0.28577	-3.03421e-05	2.86503e-05	5.18967e-05	-0.000219168	-3.78043e-06	0.000114683	0.467379	0.792743	0.462751	0.1	0.0174532
1.80883	-0.363859	1.94563	5.32549e-05	0.000110298	4.76892e-05	0.000236746	0.000195735	0.000115073	0.467217	0.791923	0.462591	0.1	0.0191343
-0.192413	-2.16351	1.91197	7.37502e-05	0.000214689	-1.87742e-05	0.000236828	-1.16436e-05	0.000121836	0.466675	0.789165	0.462054	0.1	0.0169353
1.63831	1.21077	-1.55388	1.05858e-05	-6.56853e-05	5.61199e-05	-7.30819e-05	0.000384391	4.96912e-05	0.466232	0.786924	0.461616	0.1	0.0147962
-0.695604	2.22513	0.392169	-6.30107e-06	-0.000276775	3.40821e-06	0.000235463	0.000228983	0.000235171	0.466205	0.786785	0.461589	0.1	0.0180298
-0.899324	2.89091	-1.33418	-8.33706e-05	-0.000337953	3.08607e-05	-0.000246183	-9.0764e-06	-1.0493e-05	0.466076	0.786131	0.461461	0.1	0.0156216
0.9115	-2.85559	0.35241	2.1238e-05	0.000251392	3.21285e-05	-3.12457e-06	-8.92347e-05	-2.51606e-05	0.465707	0.784266	0.461096	0.1	0.0224602
-1.83923	-2.20877	-1.95222	-1.88631e-05	0.000318806	-1.27601e-05	8.524e-06	0.000291815	0.000139337	0.465684	0.784148	0.461073	0.1	0.0220172
-1.42994	2.389	-0.178178	-1.03086e-05	-0.000225807	1.81777e-05	0.000127876	-3.49655e-05	-0.000188331	0.46529	0.782163	0.460683	0.1	0.0160179
1.96757	1.78118	0.0573455	3.76443e-05	-0.000100009	-0.000133776	-2.80061e-05	-0.000572194	-0.000146177	0.464712	0.779251	0.460111	0.1	0.0165738
0.811997	-1.06168	2.17669	6.45724e-05	0.000157479	-2.33747e-05	-7.77136e-06	-1.97953e-06	0.00025027	0.464331	0.777336	0.459734	0.1	0.0137775
1.79467	-1.65003	2.35123	-2.26407e-05	0.000220389	5.57238e-05	0.000166867	-3.70937e-05	0.000421149	0.463321	0.772277	0.458734	0.1	0.0146778
-2.1977	2.11419	0.243447	3.47563e-06	-0.000152194	4.37325e-05	-8.88646e-05	0.000124274	1.97204e-05	0.462664	0.768994	0.458083	0.1	0.0175346
0.561638	1.86905	1.35571	-1.48557e-05	-0.000195305	-6.61092e-05	0.00014301	-0.000117225	0.000119141	0.462514	0.768246	0.457935	0.1	0.013448
2.05591	-1.04066	-0.00818148	1.234e-05	0.000217295	3.54265e-05	0.000155114	4.54354e-05	-0.000116173	0.462457	0.767963	0.457878	0.1	0.0164866
1.00112	-1.35638	1.33105	9.71591e-05	0.000175343	-6.71325e-06	-3.18641e-05	3.11685e-05	7.27502e-05	0.460448	0.757998	0.455889	0.1	0.015277
2.02871	-3.52063	-1.60645	5.94243e-07	0.000390722	-1.20642e-05	-3.19902e-06	-2.7773e-05	-0.000135084	0.4597	0.75431	0.455149	0.1	0.0133012
2.05406	3.16863	0.0541692	-1.71719e-05	-0.000319217	-9.04444e-05	8.70802e-05	-6.9887e-05	0.000389155	0.459434	0.752999	0.454885	0.1	0.022289
-1.54604	-3.07733	1.83885	2.74302e-05	0.000412272	2.54488e-05	0.000167029	-0.000273707	0.00011597	0.45935	0.752587	0.454802	0.1	0.0231076
0.15561	-1.54896	0.975264	1.66215e-05	0.000204785	3.13819e-05	5.37245e-05	-0.000144905	-8.79435e-05	0.459269	0.752192	0.454722	0.1	0.0157859
-2.47964	1.9477	-2.3829	-6.53066e-05	-9.91984e-05	0.000105746	0.000259875	0.000147197	-0.000360066	0.459266	0.752174	0.454719	0.1	0.0188396
-0.17745	0.34336	-0.537613	3.79325e-06	-3.75566e-05	9.14309e-05	0.000127639	6.01529e-05	0.000270522	0.459194	0.751823	0.454648	0.1	0.0191908
1.46198	3.04108	1.15346	-4.8351e-05	-0.000301429	7.41615e-06	0.000235207	-0.000186188	4.85216e-05	0.459118	0.751448	0.454572	0.1	0.019721
2.18465	1.10142	-2.29137	-2.60898e-05	5.82183e-05	-3.7921e-05	6.57528e-05	-5.06879e-05	0.000309003	0.459006	0.750894	0.454461	0.1	0.014803
2.08008	-1.43043	-1.81058	4.12555e-05	0.000174643	2.69983e-05	1.66496e-05	0.000234048	-0.000191671	0.458587	0.748846	0.454047	0.1	0.0226261
-1.46028	3.16339	-0.66529	-7.33692e-05	-0.000250136	-1.70554e-05	-1.53562e-06	7.91468e-07	-9.97473e-06	0.458044	0.746189	0.453509	0.1	0.0189615
2.33917	1.66307	1.01949	-4.7904e-05	-0.000146559	0.00010713	-0.000140788	-0.000103516	-0.000145789	0.458039	0.746161	0.453504	0.1	0.0160796
-2.14003	3.7692	-0.623611	1.72113e-05	-0.000434882	-2.37852e-05	-6.08398e-05	-0.000448049	-0.000185173	0.457054	0.74136	0.452529	0.1	0.0207337
-1.43285	0.0409157	-0.0616248	-8.23525e-05	-6.93944e-05	9.39674e-06	-3.06731e-05	-9.69571e-06	1.63187e-05	0.456744	0.739852	0.452222	0.1	0.0182493
1.17571	-2.42423	-0.449353	1.61215e-05	0.000247102	3.76814e-05	2.66637e-05	-0.000105391	-8.87336e-05	0.456538	0.738849	0.452018	0.1	0.0153669
2.38268	-3.47882	2.4406	4.52555e-05	0.000387903	-2.05449e-06	0.000199494	9.4181e-05	0.000184486	0.456295	0.737671	0.451777	0.1	0.0180891
-1.66088	-0.752654	-0.748646	1.17375e-05	0.000141993	6.06094e-06	9.38283e-06	-3.5539e-05	4.09503e-05	0.4556	0.734306	0.451089	0.1	0.019925
-0.642416	-3.02157	1.86823	-7.14774e-06	0.000318877	2.18277e-05	-2.32362e-05	0.000171369	4.21852e-05	0.45547	0.733674	0.45096	0.1	0.0139254
0.163349	2.23709	-0.142846	2.70046e-05	-0.000234745	-0.000111116	9.17365e-06	6.0738e-05	0.000105332	0.455436	0.733515	0.450927	0.1	0.0147409
1.675	1.14885	0.643538	-6.67994e-05	-7.78057e-06	-0.000101922	-0.000198057	0.000313349	2.91423e-05	0.45531	0.732903	0.450802	0.1	0.014525
0.904732	-2.24471	1.14033	6.97183e-05	0.000212844	2.16524e-07	7.25032e-05	-9.36045e-05	6.67298e-06	0.455197	0.732356	0.45069	0.1	0.0150343
1.08216	4.00455	-0.771883	-3.68556e-05	-0.000454765	-6.39393e-06	0.000114162	-3.45686e-05	0.000143037	0.277675	0.16624	0.274926	0.1	0.00647261
1.48397	2.02508	0.562078	0.000110922	-0.000295376	8.9955e-05	-0.000324048	-0.000154798	-0.000108394	0.277411	0.165765	0.274664	0.1	0.00872378
1.84032	-2.24635	-0.207261	-4.9625e-05	0.000245036	-3.73691e-05	-0.000177066	-0.000130591	0.000120477	0.277355	0.165667	0.274609	0.1	0.0135536
-1.11703	1.62327	0.354776	-2.74465e-06	-0.000263336	8.08e-06	-0.000135357	-3.18929e-05	-0.000412164	0.277213	0.165412	0.274468	0.1	0.0145324
0.926419	3.90761	-0.172157	1.46832e-05	-0.000386014	-0.000128191	0.000627309	-5.22688e-05	0.000128626	0.276217	0.163635	0.273482	0.1	0.00860332
-0.756148	-3.04431	-2.41797	1.4784e-05	0.000307205	-5.4261e-07	-4.13784e-05	-0.000219872	0.000156448	0.275638	0.162608	0.272909	0.1	0.00953014
0.697484	-3.80879	1.82796	-0.000178894	0.000240985	5.95118e-05	0.00029589	-0.000213028	0.000940043	0.275408	0.162201	0.272681	0.1	0.0108859
1.62654	-0.830016	-0.711911	7.22854e-05	0.000101069	5.10343e-05	-0.000479112	-0.000214564	0.0004036	0.275341	0.162083	0.272615	0.1	0.00722606
-1.9267	-0.229912	2.31425	5.59011e-06	2.99103e-05	7.0594e-06	0.000172971	0.000259526	-9.88421e-05	0.275341	0.162083	0.272615	0.1	0.0118772
-1.3376	-3.81822	2.2374	1.45211e-05	0.000407523	-3.13073e-05	5.14045e-05	2.81889e-05	-5.55657e-05	0.275089	0.161637	0.272365	0.1	0.00892569
0.229736	-3.86274	-1.69528	9.68869e-05	0.000258202	-5.21214e-05	-0.00054705	-8.08803e-06	-0.000649119	0.275056	0.161582	0.272333	0.1	0.0104782
1.97405	1.71471	-1.96627	-5.08634e-05	-5.38773e-05	8.37606e-05	0.000553559	0.000110422	-0.000381601	0.274446	0.160509	0.271729	0.1	0.0060081
-0.723468	0.970976	-1.42545	1.39367e-05	-0.000146285	-9.51394e-06	0.000655479	0.000192618	-0.000217897	0.274411	0.160446	0.271694	0.1	0.00689116
-1.27995	0.696853	1.69336	2.51802e-05	-5.85411e-05	0.000146315	0.000241241	-0.000387904	0.000167321	0.274202	0.16008	0.271487	0.1	0.010978
1.41459	-1.99855	-2.1329	1.16198e-05	0.000284478	9.54523e-05	-7.79467e-05	3.79414e-05	0.000368557	0.274042	0.159801	0.271329	0.1	0.012149
2.07602	-1.77392	-0.0695226	-4.78213e-06	0.000229585	5.19708e-05	0.000456194	0.000153863	-0.000282303	0.273887	0.159529	0.271175	0.1	0.015316
1.44168	3.00088	1.87714	-0.000231864	-0.000317888	-1.18546e-05	-0.000402968	-0.000414658	0.00124514	0.273679	0.159166	0.270969	0.1	0.0139118
1.47761	-3.59446	-1.09775	-7.10827e-06	0.000410555	3.533e-05	0.000154867	-2.02481e-05	-5.6339e-05	0.273477	0.158813	0.270769	0.1	0.0121628
0.653186	1.59421	-2.28367	0.000169925	-0.000146789	4.83765e-05	0.00106318	-4.91136e-05	0.000232277	0.273324	0.158548	0.270618	0.1	0.00792769
-1.83908	3.35945	-2.35617	-5.73803e-05	-0.000335322	-2.0752e-05	0.000382874	-0.000134297	0.000406698	0.272973	0.157937	0.27027	0.1	0.010752
0.4762	-1.45609	-2.13356	4.62985e-05	4.59998e-05	-1.30377e-06	2.46137e-05	-7.72468e-05	0.000185676	0.272675	0.15742	0.269975	0.1	0.0111035
0.283716	2.90035	-1.63064	-0.000125643	-0.000299	-3.16481e-05	0.000230143	0.000364042	-0.000175874	0.272585	0.157264	0.269886	0.1	0.00907578
0.663091	0.472225	1.77818	9.22833e-05	-4.6199e-06	-4.63578e-05	-0.000176538	1.36437e-06	0.000215768	0.27236	0.156875	0.269663	0.1	0.0105049
0.576063	2.18791	0.44479	1.31467e-05	-0.00020433	-0.000116193	4.38875e-05	-2.58394e-05	0.00015378	0.272313	0.156795	0.269617	0.1	0.00647933
1.3299	0.238869	-0.97085	-0.000144013	-0.000129258	-2.26346e-05	-2.45296e-05	-1.17539e-05	0.000498987	0.271845	0.155987	0.269153	0.1	0.00669253
1.22596	0.957782	0.114817	-0.000101434	-6.12503e-05	-5.07465e-05	5.19775e-05	-0.00035307	-4.63625e-05	0.271451	0.15531	0.268763	0.1	0.0119473
1.86902	3.12671	-2.02601	-0.000214896	-0.00032588	4.15363e-05	-0.000465231	-0.000615723	0.000727589	0.271375	0.155179	0.268688	0.1	0.00843116
0.225188	-0.669648	0.918336	3.49987e-06	6.55966e-05	-2.02413e-05	-0.00010217	0.000183326	0.0002915	0.270927	0.154413	0.268245	0.1	0.00963644
1.7966	3.75032	0.39538	-0.000100641	-0.000449746	2.5529e-05	0.000315887	0.000394771	-7.0455e-05	0.2707	0.154024	0.26802	0.1	0.00848928
0.404669	-3.85784	-2.20614	1.27754e-05	0.000235549	-8.04772e-05	0.000545279	0.000334519	0.000444344	0.270558	0.153782	0.267879	0.1	0.0117938
-0.125206	3.12434	0.729236	-4.06105e-05	-0.000378275	4.57915e-05	-7.30508e-05	0.000160202	0.000153156	0.270297	0.153339	0.267621	0.1	0.00619386
1.43625	1.32221	-0.862682	6.34905e-05	-0.000293244	8.76309e-05	-0.000494569	-0.000253195	0.000106467	0.270287	0.153322	0.267611	0.1	0.0079062
-2.37398	-1.85446	-1.61007	1.09408e-05	0.000234027	8.39276e-06	-0.00049242	8.49311e-05	0.000197207	0.270186	0.153149	0.267511	0.1	0.0124857
-0.923585	1.40548	-1.67145	-6.17235e-05	-0.000262705	-4.85093e-05	-0.000208912	0.000416092	0.000181363	0.270182	0.153142	0.267507	0.1	0.00861044
-2.25043	1.47751	-0.855936	0.00050603	9.34108e-05	0.000160597	-0.00013168	0.000373693	0.00229289	0.270017	0.152863	0.267344	0.1	0.0109068
1.41947	-1.08292	-2.39478	-0.000156362	0.000131326	5.68525e-05	-0.000128061	-0.000236451	-0.000210442	0.26995	0.152747	0.267277	0.1	0.00874421
1.55081	1.91589	-1.70412	-5.02418e-05	-0.000132204	4.39697e-05	0.000157559	-0.000619277	0.000161413	0.269181	0.151447	0.266516	0.1	0.0069998
0.7473	1.69269	0.336518	1.10566e-05	-0.000175681	-0.000105105	-0.000708883	0.00077539	0.000339778	0.269098	0.151308	0.266434	0.1	0.00586291
0.382024	3.32042	-0.605305	-4.79008e-05	-0.000130456	0.000112481	-0.000753104	0.000197503	-9.15022e-05	0.268805	0.150813	0.266144	0.1	0.00600204
-0.584399	-3.09126	1.14043	2.65643e-05	0.00038125	-2.74841e-05	-0.000112773	-0.000275022	-5.71954e-05	0.268767	0.150749	0.266106	0.1	0.00991242
0.848365	-1.8924	-2.20044	0.000113023	-5.407e-05	7.92202e-06	2.36884e-05	-0.000139143	1.15849e-05	0.268522	0.150336	0.265863	0.1	0.00836239
0.670033	1.95037	2.27794	-8.20967e-05	-0.000284413	-4.82391e-05	0.000488366	0.00147103	-0.000319758	0.268425	0.150173	0.265767	0.1	0.00720685
1.373	-2.60685	1.93784	-1.82498e-05	0.000377961	-4.02632e-05	-0.000453109	2.4153e-05	0.000445692	0.268352	0.150052	0.265695	0.1	0.0119053
-0.6166	3.84736	0.638783	1.66234e-05	-0.000296721	1.31115e-05	-5.89797e-05	0.000567293	-0.000715986	0.268323	0.150002	0.265666	0.1	0.00819448
2.35132	-0.726604	0.839193	-6.46714e-05	0.00010605	6.02175e-05	0.000199616	-3.49197e-05	0.000181201	0.268231	0.149848	0.265575	0.1	0.0073541
-1.18426	2.28548	-1.61746	-4.0448e-05	-0.000299501	-9.15003e-06	-0.000384064	-0.000392635	-0.000139758	0.26816	0.14973	0.265505	0.1	0.00663755
-2.42794	1.35714	-0.10213	7.64293e-06	-2.39788e-05	3.84972e-05	0.000792708	0.000264085	-0.000126952	0.268094	0.149619	0.26544	0.1	0.00900679
0.185144	-3.89432	-0.202239	1.28923e-05	0.000290249	-4.71924e-06	-0.000324012	0.000226116	0.000388539	0.267672	0.148914	0.265022	0.1	0.00594068
0.0966933	0.0975445	2.02069	1.61693e-05	1.59711e-05	5.08809e-05	-0.000113593	0.000613108	0.000323097	0.267644	0.148867	0.264994	0.1	0.00902203
0.0935499	0.245173	-1.90667	0.000110723	-0.000127515	-0.000166908	-5.93704e-06	-0.000171344	-9.05684e-05	0.267399	0.148458	0.264751	0.1	0.00825757
-0.862596	0.623262	-0.920235	9.19224e-05	-1.71956e-05	-2.67322e-05	0.000489667	0.000388905	0.000218597	0.26738	0.148428	0.264733	0.1	0.00953458
-0.621547	-0.877599	0.531537	-2.68581e-05	3.73925e-05	-7.07762e-05	0.000457834	-0.000230739	0.00040831	0.267164	0.148068	0.264519	0.1	0.00774435
1.8695	2.23426	-2.03794	-8.89895e-05	-0.000124081	-4.30103e-05	-0.00114562	0.000588311	0.000607777	0.266747	0.147375	0.264106	0.1	0.0086638
-2.17618	3.97842	1.11152	-0.000116218	-0.000202386	-2.90206e-05	0.000189807	0.000486397	-0.000255751	0.266696	0.14729	0.264055	0.1	0.00691468
-0.495498	0.225105	-1.2722	4.89145e-05	-1.10052e-05	1.81183e-05	-8.02035e-05	-0.000306924	0.000321515	0.266657	0.147227	0.264017	0.1	0.00602917
-0.509639	-2.87067	0.491562	6.78245e-05	0.000340077	-2.38367e-05	0.000128298	4.06209e-05	1.15463e-05	0.266646	0.147208	0.264006	0.1	0.0149066
-0.856853	1.0576	-2.0812	1.33933e-05	-0.000108489	-7.01603e-05	0.00024671	0.000331293	-0.000250298	0.266512	0.146986	0.263873	0.1	0.00733326
-0.0235536	2.88179	1.49267	4.7356e-05	-0.000416272	2.81312e-05	-2.42018e-05	-8.00453e-05	-0.000172599	0.266395	0.146792	0.263757	0.1	0.00613909
2.47841	-2.58775	-0.458446	4.15232e-05	9.15424e-05	8.48206e-05	0.000321776	0.000234549	-0.000398263	0.26634	0.146702	0.263703	0.1	0.0150273
-1.96769	-1.40741	0.309213	-9.21251e-05	0.000125004	9.76122e-05	-0.000132144	-9.959e-05	0.000493141	0.266286	0.146613	0.26365	0.1	0.0112332
-1.5945	3.79634	1.30887	-1.63403e-06	-0.000287055	-0.000127793	0.00113295	0.000140957	-4.65148e-05	0.266192	0.146457	0.263556	0.1	0.00757414
-0.948701	-0.685745	-1.43372	9.83946e-05	0.000102672	-0.000122453	-0.000155482	9.20132e-05	7.32471e-05	0.266027	0.146186	0.263393	0.1	0.0144691
-2.05559	3.48124	2.1723	-6.83357e-05	-0.000341324	-5.39852e-06	0.000298435	-1.57729e-05	-0.000358964	0.265875	0.145936	0.263243	0.1	0.00653384
1.26787	1.61513	0.289258	-2.42857e-05	-5.66293e-05	-0.000156022	0.000115597	-0.000617335	6.07418e-06	0.265741	0.145715	0.26311	0.1	0.00544569
1.29492	-2.87744	-0.987623	-2.28397e-05	0.000297912	5.01886e-05	5.46862e-05	0.000320407	-2.21762e-05	0.265638	0.145545	0.263008	0.1	0.00876341
-0.280829	0.672956	-1.43813	-2.69481e-05	-0.000143347	-4.99798e-05	-0.000674227	-0.000131968	2.64291e-05	0.265491	0.145302	0.262862	0.1	0.00627087
1.91842	-0.941179	2.3679	-3.59657e-05	0.000168891	6.18442e-05	-0.0004824	-0.000362978	-0.000656297	0.265259	0.144924	0.262633	0.1	0.0100683
1.30658	2.37514	0.94318	-2.75405e-05	-0.000266071	-1.69923e-05	-0.000360699	-0.000222982	-0.000183127	0.264796	0.144165	0.262174	0.1	0.0073409
0.652107	-3.78691	0.0251976	-0.000105452	0.000251524	7.33796e-05	0.000351853	1.50465e-05	0.00043668	0.264249	0.143274	0.261633	0.1	0.00916196
-1.7915	2.09793	2.48343	-0.000108568	-0.000188666	7.38749e-05	0.000101229	-0.000149679	0.000285423	0.264167	0.14314	0.261551	0.1	0.0104868
-0.364508	-1.49294	1.70234	-1.87344e-05	0.000187215	-7.35856e-06	-0.000101325	0.00029225	-9.44827e-05	0.264016	0.142895	0.261402	0.1	0.0074602
0.0433524	2.7836	0.361669	3.29527e-05	-0.000200313	-8.70926e-05	0.000804691	-4.76148e-05	0.000416742	0.263903	0.142711	0.26129	0.1	0.0107247
0.506553	-1.13101	0.508493	7.42326e-05	-5.24312e-05	7.25441e-05	-0.000183201	-8.86476e-05	0.000279461	0.263737	0.142442	0.261126	0.1	0.00791643
1.37966	-3.74732	-1.80512	-1.44952e-05	0.000448749	2.32486e-05	6.40323e-05	0.000143609	-0.00010778	0.263591	0.142206	0.260981	0.1	0.00923141
-0.0361075	-1.1943	-0.756049	-1.23588e-05	-6.77512e-06	1.17834e-05	-1.24748e-05	-7.87348e-06	-2.04016e-05	0.263502	0.142062	0.260893	0.1	0.0104389
1.40423	-2.62346	-1.9117	-1.14957e-05	0.000240212	7.55907e-05	-8.82888e-05	-0.000721153	0.000104721	0.263392	0.141884	0.260784	0.1	0.00839586
1.32006	-0.84415	1.71674	3.2733e-05	0.000173313	2.81091e-05	6.78209e-05	-1.41168e-05	-0.000218252	0.263362	0.141834	0.260754	0.1	0.00648028
0.813087	-0.0446591	0.932375	-1.59692e-05	8.61926e-05	2.14862e-05	-0.000196182	2.07441e-05	8.17473e-05	0.263318	0.141765	0.260711	0.1	0.00733423
-1.09508	3.86449	0.856836	3.69767e-06	-0.000340896	6.10135e-05	-0.000181025	0.000283594	0.000133314	0.262863	0.14103	0.26026	0.1	0.00977934
-1.61494	4.05461	-2.36725	1.09532e-06	-0.000544436	-8.14846e-07	5.52758e-24	-1.17568e-23	-1.03303e-23	0.262474	0.140406	0.259875	0.1	0.00993501
-0.859934	1.67228	0.863948	-6.92029e-05	-8.91057e-05	-0.00013316	0.000562049	0.000167896	-0.000472367	0.262445	0.140359	0.259847	0.1	0.0101465
2.05257	1.04781	1.23625	-0.000285431	-2.65081e-05	1.27439e-05	5.16005e-05	-0.00117557	-0.000307915	0.262382	0.140258	0.259784	0.1	0.00772994
0.454172	-2.39899	1.69474	7.98337e-06	0.000210408	-6.75839e-05	0.000107057	2.14144e-05	-0.000653174	0.262307	0.140138	0.25971	0.1	0.0083165
2.30591	3.32419	-0.594879	-9.36364e-05	-0.000288057	-9.31798e-05	-0.000407849	0.00019755	0.000196724	0.261855	0.139414	0.259262	0.1	0.00849596
-0.323882	-0.00248332	-1.71069	9.03706e-05	5.75743e-05	-3.95782e-06	-0.000130379	0.000911188	7.3898e-05	0.261739	0.13923	0.259148	0.1	0.00537064
0.348213	-0.646413	0.406407	1.49091e-05	-0.000106198	-2.15578e-05	0.000205616	0.00046923	-0.000548349	0.261522	0.138883	0.258933	0.1	0.00580258
0.393798	-2.66617	-1.61568	6.99265e-06	0.000296813	6.18911e-05	-2.57465e-05	-0.000147639	-0.00038566	0.261188	0.138352	0.258602	0.1	0.0102612
-0.125564	3.58992	0.486592	-6.51794e-05	-0.000441617	-3.8019e-05	-0.000338183	-0.000575232	0.000132974	0.260995	0.138045	0.258411	0.1	0.00656171
1.64354	-1.24878	1.70143	1.5741e-05	0.000182566	2.17843e-05	0.000104837	-0.00012373	0.000157457	0.26082	0.137768	0.258238	0.1	0.00749396
0.0157921	-0.379021	-1.80966	0.000125321	0.000122686	-4.34578e-05	-0.000235646	-0.000275778	0.000359316	0.260716	0.137603	0.258135	0.1	0.00815274
2.10987	-0.620645	1.29148	-5.23904e-05	2.00491e-05	7.68038e-05	1.23899e-05	9.75205e-05	-1.54867e-05	0.260608	0.137432	0.258028	0.1	0.00939797
1.56493	0.454831	0.564556	1.54044e-05	1.79299e-05	-6.6242e-05	0.000260214	-2.68117e-05	0.0002943	0.260419	0.137134	0.257841	0.1	0.0110898
-0.136605	2.67428	-1.33426	-9.66016e-05	-0.000320502	3.09056e-05	-0.00022259	-0.000277083	-0.00013869	0.25964	0.135906	0.257069	0.1	0.00920086
2.43986	-1.68595	-0.441657	-3.80823e-05	0.000177982	7.41684e-06	-0.000542778	2.16329e-05	9.11781e-05	0.259308	0.135386	0.256741	0.1	0.0113403
0.780585	-2.81219	-0.893606	1.02857e-05	0.000297568	-1.82876e-05	-0.000393053	0.000129695	3.12238e-05	0.259076	0.135023	0.256511	0.1	0.00445652
1.29846	2.01458	-0.0443639	1.27889e-05	-0.000254105	-0.000122935	-0.000501847	0.00123413	0.000822551	0.25907	0.135014	0.256505	0.1	0.00695032
-1.12547	-0.579242	1.33203	-6.84873e-05	5.86914e-06	2.01018e-05	-0.000334116	-0.000106303	0.000390105	0.258949	0.134824	0.256385	0.1	0.00861401
2.34967	1.4676	1.99347	-0.000109607	-0.000110715	0.000100585	6.28521e-05	-6.89944e-05	0.000250668	0.258858	0.134682	0.256295	0.1	0.0157879
-0.287763	2.85306	-2.13457	-4.63659e-05	-0.000359181	-8.66571e-05	0.000360967	0.000610696	9.03954e-05	0.258625	0.134319	0.256064	0.1	0.0101358
0.360748	3.99621	2.33865	-2.41713e-05	-0.000252894	-0.000259522	0.000912176	2.61627e-05	-8.21153e-05	0.25855	0.134202	0.25599	0.1	0.00905473
0.215327	-1.74313	-0.420872	3.3024e-05	0.000150356	4.92952e-05	-0.000274591	-3.00263e-05	0.00039787	0.258498	0.134122	0.255939	0.1	0.00664092
-1.11627	3.6805	-1.00736	-3.76037e-05	-0.000314423	-5.0924e-05	-0.00028728	-0.000175178	-0.000133813	0.258358	0.133903	0.2558	0.1	0.00727906
-1.71073	-3.49632	0.523651	3.65274e-05	0.000539513	6.26692e-05	-7.97875e-05	0.000807706	6.27853e-05	0.258082	0.133476	0.255527	0.1	0.0115848
-0.843916	-3.7634	-0.15332	-2.59015e-05	0.000393727	4.75954e-05	0.000166263	0.000118013	-8.82628e-05	0.257965	0.133294	0.255411	0.1	0.00790499
-1.50998	-1.81506	-2.45441	3.49015e-05	0.000302956	-5.06002e-05	-8.06231e-06	-1.53985e-05	0.000161748	0.25795	0.133271	0.255396	0.1	0.00595357
1.15889	-0.608345	-0.606765	3.40996e-07	3.57321e-07	-8.14181e-08	5.77603e-13	5.8876e-13	1.35033e-12	0.257891	0.13318	0.255338	0.1	0.0075566
-0.0780728	2.39388	0.713293	-2.20202e-07	-0.000265316	-4.30964e-05	0.000478969	-5.90069e-06	8.81754e-05	0.25788	0.133161	0.255327	0.1	0.00863152
-0.397805	-1.84654	1.30282	3.09498e-05	0.000253266	2.36969e-05	-0.000198447	0.000184376	7.26051e-05	0.257497	0.13257	0.254948	0.1	0.00612288
-1.8383	3.44934	1.68349	2.22356e-05	-0.000363474	-0.000179843	0.000995876	0.000348508	0.000162829	0.257171	0.132066	0.254625	0.1	0.00489698
1.6875	2.36254	-0.248821	0.000353154	4.52427e-05	-0.000153338	0.000258809	0.000424225	-0.000926449	0.257045	0.131872	0.2545	0.1	0.0110992
0.570017	0.605094	0.308078	-1.91588e-05	-0.000114674	-0.000164168	-0.000570483	-0.000397812	0.000471543	0.257002	0.131805	0.254457	0.1	0.0135899
0.0239802	-2.82609	1.75117	7.20688e-06	0.00021491	-6.98647e-05	-0.0001408	1.86168e-05	-0.000484271	0.2563	0.130728	0.253762	0.1	0.00714291
1.9627	1.22759	-0.881417	-2.4297e-06	-0.000441908	-5.82121e-05	0.000653725	-0.000176012	-0.000215305	0.256161	0.130517	0.253625	0.1	0.00790738
1.54624	3.02686	-2.42382	-0.000230866	-0.000145582	6.71851e-06	0.000477088	0.000249734	-0.000605676	0.256037	0.130326	0.253502	0.1	0.00959037
0.354006	-0.529413	2.29779	-1.21774e-05	3.54221e-05	5.94395e-05	0.00019741	0.000438317	0.000165407	0.255995	0.130262	0.25346	0.1	0.00674972
1.07497	2.49796	-0.49834	-8.76982e-05	-0.000423996	4.58436e-05	0.00019056	1.82295e-05	0.000393459	0.25592	0.130148	0.253386	0.1	0.0089997
-2.14675	-0.563099	-1.25384	1.24343e-06	4.42345e-07	1.18952e-06	6.22724e-25	1.31282e-23	-1.00575e-24	0.255837	0.130021	0.253304	0.1	0.0138629
0.359626	1.23843	1.09658	-2.43527e-05	-0.000179168	-9.26139e-05	-0.000174258	0.000170296	-0.000279777	0.255747	0.129885	0.253215	0.1	0.00811682
-0.0258257	1.32306	1.90784	7.49801e-05	-0.000119508	-6.37578e-05	-0.00047131	1.63761e-05	0.000317006	0.255291	0.129191	0.252763	0.1	0.0068109
0.434523	-3.45671	-0.940276	-3.11004e-05	0.000366085	5.44464e-05	-0.000376913	8.43209e-05	-0.000199661	0.255224	0.129089	0.252697	0.1	0.00427409
-1.10941	1.50167	-2.14618	-8.73301e-06	-0.000196147	4.36512e-06	0.000430651	-0.00062688	-0.000423009	0.255101	0.128903	0.252575	0.1	0.00682325
-1.02058	1.13542	1.5726	-0.00013466	-1.62744e-05	-9.44257e-06	-0.000673438	0.00099539	0.000420005	0.254823	0.128482	0.2523	0.1	0.0157173
1.58493	-2.82925	-2.34503	8.25173e-05	0.000340425	9.31593e-05	0.000307934	0.000615041	0.000609526	0.254506	0.128002	0.251986	0.1	0.00728759
-0.303328	1.21239	-0.376536	-3.54588e-05	-0.000115023	7.40539e-05	-0.000598065	5.45721e-05	-0.000196647	0.254402	0.127845	0.251883	0.1	0.0126888
1.66303	-3.59318	-2.20829	-4.36702e-05	0.000445934	8.02869e-05	0.000101999	4.12313e-05	-0.000155341	0.254272	0.127649	0.251754	0.1	0.00619166
-0.943445	-1.12643	1.61367	-0.00010974	0.000279538	8.4728e-05	0.00074393	0.000656093	-0.001355	0.254252	0.127621	0.251735	0.1	0.0082406
-1.70194	0.680728	-0.174187	-6.24777e-05	-8.51536e-05	-3.52988e-05	-0.000282685	0.000205304	-0.000106958	0.254212	0.12756	0.251695	0.1	0.00992673
1.03506	-2.26862	-1.89734	6.48695e-05	0.000241082	5.90364e-05	0.000480672	0.000199924	-0.000404364	0.254199	0.127539	0.251682	0.1	0.00673456
1.22475	1.63937	0.865199	-0.000100364	-0.00014713	9.38965e-05	0.000449166	0.000551345	0.000728926	0.254057	0.127328	0.251542	0.1	0.00617226
1.3518	3.39539	-1.95993	-0.000103535	-0.000288432	-3.51024e-06	3.73506e-05	0.000110421	-3.55123e-05	0.253567	0.126591	0.251056	0.1	0.00997244
-1.3727	-0.869907	-0.120585	3.32728e-06	0.000111214	-4.01299e-05	0.000172384	-3.01916e-05	1.29091e-05	0.253456	0.126426	0.250947	0.1	0.00637794
1.03066	1.33879	1.32143	0.000141102	-5.70554e-05	-6.59579e-05	-0.000262975	8.01492e-05	0.000441107	0.253434	0.126392	0.250925	0.1	0.0065072
-2.38003	2.80543	-2.03158	-7.15286e-05	-0.000255157	2.9283e-05	9.85087e-05	0.000119394	-0.000327209	0.253312	0.12621	0.250804	0.1	0.0119792
1.22965	-0.598091	-2.48381	4.99021e-05	0.000120109	3.58232e-05	0.000341511	-2.7368e-05	-0.000376301	0.253184	0.126018	0.250677	0.1	0.00894885
0.840769	0.972855	1.60689	0.000119752	-2.25374e-05	-3.27137e-05	0.000461533	-9.92472e-05	0.000302044	0.253182	0.126015	0.250675	0.1	0.00549002
-0.607648	2.44421	1.06412	-2.3911e-05	-0.000278491	-9.84765e-06	0.000520434	0.000156247	-0.000104418	0.253176	0.126006	0.250669	0.1	0.00747578
1.86871	-0.905571	0.715207	7.30284e-05	0.000225243	6.42996e-05	1.18562e-05	0.000150213	0.000137784	0.253012	0.125762	0.250507	0.1	0.0078748
-2.14871	1.32733	-2.31397	6.83212e-06	-5.6168e-05	-3.27409e-06	8.06594e-06	-0.000790472	-0.000628173	0.252518	0.125027	0.250018	0.1	0.00734786
0.412112	0.224941	-0.904688	-7.1144e-05	-0.000133435	-3.81223e-06	-0.0010391	0.000493742	-0.000455826	0.252479	0.124968	0.249979	0.1	0.00944647
2.26563	2.99226	-2.33102	-9.91066e-05	-0.000191273	0.000144872	0.000149746	0.000263797	0.000111955	0.25247	0.124955	0.24997	0.1	0.00671763
1.25505	-1.14527	-1.11532	1.82351e-05	0.000196652	3.55123e-05	-0.000135038	0.000287942	8.02439e-05	0.252451	0.124927	0.249951	0.1	0.011264
1.05439	-1.42348	-2.26027	-7.02346e-05	3.17703e-05	4.11511e-05	9.59229e-05	9.11888e-05	0.000800068	0.252394	0.124843	0.249895	0.1	0.0152124
-1.73133	-2.77507	-1.53211	-2.50614e-05	0.000191376	5.79567e-05	0.000702986	-0.00084354	-0.000628227	0.251969	0.124213	0.249474	0.1	0.00871358
0.743613	-3.83249	-1.06313	-1.54315e-05	0.000365702	4.97422e-05	-8.34377e-05	9.18267e-05	-0.000249	0.251672	0.123775	0.24918	0.1	0.00714325
0.294665	-1.68002	2.09813	0.000106447	0.000145744	4.78626e-05	6.77912e-05	9.21028e-05	-0.00040192	0.251598	0.123666	0.249107	0.1	0.0102435
-1.37679	-1.6592	1.62735	2.96709e-05	0.000305123	-2.91243e-05	-0.000144944	-0.000203219	0.000281368	0.251461	0.123464	0.248971	0.1	0.0065477
0.151164	-2.87713	2.23691	-5.01421e-06	2.65919e-05	3.35712e-06	-9.5558e-05	-2.93745e-05	6.91798e-05	0.251337	0.123281	0.248849	0.1	0.00983286
-1.98853	-1.18158	0.841041	-1.57943e-05	0.0001089	4.91003e-05	0.000364357	-1.03553e-05	-0.000110472	0.251292	0.123215	0.248804	0.1	0.00795937
1.9992	-3.95927	-2.15454	-5.28318e-05	0.00044022	1.1716e-05	4.69281e-05	0.00013531	0.000132629	0.251252	0.123155	0.248764	0.1	0.00707032
0.329819	-1.00509	-1.05593	-4.12085e-05	4.12413e-05	5.4705e-06	0.000153487	0.000108682	0.000172136	0.251159	0.123019	0.248672	0.1	0.0103816
0.451832	-3.85486	-0.638023	-4.34604e-05	0.000379718	1.51905e-05	0.00042526	-0.000121685	0.000116725	0.250885	0.122618	0.248401	0.1	0.00567614
-1.08151	-1.04256	-2.35005	3.8816e-05	0.000221931	-7.80638e-05	-0.000123809	9.0039e-05	0.00035263	0.250767	0.122444	0.248284	0.1	0.011095
1.97392	-3.06895	-2.14248	0.000139658	0.000329341	-6.57583e-05	-0.00039108	0.000189951	-0.000770162	0.250701	0.122347	0.248219	0.1	0.00723249
0.900525	-1.49135	-1.06435	6.15812e-05	0.00016495	0.000116705	0.000310589	0.000333004	6.02456e-05	0.250676	0.122311	0.248194	0.1	0.0107247
1.78038	3.63437	-2.05784	-8.45618e-05	-0.000312859	-2.68107e-05	0.000449786	-0.000356523	-0.00122352	0.250667	0.122297	0.248185	0.1	0.00577576
0.22207	-3.88742	-1.08001	-6.5274e-05	0.000406168	2.45981e-05	0.000339712	-0.000558673	-0.000171989	0.250642	0.12226	0.24816	0.1	0.00530278
-1.46135	-0.726609	-2.38172	-2.31484e-05	5.99101e-05	-0.000134015	0.000386121	-0.000443124	0.000329284	0.250299	0.12176	0.247821	0.1	0.00832723
0.558444	-1.38025	-0.356509	3.58251e-05	0.000139584	-6.86585e-05	-2.21975e-05	8.15213e-05	-0.000370687	0.25018	0.121585	0.247703	0.1	0.00973978
-0.292445	-2.70964	2.38427	5.47764e-05	0.000228924	-2.96124e-05	0.000422761	0.000119489	5.58041e-05	0.250152	0.121546	0.247675	0.1	0.00729104
-2.48807	-3.15113	-1.95558	2.67423e-05	0.000317051	1.84336e-05	-4.51314e-05	-0.000107414	5.70432e-05	0.250067	0.121421	0.247591	0.1	0.00657108
-0.041768	1.63985	2.29993	2.03114e-05	-0.000216208	-0.000121616	-0.000388127	-0.000164938	0.000913615	0.250057	0.121407	0.247581	0.1	0.0084763
-2.20974	1.01188	-1.07028	0.000482816	0.000123262	0.000106565	0.000443051	0.000132223	-0.00228909	0.249982	0.121297	0.247507	0.1	0.00585035
-1.70918	-0.243769	-1.22333	9.57279e-05	2.70996e-05	-8.74576e-05	-0.000485845	-0.000359037	-7.06058e-05	0.249805	0.121041	0.247332	0.1	0.0106459
-1.31056	0.910909	-2.26003	4.2597e-05	-4.2121e-05	-2.99075e-06	-0.000243041	-0.000289837	9.76386e-05	0.249501	0.120599	0.247031	0.1	0.00970954
1.18327	-3.8302	0.0864146	6.0437e-05	0.000241114	9.32215e-05	0.000581158	0.000108047	-0.00036828	0.249491	0.120585	0.247021	0.1	0.0090133
0.963347	2.04912	0.756532	-0.00011374	-0.000186752	3.45012e-05	-0.000769623	-0.000538218	-0.000677144	0.249466	0.120547	0.246996	0.1	0.0070821
0.0250453	0.269864	-1.37773	3.08882e-05	-8.42452e-05	3.99382e-05	0.000217043	0.000207335	0.000271428	0.249265	0.120257	0.246797	0.1	0.00759397
0.743243	-1.09422	-1.31382	-9.50412e-06	0.00010277	3.80205e-05	-0.000701661	-0.000226882	0.000226046	0.24919	0.120149	0.246723	0.1	0.0125493
0.618636	-0.613712	-0.96302	1.62066e-06	1.05194e-05	2.66658e-06	-1.77867e-06	1.26174e-05	-4.6585e-05	0.249006	0.119884	0.246541	0.1	0.0146826
-1.43172	2.35159	-0.964262	9.92666e-05	-0.000113995	-1.53949e-05	-0.000142674	0.000521913	0.00121668	0.248917	0.119754	0.246452	0.1	0.0110766
2.18564	0.64269	1.95327	9.81791e-05	1.55985e-05	-6.12632e-05	-9.95092e-05	0.000113928	9.83885e-05	0.24891	0.119744	0.246446	0.1	0.0106854
1.84085	0.111574	1.38035	-0.000127248	-0.000225732	-3.85468e-05	0.000569311	-0.000473689	0.000901872	0.248903	0.119734	0.246439	0.1	0.00848565
-1.26454	-0.0677914	-2.42564	8.3913e-05	4.60656e-05	-5.53649e-06	0.000323168	-0.000519355	0.000774611	0.248902	0.119733	0.246438	0.1	0.00794789
-1.59314	3.01317	1.6762	0.000124569	-0.000306021	-9.26823e-05	-0.00115946	-0.000720018	0.000314911	0.248378	0.118978	0.245919	0.1	0.00854959
1.49454	1.15641	1.31571	9.01162e-05	-3.15429e-05	-6.51642e-05	0.000319631	7.8907e-05	0.000421194	0.248178	0.11869	0.245721	0.1	0.00613702
-0.336834	0.498373	-2.00776	9.65644e-05	-0.000249294	-0.000156063	1.89728e-05	0.000245408	0.000403956	0.24787	0.118249	0.245416	0.1	0.00737552
-1.28894	-0.244875	2.11671	1.91561e-06	6.84603e-05	-2.03163e-05	0.0004989	-7.19862e-06	-0.000563481	0.247827	0.118187	0.245373	0.1	0.00732395
-1.61309	-1.28871	1.40451	-1.08149e-05	0.000179716	-9.27345e-05	-9.78037e-05	0.000175771	0.000114433	0.247767	0.118102	0.245314	0.1	0.00812734
-1.68616	-3.56716	1.2521	-2.75511e-05	0.000419304	0.00016673	0.000674203	0.000678949	5.98905e-05	0.247735	0.118056	0.245282	0.1	0.00903305
1.03881	-3.44937	1.15378	-1.59155e-08	5.26206e-07	-1.00415e-08	-7.92491e-26	-6.5167e-26	5.30163e-28	0.247707	0.118015	0.245254	0.1	0.0100581
-0.047403	3.81197	0.98286	-1.52477e-05	-0.00038075	-8.06976e-05	-9.37049e-05	0.000265382	0.000214853	0.247608	0.117873	0.245156	0.1	0.00820742
-1.68759	3.33431	0.981155	-1.47156e-05	-7.65732e-05	-0.000111552	0.000410007	1.7221e-05	-4.37763e-05	0.247575	0.117828	0.245124	0.1	0.00782017
1.47302	0.811428	-0.875462	4.26175e-05	-0.000295418	5.97994e-05	0.000680123	5.11829e-05	-0.000220782	0.247232	0.117337	0.244784	0.1	0.00942065
0.125669	-3.4747	-1.32922	-3.33508e-05	0.00041147	6.28733e-05	-0.000174288	0.000214132	0.000249376	0.247018	0.117033	0.244572	0.1	0.00736755
0.25082	2.1188	-1.35954	-0.000103673	-0.000285518	7.74587e-06	1.50581e-05	-0.000423735	-9.05673e-05	0.246945	0.11693	0.2445	0.1	0.00778353
-1.91801	3.37603	-1.1519	9.81532e-06	-0.000389321	2.71216e-05	0.000276857	0.000336652	-0.000316026	0.246862	0.116812	0.244418	0.1	0.0103679
-0.169921	0.514644	2.26077	-4.02984e-05	-3.96681e-05	-6.56763e-05	-0.000434884	-7.64191e-05	0.000369594	0.24683	0.116767	0.244386	0.1	0.00785097
-0.790838	-1.56346	1.43974	-9.63957e-05	0.000329511	0.000100584	-0.000373931	-0.00193394	0.000852975	0.246791	0.116712	0.244348	0.1	0.00682161
0.247675	3.4659	0.805104	-3.67089e-05	-0.000394117	5.24322e-05	-0.000241405	-0.000517971	-0.00025083	0.246746	0.116648	0.244303	0.1	0.00588383
-0.260723	4.0486	0.334721	-3.85292e-05	-0.000469259	-9.32941e-05	0.000171062	0.000327191	-0.000146341	0.246741	0.11664	0.244298	0.1	0.00740518
-0.147049	1.447	-0.784631	-2.11623e-05	-0.000414135	-9.39713e-05	0.000798414	-0.000116388	0.00045049	0.246625	0.116476	0.244183	0.1	0.0067761
1.35098	3.72136	0.811435	-0.000122872	-0.000424955	7.90556e-05	8.45525e-05	-6.45589e-05	-0.000234126	0.246618	0.116465	0.244176	0.1	0.00916945
-0.352706	0.332477	0.146229	5.06228e-06	7.8553e-07	-8.30745e-07	5.39585e-06	3.64493e-06	-2.05856e-05	0.246595	0.116433	0.244153	0.1	0.00646699
1.71396	2.7485	-0.56241	0.000278372	-1.63757e-05	-0.000241756	-0.000690523	6.32577e-05	0.000941805	0.246366	0.11611	0.243927	0.1	0.0112626
-0.835157	-1.38856	-0.0265026	1.35747e-05	-8.78308e-06	-4.70217e-05	-4.19403e-05	-0.000223963	3.60962e-05	0.246308	0.116027	0.243869	0.1	0.00978465
0.0636685	1.14144	0.106095	2.05084e-05	-0.000172597	-0.000132428	0.000337188	0.000148075	-0.000206309	0.246304	0.116021	0.243865	0.1	0.0131361
-1.22896	-1.05321	1.21583	5.5983e-05	4.66518e-05	-5.70115e-05	0.000528867	-0.000427812	-9.06779e-06	0.24629	0.116001	0.243851	0.1	0.00632951
-1.08347	2.0403	1.20863	-1.2562e-05	-0.000234484	7.05604e-05	0.000332163	0.000711596	-0.000463805	0.246171	0.115834	0.243734	0.1	0.00855672
0.637548	3.80111	-0.60048	-3.18766e-05	-0.000398067	8.88331e-06	-0.000337232	0.000186587	3.74176e-05	0.246104	0.115739	0.243667	0.1	0.00480805
0.679488	-3.29596	0.856321	1.31087e-06	2.67174e-06	-1.77377e-06	1.48283e-18	6.10008e-19	1.29157e-18	0.245924	0.115485	0.243489	0.1	0.0100024
-2.3075	0.847609	2.2922	0.000173609	8.53269e-05	0.000119446	-0.000164018	-0.000714347	-3.24729e-05	0.245818	0.115336	0.243384	0.1	0.00972869
1.35162	0.609522	-1.32375	-5.49473e-05	-5.28291e-05	4.03188e-05	0.000364246	-0.000528384	-0.000483215	0.24563	0.115072	0.243198	0.1	0.00992786
-0.620213	0.45801	-2.40276	6.35027e-05	-1.11194e-05	-0.000106087	0.000698891	1.11786e-05	-0.000901096	0.245492	0.114877	0.243061	0.1	0.00964463
2.17004	2.40602	1.43476	2.94087e-06	-4.12041e-05	5.90323e-05	-0.000335163	2.62498e-05	3.579e-05	0.245444	0.114812	0.243014	0.1	0.0106634
2.48643	-3.19678	0.333223	-4.23508e-05	0.000244239	-2.73174e-05	-4.94241e-05	-4.0115e-05	-0.000145962	0.245374	0.114714	0.242945	0.1	0.0115063
-0.728324	-0.244863	-1.5405	0.000135493	3.70519e-05	1.97513e-05	0.000240062	-0.00076455	-4.66264e-05	0.245244	0.114531	0.242816	0.1	0.00562673
0.762234	-3.50868	2.24185	-0.000131819	0.000290442	1.69396e-05	-0.000566433	0.000595589	-0.000709183	0.245189	0.114453	0.242761	0.1	0.0063691
1.4435	3.38387	0.426847	-0.00013868	-0.000356656	3.23642e-05	-8.09222e-05	-0.00015888	-0.000227481	0.244966	0.114142	0.242541	0.1	0.0120379
-0.409947	0.844884	-0.961147	8.2814e-05	-9.00752e-05	2.26477e-05	-0.000442402	-0.000618617	-0.000403316	0.244953	0.114123	0.242528	0.1	0.00541225
-1.96617	-0.973642	0.0480233	-1.47023e-05	-8.46129e-05	-5.44745e-05	-0.000138677	0.000124205	0.0002899	0.244934	0.114096	0.242509	0.1	0.0086968
0.205315	-1.01737	1.63796	5.52334e-05	0.000101073	-3.26553e-05	0.00015713	0.000231104	0.000253952	0.244844	0.113972	0.24242	0.1	0.00710984
-0.730222	-2.75145	-1.99497	-9.71837e-06	0.000162511	9.96984e-05	0.000771057	0.000142556	-0.000146536	0.244741	0.113827	0.242318	0.1	0.0112933
-0.212079	2.7366	1.04712	1.12274e-05	-0.00036147	4.65031e-05	8.03873e-05	7.27451e-05	-0.00020043	0.244734	0.113818	0.242311	0.1	0.0062558
2.45251	-2.12448	1.15215	-2.1438e-07	1.64051e-06	9.58437e-08	-3.97792e-24	5.37618e-24	1.46205e-24	0.244542	0.11355	0.242121	0.1	0.00990924
0.137894	-1.49737	1.66989	-6.04138e-06	2.77891e-05	4.30674e-05	0.000226107	6.34206e-05	-5.34808e-07	0.244486	0.113471	0.242065	0.1	0.00684129
0.872626	-2.52703	-1.29193	1.76246e-05	0.000138283	-0.000128841	-0.000370777	-9.55603e-05	-0.000141629	0.244454	0.113428	0.242034	0.1	0.00742079
0.687979	2.68277	-0.248024	1.3052e-05	-1.84887e-05	-3.16339e-05	0.000168343	4.52619e-05	5.00111e-05	0.2444	0.113351	0.24198	0.1	0.00677595
1.25704	2.75046	2.28447	-0.000202352	-0.000210847	3.79834e-05	-0.00075926	-0.000603508	0.000425322	0.244162	0.113022	0.241745	0.1	0.0112692
-2.34511	-0.98895	0.348596	1.64192e-05	7.19864e-05	-1.00621e-05	2.95215e-05	-1.93508e-06	-0.000313651	0.24414	0.112991	0.241723	0.1	0.00778925
-0.0940294	-3.94875	-2.14798	-3.10915e-05	0.000369662	4.76742e-05	7.86367e-05	-0.000231735	-3.34314e-05	0.244103	0.112939	0.241686	0.1	0.00837112
0.345695	-2.98677	-1.06236	-3.32708e-05	0.000345143	4.76704e-05	0.000258577	0.000181985	0.000180231	0.244062	0.112883	0.241646	0.1	0.00701295
-0.337162	1.24081	-1.22737	2.22629e-05	-0.000223551	-0.000104886	-0.000593988	0.000253765	0.000242579	0.243921	0.112687	0.241506	0.1	0.00443673
-1.3854	3.056	0.0309589	1.71193e-05	-0.000278357	1.07824e-05	-0.000257388	-0.000236627	0.000111795	0.243692	0.112369	0.241279	0.1	0.00833623
0.912829	1.66936	1.93325	-0.000117683	-0.000198709	-0.000138935	-0.00023891	-0.00117492	0.000658392	0.24367	0.112339	0.241257	0.1	0.00964504
-1.42178	-1.28482	-0.377321	1.94926e-05	0.000165806	-1.33988e-05	-0.000117914	0.000126231	-9.84747e-05	0.243648	0.11231	0.241236	0.1	0.00969996
-2.05457	2.18865	-0.959229	9.24939e-06	-0.000250407	0.000118671	-0.000139086	0.000102164	8.70808e-05	0.243387	0.111948	0.240977	0.1	0.00723227
-2.29875	0.97519	-0.591676	1.96727e-05	5.42082e-06	1.07784e-05	4.25665e-05	-0.00021654	-3.4412e-05	0.243111	0.111568	0.240704	0.1	0.00873923
-2.35488	-2.62075	1.20409	6.64931e-05	0.000313404	-3.07761e-06	0.000470905	-9.38128e-05	-4.81076e-05	0.242966	0.111368	0.24056	0.1	0.00958063
0.759622	1.49404	0.801609	-5.60088e-05	-0.000129162	-0.000105695	0.000554411	-0.000589057	-0.00162313	0.242842	0.111198	0.240438	0.1	0.00462865
-1.64732	3.97667	-1.06422	3.68159e-05	-0.000394317	1.59524e-05	-4.971e-05	0.000111397	0.00043723	0.242774	0.111104	0.24037	0.1	0.0098414
1.50915	-0.690917	-2.08565	-3.05625e-05	5.2447e-05	0.000125965	0.000488804	0.000152307	-0.000540506	0.242496	0.110724	0.240095	0.1	0.0126055
1.77864	-1.2496	1.21063	-2.59816e-05	3.72645e-05	1.70638e-05	0.000131189	8.80367e-06	0.000167198	0.242131	0.110225	0.239734	0.1	0.00828927
1.11369	-0.429977	2.06546	2.39333e-07	5.48951e-07	-6.25081e-08	1.92155e-25	-7.11823e-25	-1.16597e-25	0.241931	0.109952	0.239536	0.1	0.00925395
-0.884299	-3.97343	-0.903859	-0.000181999	0.000357001	-8.56343e-05	-0.000362651	0.000179842	0.000696614	0.24193	0.10995	0.239535	0.1	0.00791515
-2.15959	0.832928	-0.0794749	-7.36681e-07	7.6495e-07	1.47823e-07	-5.69305e-25	-6.95447e-24	-2.71897e-24	0.241739	0.109691	0.239346	0.1	0.0118297
-1.21472	-0.725632	-1.86356	2.07248e-07	6.66213e-07	-4.02574e-07	-1.74064e-24	-7.45821e-24	-4.00249e-26	0.241738	0.109688	0.239345	0.1	0.013599
-1.87959	-3.80096	0.874577	4.99423e-06	0.000563889	6.39107e-05	1.11925e-05	-0.000937362	-0.000198809	0.241731	0.109679	0.239338	0.1	0.00894364
-1.11101	-1.81306	-0.0878562	1.62506e-07	5.44417e-07	4.24485e-08	9.34135e-26	1.35936e-24	-9.21771e-25	0.241723	0.109668	0.23933	0.1	0.00941722
-1.54336	-2.7558	-0.580566	-9.37645e-05	0.000334574	2.71809e-05	-6.85699e-05	0.000123841	0.000255942	0.241715	0.109657	0.239322	0.1	0.00841771
-1.40043	3.33707	1.37098	1.30218e-05	-0.000280144	-0.000129739	-0.00111496	-0.000440813	0.000157339	0.241502	0.109368	0.239111	0.1	0.00652604
-1.24173	-2.22373	0.705932	2.67402e-07	6.133e-06	5.25685e-06	-2.3264e-18	2.26879e-18	3.41434e-18	0.241393	0.109219	0.239003	0.1	0.00656585
-1.90729	-3.03029	-0.796335	-3.76114e-06	0.000370055	6.63951e-05	-0.000164397	0.000102569	0.000144632	0.241283	0.10907	0.238894	0.1	0.00843437
2.33488	1.15408	-1.61568	3.4036e-06	-5.1596e-06	-9.01928e-06	3.45752e-05	2.20489e-05	-5.40193e-06	0.241125	0.108856	0.238738	0.1	0.00643639
0.834052	2.17448	0.00901951	5.05702e-05	-0.000327521	-1.6937e-05	-0.000281867	-0.000448841	-0.000716525	0.241121	0.108851	0.238734	0.1	0.00556967
2.40996	2.9974	1.89419	-4.21042e-05	-0.000229702	-6.05578e-05	0.000705088	-0.000731233	-0.000425537	0.241078	0.108793	0.238691	0.1	0.00661404
1.08711	1.2656	-2.05206	-5.01116e-05	-0.000133732	2.66417e-05	-0.000553164	0.000182574	-0.000140969	0.241066	0.108776	0.238679	0.1	0.00630993
-2.21125	2.19117	0.935756	6.53568e-06	-1.51662e-05	2.9398e-05	-0.000143856	-7.4927e-05	5.41839e-06	0.241027	0.108724	0.238641	0.1	0.00898312
-2.36386	1.43707	-1.88979	-1.04325e-05	-0.000142961	2.65322e-06	0.000992186	0.000477494	-0.000585546	0.24097	0.108646	0.238584	0.1	0.0041473
2.02121	1.31457	1.65658	3.60729e-05	8.14556e-06	-9.40005e-05	6.10151e-05	0.000170055	2.69277e-05	0.240966	0.108641	0.23858	0.1	0.00825475
1.18456	-0.159269	-1.98617	0.000172538	-5.69581e-05	-5.2854e-05	-0.000391071	0.000305074	0.000183161	0.24074	0.108335	0.238356	0.1	0.00558381
0.545858	2.68618	0.210494	4.3421e-05	-0.000394018	-1.59246e-05	0.000558313	-0.000184584	-0.000548652	0.240483	0.107989	0.238102	0.1	0.00454275
-2.05241	3.51059	1.24434	-5.55871e-05	-0.000198117	-9.84378e-05	-3.39094e-05	-4.62511e-05	0.000432997	0.240458	0.107956	0.238077	0.1	0.00643498
2.49554	-0.475794	2.02826	5.373e-05	0.00027069	0.000104745	-1.79114e-05	-7.95738e-05	0.000223036	0.240401	0.107879	0.238021	0.1	0.00842194
0.460718	0.299894	1.20579	9.13271e-05	-0.000117158	-2.22374e-05	0.000519525	0.000342052	0.000332988	0.240234	0.107654	0.237855	0.1	0.0072988
-1.84658	1.99355	-0.575156	-1.47091e-05	-0.000308938	0.00010361	0.000148784	-7.61101e-05	-0.000137891	0.240234	0.107654	0.237855	0.1	0.0113201
2.1475	1.80157	-0.62066	0.000203369	-0.000442737	-0.000326971	0.00170787	-0.000403063	0.000869193	0.240084	0.107453	0.237707	0.1	0.00854618
0.425608	1.22802	1.58409	7.36265e-05	-0.000170807	-8.56743e-05	-0.000362033	-0.000226734	0.000277794	0.239985	0.107319	0.237609	0.1	0.00612655
0.248689	0.694869	0.912297	2.66114e-05	-0.000205227	-8.7734e-05	-2.00651e-05	0.000852232	0.00050783	0.239931	0.107246	0.237555	0.1	0.00598731
2.03679	2.87793	1.50246	2.22577e-05	-2.30465e-05	1.85951e-05	-7.86205e-05	4.4933e-05	0.000153714	0.239786	0.107053	0.237412	0.1	0.00958258
-0.848049	-0.880955	0.97881	4.92105e-05	7.46729e-06	-5.52336e-05	-0.000438727	0.000541603	-0.000243788	0.239696	0.106933	0.237323	0.1	0.00581634
0.249355	-1.56571	-0.925585	-2.97313e-05	8.55841e-05	4.96205e-05	0.000473281	8.20985e-05	0.000151911	0.239588	0.106787	0.237216	0.1	0.00982439
-0.295376	-3.46392	2.27855	7.95797e-09	5.42832e-07	4.26136e-08	-8.87692e-26	-3.34782e-25	6.07107e-26	0.239483	0.106648	0.237112	0.1	0.00989703
-1.84049	-2.90648	0.226262	-3.89725e-05	0.000260721	6.3046e-05	0.000508789	0.000161452	0.000556889	0.239239	0.106322	0.23687	0.1	0.0101057
1.27865	3.86088	0.336494	-0.000110565	-0.000312295	-9.36196e-05	0.000918833	-0.000169546	-0.00053232	0.239237	0.106319	0.236868	0.1	0.00813066
-2.24158	-1.27605	-0.350481	7.00935e-06	0.000275281	0.000122607	-0.000244163	-0.000657456	0.000132147	0.239205	0.106277	0.236837	0.1	0.0112464
-2.37711	-0.654249	1.25571	-6.95688e-05	0.000197195	3.35738e-05	-0.000477457	-0.000101611	1.03828e-05	0.239191	0.106258	0.236823	0.1	0.0077513
-2.486	-0.805419	2.40963	-3.23268e-05	0.000251174	8.55876e-05	3.5365e-05	-0.000336002	0.000331352	0.238965	0.105957	0.236599	0.1	0.0112557
-1.66434	-3.55679	0.0379115	-9.43035e-05	0.000471771	6.13168e-05	-0.000206008	-0.000293819	0.00013088	0.238904	0.105876	0.236539	0.1	0.00923487
-0.687315	-1.92182	-1.3684	1.21376e-05	0.000312956	-8.16118e-05	-0.000292748	0.000178955	0.000511101	0.238867	0.105826	0.236502	0.1	0.00812523
-1.28819	-0.557491	0.241602	-2.71898e-05	1.2796e-05	-3.19173e-05	0.000177237	2.16278e-05	0.00030879	0.238847	0.105799	0.236482	0.1	0.00454137
-0.784549	-3.62421	2.16217	-7.89465e-06	0.00037956	1.30405e-05	0.000112696	7.49483e-05	-0.000338504	0.23868	0.105579	0.236317	0.1	0.00731877
0.336501	-1.9444	1.51227	8.71988e-05	9.92866e-05	-5.34441e-05	-0.000426555	0.000102243	-0.000498643	0.238578	0.105443	0.236216	0.1	0.00731544
-1.38733	1.01014	1.27693	-0.00010053	-0.000136042	6.99167e-05	0.000417455	-0.000972526	-6.43497e-05	0.238575	0.105439	0.236213	0.1	0.00872361
-2.18882	-2.90372	-1.62978	2.33287e-05	0.000329675	-3.94672e-05	-0.00039773	0.000630061	0.000207261	0.238558	0.105416	0.236196	0.1	0.00674658
0.26375	1.86113	1.99724	-9.92374e-05	-2.93369e-05	-0.000103399	0.000330462	-0.000465391	0.000201584	0.238531	0.105381	0.236169	0.1	0.00734149
0.095736	-0.134658	-2.23281	7.41685e-05	-1.58485e-05	-0.000102337	-8.10796e-05	0.000234526	-6.13099e-05	0.238467	0.105296	0.236106	0.1	0.00728305
-0.703525	3.99452	0.15884	-5.29673e-05	-0.000428013	5.88739e-07	1.84883e-05	-7.55337e-05	1.00138e-05	0.238429	0.105245	0.236068	0.1	0.00548278
-0.850363	-2.78573	-0.637079	-8.64707e-07	1.00375e-06	2.09135e-06	4.10536e-18	2.39222e-18	1.15254e-18	0.238392	0.105197	0.236032	0.1	0.012148
2.18749	-2.52084	1.11792	-2.46778e-06	6.17385e-06	-1.57759e-06	-5.44711e-06	9.04968e-07	3.1461e-05	0.238069	0.10477	0.235712	0.1	0.00981834
0.176008	-2.07908	-0.777193	9.65513e-05	0.000229151	3.42398e-05	0.000476693	-0.000309167	-0.000499314	0.2379	0.104547	0.235545	0.1	0.0058217
-0.0888152	-0.53193	0.205066	-3.17317e-05	0.000195919	3.70821e-05	0.000512756	3.92279e-07	0.00028697	0.237677	0.104254	0.235324	0.1	0.00499411
0.803084	-0.583274	0.588684	-4.47345e-05	8.17035e-05	4.67601e-05	-4.13344e-06	-0.000509364	3.23759e-05	0.237634	0.104196	0.235281	0.1	0.00704824
1.70756	0.254815	2.24818	8.31267e-05	5.42051e-05	2.33703e-05	-0.0005595	0.000193384	-1.13736e-05	0.237512	0.104035	0.23516	0.1	0.0119605
-2.33236	3.26159	-2.31963	-3.47674e-05	-0.000312916	1.13202e-05	-0.000360479	0.000261298	-0.000608942	0.237463	0.103972	0.235112	0.1	0.0060026
0.0780636	2.40019	1.41611	4.23991e-05	-0.00038653	-6.2692e-05	0.000271089	-5.77275e-05	-0.000581446	0.237431	0.103929	0.23508	0.1	0.00739366
0.351565	-1.9313	-2.25048	0.000109126	3.80526e-05	-4.01365e-05	-1.66437e-05	-5.65305e-05	-0.000407263	0.237431	0.103929	0.23508	0.1	0.0133466
1.65834	-0.244405	-2.02329	0.000110863	1.68269e-05	4.38883e-05	-0.000798519	3.85534e-05	-4.15373e-05	0.237278	0.103729	0.234929	0.1	0.0108193
-2.47529	1.49514	0.378375	2.09398e-05	-8.91401e-05	0.000129434	-0.000401681	-0.000396271	8.34892e-05	0.237254	0.103697	0.234905	0.1	0.0074112
0.574084	-2.34278	-0.910609	4.37046e-05	0.000126531	-7.69234e-05	-0.000655256	1.85434e-05	-0.000339261	0.237202	0.103628	0.234853	0.1	0.00668787
-1.62108	-1.45805	2.23001	8.24626e-05	0.000236701	-7.73044e-05	-0.000311452	-0.000273817	-0.000247725	0.237135	0.103541	0.234787	0.1	0.00837519
0.964075	2.42347	2.46956	-0.000139524	-0.000202447	2.92497e-05	-0.000248492	-0.000180441	0.000157073	0.237122	0.103524	0.234774	0.1	0.00779648
-0.904286	3.96931	-0.460482	-5.79847e-05	-0.000333425	-3.48429e-05	0.000318223	-0.000152458	-4.18648e-05	0.236892	0.103224	0.234547	0.1	0.00744089
0.107738	0.470368	-2.35177	1.90695e-05	2.75765e-05	-9.33755e-05	0.000935552	0.000259288	0.000827384	0.236865	0.103189	0.23452	0.1	0.00957748
-1.38918	1.94541	-0.710998	6.57544e-05	-0.000124157	-4.77655e-05	0.000361342	-0.00139771	-0.000897142	0.236787	0.103086	0.234443	0.1	0.00592325
1.04997	-0.652863	-0.0517635	1.17746e-05	6.53007e-05	4.79267e-05	-0.000288087	0.000134807	0.000477081	0.236379	0.102554	0.234039	0.1	0.00596839
1.69262	-1.3064	-1.24468	4.09192e-05	0.000243896	6.08011e-05	-0.00023465	-0.000274333	0.000235017	0.23636	0.10253	0.23402	0.1	0.011066
2.36117	-2.09998	-0.693027	-7.43019e-05	0.000126652	5.10357e-05	0.000476132	1.89653e-05	0.000624289	0.236341	0.102504	0.234001	0.1	0.0176008
-0.630038	1.25215	-0.853475	5.69295e-05	-0.000120254	-7.12578e-05	0.000405081	0.000168829	0.000480367	0.236281	0.102428	0.233942	0.1	0.00584708
0.857351	1.05599	0.952157	-0.000129742	-0.00014163	-0.000129691	-0.000415756	0.00031034	0.00143492	0.236277	0.102422	0.233938	0.1	0.00541414
0.783092	-0.787388	1.009	-1.63001e-05	0.000120542	1.32359e-05	-2.48993e-05	0.000339123	0.000297575	0.236117	0.102213	0.233779	0.1	0.00573972
-1.27273	1.97289	-1.2395	-1.83177e-06	-0.000187215	-2.0122e-05	0.000362903	0.000704119	-6.26229e-05	0.236076	0.102161	0.233739	0.1	0.00601843
-1.74705	-0.567955	-0.0692872	-8.35123e-05	-4.54484e-05	-2.72907e-05	0.000189545	-0.000128792	-4.42424e-05	0.235915	0.101951	0.233579	0.1	0.00474841
-1.06814	0.502602	1.22047	1.61472e-07	9.73412e-08	7.21051e-07	-2.14e-19	5.82651e-19	7.01593e-19	0.235774	0.10177	0.23344	0.1	0.0120454
1.4507	-0.800935	-0.237673	3.26693e-05	0.000211393	6.33533e-05	-0.000184794	-4.17502e-05	0.00036479	0.235702	0.101675	0.233368	0.1	0.00412441
1.77349	-3.56317	1.40657	-0.000156168	0.000482978	-5.50829e-05	-0.00039444	0.000136495	0.000461511	0.235632	0.101585	0.233299	0.1	0.00680481
0.524635	0.960472	0.638767	-0.000111103	-0.000134363	-0.000153061	0.000915187	-0.000271105	-0.000873435	0.235543	0.10147	0.233211	0.1	0.00737135
-2.3183	3.38084	1.73154	1.13264e-05	-0.000196728	1.83671e-05	0.00017973	-7.77233e-05	0.000306001	0.235542	0.101468	0.23321	0.1	0.00505444
1.8532	3.37867	-0.777254	-9.79827e-05	-0.00036403	-3.23162e-05	-0.000443072	5.13954e-05	-0.000322735	0.235326	0.10119	0.232996	0.1	0.00655306
-2.09008	1.38115	-1.35127	0.000348067	3.51301e-06	-3.30694e-05	-0.000655516	0.00227546	0.00137927	0.235264	0.101109	0.232935	0.1	0.00482663
-0.159719	1.90242	-0.643915	5.63394e-05	-0.000444059	9.5162e-06	-0.000373511	-0.000108871	-0.000893798	0.235177	0.100998	0.232849	0.1	0.00698647
-1.99436	-3.90112	-2.09126	3.45786e-05	6.70106e-05	4.76586e-05	0.000351189	5.80805e-06	-0.000228954	0.235106	0.100905	0.232778	0.1	0.00788742
1.37433	1.05791	-0.443947	-1.24634e-05	-0.000208695	7.51145e-05	0.000393026	-0.000496344	0.000671932	0.23501	0.100782	0.232683	0.1	0.00470808
1.61094	-1.5592	0.844027	4.56547e-05	0.000205956	5.24816e-05	0.000210517	-9.97858e-05	0.000116765	0.234827	0.100547	0.232502	0.1	0.0059471
0.152278	1.67902	-1.09277	-4.35789e-06	-0.00029722	-0.000159313	0.000871326	0.000396511	-0.000734111	0.234781	0.100487	0.232456	0.1	0.00710653
2.28052	-1.21092	-2.42954	5.78152e-06	0.000156674	-1.91393e-05	0.000490243	0.00113726	-0.000836231	0.234742	0.100438	0.232418	0.1	0.00519417
0.0573339	2.96686	-0.470959	-8.65303e-05	-9.66664e-05	0.000110973	0.000582021	-0.000544011	-3.30461e-06	0.234729	0.100422	0.232405	0.1	0.0113314
0.852876	-0.936868	-0.392782	7.312e-05	0.000100965	4.30501e-05	8.62675e-06	-0.000133393	0.000580878	0.234723	0.100413	0.232399	0.1	0.00753437
-0.729935	2.65556	1.48476	-6.94518e-05	-0.000345259	-6.62033e-05	-0.000392949	0.000274221	-7.01991e-05	0.234716	0.100404	0.232392	0.1	0.0081912
-0.449986	-3.83316	-1.43306	-0.000174145	0.000238935	-5.12818e-05	3.18275e-05	0.000227106	0.000984333	0.234391	0.0999882	0.23207	0.1	0.0131213
-0.405774	-1.15415	0.992044	-0.000103884	4.38067e-05	-7.52412e-05	0.000185837	7.11803e-05	0.000516443	0.234228	0.0997805	0.231909	0.1	0.0112579
-1.01502	1.89072	-1.87562	-3.83386e-05	-0.000231545	-3.2733e-05	-0.000603709	-0.0003145	-0.000285206	0.234163	0.0996969	0.231845	0.1	0.00640856
-0.20058	-0.0937918	-0.0108396	5.1022e-05	-6.91848e-05	1.39525e-05	0.000123899	0.000456031	-0.00100096	0.233947	0.0994212	0.231631	0.1	0.0054571
2.4073	-2.00463	-2.3488	6.43763e-05	0.000198163	0.000176289	0.0008956	-0.000196109	0.000228547	0.233696	0.0991015	0.231382	0.1	0.0112814
-1.1968	-1.5258	1.19562	7.45999e-05	8.77716e-05	-0.000187652	1.43751e-05	0.00060048	3.40085e-06	0.23369	0.0990929	0.231376	0.1	0.00639123
-0.0236267	2.19306	2.15976	-0.000132385	-0.00014163	3.15622e-05	-0.000280143	0.000181732	-0.000363392	0.233609	0.0989904	0.231296	0.1	0.00661375
-0.0683426	3.82244	-0.0372002	-2.28357e-05	-0.000455477	3.12704e-05	3.55966e-06	-0.000379296	-0.000652282	0.233569	0.0989397	0.231256	0.1	0.00637362
-1.27379	-1.90509	0.343737	-2.53334e-08	2.17609e-06	4.01869e-07	-5.22362e-24	2.6896e-25	-4.44442e-25	0.233337	0.0986457	0.231027	0.1	0.00586337
0.27545	-3.66196	2.06008	-0.000232702	3.38961e-05	8.9408e-05	1.6364e-05	0.000284881	-0.000263721	0.233285	0.0985791	0.230975	0.1	0.00801642
0.364445	-3.44385	-0.312234	-2.2876e-05	0.000350485	-3.44049e-05	0.000108443	-7.81363e-05	6.50004e-06	0.233155	0.0984158	0.230847	0.1	0.00543493
-1.56264	2.22992	0.481054	9.8863e-06	-0.00026069	5.18602e-07	-2.17768e-05	-0.000169582	-0.000637133	0.233116	0.0983655	0.230808	0.1	0.00905295
1.4438	1.35644	-0.092871	5.77235e-05	-0.000155216	-6.2198e-05	-0.000734371	0.000683789	0.000389869	0.233102	0.0983481	0.230794	0.1	0.00530157
-1.85722	-0.908837	1.26007	-4.55224e-05	0.000117822	5.02371e-05	0.00028383	0.00016116	1.47674e-07	0.233037	0.0982664	0.23073	0.1	0.00933173
-0.215306	-0.567383	0.654438	-6.23161e-06	-6.27002e-05	1.04685e-06	-4.91187e-05	-4.95729e-07	-0.00031008	0.232987	0.0982018	0.23068	0.1	0.00726344
2.49541	-1.60182	2.44304	-2.60489e-05	5.45648e-05	-0.000144118	-0.00045991	0.000570519	-0.00087267	0.23297	0.0981807	0.230663	0.1	0.00879646
-1.73858	-2.99214	-0.221379	-8.50682e-05	0.000379419	3.54047e-05	-0.000146845	0.000215093	0.000169275	0.232853	0.0980333	0.230548	0.1	0.00787591
1.14702	2.55751	1.52245	-0.000193302	-0.000164268	6.72026e-05	-0.00068009	0.000284002	-0.000564575	0.232841	0.0980185	0.230536	0.1	0.011387
2.29088	-3.68237	1.79601	2.02227e-05	0.000458988	-2.09413e-05	-0.000128457	-0.000226954	-0.000863944	0.232838	0.0980137	0.230533	0.1	0.0101877
-1.37379	3.93554	-0.684009	-2.30621e-06	-0.000410649	3.6951e-05	0.00047201	-0.000350405	-4.04016e-05	0.232645	0.0977704	0.230342	0.1	0.00575243
2.25683	2.23287	-0.761658	-3.2229e-05	-0.000270311	6.1873e-05	-4.38384e-05	8.25053e-05	0.000244192	0.232529	0.0976247	0.230227	0.1	0.00996665
-0.104214	-0.274303	2.27618	0.000104725	2.13961e-05	4.01942e-05	0.000187926	-0.000333399	-0.000350642	0.232356	0.0974063	0.230055	0.1	0.00917446
2.36651	1.39575	-0.550426	0.000389558	-0.000268318	-0.000120177	-0.00147442	-0.00218396	0.000591354	0.232305	0.0973426	0.230005	0.1	0.00616838
-1.03278	1.21977	0.935573	-5.04729e-05	-8.09392e-05	-2.66323e-05	-0.000387467	0.000186527	0.000227899	0.232166	0.097167	0.229867	0.1	0.00832154
-2.23084	4.05462	-2.45789	-3.35832e-05	-0.000567071	-4.88836e-05	0.000369314	6.1159e-06	-0.000240773	0.232017	0.0969806	0.22972	0.1	0.00783061
0.577434	-2.05761	-0.539997	9.64779e-05	0.000261837	-4.60271e-05	-0.000335632	7.28691e-05	-0.000305581	0.231839	0.0967586	0.229544	0.1	0.0073618
1.6773	-2.93487	-1.6498	-2.94706e-05	0.000331274	0.000101772	0.000462249	0.00016587	0.000530235	0.231804	0.0967136	0.229509	0.1	0.0101535
-0.592544	-3.15013	-0.0311002	-4.00782e-05	0.000148597	0.000156015	0.000618066	-0.000248475	0.000414316	0.231661	0.0965346	0.229367	0.1	0.011478
0.264521	2.00935	-0.790803	4.99803e-05	-0.000451766	-1.13085e-05	0.000205732	0.000164648	0.000937117	0.231371	0.0961726	0.22908	0.1	0.00733745
1.89983	0.543052	1.57091	-0.000174861	-0.000198884	-0.000114377	-0.000895896	0.00137749	-0.000512505	0.231332	0.0961243	0.229042	0.1	0.00756419
-1.57237	3.76452	0.817932	-4.56548e-05	-3.38221e-05	-0.000144508	-0.000196386	5.49293e-06	-0.000355263	0.231276	0.0960544	0.228986	0.1	0.00950948
0.681216	1.08322	-1.90812	1.94383e-06	-9.54453e-05	-1.56328e-05	0.000423316	5.76967e-05	-0.000219175	0.231257	0.0960307	0.228967	0.1	0.0107254
1.76732	1.51186	-0.544209	0.000129799	-0.000370627	-4.14024e-05	-0.000689958	0.000343025	-0.00056569	0.231228	0.0959953	0.228939	0.1	0.00560651
0.576247	0.817825	1.23172	0.000140125	-0.000266975	1.50415e-05	-0.000286123	0.00017313	0.000150872	0.231098	0.0958324	0.22881	0.1	0.00430288
-0.408849	2.61197	-1.73178	-5.68604e-05	-0.000228448	-1.17581e-05	-0.000120844	-6.12182e-05	-0.000633637	0.231097	0.0958312	0.228809	0.1	0.00889835
1.41456	3.42673	2.13526	-0.000322001	-0.000337626	-4.13205e-05	0.000398589	0.000699384	-0.000861621	0.230968	0.0956712	0.228681	0.1	0.0103107
1.50626	1.1396	-2.22847	-2.00772e-05	-5.70617e-05	1.95766e-05	-0.000573059	0.000359689	-8.09412e-05	0.230925	0.0956178	0.228639	0.1	0.00454167
-1.0067	-0.627135	1.87517	3.81946e-05	3.07436e-05	-1.80224e-05	2.35712e-05	-0.000149986	-0.000205759	0.230853	0.0955284	0.228567	0.1	0.0112411
2.43025	-0.273755	-0.975715	-6.85027e-07	8.75675e-07	-2.33243e-06	-1.43423e-23	2.94994e-24	1.26703e-23	0.230603	0.0952189	0.22832	0.1	0.01175
0.0726464	-0.590347	-2.3171	1.81298e-05	3.74983e-06	6.49927e-05	-0.00023729	-0.00042768	-0.000302695	0.230371	0.0949306	0.22809	0.1	0.00475741
-0.254342	-1.78338	-1.26847	8.68813e-05	0.000269016	-7.22832e-05	-0.000247542	-0.000193846	0.000117669	0.230367	0.0949265	0.228086	0.1	0.00910791
-0.0789245	4.00934	-1.38144	-3.14941e-05	-0.000372183	-3.97205e-05	6.7963e-05	-0.00036658	9.50398e-05	0.230224	0.0947498	0.227945	0.1	0.00490584
0.643091	1.21355	0.272083	-7.53163e-05	-4.65803e-05	-9.88165e-05	0.000314729	0.000395699	-0.0004041	0.22985	0.0942887	0.227574	0.1	0.00825474
-1.68132	-2.22739	0.39953	5.43346e-06	0.000143355	5.0319e-05	0.000201162	0.000110744	0.00013382	0.22984	0.0942757	0.227564	0.1	0.00624441
0.205719	4.00189	0.282766	-5.5285e-05	-0.000492324	3.33681e-05	-0.000475318	-0.000110259	-0.000158133	0.229772	0.0941929	0.227497	0.1	0.00478498
-0.0567701	3.1498	-1.36787	-6.80522e-05	-0.000358156	2.09628e-05	4.13515e-05	-0.000104313	0.000155589	0.229716	0.0941249	0.227442	0.1	0.00646749
2.35494	3.58384	-1.03935	-6.04497e-05	-8.39115e-05	-8.81614e-05	0.000307258	0.000316089	-0.000516794	0.229675	0.0940734	0.227401	0.1	0.00902674
0.898842	-2.91488	1.03763	-1.13734e-05	0.000236202	9.53377e-06	6.66484e-05	3.32316e-05	0.000147204	0.229635	0.094024	0.227361	0.1	0.00607846
0.799483	-3.5723	-2.29394	-0.000113341	0.000443357	3.74667e-05	0.000327174	-0.000323911	0.000379319	0.229633	0.0940217	0.227359	0.1	0.00735617
-0.494675	3.66475	-0.0889102	-1.6712e-05	-0.000345019	-3.27975e-05	0.000239291	0.000118311	0.000293012	0.229597	0.0939779	0.227324	0.1	0.00946313
1.87964	0.404631	0.997931	6.28154e-05	-4.17472e-05	-4.33263e-05	7.24582e-05	-0.000249836	0.000345936	0.229587	0.0939654	0.227314	0.1	0.00854358
0.54629	-1.02543	-0.0410967	1.22211e-05	9.3405e-06	2.52939e-05	8.00312e-05	-6.11945e-05	0.000239393	0.229559	0.093931	0.227286	0.1	0.00703906
-0.755202	0.134425	0.00143131	-4.12879e-05	6.3585e-05	4.05141e-05	-0.000231612	9.62313e-05	-0.000380587	0.229502	0.0938617	0.22723	0.1	0.00689517
-0.110039	-0.81216	-0.459044	4.62001e-05	4.85323e-05	-4.79986e-05	-0.000180783	1.97952e-05	8.64542e-05	0.229294	0.0936058	0.227024	0.1	0.00636998
-1.04043	-3.01328	1.31096	-2.93698e-05	2.4201e-05	9.98148e-06	7.92569e-05	2.90316e-05	0.000173736	0.229262	0.0935673	0.226992	0.1	0.00747311
2.35567	1.23348	-1.15748	6.54695e-05	-0.000316937	4.0127e-05	0.000428237	-0.000306026	9.08649e-05	0.229043	0.0932983	0.226775	0.1	0.00665233
2.28815	0.640518	1.35496	-0.000182257	0.000138793	0.000120933	0.00133999	-0.00233022	0.0019287	0.229023	0.0932736	0.226755	0.1	0.00567672
2.06018	-3.91562	1.47783	-0.000105087	0.000535179	2.0167e-05	-0.000270456	0.00015418	-0.000268403	0.22902	0.0932701	0.226752	0.1	0.00713277
2.18697	2.60674	-2.0079	-0.000142377	-8.80908e-05	-0.000131797	0.00109653	-0.000355289	-0.000452609	0.228994	0.0932399	0.226727	0.1	0.00851021
0.350594	-3.299	2.32851	-2.32437e-05	2.63521e-05	4.04019e-05	-0.000146406	0.000179349	-0.000197323	0.228978	0.0932202	0.226711	0.1	0.00612629
1.183	2.73051	-1.06407	-3.95747e-05	-0.000354406	2.723e-05	0.000658409	-0.000612048	0.000496845	0.228925	0.093155	0.226658	0.1	0.00687105
0.106069	0.684628	0.209552	-4.70451e-05	-0.00016711	-7.77611e-05	-0.000639194	0.000278723	-0.00017822	0.228769	0.0929649	0.226504	0.1	0.0103782
1.50856	-1.04576	2.12024	-2.65871e-05	7.76531e-05	7.21102e-05	0.000401655	3.00031e-05	0.000114233	0.228681	0.0928573	0.226417	0.1	0.00526617
0.128802	1.56211	-0.0996685	-2.47036e-05	-0.000231542	-0.000106939	3.66829e-05	0.000439398	-0.000409605	0.228633	0.0927983	0.226369	0.1	0.00911608
-0.82841	3.96031	-1.35822	-7.44043e-09	5.22588e-07	-3.02564e-09	0	0	0	0.228527	0.09267	0.226264	0.1	0.00967352
0.955155	0.837781	-2.17666	-5.22523e-05	-0.000132553	2.03071e-05	0.00061004	-0.000226281	0.000127166	0.228372	0.0924815	0.226111	0.1	0.00932699
1.21141	-3.44856	-2.15081	-7.86516e-05	0.000381149	-9.29289e-06	-0.000360942	2.01827e-05	0.000389194	0.228275	0.0923635	0.226015	0.1	0.00683803
0.436274	-0.986605	1.23312	3.4707e-05	0.000135423	1.48195e-05	-0.000252634	-0.000226535	-0.00017573	0.228269	0.0923562	0.226009	0.1	0.00482479
2.38616	-1.92691	1.78099	-3.15561e-06	0.000319231	2.9292e-05	-3.87458e-05	-0.000332503	0.00106961	0.228148	0.0922089	0.225889	0.1	0.00854565
0.222503	3.76157	-0.385453	-2.43194e-05	-0.000497452	-3.01966e-05	0.000565894	-7.76565e-05	-0.00056666	0.227891	0.0918988	0.225635	0.1	0.00536564
1.07021	-0.105979	-0.729405	-7.01224e-05	-0.000129657	4.55787e-05	-0.000360241	0.000118599	-0.000214253	0.2278	0.0917882	0.225545	0.1	0.00844287
-2.0046	-2.69256	1.50376	-3.62217e-05	6.52593e-05	6.65163e-05	0.000401061	-7.55603e-05	0.000288375	0.227735	0.0917093	0.22548	0.1	0.01226
1.00922	1.20197	0.53855	-7.80218e-05	-0.000151448	-9.54621e-05	0.000352777	-0.000558795	0.000546908	0.227721	0.0916929	0.225466	0.1	0.00576229
1.70953	-2.37841	-2.25349	2.19294e-05	0.000334347	6.95185e-05	-0.000113571	0.000399558	-0.000174224	0.227719	0.0916894	0.225464	0.1	0.00798231
1.60862	-0.536688	0.123062	-2.72284e-05	-1.09176e-05	-1.43888e-06	6.11843e-05	-0.000115868	6.02307e-05	0.227657	0.0916158	0.225403	0.1	0.00572471
2.14235	-3.51218	-0.786621	6.97338e-05	0.000235113	-9.22657e-05	-0.000791885	-1.69597e-05	-0.000640559	0.227655	0.0916129	0.225401	0.1	0.00862958
-1.71836	1.92276	-1.14188	1.6824e-05	-0.000148913	2.2523e-05	0.000820253	-4.91285e-05	9.56307e-05	0.227637	0.0915917	0.225383	0.1	0.00607364
2.32511	-3.86063	-1.00743	-1.02032e-06	2.45238e-06	1.22079e-06	-5.51137e-21	-2.85631e-22	-4.09111e-21	0.227625	0.0915767	0.225371	0.1	0.010685
-2.39378	-3.65231	-1.94464	5.60047e-05	0.000466523	6.5442e-06	-0.000238317	-0.00028179	-0.000364509	0.227598	0.0915445	0.225345	0.1	0.00470497
1.12584	-1.72317	0.772783	7.34032e-05	0.00020241	3.65524e-05	3.44064e-05	0.000110667	4.34801e-05	0.227427	0.0913378	0.225175	0.1	0.0052708
-0.932356	1.65585	1.96141	-6.7024e-05	-6.66399e-05	-0.000138855	-0.00152868	-0.000481535	-2.35408e-05	0.227288	0.0911706	0.225038	0.1	0.00668644
1.17805	3.16178	-1.27562	-6.2212e-05	-0.000322918	6.92213e-05	0.000580079	-0.000426781	0.000344393	0.227272	0.0911519	0.225022	0.1	0.00690357
