-1.38253	1.21158	-1.02946	6.74112e-05	-0.000116637	-1.14068e-05	4.54061e-06	-4.6108e-05	-7.1113e-05	0.55482	1.32612	0.549327	0.1	0.018011
2.15336	3.61153	2.24096	-5.20039e-06	-0.000390976	1.95549e-05	-3.42516e-05	7.74141e-05	5.20705e-05	0.554711	1.32533	0.549219	0.1	0.0175734
-0.826551	-1.26286	-0.918459	5.55365e-05	0.000201681	-0.000108406	-1.97805e-06	2.71361e-05	-0.000196878	0.554426	1.32329	0.548937	0.1	0.0212214
-0.0776781	1.21041	-1.98405	-9.48682e-06	-0.000220208	-4.33996e-05	0.000184954	-4.91042e-05	6.39544e-05	0.552434	1.30908	0.546964	0.1	0.0187165
2.47544	-3.33148	1.09588	-1.28004e-06	0.000438482	1.62901e-05	0.00020933	-2.73542e-05	0.000149657	0.551275	1.30086	0.545817	0.1	0.0248066
-0.324728	-3.41476	-0.67351	-6.15816e-05	0.000382669	2.22615e-05	0.000153805	0.00010365	-4.71833e-05	0.548893	1.28407	0.543458	0.1	0.0192717
-2.00226	0.740885	-1.79245	6.51836e-05	-2.10423e-05	-4.02266e-05	0.000108145	-2.67889e-05	-3.75318e-05	0.548822	1.28357	0.543388	0.1	0.0204277
1.80434	3.99728	-0.360772	3.67363e-05	-0.000459372	-8.65901e-05	0.000256851	3.74596e-05	3.18455e-05	0.547774	1.27623	0.54235	0.1	0.0191184
-1.93235	-0.412033	0.670093	-3.89065e-05	9.23221e-06	-3.03675e-05	-9.04228e-05	-9.69036e-07	5.73873e-05	0.547358	1.27333	0.541939	0.1	0.0237687
-0.865001	-0.141442	0.725711	-5.64299e-05	-5.41836e-05	-3.30772e-05	2.8939e-05	9.34211e-06	-2.42333e-05	0.546952	1.2705	0.541537	0.1	0.0198896
2.10343	0.365648	-1.25178	4.66749e-05	-5.31041e-05	-3.6824e-05	3.16159e-05	3.41568e-05	-8.38271e-07	0.546649	1.26839	0.541237	0.1	0.0238553
1.20169	2.60406	-1.81661	-3.83355e-05	-0.000187709	5.05159e-05	-9.47501e-05	8.24671e-05	0.000149196	0.545348	1.25936	0.539949	0.1	0.020353
-2.42443	-2.39446	0.436708	-3.57479e-05	0.000246522	1.37031e-05	0.000113287	1.45027e-05	-7.19213e-06	0.545169	1.25811	0.539771	0.1	0.0212441
-0.0568637	-3.13373	-2.02726	-7.02183e-06	0.000339057	1.167e-05	4.96543e-05	-0.000149839	-4.02088e-05	0.544719	1.255	0.539326	0.1	0.0181972
-0.625705	3.35146	1.30121	1.85935e-05	-0.000309382	-4.3991e-05	0.000163142	0.000174584	-3.3559e-05	0.543689	1.24789	0.538306	0.1	0.0184472
2.18592	-2.50613	2.16845	4.88979e-05	0.000347498	2.62104e-05	-3.51778e-05	-5.98718e-05	6.75308e-06	0.541854	1.2353	0.536489	0.1	0.0299052
1.49892	-2.01888	-1.29542	-1.63975e-05	0.000200128	4.8805e-05	4.15666e-05	4.13654e-05	-1.12191e-05	0.540595	1.22671	0.535243	0.1	0.0259254
2.11186	2.8401	-1.29779	-2.9932e-05	-0.000292491	5.78162e-05	-0.000235465	-0.000110492	0.000100077	0.540372	1.22519	0.535022	0.1	0.0189918
0.243129	2.22888	-2.11668	3.15082e-06	-0.000248558	6.14261e-05	-8.69876e-05	-0.000136049	-8.18865e-05	0.540364	1.22514	0.535014	0.1	0.0170682
1.53187	1.88769	1.54103	-5.29348e-06	-9.81185e-05	6.6365e-05	-4.90849e-05	-1.61683e-05	3.93442e-05	0.537534	1.20599	0.532212	0.1	0.021843
1.81342	-2.98928	-0.0110848	-1.84449e-05	0.000269944	4.0105e-05	1.80501e-05	0.000101507	0.00011363	0.536704	1.20041	0.53139	0.1	0.0218954
-1.68365	1.61761	0.950098	-1.46927e-05	-0.000118034	8.4152e-05	0.000127114	-4.44685e-05	4.80142e-05	0.536645	1.20002	0.531332	0.1	0.0212014
0.661941	-1.87582	0.215285	-7.57872e-06	0.000194676	4.5886e-05	6.08374e-05	3.22195e-05	2.66158e-05	0.536462	1.19879	0.53115	0.1	0.0205823
0.369404	3.49755	1.65456	-4.92229e-06	-0.000382806	8.71091e-06	-4.75816e-05	-0.000126244	8.83825e-05	0.53632	1.19784	0.53101	0.1	0.0226052
-1.13909	-2.5851	0.0583912	-2.23675e-05	0.000323008	2.65113e-06	-0.000141993	-5.30949e-06	1.34098e-05	0.535344	1.19131	0.530044	0.1	0.0181214
-0.267704	-2.48901	-1.19822	-2.46694e-05	0.000322227	6.83628e-06	-0.000225161	4.16163e-05	-0.000106227	0.534798	1.18767	0.529503	0.1	0.0175079
1.35184	3.87302	1.57325	-2.23486e-05	-0.000399972	5.30692e-05	-5.79804e-05	1.77114e-05	-0.000116075	0.534761	1.18742	0.529466	0.1	0.0183647
0.7951	1.52372	-0.450451	-6.44396e-05	-0.000198387	-3.90268e-05	3.22478e-05	-0.000207947	-6.55356e-05	0.534328	1.18454	0.529038	0.1	0.0188032
-1.45103	3.77717	0.0643745	-8.18678e-05	-0.00033581	-6.58316e-06	0.00015705	-1.54751e-05	9.97871e-05	0.533494	1.179	0.528212	0.1	0.0186326
-0.511607	1.94185	-1.32147	-1.20624e-05	-0.000292836	-4.20249e-06	-8.41165e-06	1.70712e-05	9.20774e-05	0.533315	1.17782	0.528035	0.1	0.0174817
-0.369189	3.53253	-0.831711	-7.07488e-05	-0.000345574	-5.53062e-05	-1.08549e-05	-8.53402e-05	9.71205e-06	0.533292	1.17767	0.528012	0.1	0.017866
-2.01831	-1.19651	-2.15864	5.05384e-08	5.27962e-05	-0.000195316	0.000156646	-1.31991e-05	-0.000119138	0.533023	1.17589	0.527746	0.1	0.0222251
-1.75827	-3.11471	-2.20648	-5.26076e-06	0.000342667	8.78305e-06	5.67165e-06	2.98036e-05	5.91471e-05	0.53279	1.17434	0.527515	0.1	0.0256267
-0.0099703	-2.51307	1.01677	2.01017e-06	0.0002597	-3.68735e-05	-9.88359e-05	-8.40417e-05	-2.70041e-05	0.532572	1.1729	0.527299	0.1	0.0257991
-1.4538	3.57111	-1.71101	-2.35577e-05	-0.000317437	3.69157e-05	-0.00012673	7.88741e-05	-0.000114418	0.532055	1.16949	0.526787	0.1	0.0212521
0.454403	3.24066	-2.32573	-2.33287e-06	-0.000295942	2.01562e-05	-2.38109e-05	-3.73484e-05	0.000123299	0.531483	1.16572	0.526221	0.1	0.0249167
2.41968	0.171745	-2.48323	4.25335e-05	3.32138e-05	-3.95236e-05	-6.93623e-05	4.10532e-05	-4.66486e-05	0.530981	1.16242	0.525724	0.1	0.0205908
-0.173809	-1.19042	-1.76425	3.84206e-05	0.000144912	-9.3206e-05	-7.01242e-06	9.71501e-06	7.77878e-05	0.53052	1.15939	0.525267	0.1	0.0202471
-0.933065	-3.47152	0.586899	-2.94395e-05	0.000383619	3.20975e-05	1.89333e-05	0.000126803	-0.000149337	0.529592	1.15332	0.524349	0.1	0.0181507
-0.0761604	-3.58836	1.37648	-6.82441e-05	0.000367608	-1.78716e-05	6.15291e-05	-4.33605e-05	0.000124495	0.528499	1.14619	0.523266	0.1	0.0218768
2.04671	0.789428	-0.235692	-3.99121e-05	9.47061e-06	6.40788e-05	5.54563e-05	5.91929e-05	0.000137145	0.527475	1.13954	0.522252	0.1	0.0239763
0.553073	3.532	-1.32625	-4.93104e-05	-0.000320199	1.67828e-05	7.24216e-05	-2.91903e-05	1.20015e-05	0.527182	1.13765	0.521962	0.1	0.0190771
-2.41534	0.784469	0.658251	-3.12058e-06	-8.08852e-05	4.26354e-05	0.000262176	1.09003e-05	6.31877e-05	0.527004	1.1365	0.521786	0.1	0.0272577
2.40952	-1.14291	1.76687	-4.56398e-05	0.000264866	6.18411e-05	-3.25799e-05	0.000133776	-0.000313338	0.526785	1.13507	0.521569	0.1	0.0200769
0.0783299	-3.33595	0.377578	-3.88698e-05	0.000260601	-2.52684e-05	6.75594e-05	2.43269e-05	-0.000103838	0.526637	1.13412	0.521423	0.1	0.0175582
0.545773	2.73275	0.959523	8.30295e-06	-0.000318274	-4.05954e-05	0.000198539	0.000142853	-2.77568e-05	0.524764	1.12206	0.519568	0.1	0.0167026
-2.44172	3.88927	0.373363	-4.79762e-05	-0.0003273	1.32207e-05	-0.000176815	6.63822e-05	-0.00014258	0.523709	1.11531	0.518524	0.1	0.023504
-2.48959	3.6943	-1.7593	-2.09743e-05	-0.000361208	6.0446e-06	-8.76328e-07	-0.000118046	-1.62307e-05	0.523479	1.11384	0.518296	0.1	0.018239
1.50423	0.935865	2.04145	8.6527e-05	-4.47307e-05	-1.08216e-05	0.000101799	-8.46428e-05	-4.9238e-05	0.521989	1.10436	0.516821	0.1	0.0189477
-1.84485	-1.87666	-0.276531	-5.38661e-05	0.000207971	-2.41882e-05	9.68373e-05	0.000325046	-0.000373081	0.521432	1.10083	0.516269	0.1	0.021376
-0.403195	1.78938	1.4633	1.7735e-05	-0.000246813	-2.81096e-05	-5.18904e-05	7.28028e-05	-6.39792e-05	0.521217	1.09946	0.516056	0.1	0.0233407
-2.00374	-3.87268	1.84021	2.73983e-06	0.000421777	-1.75222e-05	-3.76567e-05	-6.32116e-05	2.3083e-05	0.518617	1.08309	0.513482	0.1	0.0164431
2.08684	-0.0938733	0.465429	-2.60574e-05	-6.51452e-06	-9.52791e-06	-7.59784e-05	8.60609e-05	-0.000106875	0.517898	1.07859	0.51277	0.1	0.0211145
2.33598	-1.0659	-0.932209	-9.16087e-06	0.000103224	-2.10542e-05	0.00027028	2.73555e-05	8.57183e-06	0.517716	1.07746	0.51259	0.1	0.0236177
1.56614	3.72692	-1.34759	-5.6908e-05	-0.00034529	-6.3931e-05	-5.92887e-05	0.000160722	-4.95005e-05	0.5171	1.07361	0.51198	0.1	0.0166195
-1.8749	2.65819	-1.47089	-4.38527e-05	-0.000261987	7.33699e-05	0.000134722	0.000119324	-1.68574e-05	0.516716	1.07123	0.5116	0.1	0.0206225
-1.9425	0.341957	-0.81987	2.28952e-05	-5.1917e-05	-4.52118e-05	-4.52204e-05	-4.51398e-05	-1.96805e-05	0.515931	1.06635	0.510823	0.1	0.0241922
1.14586	3.20171	-0.548024	-5.03708e-05	-0.000385996	6.89808e-06	-0.000234992	0.000263066	-0.000202418	0.515901	1.06617	0.510793	0.1	0.0139162
1.54579	2.04733	-0.932964	-2.9866e-06	-0.000251947	7.96342e-05	7.13678e-05	7.48927e-06	-5.83507e-05	0.51576	1.06529	0.510653	0.1	0.0165383
-1.90444	-2.04655	1.95436	4.82165e-05	0.000277828	-8.17818e-06	-9.9806e-05	8.02031e-05	-0.00010549	0.514995	1.06056	0.509896	0.1	0.0260451
-0.430265	3.49691	-1.86286	-1.96953e-05	-0.000379283	-3.25834e-05	-7.09057e-05	-1.82117e-05	4.71448e-05	0.514003	1.05444	0.508914	0.1	0.0206434
0.737187	0.1128	2.46148	5.26203e-05	2.84296e-05	-3.40867e-05	6.98847e-05	8.28116e-05	-6.17631e-05	0.512599	1.04583	0.507524	0.1	0.0185939
0.540631	-0.334417	1.57557	-1.08207e-05	0.000138997	-5.8951e-05	0.00011073	2.01488e-05	-2.3784e-05	0.51184	1.04118	0.506772	0.1	0.0181568
-2.05578	-3.49995	-1.29799	-2.73291e-06	0.000410738	1.49175e-05	-7.46609e-05	-2.96886e-05	-0.000137918	0.511673	1.04017	0.506607	0.1	0.0213502
-0.449898	0.8158	0.698911	-2.47329e-05	-8.58487e-05	1.84595e-05	6.53237e-05	4.38846e-05	-7.19824e-05	0.511494	1.03908	0.50643	0.1	0.0238556
0.881122	-3.19855	-1.50806	3.23988e-05	0.000336157	3.78685e-05	3.38727e-05	-2.70743e-05	8.61782e-05	0.510448	1.03272	0.505394	0.1	0.0177963
-1.2494	3.47363	2.13318	-9.25682e-05	-0.000328566	3.63814e-05	-0.000378486	0.000110424	-0.000164711	0.509646	1.02785	0.5046	0.1	0.0215984
0.829893	-2.74366	-2.40403	1.19457e-06	0.000291079	3.35553e-05	-0.000111983	8.6394e-05	-1.68435e-05	0.508542	1.02119	0.503507	0.1	0.0203896
-0.636391	-0.426418	-2.26189	3.71996e-05	7.29199e-05	-0.000111633	-8.89019e-05	1.63771e-05	-3.72359e-05	0.508425	1.02048	0.503391	0.1	0.0182058
1.44923	-0.438418	-1.33741	6.18392e-05	-4.91286e-05	2.3716e-05	-0.000184788	-2.2646e-05	2.42648e-05	0.506867	1.01114	0.501849	0.1	0.0188548
1.37662	1.80028	-2.44513	3.51474e-05	-0.000134949	5.95775e-05	9.55766e-05	6.59631e-05	0.000152116	0.505037	1.00022	0.500037	0.1	0.0185126
-1.20866	2.69426	-2.23664	-1.35226e-05	-0.00025814	9.21846e-05	0.000229602	2.56284e-05	0.000243201	0.504957	0.999745	0.499957	0.1	0.0226365
-2.30093	-3.39192	-0.331744	-2.39201e-05	0.000412837	-1.05338e-05	8.12595e-05	-2.66511e-05	6.12856e-05	0.504939	0.999642	0.49994	0.1	0.0184189
-0.172635	-0.435897	-1.07949	1.31003e-05	8.96228e-06	-1.92005e-06	0.00030606	-0.000179248	-0.000157892	0.504901	0.999415	0.499902	0.1	0.0168467
0.42956	-0.354477	-0.286918	-2.05972e-05	-7.43992e-05	4.00076e-05	-8.04624e-05	8.9682e-05	-0.000193139	0.504788	0.998742	0.49979	0.1	0.0152311
0.698905	-0.6928	-1.94139	6.49214e-05	8.27362e-05	8.38997e-06	0.000290852	-4.96054e-05	-0.000253348	0.503937	0.993701	0.498948	0.1	0.0195271
-1.00543	-2.22855	1.41823	7.74581e-06	0.000326776	1.76232e-05	-5.96512e-05	-1.80976e-05	-0.000106524	0.503345	0.990196	0.498361	0.1	0.0182688
-1.02997	0.371396	-1.80766	4.35539e-05	7.41871e-06	-7.59169e-05	0.00016648	3.64857e-05	8.6394e-05	0.503196	0.989325	0.498214	0.1	0.018308
1.33159	-1.46072	-0.444715	1.67522e-06	0.000166116	4.24774e-05	1.05539e-05	-6.56764e-05	-5.39793e-05	0.502585	0.985721	0.497609	0.1	0.0197852
-0.918837	0.807624	-0.185126	4.42625e-06	-0.000125956	1.53814e-05	-9.4317e-05	-0.000102775	-7.29835e-05	0.501771	0.98094	0.496803	0.1	0.0188557
0.270677	-2.64232	-0.335859	-1.7181e-05	0.000269718	2.42996e-05	4.44213e-05	4.37458e-05	-5.03665e-05	0.501401	0.978774	0.496437	0.1	0.0206181
2.33274	-1.45789	0.795411	-2.32313e-05	0.000198474	5.38781e-05	-3.92951e-05	1.83116e-05	-2.6046e-05	0.501352	0.978484	0.496388	0.1	0.0170773
-1.54356	1.40627	2.25256	3.46049e-05	-0.000114204	8.64557e-06	4.047e-05	0.000135424	0.000152526	0.501333	0.978374	0.496369	0.1	0.0187042
-0.421049	2.77522	2.13011	5.39816e-05	-0.000221466	-1.9395e-05	-0.000356051	-4.54234e-05	-5.96762e-05	0.500305	0.972365	0.495351	0.1	0.0226787
1.75112	-1.91544	1.44791	-3.05486e-05	0.000253099	3.34963e-05	-6.31163e-06	-2.76918e-05	-2.03571e-05	0.500134	0.971369	0.495182	0.1	0.0138963
-0.334106	-2.11672	-2.14724	4.80573e-05	0.000157327	-4.67098e-05	-8.56891e-05	-0.00012116	-0.000117762	0.500114	0.971254	0.495162	0.1	0.0223602
1.20598	3.91572	-2.41759	-2.62082e-05	-0.000317533	2.99694e-05	-8.41279e-05	-3.75483e-05	-0.00010351	0.499003	0.964792	0.494062	0.1	0.0193468
0.503777	-1.89896	-1.50793	2.52139e-05	0.000210841	-1.66257e-05	-7.37069e-05	-0.000186856	-1.25043e-05	0.49838	0.96119	0.493446	0.1	0.0172823
-0.115259	-1.2277	0.107352	2.1326e-05	0.00016022	-8.52203e-06	4.32126e-06	-0.000255872	-6.19473e-06	0.498014	0.959069	0.493083	0.1	0.0152841
-1.11189	-1.56582	-1.87155	2.46208e-05	0.000216486	-9.22479e-05	-0.000114432	-7.47897e-05	-0.000241041	0.49782	0.957951	0.492891	0.1	0.0205069
1.5166	-3.2766	2.11404	4.41944e-05	0.000403913	-1.09962e-07	-4.10464e-05	-6.21103e-05	-6.33113e-05	0.497807	0.957872	0.492878	0.1	0.0172894
-2.27734	2.67846	-0.488941	-2.002e-05	-0.000214799	5.75714e-05	-3.23791e-05	0.000179316	-0.000222166	0.497805	0.957862	0.492876	0.1	0.0220654
-1.62617	-2.81666	0.924107	-1.56627e-05	0.000368096	2.58905e-05	-0.000149873	-3.91611e-05	0.000236497	0.496356	0.949524	0.491442	0.1	0.0153066
-1.29685	2.65399	0.965369	-2.12632e-06	-0.0002785	1.61545e-05	-7.36026e-05	8.66391e-05	8.02484e-05	0.495653	0.945496	0.490746	0.1	0.0175599
-0.919889	-3.67939	-2.13986	-7.62643e-06	0.000388382	-4.67664e-05	-6.77631e-06	6.87628e-05	-4.34722e-05	0.495534	0.944815	0.490628	0.1	0.0192337
-1.35178	-3.3995	-0.599942	-3.41145e-05	0.000412992	3.89651e-05	-0.00011569	-6.63716e-05	-3.03059e-05	0.49547	0.944444	0.490564	0.1	0.0164519
-1.27662	2.27483	1.86965	4.28052e-05	-0.000138087	4.09879e-05	1.57301e-06	-0.00011994	-0.000180275	0.495413	0.94412	0.490508	0.1	0.0197878
2.43051	1.8735	-1.36648	5.4833e-05	-0.000245669	0.000134027	0.000119123	8.30565e-05	0.000104806	0.493724	0.934499	0.488836	0.1	0.0164427
-1.71922	1.74957	-1.84475	3.17069e-05	-0.000178787	9.8578e-07	-5.93179e-06	2.50674e-05	0.000252582	0.493582	0.933695	0.488695	0.1	0.0149175
0.805791	1.64133	-1.49911	3.87013e-06	-0.000171477	0.000118	2.81928e-05	6.80554e-07	0.000280363	0.493482	0.933124	0.488596	0.1	0.0207681
0.879723	0.512148	-0.431918	-2.77276e-05	-0.000142488	-4.72011e-05	4.14689e-06	5.50384e-05	0.000113104	0.49325	0.93181	0.488366	0.1	0.0209302
0.682722	3.98457	0.817109	3.8583e-05	-0.000452493	2.64774e-06	-0.000139828	-0.000128212	8.79917e-05	0.492733	0.92888	0.487854	0.1	0.0178991
0.157328	0.0386941	0.596641	3.96119e-05	-1.17385e-05	3.06217e-05	-0.000113488	1.46149e-05	0.00025541	0.492579	0.928012	0.487702	0.1	0.0172902
1.27137	2.64553	0.266888	4.97248e-05	-0.000340899	4.12041e-06	0.000167647	-2.86493e-05	0.000230936	0.492206	0.925909	0.487333	0.1	0.014526
0.760332	0.231429	-1.5531	1.78851e-05	-0.00014035	-2.25904e-05	0.000260269	-0.000155099	0.000206667	0.490982	0.919016	0.486121	0.1	0.0211904
-1.2182	-2.21423	-0.980686	-3.31596e-05	0.000261299	-2.5457e-05	-0.000268755	-0.000291452	8.03457e-06	0.490889	0.918492	0.486029	0.1	0.0210837
-0.398102	-0.644394	1.48347	2.96251e-05	6.94848e-06	-8.73674e-05	-0.000105404	0.000138087	0.0001692	0.490378	0.915628	0.485523	0.1	0.0207833
1.57644	-2.8527	1.23501	-3.37949e-05	0.000288977	2.60099e-05	4.59238e-05	-6.03648e-05	4.47679e-05	0.489482	0.910617	0.484636	0.1	0.0200584
-2.19359	2.77492	1.32278	3.74906e-05	-0.00023207	3.92633e-05	-0.000122349	-1.51898e-05	-0.000121236	0.489469	0.910544	0.484623	0.1	0.0149247
2.2632	-2.44108	-1.81814	-1.0495e-05	0.000279148	2.19544e-05	0.000177127	-5.33848e-05	4.90469e-05	0.489084	0.908401	0.484242	0.1	0.0165419
-2.15414	0.991288	1.60734	1.59704e-05	-0.000167383	5.6112e-05	-4.2758e-05	6.0723e-05	8.65595e-05	0.488971	0.907768	0.48413	0.1	0.0217176
0.972143	-1.94958	2.03452	-1.2456e-05	0.000240036	1.88956e-06	2.95013e-05	2.59356e-05	-3.93679e-05	0.4888	0.906812	0.48396	0.1	0.0186981
1.58812	-2.15271	0.509202	-1.85052e-05	0.000237966	3.48584e-05	-3.74225e-05	8.32186e-07	1.4551e-05	0.488326	0.904178	0.483491	0.1	0.0193831
-0.718073	-0.533926	-0.20417	1.93868e-05	8.88407e-05	-4.35754e-05	0.000231221	-0.000105782	0.000258715	0.48828	0.903926	0.483446	0.1	0.0156895
-2.01263	2.98955	0.399436	-1.41002e-05	-0.000276452	3.58082e-05	2.60614e-05	0.000119158	0.000212204	0.488206	0.903513	0.483372	0.1	0.022633
1.58339	-3.66215	0.706386	3.16964e-05	0.000298887	4.50208e-05	-0.000101974	-0.000101993	-1.50148e-06	0.488125	0.903063	0.483292	0.1	0.0195359
0.0538554	1.65252	0.587382	4.50221e-05	-0.000166299	-2.81426e-05	-9.16277e-05	0.000134981	-0.000104484	0.486774	0.895587	0.481954	0.1	0.0173426
1.40841	-0.431284	1.10383	-2.64671e-06	8.71234e-05	3.58109e-05	-3.10772e-05	1.7343e-05	4.50084e-07	0.486222	0.892545	0.481408	0.1	0.014747
2.33058	-0.515733	-1.75806	5.23505e-05	0.000126442	1.38284e-05	-0.000103431	0.000105188	-0.000125973	0.485931	0.890944	0.48112	0.1	0.0213635
-1.0647	-3.7593	1.53743	9.58327e-06	0.000452104	3.29385e-05	-9.87324e-05	-3.95938e-05	9.08719e-05	0.485684	0.889585	0.480875	0.1	0.015258
2.10884	2.48935	0.721376	4.73601e-05	-0.000219014	2.75351e-05	-0.000139787	-4.58898e-05	6.00358e-05	0.485546	0.888831	0.480739	0.1	0.0208208
-1.77357	-0.241508	-1.95499	5.6088e-05	3.68535e-06	-7.45025e-05	-6.47718e-05	3.79354e-05	-5.94853e-05	0.484993	0.885791	0.480191	0.1	0.0205819
-0.641496	1.04933	2.17561	2.45127e-05	-5.9103e-05	-9.07582e-05	0.000187187	-2.0795e-05	-4.60273e-05	0.484263	0.881798	0.479468	0.1	0.0162284
-1.83132	-1.51318	-1.22261	-2.9281e-06	0.000230251	-0.000138133	0.000257278	-3.25802e-05	5.17584e-05	0.483863	0.879615	0.479072	0.1	0.0223222
-1.79298	-1.83533	0.999546	-2.46406e-05	0.000198257	-3.12421e-06	-2.25127e-05	9.80734e-05	2.75453e-05	0.48386	0.879599	0.479069	0.1	0.0159489
1.71461	-0.128732	-0.448712	-5.71467e-06	2.10657e-05	3.45848e-06	5.13391e-05	-0.000123378	-3.21737e-05	0.483476	0.877508	0.478689	0.1	0.0170567
0.511435	2.54721	1.95254	-4.08221e-05	-0.000345221	8.24734e-05	-0.000117141	0.000110213	-0.000158813	0.483004	0.874942	0.478222	0.1	0.0163509
0.292573	0.922218	-1.07668	-3.68946e-05	-0.000194837	-4.63179e-05	-0.000215991	6.2414e-06	-0.000116882	0.482785	0.873753	0.478005	0.1	0.0182479
-1.28703	-1.20108	0.500281	-4.46918e-05	0.000111422	-8.55762e-05	-6.9515e-05	0.000146987	-0.000207685	0.482566	0.872562	0.477788	0.1	0.0150412
-0.0153983	0.657257	1.56353	7.95161e-05	-8.811e-05	-5.20416e-05	4.72085e-05	-0.000259744	-0.000204419	0.482132	0.870207	0.477358	0.1	0.0212852
1.93215	2.5268	2.21105	6.22422e-07	-0.000132571	7.38507e-05	0.000104584	3.02071e-05	-0.000109321	0.48194	0.869166	0.477168	0.1	0.0198753
-0.588448	2.63117	-0.474595	-3.13405e-05	-0.00024928	1.53789e-05	-0.000182696	4.58911e-05	7.96948e-05	0.481933	0.86913	0.477161	0.1	0.0219268
-1.42458	0.698919	0.636928	-1.78371e-05	-6.29072e-05	2.54128e-06	3.52657e-05	4.86527e-05	-3.99788e-05	0.481479	0.866677	0.476712	0.1	0.0218825
1.0278	-3.35075	-0.524839	-3.65828e-05	0.000318769	4.75649e-05	4.1771e-05	-7.67944e-05	-0.000191775	0.480917	0.863644	0.476155	0.1	0.0144874
-0.910463	-1.54856	2.17608	8.766e-05	0.000173945	-9.99142e-05	4.70795e-05	8.94279e-05	-8.30784e-05	0.480468	0.861231	0.475711	0.1	0.0175881
1.5425	0.448364	-2.09245	4.5435e-05	-1.30095e-05	-1.88166e-05	0.00014864	-2.97963e-05	0.000117221	0.47986	0.857968	0.475109	0.1	0.0153618
0.463504	2.61144	-0.937732	-0.000139118	-0.00033171	0.000105532	5.21295e-05	-0.000181325	-4.13891e-05	0.478966	0.853181	0.474224	0.1	0.0186545
1.22782	0.500604	1.19798	6.51537e-05	4.55951e-05	-2.02334e-05	-9.12647e-06	6.29518e-05	-0.000116983	0.478473	0.850548	0.473736	0.1	0.018457
-2.45862	0.0266345	1.49917	-1.21357e-05	8.23162e-05	-5.76749e-05	9.93415e-05	-5.38976e-05	-5.36892e-05	0.478412	0.850219	0.473675	0.1	0.0227504
-1.69292	1.37426	-0.0704745	-1.12189e-05	-0.000171728	-4.88342e-05	0.000107153	-9.42255e-05	0.000162016	0.47793	0.847656	0.473198	0.1	0.0184052
-1.07341	-3.03531	-1.44557	3.55196e-05	0.000283315	1.96994e-05	0.000253354	-2.30628e-05	-1.95254e-05	0.477808	0.847007	0.473077	0.1	0.0268407
2.22148	3.52182	1.22669	-1.22215e-05	-0.000311099	2.65929e-05	0.0001405	-2.62297e-05	0.000293128	0.477733	0.846607	0.473003	0.1	0.021306
-2.04519	2.71379	2.26737	-5.33645e-06	-0.000212902	9.95276e-05	7.33337e-05	3.83613e-05	-1.51418e-05	0.477694	0.846395	0.472964	0.1	0.0165148
-0.646751	1.9281	-2.4692	2.59758e-06	-0.000145935	5.08569e-05	0.000169236	9.1362e-05	-7.52441e-05	0.477155	0.843541	0.472431	0.1	0.0176282
-0.748916	3.11735	0.323629	-5.58553e-05	-0.000260045	-2.22822e-06	-2.581e-05	-0.000113199	5.30933e-05	0.47715	0.843513	0.472426	0.1	0.0202347
-0.702732	0.132325	1.94684	4.04492e-06	-1.3268e-05	-0.000133131	-7.40359e-05	7.32823e-05	3.54982e-05	0.477062	0.843044	0.472339	0.1	0.0201619
-1.5144	0.0188856	1.48289	-2.49145e-05	-1.74288e-05	-4.50456e-05	7.10882e-05	1.63434e-05	-0.000160028	0.476857	0.841959	0.472136	0.1	0.0200449
1.24016	-1.09601	0.448423	-4.28447e-06	0.000142855	4.50892e-05	5.39201e-05	1.84826e-05	-3.40584e-05	0.476785	0.841575	0.472064	0.1	0.0143694
-0.362693	3.8676	2.22291	-5.10652e-05	-0.000417768	-6.08223e-05	7.93847e-05	-3.52371e-05	-4.00556e-05	0.475355	0.834028	0.470649	0.1	0.0192008
-1.67452	-0.800682	1.92789	1.91976e-05	0.000130441	-7.89498e-05	6.74114e-05	0.000125852	0.000211114	0.475269	0.83357	0.470563	0.1	0.0181459
-1.65316	0.453262	2.30228	4.77123e-05	-7.48547e-05	-3.00016e-05	6.58469e-05	-3.67511e-05	-0.000156347	0.474862	0.83143	0.47016	0.1	0.0177415
2.02532	-2.80451	-0.96799	1.14918e-05	0.000274274	7.34455e-05	-3.44059e-05	-0.000225691	0.0001971	0.474508	0.829578	0.46981	0.1	0.0200605
-2.17879	1.93249	1.75971	-2.98263e-05	-0.000174381	9.30363e-05	-2.47989e-05	2.43745e-05	-2.37744e-05	0.474403	0.829024	0.469706	0.1	0.0189978
-2.37891	-0.365502	-0.309863	-2.92139e-06	5.17817e-05	9.06118e-06	-0.000173805	-4.85126e-05	-3.41586e-05	0.473731	0.82551	0.469041	0.1	0.0226012
-1.06961	-0.0717733	-0.952461	4.33105e-05	3.14534e-05	-6.72713e-05	-0.000258221	-2.85175e-05	-0.000120581	0.47183	0.815609	0.467158	0.1	0.0188443
0.694536	-3.04719	1.679	-4.26773e-06	0.00024594	2.5481e-05	-0.000384991	0.000233043	0.000210639	0.471086	0.811759	0.466422	0.1	0.0166276
-0.443397	-2.00311	-0.34503	-1.57662e-05	0.000238688	-4.81283e-05	-0.000183872	-9.26356e-05	3.49132e-05	0.470528	0.808876	0.465869	0.1	0.0224024
-2.14779	-2.38657	-1.07049	-2.13103e-05	0.000276846	-2.48407e-05	-0.000464324	0.000193382	-0.000115043	0.470355	0.807987	0.465698	0.1	0.0165108
0.475302	3.32684	0.148071	1.51963e-05	-0.000384799	5.10747e-05	4.9575e-05	-8.66447e-05	0.000403625	0.470211	0.807242	0.465555	0.1	0.017341
-1.1557	-2.40808	2.4551	2.12967e-05	0.000248533	-4.04741e-05	-0.000141302	6.53991e-05	-0.000177022	0.47002	0.806259	0.465366	0.1	0.0196555
0.550238	1.03791	2.2426	0.000104389	2.37567e-05	-2.0302e-06	-4.17702e-05	0.000110479	-9.9434e-05	0.46956	0.803896	0.464911	0.1	0.0159974
-0.0951049	-1.09519	2.25706	7.04253e-05	0.000144263	-6.54791e-05	-4.32362e-05	-0.000144376	9.63698e-05	0.469458	0.803373	0.46481	0.1	0.0183304
-0.629281	-1.86272	0.604888	-3.77466e-05	0.000143971	-0.000106085	-4.58492e-05	5.01298e-06	0.000251888	0.469446	0.803307	0.464798	0.1	0.0204771
-0.789818	1.72603	-0.394639	4.13348e-05	-0.00019469	3.17747e-05	0.000116193	-3.47478e-05	2.50559e-05	0.468782	0.799905	0.464141	0.1	0.0168466
1.13149	-0.0464886	0.290573	-3.08739e-06	-2.1672e-05	-4.1128e-06	-0.000217377	-8.11125e-05	7.5093e-05	0.467379	0.792743	0.462751	0.1	0.0165483
1.81029	-0.35293	1.94964	1.05988e-05	7.02614e-05	6.89722e-06	3.03421e-05	2.76081e-05	-6.58191e-05	0.467217	0.791923	0.462591	0.1	0.018008
-0.186684	-2.13413	1.91038	3.72761e-05	0.000219343	-2.91025e-05	0.0002317	0.000143864	-3.1006e-05	0.466675	0.789165	0.462054	0.1	0.0163448
1.64343	1.20142	-1.54694	4.61617e-05	-5.25446e-05	3.67552e-05	2.6622e-05	0.000154636	-3.53619e-05	0.466232	0.786924	0.461616	0.1	0.0141711
-0.693837	2.19048	0.396129	1.46251e-05	-0.000228003	2.27468e-05	-4.13091e-05	6.20097e-05	0.00015905	0.466205	0.786785	0.461589	0.1	0.0176832
-0.905806	2.84517	-1.32971	-1.87884e-05	-0.000323432	-1.10829e-07	-4.58256e-06	5.86539e-05	-8.41856e-05	0.466076	0.786131	0.461461	0.1	0.0151793
0.911713	-2.82198	0.357162	-1.54184e-05	0.000205441	3.25598e-05	-1.00576e-05	-0.000127229	-9.30131e-06	0.465707	0.784266	0.461096	0.1	0.0218171
-1.84404	-2.16697	-1.95412	-3.94524e-05	0.000323548	-3.36955e-05	-9.1072e-05	5.39843e-05	1.69506e-05	0.465684	0.784148	0.461073	0.1	0.021109
-1.43045	2.354	-0.176067	-9.77506e-06	-0.000264922	2.25762e-05	-4.58873e-06	-9.80268e-05	3.92209e-05	0.46529	0.782163	0.460683	0.1	0.015717
1.97001	1.76113	0.0374199	7.38533e-06	-0.000173314	-0.000112196	-0.000504863	-0.000580106	-0.00010334	0.464712	0.779251	0.460111	0.1	0.016514
0.818825	-1.03534	2.17625	3.76527e-05	0.000213765	-1.13692e-05	-3.22841e-05	2.61468e-05	1.34917e-05	0.464331	0.777336	0.459734	0.1	0.0132776
1.78994	-1.61719	2.35779	-5.40771e-05	0.000272761	5.07063e-05	0.000184108	-6.38098e-05	0.000207245	0.463321	0.772277	0.458734	0.1	0.0142949
-2.19775	2.08352	0.245193	-7.03609e-06	-0.000242008	1.77236e-05	9.1141e-05	0.000128766	-0.000140528	0.462664	0.768994	0.458083	0.1	0.0167781
0.562712	1.83401	1.35344	2.13981e-05	-0.000231131	-1.66531e-05	0.000423008	-0.000130022	0.000327236	0.462514	0.768246	0.457935	0.1	0.0127482
2.0501	-1.02057	-0.00010884	-1.71335e-05	0.000133296	5.00219e-05	-6.96983e-05	-1.63195e-05	-1.80212e-05	0.462457	0.767963	0.457878	0.1	0.015694
1.00513	-1.32882	1.33123	9.60361e-06	0.000220278	-4.09848e-06	2.87645e-05	8.62783e-06	-6.60077e-05	0.460448	0.757998	0.455889	0.1	0.0145579
2.03195	-3.46697	-1.60831	3.11809e-05	0.000401868	-1.99145e-05	0.000332631	9.55144e-05	-0.000275923	0.4597	0.75431	0.455149	0.1	0.0130088
2.05713	3.12072	0.0362677	5.12545e-05	-0.000420588	-0.000107751	-0.000340281	1.63118e-05	-1.30413e-05	0.459434	0.752999	0.454885	0.1	0.021002
-1.54795	-3.02062	1.84177	-1.83079e-05	0.000418019	2.50405e-05	0.000113034	-1.19323e-05	4.02621e-06	0.45935	0.752587	0.454802	0.1	0.0220308
0.158249	-1.52432	0.983697	8.34952e-06	0.000176826	5.00548e-05	-9.77283e-05	7.39988e-06	-0.000177436	0.459269	0.752192	0.454722	0.1	0.0153875
-2.47939	1.93756	-2.3684	8.44605e-06	-2.84629e-05	9.29563e-05	-0.000186259	6.54962e-05	-0.000246041	0.459266	0.752174	0.454719	0.1	0.0181237
-0.174729	0.336474	-0.52822	2.66487e-06	-8.7437e-05	6.70997e-05	-7.93269e-05	0.000118847	0.000148658	0.459194	0.751823	0.454648	0.1	0.0185644
1.45994	2.99764	1.15071	-1.62602e-05	-0.000329146	-6.16643e-06	0.000268756	-0.000107683	0.000125224	0.459118	0.751448	0.454572	0.1	0.018941
2.18354	1.09939	-2.28657	-2.04477e-06	-1.59714e-05	6.99911e-05	0.000299269	0.000124624	0.000188348	0.459006	0.750894	0.454461	0.1	0.0142441
2.07955	-1.40944	-1.80531	-4.12565e-05	0.000181782	5.28143e-05	6.88512e-05	0.000113824	-8.21461e-05	0.458587	0.748846	0.454047	0.1	0.022013
-1.46446	3.12383	-0.665497	-2.00368e-06	-0.000302469	-2.11465e-05	-9.39329e-05	-5.35053e-05	7.88355e-05	0.458044	0.746189	0.453509	0.1	0.0183194
2.33725	1.64424	1.03292	-7.49733e-06	-0.000158276	0.000117928	-6.0925e-05	-8.22451e-05	-0.000106297	0.458039	0.746161	0.453504	0.1	0.0157786
-2.14357	3.71828	-0.631499	-1.91613e-05	-0.000353258	-4.54417e-05	2.2169e-05	5.01706e-05	-4.18742e-06	0.457054	0.74136	0.452529	0.1	0.019926
-1.44177	0.0341221	-0.0628733	-4.64211e-05	-4.42974e-05	-2.35243e-05	1.26164e-05	-6.42759e-05	-4.14189e-05	0.456744	0.739852	0.452222	0.1	0.0176528
1.17342	-2.39102	-0.444027	-2.92082e-05	0.000209156	4.18203e-05	-5.20839e-05	-8.13957e-05	-3.86015e-05	0.456538	0.738849	0.452018	0.1	0.0146357
2.38643	-3.43255	2.44265	1.00344e-05	0.000363384	2.07635e-05	7.50298e-05	2.02581e-06	-5.94818e-05	0.456295	0.737671	0.451777	0.1	0.0169554
-1.6617	-0.737658	-0.745993	4.36143e-06	0.000112587	7.14812e-07	0.000134804	0.000116283	-3.36049e-05	0.4556	0.734306	0.451089	0.1	0.019148
-0.643106	-2.97499	1.87188	-2.84052e-05	0.000339872	2.27753e-05	-7.69087e-05	0.000249221	-9.56401e-05	0.45547	0.733674	0.45096	0.1	0.013299
0.166094	2.20828	-0.14935	-1.45291e-05	-0.000193634	-4.01739e-05	6.72912e-05	0.000146562	-4.86664e-05	0.455436	0.733515	0.450927	0.1	0.0142554
1.66265	1.14905	0.635334	-6.96792e-05	-1.40416e-05	-5.41225e-06	2.36134e-05	0.000327329	8.29091e-05	0.45531	0.732903	0.450802	0.1	0.0142247
0.907113	-2.20915	1.14173	-2.29829e-05	0.000252183	7.73517e-06	-1.86686e-05	-4.19022e-05	5.45603e-08	0.455197	0.732356	0.45069	0.1	0.0143795
1.07863	3.94455	-0.773161	-3.14632e-05	-0.000428593	-2.26693e-05	0.000281194	-9.05556e-05	0.000242637	0.277675	0.16624	0.274926	0.1	0.0060739
1.50068	1.98889	0.57788	0.000107264	-0.000285628	7.1346e-05	-0.000472206	-0.000227464	-3.70496e-05	0.277411	0.165765	0.274664	0.1	0.00887851
1.83722	-2.2103	-0.212071	-3.70076e-05	0.000233377	-2.04173e-06	-0.000182481	6.78138e-05	-0.000210273	0.277355	0.165667	0.274609	0.1	0.0132863
-1.1193	1.59119	0.357191	-5.03163e-05	-0.00018298	1.16125e-05	0.000152462	-5.66456e-05	-0.000540582	0.277213	0.165412	0.274468	0.1	0.0142898
0.942839	3.86541	-0.183764	0.000105633	-0.000256955	-0.000163174	-0.000276854	-0.000453184	-0.000252417	0.276217	0.163635	0.273482	0.1	0.0083412
-0.753669	-3.00007	-2.41706	6.41851e-06	0.000333445	4.31683e-06	8.36909e-05	-0.000291671	0.000248461	0.275638	0.162608	0.272909	0.1	0.00904848
0.6766	-3.77609	1.83281	-0.000124661	0.000246019	8.02773e-06	0.000268402	-0.000304959	0.000881812	0.275408	0.162201	0.272681	0.1	0.00993904
1.63465	-0.818647	-0.702139	2.89298e-05	7.25211e-05	3.94986e-05	-0.000137694	-3.08723e-07	-3.36286e-05	0.275341	0.162083	0.272615	0.1	0.00654524
-1.92833	-0.228751	2.31101	-1.13611e-05	7.56614e-06	-4.30948e-05	2.92618e-05	0.000107768	6.00394e-07	0.275341	0.162083	0.272615	0.1	0.0111799
-1.33782	-3.75923	2.23379	-2.72965e-05	0.000451546	-5.89449e-06	0.000209839	-6.42758e-06	7.82185e-05	0.275089	0.161637	0.272365	0.1	0.00853042
0.243949	-3.82803	-1.70248	0.000109541	0.000244499	-4.85785e-05	-0.000539387	-0.000165571	-0.000601196	0.275056	0.161582	0.272333	0.1	0.0105475
1.97727	1.70683	-1.95264	2.98688e-05	-3.35429e-05	7.4464e-05	5.97287e-05	-0.000179449	8.66687e-05	0.274446	0.160509	0.271729	0.1	0.00581913
-0.719539	0.953054	-1.42903	3.31525e-05	-0.000112865	1.66352e-07	0.000262138	5.72687e-05	-9.34135e-05	0.274411	0.160446	0.271694	0.1	0.00647424
-1.27818	0.687293	1.70434	6.0386e-05	-6.74849e-05	9.30664e-06	0.00015135	0.000125254	-2.49678e-05	0.274202	0.16008	0.271487	0.1	0.0103036
1.41173	-1.96	-2.12479	-2.59476e-05	0.000278221	4.38033e-05	-0.000395168	-2.3411e-05	0.000116474	0.274042	0.159801	0.271329	0.1	0.0119343
2.08017	-1.74447	-0.0710767	8.1549e-07	0.00016436	-1.91191e-06	0.000340619	0.000269154	0.000105035	0.273887	0.159529	0.271175	0.1	0.0149552
1.41954	2.95272	1.873	-0.000114606	-0.000332607	-9.28767e-06	-0.000496573	-0.000220103	0.00100219	0.273679	0.159166	0.270969	0.1	0.0134783
1.47617	-3.53395	-1.09318	-1.78588e-05	0.000441304	2.23313e-05	0.000417897	5.11777e-05	6.64564e-05	0.273477	0.158813	0.270769	0.1	0.0119529
0.662979	1.57202	-2.27969	6.79803e-05	-0.000147683	0.000104268	0.000620888	-0.00040269	0.000249095	0.273324	0.158548	0.270618	0.1	0.00746895
-1.8408	3.31552	-2.35405	-1.55717e-05	-0.000278248	8.62232e-05	4.7532e-05	-0.000150661	-3.64075e-05	0.272973	0.157937	0.27027	0.1	0.010488
0.479552	-1.45152	-2.13484	3.96182e-05	4.59719e-05	-2.19727e-05	0.000114039	-9.08675e-05	2.79015e-06	0.272675	0.15742	0.269975	0.1	0.0106109
0.280386	2.86035	-1.62948	-2.03654e-05	-0.00027193	6.56834e-06	2.20522e-05	5.42104e-05	6.08711e-05	0.272585	0.157264	0.269886	0.1	0.00887289
0.676048	0.467897	1.77301	9.63158e-05	-6.75544e-06	-5.36392e-05	-0.000222306	-4.68022e-05	0.0002548	0.27236	0.156875	0.269663	0.1	0.0102669
0.580253	2.15626	0.434103	1.54365e-05	-0.000201926	-9.65014e-05	1.54218e-05	-7.12111e-05	0.000188724	0.272313	0.156795	0.269617	0.1	0.00590807
1.3166	0.225408	-0.975612	-1.56925e-05	-3.6574e-05	-6.81377e-05	-8.88931e-06	0.000114885	0.000369178	0.271845	0.155987	0.269153	0.1	0.00646086
1.21085	0.946804	0.113139	-7.18112e-05	-0.000120569	3.09463e-05	-9.7934e-05	-0.000418987	-0.000280073	0.271451	0.15531	0.268763	0.1	0.0114029
1.84958	3.07877	-2.01886	-0.000102208	-0.000398099	3.02369e-05	3.58159e-05	-0.000361862	0.000358979	0.271375	0.155179	0.268688	0.1	0.00803424
0.222521	-0.657764	0.913461	-6.13376e-05	0.000139166	1.3274e-05	0.000175202	3.00394e-05	0.000188911	0.270927	0.154413	0.268245	0.1	0.00903393
1.79839	3.69205	0.389743	3.72312e-05	-0.0004322	-6.8699e-05	0.000721512	1.43911e-05	5.75958e-05	0.2707	0.154024	0.26802	0.1	0.00846535
0.409229	-3.82844	-2.21659	6.47805e-05	0.000174027	-6.24285e-05	0.000380033	0.000338597	0.000287584	0.270558	0.153782	0.267879	0.1	0.0111052
-0.126386	3.06688	0.72359	-2.04634e-05	-0.000398999	-6.65556e-05	-0.000759909	4.14086e-05	0.000346567	0.270297	0.153339	0.267621	0.1	0.00616655
1.43721	1.28471	-0.855	-3.95165e-05	-0.000236727	3.47146e-05	-5.20795e-05	-5.88809e-05	-6.20727e-05	0.270287	0.153322	0.267611	0.1	0.00775277
-2.37537	-1.82346	-1.61159	-2.46566e-05	0.000252202	-3.34118e-05	-0.000296972	0.000425126	0.000139629	0.270186	0.153149	0.267511	0.1	0.0116146
-0.92498	1.37363	-1.68174	-1.04079e-05	-0.000205335	-5.81763e-05	0.000294037	1.63107e-05	-0.000212583	0.270182	0.153142	0.267507	0.1	0.00823209
-2.19462	1.46815	-0.849974	0.000251508	-0.000123077	8.89482e-05	-0.000158032	0.000204569	0.000680984	0.270017	0.152863	0.267344	0.1	0.00985089
1.41077	-1.05447	-2.3847	-6.4349e-05	0.000242402	0.000100396	-0.000246271	0.000355484	-0.000196144	0.26995	0.152747	0.267277	0.1	0.00835742
1.55551	1.90043	-1.69251	3.80859e-05	-9.29582e-05	6.06637e-05	-4.97104e-06	0.000105732	5.42897e-05	0.269181	0.151447	0.266516	0.1	0.00706386
0.747828	1.6632	0.32447	1.73283e-05	-0.000158588	-6.96384e-05	-0.000246227	0.000671002	0.000122244	0.269098	0.151308	0.266434	0.1	0.00554745
0.376906	3.28282	-0.600316	-2.27293e-05	-0.000414328	-2.06628e-05	-8.44803e-05	-0.00049698	0.000487029	0.268805	0.150813	0.266144	0.1	0.00567595
-0.583717	-3.0388	1.13897	-2.89077e-05	0.000357465	-1.70729e-05	-0.000241025	-0.000254407	-0.000131771	0.268767	0.150749	0.266106	0.1	0.00977509
0.852125	-1.86491	-2.20162	2.53479e-05	0.000240551	1.46279e-05	5.62726e-05	-0.000921662	0.000725871	0.268522	0.150336	0.265863	0.1	0.00787566
0.670312	1.90817	2.29035	6.33918e-06	-0.000297141	0.000125842	-0.000154298	0.00017921	0.000296704	0.268425	0.150173	0.265767	0.1	0.00678509
1.37888	-2.56118	1.93615	3.02628e-05	0.000337627	-3.23409e-05	1.84221e-06	4.33946e-06	0.000318803	0.268352	0.150052	0.265695	0.1	0.0118426
-0.627651	3.79806	0.636054	-8.56431e-05	-0.000392335	-4.07977e-05	-0.000455042	0.000191889	-2.29255e-06	0.268323	0.150002	0.265666	0.1	0.00779225
2.34291	-0.709819	0.846386	-3.14085e-05	0.000111815	3.27896e-05	-0.000136721	5.28034e-05	7.55515e-05	0.268231	0.149848	0.265575	0.1	0.00683494
-1.19049	2.24862	-1.6209	-7.3509e-06	-0.000282404	1.80608e-05	-0.000186111	-0.000336868	2.71553e-05	0.26816	0.14973	0.265505	0.1	0.00619873
-2.4252	1.35143	-0.103477	9.62665e-06	-6.29163e-05	1.05918e-05	0.000101019	0.000375316	-0.000584835	0.268094	0.149619	0.26544	0.1	0.00865486
0.18342	-3.85205	-0.202353	-1.82689e-05	0.000302292	-2.39446e-05	-4.47473e-05	-2.41741e-05	0.000362136	0.267672	0.148914	0.265022	0.1	0.00609324
0.0984839	0.0976083	2.02953	1.1198e-05	1.00337e-05	4.08544e-05	4.43918e-05	0.000374282	0.000479601	0.267644	0.148867	0.264994	0.1	0.00862173
0.108538	0.242369	-1.91872	9.57363e-05	4.02478e-05	-0.000108488	0.000586597	-0.00014094	-0.000489974	0.267399	0.148458	0.264751	0.1	0.00804227
-0.852627	0.614917	-0.923733	5.84397e-05	-5.12043e-05	-1.66033e-05	0.000450286	-0.00040414	0.000168538	0.26738	0.148428	0.264733	0.1	0.0089774
-0.627381	-0.872097	0.519287	-4.37472e-05	3.2873e-05	-9.31515e-05	0.000327305	-9.82078e-05	0.00016271	0.267164	0.148068	0.264519	0.1	0.00728957
1.86764	2.21848	-2.03688	-1.5879e-05	-8.57983e-05	4.23649e-06	-0.000245926	0.000265059	0.000198849	0.266747	0.147375	0.264106	0.1	0.00830651
-2.17935	3.93517	1.10756	4.37315e-05	-0.000340609	-3.89133e-05	5.66976e-05	-0.000128462	-9.34311e-05	0.266696	0.14729	0.264055	0.1	0.00636376
-0.492093	0.221202	-1.27197	4.08147e-05	-2.6883e-05	-8.91959e-06	-0.000237592	-0.000456064	0.000433539	0.266657	0.147227	0.264017	0.1	0.00572346
-0.504004	-2.82302	0.488941	1.634e-05	0.000313429	-4.67311e-05	-7.7644e-05	0.00011236	-7.84384e-05	0.266646	0.147208	0.264006	0.1	0.0145816
-0.855924	1.04458	-2.0923	-8.20367e-06	-4.76862e-05	-6.46992e-05	-0.000180035	0.000294894	-0.000130141	0.266512	0.146986	0.263873	0.1	0.00691434
-0.016085	2.82564	1.4942	6.44113e-05	-0.000384749	6.69591e-06	1.49866e-05	8.90337e-07	2.52905e-05	0.266395	0.146792	0.263757	0.1	0.00604333
2.48498	-2.57401	-0.444981	5.29258e-05	0.000107445	0.000109646	0.000402578	0.000296007	-0.000480119	0.26634	0.146702	0.263703	0.1	0.0143292
-1.9795	-1.40066	0.326305	-7.16292e-05	4.33628e-05	0.000101515	-7.88587e-05	-9.74934e-05	0.000489301	0.266286	0.146613	0.26365	0.1	0.0106035
-1.59586	3.74298	1.29938	-2.85257e-05	-0.000427009	-1.81803e-05	-0.000273256	0.000446694	0.000171299	0.266192	0.146457	0.263556	0.1	0.00737364
-0.926739	-0.670816	-1.45541	0.000172477	0.00011932	-0.000168324	-0.000320933	-0.000230362	-0.000109407	0.266027	0.146186	0.263393	0.1	0.0135861
-2.06038	3.43354	2.17321	-3.31023e-06	-0.0002888	6.50488e-05	-0.000332581	-0.000246895	0.000122613	0.265875	0.145936	0.263243	0.1	0.00632616
1.26791	1.61361	0.270902	-5.68473e-06	-8.0879e-05	-0.000114908	-0.000590761	-0.000757214	-0.000222196	0.265741	0.145715	0.26311	0.1	0.00568599
1.29409	-2.83603	-0.981048	1.13521e-05	0.000280146	4.11602e-05	0.000293825	9.78021e-05	0.000115678	0.265638	0.145545	0.263008	0.1	0.00835387
-0.28333	0.651046	-1.44905	-1.60571e-05	-0.000150857	-6.01968e-05	-0.000447397	-4.01523e-05	-0.000166965	0.265491	0.145302	0.262862	0.1	0.00594586
1.91014	-0.916761	2.3767	-7.94059e-05	0.000207652	8.96669e-05	-0.000417314	-0.000232993	-0.000209023	0.265259	0.144924	0.262633	0.1	0.00956784
1.30727	2.33675	0.938334	3.07601e-05	-0.000282515	-1.30688e-05	-0.000510586	-0.000119811	-0.000106066	0.264796	0.144165	0.262174	0.1	0.00687439
0.654433	-3.73162	0.0253487	3.26244e-06	0.000450531	-0.000146566	0.000763148	-2.196e-05	0.000587168	0.264249	0.143274	0.261633	0.1	0.00926432
-1.79421	2.07152	2.48957	-3.20785e-06	-0.000180924	4.18015e-05	4.61511e-05	-1.99925e-05	-1.55148e-08	0.264167	0.14314	0.261551	0.1	0.00965094
-0.360774	-1.46619	1.69274	6.26219e-05	0.000217533	-0.000102062	0.000506535	-4.36508e-05	-0.00014256	0.264016	0.142895	0.261402	0.1	0.00694955
0.054442	2.74667	0.343638	7.81403e-05	-0.000268554	-0.000130695	0.00107296	0.000132706	0.000460907	0.263903	0.142711	0.26129	0.1	0.0104006
0.512708	-1.12671	0.511639	2.02114e-05	6.64816e-05	2.24026e-05	-0.000208288	-9.84747e-05	0.000305509	0.263737	0.142442	0.261126	0.1	0.00730176
1.37958	-3.68468	-1.80448	1.1841e-05	0.000448512	-7.78586e-06	0.000229349	-1.78827e-05	-0.000160027	0.263591	0.142206	0.260981	0.1	0.00862439
-0.0416439	-1.21543	-0.725161	-4.32859e-07	-0.000159726	0.000217838	-0.000578017	-0.00125304	-0.00114731	0.263502	0.142062	0.260893	0.1	0.0101409
1.41555	-2.57872	-1.90173	5.50165e-05	0.000306124	4.22736e-05	-0.000495458	0.000147708	0.000147381	0.263392	0.141884	0.260784	0.1	0.0081728
1.3197	-0.821635	1.71914	6.12283e-06	0.000155656	1.41967e-05	-4.9479e-05	-6.51647e-05	-8.35624e-05	0.263362	0.141834	0.260754	0.1	0.0059849
0.811836	-0.0326631	0.933081	1.76068e-05	0.000103667	-7.09577e-06	-0.000111722	-4.99305e-08	-0.000175746	0.263318	0.141765	0.260711	0.1	0.00662905
-1.1025	3.81256	0.862318	-0.000129924	-0.000394148	4.17982e-05	-6.67586e-05	-0.000115961	-0.000143208	0.262863	0.14103	0.26026	0.1	0.00957567
-1.60772	3.99769	-2.37266	5.64577e-05	-0.000406166	-4.17443e-05	0.000249105	1.03039e-07	0.000344061	0.262474	0.140406	0.259875	0.1	0.00948273
-0.866476	1.66128	0.854595	-6.02184e-05	-0.000144859	4.37294e-05	-0.000140684	7.32713e-05	-0.000799417	0.262445	0.140359	0.259847	0.1	0.00950915
2.02188	1.04291	1.23676	-0.000121717	-9.46994e-05	-6.33699e-06	0.00027038	-0.000537508	-4.77898e-05	0.262382	0.140258	0.259784	0.1	0.00755351
0.458381	-2.36414	1.69237	1.72152e-05	0.000227177	-2.58234e-05	0.000572074	-0.000600979	-0.000361622	0.262307	0.140138	0.25971	0.1	0.00806223
2.29696	3.28233	-0.613963	-5.8219e-05	-0.000286934	-0.000105857	0.00047908	0.000183619	5.91489e-05	0.261855	0.139414	0.259262	0.1	0.00775163
-0.30983	0.00822566	-1.71554	7.39668e-05	0.000135928	-0.000112389	-0.000234153	0.000370175	-3.96566e-05	0.261739	0.13923	0.259148	0.1	0.00501669
0.352309	-0.652231	0.40298	1.88834e-05	6.11658e-06	4.25979e-05	3.69722e-05	0.000351899	-0.000349356	0.261522	0.138883	0.258933	0.1	0.00540023
0.392298	-2.62819	-1.60917	-7.55233e-06	0.000260894	3.72767e-05	-6.16559e-05	0.000119172	-0.000109939	0.261188	0.138352	0.258602	0.1	0.00983315
-0.139345	3.52531	0.473001	-0.000114163	-0.000485283	-0.000155911	0.000323998	-0.000333457	0.000183997	0.260995	0.138045	0.258411	0.1	0.00642711
1.6387	-1.22099	1.70822	-2.6601e-05	0.000204527	5.37789e-05	0.000145	-0.00018792	3.89915e-05	0.26082	0.137768	0.258238	0.1	0.00718447
0.0310601	-0.366167	-1.8072	8.89948e-05	0.000137932	-3.21384e-05	-0.000389574	-0.000151888	0.000199054	0.260716	0.137603	0.258135	0.1	0.0079377
2.10038	-0.60324	1.2977	-4.41495e-07	0.000209024	1.7396e-05	-0.000464736	9.89299e-05	0.000244039	0.260608	0.137432	0.258028	0.1	0.0087411
1.56677	0.458549	0.556846	3.05167e-06	-1.26951e-06	-2.41329e-05	2.53409e-06	-4.49037e-06	0.000144486	0.260419	0.137134	0.257841	0.1	0.0105933
-0.14658	2.63234	-1.33333	-4.41057e-05	-0.000293461	-1.48364e-05	-0.000109549	-0.000239581	-0.00010455	0.25964	0.135906	0.257069	0.1	0.0089527
2.43619	-1.65503	-0.449302	-2.00095e-05	0.00019059	1.53619e-05	-0.00077881	-0.000436753	0.000497123	0.259308	0.135386	0.256741	0.1	0.0110763
0.779104	-2.76932	-0.889598	-2.15612e-05	0.000289946	2.38011e-05	9.72407e-05	-0.000167815	-0.000251823	0.259076	0.135023	0.256511	0.1	0.00409798
1.30362	1.99061	-0.0803891	2.54371e-05	-0.000188651	-0.000193189	0.00026242	0.000921298	5.4055e-06	0.25907	0.135014	0.256505	0.1	0.00661204
-1.13229	-0.578658	1.33213	-2.07462e-05	-1.02485e-05	-9.9122e-06	-0.00024353	-6.66539e-05	0.000297696	0.258949	0.134824	0.256385	0.1	0.00835325
2.34557	1.44757	2.01576	-5.43272e-05	-0.000145902	0.000108616	-0.000146649	-0.000137101	-3.17191e-05	0.258858	0.134682	0.256295	0.1	0.0153612
-0.283591	2.80802	-2.13622	1.9714e-05	-0.000311011	-2.3057e-05	0.000174435	-8.93859e-05	0.000176215	0.258625	0.134319	0.256064	0.1	0.00967546
0.357707	3.95029	2.30941	-1.2714e-05	-0.000459292	-0.000135846	0.00044367	0.00029685	0.000396902	0.25855	0.134202	0.25599	0.1	0.00806804
0.21514	-1.71052	-0.411126	-1.72519e-05	0.00021066	5.72233e-05	0.000148971	-9.69684e-05	0.000224694	0.258498	0.134122	0.255939	0.1	0.00607855
-1.12036	3.63703	-1.01079	-1.83455e-05	-0.000310914	-2.42771e-05	0.000103208	8.80643e-05	-0.000112562	0.258358	0.133903	0.2558	0.1	0.00692643
-1.70841	-3.44047	0.526508	7.57871e-07	0.000406107	5.80291e-06	0.00041935	0.000315382	-0.000133435	0.258082	0.133476	0.255527	0.1	0.0110607
-0.850635	-3.7043	-0.14791	-7.0645e-05	0.000432195	4.00622e-05	0.000157726	-7.33882e-05	0.000107934	0.257965	0.133294	0.255411	0.1	0.00740227
-1.5008	-1.78081	-2.46282	6.34686e-05	0.000256374	-6.90871e-05	6.14671e-05	-6.17585e-05	1.64489e-05	0.25795	0.133271	0.255396	0.1	0.00544174
1.15893	-0.608329	-0.606783	-4.97595e-07	9.02547e-08	2.7354e-07	1.53861e-24	4.16263e-24	6.74364e-24	0.257891	0.13318	0.255338	0.1	0.00720098
-0.0772722	2.36069	0.709887	-9.45652e-06	-0.000204454	-3.13015e-05	0.000245709	7.34491e-05	-2.13173e-05	0.25788	0.133161	0.255327	0.1	0.0083882
-0.39551	-1.81249	1.30681	-6.31509e-07	0.00028072	3.75402e-05	-7.66444e-05	-0.000124259	8.19932e-05	0.257497	0.13257	0.254948	0.1	0.00604027
-1.83349	3.39808	1.65775	-1.72009e-05	-0.000385083	-4.08221e-05	0.000374479	-0.000668975	-0.000317543	0.257171	0.132066	0.254625	0.1	0.00474894
1.71749	2.36134	-0.256713	9.41772e-05	-8.95225e-05	-1.90356e-05	-4.91745e-06	-7.0367e-05	-0.000532974	0.257045	0.131872	0.2545	0.1	0.0108172
0.572347	0.576273	0.290557	2.22331e-05	-0.000146255	-7.09174e-05	0.000403228	7.3457e-05	1.98501e-05	0.257002	0.131805	0.254457	0.1	0.0125255
0.0252792	-2.7951	1.74418	-1.59842e-05	0.000215753	-4.45288e-05	-0.000347839	-0.000308412	-0.000183841	0.2563	0.130728	0.253762	0.1	0.00691996
1.96403	1.18071	-0.900266	6.08869e-05	-0.000253964	-9.84343e-05	-0.000471977	-0.000982063	8.9019e-05	0.256161	0.130517	0.253625	0.1	0.00735546
1.52905	3.01654	-2.42629	-6.70445e-05	-3.22068e-05	-2.81257e-05	0.000146579	-3.14747e-05	-0.000307781	0.256037	0.130326	0.253502	0.1	0.00917619
0.346884	-0.517981	2.30113	-7.44465e-05	0.000110892	-3.17572e-05	0.000151596	0.000327755	-0.000341128	0.255995	0.130262	0.25346	0.1	0.00634979
1.06327	2.44422	-0.491535	-7.185e-05	-0.00037744	6.15329e-05	0.000307048	4.00174e-05	0.000272263	0.25592	0.130148	0.253386	0.1	0.00905773
-2.14064	-0.560746	-1.25041	3.72812e-05	1.51112e-05	2.107e-05	0.000113685	-0.000105463	-0.00013024	0.255837	0.130021	0.253304	0.1	0.0135713
0.360652	1.20718	1.08532	3.46673e-05	-0.000212546	-6.32639e-05	-0.000466074	0.000418128	-0.000428817	0.255747	0.129885	0.253215	0.1	0.00781655
-0.0160501	1.30161	1.90127	7.9076e-05	-0.000113509	1.3633e-05	-0.000397044	1.41915e-06	0.000455837	0.255291	0.129191	0.252763	0.1	0.00674863
0.430793	-3.40064	-0.935573	-1.77675e-05	0.000401067	2.087e-05	-0.000354304	7.46589e-06	-0.000239629	0.255224	0.129089	0.252697	0.1	0.00420648
-1.10593	1.47987	-2.15103	1.35174e-05	-0.00011487	-2.09737e-05	6.84825e-05	-0.00010182	3.42759e-06	0.255101	0.128903	0.252575	0.1	0.00628532
-1.03035	1.12553	1.56542	-1.2634e-05	-5.06162e-05	-5.0409e-05	-0.000233668	0.000246378	0.000244145	0.254823	0.128482	0.2523	0.1	0.0149101
1.59058	-2.78735	-2.33392	1.37455e-05	0.000332275	3.5958e-05	0.000392546	0.000131864	0.000231248	0.254506	0.128002	0.251986	0.1	0.00742639
-0.300777	1.20352	-0.373947	9.81943e-05	-0.000142569	3.99762e-06	-8.09304e-06	-3.067e-06	0.000256924	0.254402	0.127845	0.251883	0.1	0.0123331
1.65916	-3.52596	-2.20277	-5.98086e-06	0.000505103	2.03872e-05	-0.00033888	-1.84287e-05	7.96606e-05	0.254272	0.127649	0.251754	0.1	0.00603816
-0.955637	-1.09823	1.61315	-8.34808e-05	0.000208356	-2.96187e-05	0.000170091	0.000395911	0.000379886	0.254252	0.127621	0.251735	0.1	0.00739137
-1.70135	0.669065	-0.181898	1.97234e-05	-9.31518e-05	-6.13442e-05	-7.94657e-05	-3.8508e-05	-0.00016788	0.254212	0.12756	0.251695	0.1	0.00963641
1.03906	-2.2345	-1.89229	3.18197e-05	0.000252604	2.82862e-05	0.000346112	2.04737e-05	6.0324e-05	0.254199	0.127539	0.251682	0.1	0.00648673
1.20988	1.61939	0.882103	-7.70429e-05	-0.000100475	0.000111393	5.37969e-05	5.26974e-05	0.000292849	0.254057	0.127328	0.251542	0.1	0.00595668
1.33364	3.35668	-1.95974	-0.000112954	-0.000273165	-4.55444e-07	9.0358e-05	-4.23697e-05	-0.000107112	0.253567	0.126591	0.251056	0.1	0.00910779
-1.37185	-0.859026	-0.127965	1.06333e-05	7.05996e-05	-6.35181e-05	7.28403e-06	-0.000177041	3.28965e-05	0.253456	0.126426	0.250947	0.1	0.00608211
1.04547	1.31996	1.32044	9.21924e-05	-0.000111696	1.272e-05	-0.000245098	-0.000606592	-5.28253e-05	0.253434	0.126392	0.250925	0.1	0.00626967
-2.38809	2.77621	-2.01649	-3.1157e-05	-0.00021308	0.000110021	3.66779e-05	-0.000180514	7.94638e-05	0.253312	0.12621	0.250804	0.1	0.0115434
1.23669	-0.575935	-2.47883	-1.01739e-05	0.000242631	1.00943e-05	-0.000125268	-0.000402419	-1.01671e-05	0.253184	0.126018	0.250677	0.1	0.00894025
0.856858	0.961442	1.60544	0.000126587	-3.55164e-05	3.82848e-05	-1.10322e-05	0.00033096	0.000429223	0.253182	0.126015	0.250675	0.1	0.00514992
-0.606679	2.40803	1.06576	1.43918e-05	-0.000236994	1.56749e-06	0.000135314	-1.33817e-05	1.54381e-05	0.253176	0.126006	0.250669	0.1	0.007304
1.87052	-0.876095	0.723693	-3.76769e-05	0.000167277	5.38131e-05	5.13703e-05	-4.33589e-05	0.000203482	0.253012	0.125762	0.250507	0.1	0.00738474
-2.14638	1.32041	-2.31297	1.73291e-05	1.12426e-05	5.51377e-05	0.000281798	4.85842e-06	0.000494781	0.252518	0.125027	0.250018	0.1	0.00697784
0.404472	0.209623	-0.909103	-5.62913e-05	-8.12203e-05	-5.70111e-05	0.000297361	2.10522e-05	-0.00029493	0.252479	0.124968	0.249979	0.1	0.00887257
2.26082	2.96209	-2.31163	1.91771e-05	-0.000270287	8.59398e-05	-0.000232182	-3.39876e-05	-0.000153301	0.25247	0.124955	0.24997	0.1	0.006334
1.25251	-1.12551	-1.10789	2.87698e-05	6.10082e-05	9.54366e-05	-0.000140788	-3.27142e-05	-2.83229e-05	0.252451	0.124927	0.249951	0.1	0.010569
1.03954	-1.38737	-2.24885	-0.000124179	0.000310322	0.000111136	-0.000381635	-0.000890243	5.71991e-05	0.252394	0.124843	0.249895	0.1	0.0144475
-1.72554	-2.73608	-1.52919	2.34629e-05	0.000262562	4.17202e-05	0.000444702	-0.000264772	0.000234761	0.251969	0.124213	0.249474	0.1	0.00869026
0.743679	-3.77532	-1.055	1.0599e-06	0.000414836	4.54645e-05	-9.81826e-05	4.93288e-05	-0.000344716	0.251672	0.123775	0.24918	0.1	0.00664906
0.306719	-1.66001	2.10387	4.64514e-05	0.000194259	1.14059e-05	-0.000102967	6.93726e-05	4.10924e-06	0.251598	0.123666	0.249107	0.1	0.00970112
-1.37115	-1.61652	1.62152	2.03093e-05	0.000303628	-3.61604e-05	-0.000104919	-0.00011809	0.000201768	0.251461	0.123464	0.248971	0.1	0.00628691
0.151538	-2.86166	2.22976	9.98488e-06	9.55199e-05	-6.32824e-05	-6.20972e-05	-9.78145e-05	-0.00050771	0.251337	0.123281	0.248849	0.1	0.00970772
-1.99125	-1.1654	0.84566	-2.40672e-05	0.000115277	1.65352e-05	-5.02746e-05	9.68766e-05	-0.000117493	0.251292	0.123215	0.248804	0.1	0.00744477
1.9931	-3.89274	-2.15924	-3.45591e-05	0.000478828	-5.52384e-05	-0.000295842	-0.000236054	-6.6044e-06	0.251252	0.123155	0.248764	0.1	0.00680494
0.318437	-0.999425	-1.05522	-4.40488e-05	-3.53869e-05	-7.03294e-05	-4.65579e-05	0.000152433	6.79756e-05	0.251159	0.123019	0.248672	0.1	0.0106679
0.444524	-3.79615	-0.635476	-2.72795e-05	0.000424058	1.43493e-05	0.000282206	-5.18666e-05	0.000190722	0.250885	0.122618	0.248401	0.1	0.00545771
-1.07127	-1.02135	-2.36109	7.89428e-05	0.00012227	-0.000109382	1.55947e-05	-0.000100379	0.000212579	0.250767	0.122444	0.248284	0.1	0.0105123
1.98626	-3.02754	-2.15238	2.05601e-05	0.000347257	-2.79317e-05	-0.000137204	-6.061e-05	-3.80475e-05	0.250701	0.122347	0.248219	0.1	0.00679186
0.900212	-1.47102	-1.05167	-1.18617e-05	0.000134157	6.26727e-05	0.000221454	-0.000129712	-0.000314688	0.250676	0.122311	0.248194	0.1	0.0104445
1.76984	3.58694	-2.06348	-5.76187e-05	-0.000382122	-3.47971e-05	6.46336e-05	-0.000431762	-0.000206299	0.250667	0.122297	0.248185	0.1	0.00571745
0.212918	-3.82541	-1.07639	-6.29186e-05	0.000438454	2.22639e-05	0.000212861	-0.000487469	-8.758e-05	0.250642	0.12226	0.24816	0.1	0.00520105
-1.45729	-0.719831	-2.39564	4.54941e-05	5.03888e-05	-9.23344e-05	0.000312169	-6.1557e-05	6.92022e-05	0.250299	0.12176	0.247821	0.1	0.00817721
0.57152	-1.35857	-0.359854	8.08063e-05	0.000124681	-2.9581e-05	-0.000262084	0.00048375	-0.000739709	0.25018	0.121585	0.247703	0.1	0.00948072
-0.283691	-2.67593	2.37997	7.46172e-05	0.000243659	-6.29092e-05	0.000409518	8.90579e-05	0.000131373	0.250152	0.121546	0.247675	0.1	0.00696868
-2.48348	-3.10867	-1.95321	3.42494e-05	0.000337416	6.04973e-06	-0.000200468	2.41872e-05	2.04656e-05	0.250067	0.121421	0.247591	0.1	0.00608681
-0.0361619	1.62836	2.29473	2.49541e-05	-4.91817e-05	-1.15366e-05	3.49595e-05	-5.23893e-05	0.000186366	0.250057	0.121407	0.247581	0.1	0.00835243
-2.19471	1.00425	-1.07283	7.36827e-05	-6.988e-05	-2.64475e-05	7.53173e-05	-1.61123e-06	-0.0001953	0.249982	0.121297	0.247507	0.1	0.00545729
-1.70276	-0.242907	-1.233	5.63563e-05	1.00969e-05	-8.28473e-05	0.000103869	-8.93255e-05	0.000154463	0.249805	0.121041	0.247332	0.1	0.0105773
-1.30721	0.90036	-2.26179	1.35796e-05	-9.87922e-05	7.05486e-06	-0.000120996	-0.000227509	0.000181121	0.249501	0.120599	0.247031	0.1	0.0091713
1.2002	-3.77422	0.0950897	0.000116576	0.000433504	-2.89427e-05	0.000526105	-0.000290311	-0.000468364	0.249491	0.120585	0.247021	0.1	0.00872363
0.951766	2.02282	0.761209	-7.76823e-05	-0.000143347	1.26539e-05	-0.000316759	-0.0004361	-0.000179955	0.249466	0.120547	0.246996	0.1	0.00681435
0.0286492	0.255202	-1.37379	2.8574e-05	-0.000100513	2.11923e-05	6.83968e-06	9.59901e-05	0.000401141	0.249265	0.120257	0.246797	0.1	0.0070753
0.733607	-1.08507	-1.30931	-4.41819e-06	6.44137e-05	-1.13947e-05	-0.000445085	-0.000325293	0.000654582	0.24919	0.120149	0.246723	0.1	0.0119763
0.618615	-0.613696	-0.963016	-8.75317e-07	-4.57725e-07	1.63566e-07	5.14094e-24	4.93548e-25	-2.76728e-23	0.249006	0.119884	0.246541	0.1	0.0142923
-1.42639	2.32476	-0.963278	3.31428e-05	-0.000203884	2.18155e-05	-0.00028186	3.85e-05	0.000320022	0.248917	0.119754	0.246452	0.1	0.0105841
2.20204	0.642408	1.94477	9.98246e-05	3.5187e-06	-8.50079e-05	5.69977e-05	5.57005e-05	8.34216e-05	0.24891	0.119744	0.246446	0.1	0.010205
1.83598	0.086327	1.37647	-3.38949e-06	7.04324e-05	-2.21035e-05	6.17578e-05	0.000249168	0.000103412	0.248903	0.119734	0.246439	0.1	0.00739676
-1.25925	-0.0671336	-2.43162	3.08555e-05	-2.56496e-05	-7.84686e-05	7.14355e-07	6.937e-05	0.000335755	0.248902	0.119733	0.246438	0.1	0.00742339
-1.584	2.96473	1.67776	3.84703e-05	-0.000349234	0.000100296	-0.000431605	-0.000324212	0.000476253	0.248378	0.118978	0.245919	0.1	0.00789086
1.51026	1.14852	1.31281	9.46069e-05	-2.63119e-05	1.45913e-05	0.000112346	5.32414e-05	0.000163639	0.248178	0.11869	0.245721	0.1	0.00547267
-0.330804	0.467511	-2.02311	2.24505e-05	-0.000193004	-0.000144773	1.11224e-05	0.000152355	-8.47666e-05	0.24787	0.118249	0.245416	0.1	0.00681469
-1.28967	-0.234908	2.11078	1.02045e-05	6.65523e-05	-5.83598e-05	0.000187993	0.000166327	-0.00034769	0.247827	0.118187	0.245373	0.1	0.00695992
-1.61362	-1.26373	1.39439	-5.38694e-06	0.000179645	-6.74383e-05	-8.79207e-05	0.000253042	7.66344e-05	0.247767	0.118102	0.245314	0.1	0.00771533
-1.68459	-3.5053	1.25819	1.70112e-05	0.000452713	-2.36014e-06	-4.85311e-05	-0.000321076	0.000111306	0.247735	0.118056	0.245282	0.1	0.00865124
1.03879	-3.44936	1.15377	3.18516e-09	3.7369e-07	-1.65363e-09	-2.88586e-35	1.44357e-34	-5.42273e-35	0.247707	0.118015	0.245254	0.1	0.00943772
-0.0473357	3.75829	0.974972	-2.0318e-05	-0.000358615	-7.57136e-05	0.000107446	6.03607e-05	-0.000198247	0.247608	0.117873	0.245156	0.1	0.00806013
-1.67987	3.29139	0.972694	8.13193e-05	-0.000477773	9.05155e-05	-0.000588141	0.000143511	0.000428619	0.247575	0.117828	0.245124	0.1	0.00748872
1.47449	0.774069	-0.87204	-2.80041e-06	-0.000234241	9.70777e-06	0.000167962	-9.44919e-06	0.000195574	0.247232	0.117337	0.244784	0.1	0.00900852
0.11823	-3.41626	-1.32251	-5.32214e-05	0.000403029	2.86254e-05	-0.000244784	2.81413e-05	0.000356982	0.247018	0.117033	0.244572	0.1	0.00760505
0.241308	2.07744	-1.35388	-5.35476e-05	-0.00027868	5.06264e-05	-1.27742e-05	-0.000301308	-8.64472e-05	0.246945	0.11693	0.2445	0.1	0.00726952
-1.9202	3.32876	-1.1495	-2.45537e-05	-0.00031254	1.83216e-05	-0.000243881	-1.19634e-05	0.000144632	0.246862	0.116812	0.244418	0.1	0.00986483
-0.167855	0.50781	2.25525	1.91601e-05	-5.84297e-05	-4.80867e-05	-0.000217947	-0.000208522	7.98487e-05	0.24683	0.116767	0.244386	0.1	0.00783079
-0.792077	-1.52281	1.43664	2.69097e-05	0.000299242	-5.15665e-05	-0.000177888	-9.05562e-05	0.000186094	0.246791	0.116712	0.244348	0.1	0.00650453
0.242493	3.40865	0.809718	-5.22365e-05	-0.000367625	4.87559e-06	-0.000413745	-3.6151e-05	0.00022889	0.246746	0.116648	0.244303	0.1	0.00563242
-0.271766	3.98474	0.328579	-0.000101305	-0.000486677	-7.52513e-05	8.27117e-05	-8.04027e-05	-9.07176e-05	0.246741	0.11664	0.244298	0.1	0.00710853
-0.148988	1.4229	-0.802443	-9.22747e-06	-0.000147517	-8.39483e-05	-3.84833e-05	0.000266983	0.000221635	0.246625	0.116476	0.244183	0.1	0.00643979
1.33795	3.65838	0.822006	1.48803e-05	-0.000499994	8.19387e-05	-1.26339e-05	6.96305e-05	-5.48862e-05	0.246618	0.116465	0.244176	0.1	0.00895327
-0.35028	0.321981	0.145741	3.8336e-05	-6.30209e-05	5.13972e-05	-0.000169475	-9.89091e-05	0.000581936	0.246595	0.116433	0.244153	0.1	0.00618301
1.73957	2.73727	-0.583002	0.000132361	-0.000144634	-7.86229e-05	-0.000117604	-0.000128062	0.000986637	0.246366	0.11611	0.243927	0.1	0.0101681
-0.834412	-1.3891	-0.0294033	1.95231e-06	-1.00912e-06	-7.90031e-06	-1.08069e-05	-3.67137e-05	3.53566e-06	0.246308	0.116027	0.243869	0.1	0.00978947
0.0615626	1.11579	0.0989051	-3.78475e-05	-0.000182452	-9.09938e-06	5.53576e-05	8.08833e-05	5.74291e-05	0.246304	0.116021	0.243865	0.1	0.0128302
-1.22645	-1.0446	1.20594	1.124e-05	4.87003e-05	-9.0526e-05	0.000446987	-0.000238919	-0.000305697	0.24629	0.116001	0.243851	0.1	0.00611585
-1.08066	2.00871	1.217	2.08558e-05	-0.000213738	6.40967e-05	-0.000201633	0.000250827	-0.000199508	0.246171	0.115834	0.243734	0.1	0.00790014
0.633307	3.75029	-0.598209	-2.76201e-05	-0.000372619	2.31437e-05	-0.000338884	0.00017784	-0.000159103	0.246104	0.115739	0.243667	0.1	0.00475055
0.678524	-3.28062	0.856427	-7.35392e-06	0.000360022	-6.9373e-06	0.000251348	-1.63984e-06	-2.80369e-05	0.245924	0.115485	0.243489	0.1	0.00972274
-2.29427	0.854196	2.30775	6.73092e-05	6.99209e-05	0.000112672	-0.000121472	-0.000123421	-3.95093e-06	0.245818	0.115336	0.243384	0.1	0.00941822
1.35027	0.6024	-1.32007	-2.6082e-05	-2.25837e-05	-2.01047e-05	0.000207667	-0.000231595	-0.000307553	0.24563	0.115072	0.243198	0.1	0.0102251
-0.613199	0.442557	-2.41698	1.18533e-05	-7.16362e-05	-0.000119957	0.000391707	-9.69265e-05	-0.000133904	0.245492	0.114877	0.243061	0.1	0.00937285
2.17025	2.40421	1.43745	8.94421e-06	-3.37107e-05	5.18206e-05	-0.000287662	-4.75886e-05	1.94072e-05	0.245444	0.114812	0.243014	0.1	0.010827
2.48139	-3.1568	0.33079	-1.87515e-05	0.000292848	-1.01911e-05	4.66276e-05	-2.14824e-06	8.73054e-06	0.245374	0.114714	0.242945	0.1	0.0107471
-0.710426	-0.235486	-1.54778	0.000139653	8.02868e-05	-0.000112495	3.33438e-05	-0.000483392	0.000450789	0.245244	0.114531	0.242816	0.1	0.00523802
0.760381	-3.48069	2.24664	7.27818e-07	0.000163505	4.0897e-05	-0.000110905	0.000470948	-0.000115635	0.245189	0.114453	0.242761	0.1	0.00654554
1.44466	3.33304	0.425704	1.53113e-05	-0.000349762	-3.93051e-05	-0.00041668	0.000474245	-0.000305546	0.244966	0.114142	0.242541	0.1	0.0118204
-0.405909	0.832191	-0.958254	1.41669e-05	-0.000100483	4.46973e-05	-0.000428453	0.000231368	-0.000146357	0.244953	0.114123	0.242528	0.1	0.00528101
-1.97103	-0.980725	0.0440876	-3.85676e-05	-3.34105e-05	-1.11592e-05	7.01132e-05	-3.12601e-06	-0.000230608	0.244934	0.114096	0.242509	0.1	0.00839768
0.215593	-1.00335	1.6338	6.60998e-05	0.000131199	-5.11739e-05	-0.000136178	0.000175688	0.000313916	0.244844	0.113972	0.24242	0.1	0.00679843
-0.727227	-2.71938	-1.98595	-3.41396e-05	0.000264573	1.10615e-05	-0.000171904	0.000397163	-0.000141219	0.244741	0.113827	0.242318	0.1	0.0110897
-0.208321	2.69121	1.0522	2.9829e-05	-0.000291852	3.50769e-05	0.000237252	7.90721e-05	-0.000189804	0.244734	0.113818	0.242311	0.1	0.00602313
2.46264	-2.10264	1.15322	7.15658e-05	0.000198743	4.99327e-05	0.00026837	-2.02508e-05	-0.00025394	0.244542	0.11355	0.242121	0.1	0.00970802
0.141173	-1.48173	1.67822	4.34202e-05	0.000198847	3.39312e-05	0.000105297	3.34147e-05	-7.9519e-05	0.244486	0.113471	0.242065	0.1	0.00642918
0.872467	-2.4894	-1.287	1.25633e-05	0.000285093	5.37826e-05	-3.54007e-05	0.000159753	5.80317e-05	0.244454	0.113428	0.242034	0.1	0.00689008
0.688625	2.68193	-0.249498	1.81749e-06	-1.37226e-05	-1.34581e-05	8.73898e-05	2.94269e-05	2.7637e-05	0.2444	0.113351	0.24198	0.1	0.00626649
1.2361	2.71981	2.29	-9.47638e-05	-0.000236045	5.54214e-05	-0.000623763	-0.000568402	0.000438362	0.244162	0.113022	0.241745	0.1	0.0109954
-2.34855	-0.979179	0.34661	-2.41946e-05	6.8621e-05	6.00706e-06	-6.2125e-05	9.4201e-05	-0.000310267	0.24414	0.112991	0.241723	0.1	0.00748326
-0.0975036	-3.89752	-2.14857	-1.35258e-05	0.00038267	-4.40106e-05	3.3687e-05	-0.000109778	-7.84975e-05	0.244103	0.112939	0.241686	0.1	0.00826472
0.343338	-2.93494	-1.06114	-1.63741e-05	0.000359051	-1.01833e-05	0.000174374	0.000193836	0.000250568	0.244062	0.112883	0.241646	0.1	0.00672361
-0.333987	1.21008	-1.2404	1.5045e-05	-0.000213599	-3.11608e-05	1.34791e-05	0.000191221	-1.01966e-05	0.243921	0.112687	0.241506	0.1	0.00396653
-1.39014	3.01688	0.0305857	-3.69915e-05	-0.000290227	-3.05544e-05	-0.00020158	-2.0389e-05	-1.97998e-05	0.243692	0.112369	0.241279	0.1	0.00808848
0.915072	1.64071	1.93652	3.49367e-05	-0.000205178	6.76439e-05	0.00025908	0.000124104	0.000398973	0.24367	0.112339	0.241257	0.1	0.00920351
-1.41218	-1.27005	-0.384841	6.6716e-05	9.60075e-05	-7.82834e-05	4.83557e-05	2.29887e-05	5.31999e-05	0.243648	0.11231	0.241236	0.1	0.00963175
-2.05046	2.15332	-0.942735	3.13214e-05	-0.000231098	0.000129218	-7.08063e-06	-0.000100825	0.000134482	0.243387	0.111948	0.240977	0.1	0.00702397
-2.29814	0.975331	-0.590535	-8.45426e-07	1.32866e-07	4.57916e-07	1.18341e-24	-4.07886e-24	-1.18342e-24	0.243111	0.111568	0.240704	0.1	0.00836763
-2.35218	-2.57157	1.20081	1.41701e-05	0.000436525	1.15431e-05	-0.000459839	0.000193696	-0.000389096	0.242966	0.111368	0.24056	0.1	0.00895547
0.753053	1.47303	0.789627	-1.91228e-05	-0.000105382	-8.76563e-05	0.0001648	-0.000784884	-0.000288899	0.242842	0.111198	0.240438	0.1	0.00443009
-1.64287	3.92478	-1.06079	1.24682e-05	-0.000347124	2.72559e-05	0.000195466	4.01002e-07	0.000424451	0.242774	0.111104	0.24037	0.1	0.00933177
1.53562	-0.682247	-2.06389	0.000224664	7.99358e-05	0.000177365	0.000821284	-6.66296e-05	-0.00111752	0.242496	0.110724	0.240095	0.1	0.0120859
1.77454	-1.21988	1.21202	-4.05882e-05	0.00024316	6.00897e-06	-0.000115851	-0.000101547	0.00013842	0.242131	0.110225	0.239734	0.1	0.0079989
1.11895	-0.414105	2.06272	7.05002e-05	0.000195408	-3.27504e-05	-2.51586e-05	-2.00334e-05	-0.00018328	0.241931	0.109952	0.239536	0.1	0.00891353
-0.907001	-3.92178	-0.915406	-3.51185e-05	0.000508389	-1.84592e-05	2.6727e-05	0.000121433	0.00024878	0.24193	0.10995	0.239535	0.1	0.00738713
-2.15957	0.832861	-0.0794896	-2.50355e-06	-2.53544e-06	-5.03335e-08	-1.54168e-24	1.01081e-24	7.77356e-23	0.241739	0.109691	0.239346	0.1	0.0116801
-1.21479	-0.725632	-1.86375	-4.39385e-06	6.63841e-07	-2.63162e-05	-3.32184e-05	0.000122632	6.81948e-06	0.241738	0.109688	0.239345	0.1	0.0135774
-1.8732	-3.73931	0.878812	6.71075e-05	0.00040745	-1.44593e-05	-0.00018434	6.26632e-05	-7.0712e-05	0.241731	0.109679	0.239338	0.1	0.00868803
-1.1111	-1.81307	-0.0878589	-8.99129e-07	2.08778e-07	3.82248e-07	5.54257e-24	-1.13602e-23	7.01351e-25	0.241723	0.109668	0.23933	0.1	0.00877964
-1.5622	-2.70363	-0.575138	-9.32462e-05	0.000381916	3.73679e-05	-0.000153406	0.000199154	-5.56976e-05	0.241715	0.109657	0.239322	0.1	0.00796365
-1.39752	3.28628	1.36631	2.89802e-05	-0.000397595	3.97471e-05	-0.000151756	-6.9993e-05	-1.72494e-05	0.241502	0.109368	0.239111	0.1	0.00619415
-1.2439	-2.20441	0.718269	-2.44113e-05	0.000155511	9.93942e-05	0.000872285	6.93635e-05	8.86467e-05	0.241393	0.109219	0.239003	0.1	0.00629488
-1.90905	-2.97666	-0.789971	-1.28412e-05	0.000387369	4.7709e-05	0.000114975	0.000168476	4.78395e-06	0.241283	0.10907	0.238894	0.1	0.00780656
2.34677	1.13547	-1.61408	3.15621e-05	-0.000134136	5.56042e-05	0.000297285	0.000185062	0.000490821	0.241125	0.108856	0.238738	0.1	0.00623238
0.839204	2.1313	0.00650978	2.53908e-05	-0.000248482	-5.04431e-05	-2.43784e-05	-6.58474e-05	-0.00072988	0.241121	0.108851	0.238734	0.1	0.0053975
2.40872	2.96208	1.88994	2.46645e-05	-0.000309143	-7.4711e-06	0.000422864	-0.000170901	0.000183102	0.241078	0.108793	0.238691	0.1	0.00631645
1.08788	1.24744	-2.04941	2.74179e-05	-0.000138021	5.78457e-05	-0.000184615	-0.000251785	-0.000327354	0.241066	0.108776	0.238679	0.1	0.00640057
-2.21947	2.16476	0.94436	-1.94663e-05	-0.000197801	9.61838e-05	-4.23546e-06	5.9731e-05	9.03031e-05	0.241027	0.108724	0.238641	0.1	0.00851927
-2.36135	1.42215	-1.88676	1.50111e-05	-8.5795e-05	4.72259e-05	0.000236139	0.000321613	0.000116242	0.24097	0.108646	0.238584	0.1	0.00386914
2.03299	1.31359	1.65642	7.30889e-05	-5.46669e-05	-4.03742e-05	-1.6439e-05	0.000370383	-2.04033e-05	0.240966	0.108641	0.23858	0.1	0.00802941
1.20736	-0.166568	-1.98181	0.000133737	-2.25227e-05	1.55053e-05	-0.000263748	0.000420107	2.20135e-05	0.24074	0.108335	0.238356	0.1	0.00566012
0.554967	2.63723	0.209412	7.82709e-05	-0.000346783	-2.01045e-05	0.000234799	-7.7772e-05	-0.000446263	0.240483	0.107989	0.238102	0.1	0.00404867
-2.05	3.47188	1.22498	6.70011e-05	-0.000284729	-5.68858e-05	-9.72741e-05	0.000383031	9.47474e-05	0.240458	0.107956	0.238077	0.1	0.00635458
-2.49914	-0.440225	2.0403	5.95226e-05	0.00024465	7.78152e-05	0.000161595	-0.00011525	0.000278831	0.240401	0.107879	0.238021	0.1	0.0077189
0.479063	0.299822	1.19161	0.000298658	0.000195684	-0.000129858	-0.000352368	-0.000500519	-0.00146033	0.240234	0.107654	0.237855	0.1	0.00639862
-1.84518	1.9468	-0.563116	3.74622e-06	-0.000340027	8.67123e-05	1.43473e-05	0.000214149	-4.42703e-05	0.240234	0.107654	0.237855	0.1	0.010601
2.17582	1.7512	-0.658552	0.000129081	-0.000262239	-0.000157808	0.000866613	0.00066447	0.000281878	0.240084	0.107453	0.237707	0.1	0.00817488
0.43987	1.19656	1.57233	0.000124753	-0.000193128	-4.60182e-05	-0.000815381	-0.000287054	-3.0584e-06	0.239985	0.107319	0.237609	0.1	0.00569748
0.26238	0.686197	0.905659	0.000113572	7.24661e-07	-2.8833e-05	0.000580462	0.000384981	-0.000265937	0.239931	0.107246	0.237555	0.1	0.00585087
2.04131	2.87387	1.50497	3.18319e-05	-2.83935e-05	2.16064e-05	-0.000113076	1.92058e-05	0.000198152	0.239786	0.107053	0.237412	0.1	0.00919575
-0.844338	-0.883043	0.968682	2.88705e-05	-1.41042e-05	-7.46314e-05	-9.1386e-05	0.000383762	-0.00023236	0.239696	0.106933	0.237323	0.1	0.00554982
0.239735	-1.58507	-0.903598	-4.98342e-05	-0.000166723	0.000149068	0.00190296	0.000212103	0.000413687	0.239588	0.106787	0.237216	0.1	0.00899451
-0.294727	-3.42562	2.27909	1.51221e-05	0.000382157	1.43254e-05	0.000156116	9.00451e-06	-0.000204481	0.239483	0.106648	0.237112	0.1	0.00949404
-1.84305	-2.86665	0.232923	-4.89053e-07	0.000276871	4.17411e-05	0.000101073	4.83828e-05	0.000141537	0.239239	0.106322	0.23687	0.1	0.00956033
1.26984	3.80462	0.331148	-5.10159e-05	-0.000408906	-3.4068e-05	0.000151523	-2.44702e-05	-0.000385804	0.239237	0.106319	0.236868	0.1	0.0082139
-2.23966	-1.23858	-0.339285	-2.24203e-05	0.000238393	3.33811e-05	-0.000279807	-0.000108986	0.000575838	0.239205	0.106277	0.236837	0.1	0.0107516
-2.38407	-0.632524	1.25651	-7.58285e-06	0.000108459	-1.38488e-05	-0.000375487	1.94946e-05	3.8906e-05	0.239191	0.106258	0.236823	0.1	0.00750128
-2.48969	-0.768789	2.4184	-1.82514e-05	0.000276648	5.03611e-05	0.00016346	-0.00014576	0.000296121	0.238965	0.105957	0.236599	0.1	0.0108878
-1.67669	-3.48987	0.0422036	-5.52715e-05	0.000478933	1.74801e-05	-0.000143438	-8.83851e-05	0.000165549	0.238904	0.105876	0.236539	0.1	0.00883334
-0.689126	-1.88202	-1.37562	-2.12116e-05	0.000236432	-8.33724e-05	-6.05881e-05	0.000111727	0.000268979	0.238867	0.105826	0.236502	0.1	0.00794182
-1.29413	-0.553925	0.234218	-3.29657e-05	2.65702e-05	-6.86918e-05	9.22007e-05	8.08338e-05	0.000184136	0.238847	0.105799	0.236482	0.1	0.00418139
-0.785608	-3.57035	2.1627	-2.51055e-05	0.000403679	9.87719e-06	0.000235743	-1.61739e-05	-0.000103809	0.23868	0.105579	0.236317	0.1	0.00682822
0.348728	-1.91396	1.52022	5.91702e-05	0.000256176	6.74284e-05	-0.000120807	0.000142611	0.000447465	0.238578	0.105443	0.236216	0.1	0.00691865
-1.39629	0.992486	1.28164	-7.37134e-06	-0.000132049	1.73911e-05	0.000146441	-5.31719e-05	7.20495e-05	0.238575	0.105439	0.236213	0.1	0.00838227
-2.18457	-2.8554	-1.63169	1.81481e-05	0.000356402	-1.54053e-05	-0.000144246	0.000105615	0.000212484	0.238558	0.105416	0.236196	0.1	0.00628588
0.266648	1.85488	1.99307	4.44352e-05	-8.71386e-05	-2.15838e-05	0.000251408	3.89605e-05	0.000366681	0.238531	0.105381	0.236169	0.1	0.00694529
0.105781	-0.136119	-2.23774	2.52224e-05	6.51409e-05	-8.48013e-05	-0.000693362	-0.000226283	-0.0001109	0.238467	0.105296	0.236106	0.1	0.00697057
-0.712206	3.9386	0.156679	-8.738e-05	-0.00039841	-2.27978e-05	0.000143393	0.000203921	-0.000219166	0.238429	0.105245	0.236068	0.1	0.00523707
-0.850403	-2.7857	-0.63698	3.18516e-09	3.7369e-07	-1.65363e-09	-2.85715e-53	2.92703e-54	7.98838e-54	0.238392	0.105197	0.236032	0.1	0.0117572
2.18694	-2.49066	1.11262	-1.95951e-05	0.000265751	2.93616e-05	-0.000115492	9.19584e-05	-0.00020271	0.238069	0.10477	0.235712	0.1	0.00962205
0.183029	-2.03798	-0.775837	3.2259e-05	0.000281691	-1.09197e-05	0.000233295	-0.000239215	-0.000313372	0.2379	0.104547	0.235545	0.1	0.00530618
-0.0877338	-0.512628	0.207943	3.66376e-05	6.36992e-05	6.43098e-05	0.00034346	0.000238229	-0.000304005	0.237677	0.104254	0.235324	0.1	0.00461043
0.79779	-0.569957	0.593834	-2.4699e-05	8.32969e-05	3.85142e-05	-0.000221195	-0.000196849	6.02514e-06	0.237634	0.104196	0.235281	0.1	0.0066885
1.71627	0.25724	2.25209	5.10491e-05	1.62901e-05	-7.84299e-06	-0.000175305	6.96209e-05	4.80398e-05	0.237512	0.104035	0.23516	0.1	0.0111107
-2.3309	3.21907	-2.32096	2.10191e-05	-0.000328383	3.36156e-05	-6.7839e-05	-4.81159e-05	0.000106602	0.237463	0.103972	0.235112	0.1	0.00566064
0.0875478	2.34809	1.4114	6.09e-05	-0.000338345	-5.15285e-05	0.000165264	0.000145615	-0.000227431	0.237431	0.103929	0.23508	0.1	0.0070222
0.359414	-1.92351	-2.26836	6.24446e-05	6.73405e-05	-0.000115994	-0.000148475	0.000470275	-9.42062e-05	0.237431	0.103929	0.23508	0.1	0.0130692
1.69461	-0.239177	-2.00283	0.000291959	6.1357e-05	0.000141412	-0.00100436	5.70844e-05	0.000843126	0.237278	0.103729	0.234929	0.1	0.0102425
-2.47785	1.47886	0.392386	-6.20701e-05	-0.000130687	8.95073e-05	-0.000445942	9.17586e-05	-4.65289e-05	0.237254	0.103697	0.234905	0.1	0.00746584
0.576022	-2.32295	-0.918568	-6.7986e-05	0.000268579	-2.67379e-06	-0.000133249	-2.99814e-05	0.000503868	0.237202	0.103628	0.234853	0.1	0.00639359
-1.60602	-1.42816	2.22086	0.000113699	0.000215054	-7.231e-05	-0.000153507	-9.50237e-05	-8.15449e-05	0.237135	0.103541	0.234787	0.1	0.00748789
0.953155	2.39021	2.48324	-5.73766e-05	-0.00024072	8.45751e-05	-0.000190238	-0.000161515	0.000282178	0.237122	0.103524	0.234774	0.1	0.0073026
-0.912392	3.92354	-0.465799	-2.83009e-05	-0.00033091	-2.65154e-05	0.000166505	-0.000139312	-8.58174e-05	0.236892	0.103224	0.234547	0.1	0.00732477
0.11278	0.479999	-2.35772	7.10679e-05	0.000101025	-7.47724e-05	-0.000381069	0.000466865	0.000215367	0.236865	0.103189	0.23452	0.1	0.00898463
-1.37632	1.9233	-0.71293	7.19121e-05	-0.000174496	1.59345e-05	0.000254625	-0.000188865	3.05088e-05	0.236787	0.103086	0.234443	0.1	0.00586268
1.05103	-0.643755	-0.048494	-2.43291e-05	1.13452e-05	1.17582e-05	-0.000431695	4.48532e-05	0.000410559	0.236379	0.102554	0.234039	0.1	0.00560469
1.69077	-1.27733	-1.23985	-2.14733e-05	0.000156985	3.23599e-05	4.75531e-05	0.000401293	0.000136287	0.23636	0.10253	0.23402	0.1	0.0104888
2.35181	-2.08434	-0.686081	-6.60169e-05	0.000106497	4.93311e-05	0.000391428	1.69824e-05	0.000521521	0.236341	0.102504	0.234001	0.1	0.0170424
-0.620836	1.23723	-0.8582	5.79333e-05	-0.000111859	-1.43083e-05	7.15777e-05	0.000117929	0.000150677	0.236281	0.102428	0.233942	0.1	0.00551964
0.84905	1.03869	0.942237	-2.82405e-05	-5.24376e-05	-6.90605e-05	-9.43248e-05	-0.000479186	0.000754439	0.236277	0.102422	0.233938	0.1	0.00532703
0.777229	-0.766215	1.00977	-1.90724e-05	0.000193843	1.64823e-05	-6.43452e-05	-5.07631e-05	0.00028821	0.236117	0.102213	0.233779	0.1	0.005478
-1.26919	1.94932	-1.24348	2.32995e-05	-0.000154703	1.96155e-05	-5.8371e-05	0.000204626	0.000258327	0.236076	0.102161	0.233739	0.1	0.00559525
-1.75427	-0.573215	-0.0706284	-3.79749e-05	-3.36135e-05	-1.07094e-05	5.31118e-05	0.000339576	8.46203e-05	0.235915	0.101951	0.233579	0.1	0.00453634
-1.06815	0.502516	1.22058	6.75642e-08	9.65697e-08	4.32669e-07	-6.36989e-24	-8.63465e-25	7.47878e-24	0.235774	0.10177	0.23344	0.1	0.0118525
1.45165	-0.775761	-0.231572	-3.13532e-06	0.00013122	4.3292e-05	8.03184e-05	-7.24428e-06	9.48575e-05	0.235702	0.101675	0.233368	0.1	0.00370739
1.76998	-3.51371	1.40674	1.23481e-06	0.000361882	6.56831e-05	-0.000160112	-0.000460596	0.000227558	0.235632	0.101585	0.233299	0.1	0.00648214
0.531617	0.938859	0.613978	7.51683e-05	-8.37758e-05	-0.000133689	-0.000825243	0.000176767	-8.99435e-05	0.235543	0.10147	0.233211	0.1	0.00733787
-2.31558	3.35029	1.73156	1.7771e-05	-0.000254226	1.57266e-05	0.000276798	-0.000124387	0.000368808	0.235542	0.101468	0.23321	0.1	0.00493397
1.83948	3.33425	-0.779264	-9.13828e-05	-0.000278525	-5.06092e-06	0.000196795	0.000173187	0.000175118	0.235326	0.10119	0.232996	0.1	0.00590332
-2.07305	1.3651	-1.34954	9.05985e-05	-0.000120562	2.0898e-05	8.11971e-05	0.000151648	0.000128192	0.235264	0.101109	0.232935	0.1	0.00430172
-0.158544	1.87349	-0.648603	-9.7496e-06	-0.000145721	-7.61217e-05	5.04006e-05	0.000637942	7.33899e-05	0.235177	0.100998	0.232849	0.1	0.00702014
-1.98605	-3.854	-2.09184	5.62101e-05	0.000345556	-1.39075e-05	-0.000313255	0.000109356	-0.00041089	0.235106	0.100905	0.232778	0.1	0.00770214
1.36824	1.03302	-0.436288	-5.83814e-05	-0.000145459	5.22996e-05	1.9426e-05	-0.000222976	0.000320415	0.23501	0.100782	0.232683	0.1	0.0044268
1.61133	-1.52889	0.852713	-1.26817e-05	0.000202004	3.94897e-05	-0.000141824	-5.21822e-05	0.000113748	0.234827	0.100547	0.232502	0.1	0.00558667
0.154146	1.63795	-1.11476	3.19198e-05	-0.00030776	-0.000171563	0.000423563	0.000555321	-0.000294564	0.234781	0.100487	0.232456	0.1	0.00643576
2.27813	-1.18282	-2.43288	-4.47602e-05	0.000239229	5.95068e-06	0.000245936	0.000872245	-0.000271745	0.234742	0.100438	0.232418	0.1	0.00521904
0.0495816	2.93653	-0.466173	-1.4774e-05	-0.000357781	-4.97446e-05	-0.000350697	-9.23388e-05	-0.000562996	0.234729	0.100422	0.232405	0.1	0.0107893
0.85597	-0.925658	-0.389792	-4.29315e-05	1.557e-05	3.05001e-05	9.79137e-05	9.3549e-06	0.00061056	0.234723	0.100413	0.232399	0.1	0.00682533
-0.733988	2.61198	1.48911	-2.10454e-05	-0.000288732	1.70522e-05	-0.000572951	7.38975e-05	-0.000218877	0.234716	0.100404	0.232392	0.1	0.00819573
-0.466498	-3.78982	-1.44122	-3.4337e-05	0.000412801	-7.57459e-05	-0.000190905	0.000125985	0.000171748	0.234391	0.0999882	0.23207	0.1	0.0124156
-0.419106	-1.15288	0.97792	-9.20816e-05	2.11585e-05	-9.70601e-05	3.47553e-05	0.000171748	0.000292529	0.234228	0.0997805	0.231909	0.1	0.0104491
-1.01392	1.8632	-1.87683	1.08831e-05	-0.000195554	1.58423e-05	0.000297479	-0.000101125	-0.000469043	0.234163	0.0996969	0.231845	0.1	0.00601054
-0.195651	-0.0991424	-0.00655392	2.12099e-05	-2.92493e-05	7.06248e-05	7.21235e-05	9.08063e-05	-0.000696227	0.233947	0.0994212	0.231631	0.1	0.00503438
2.40974	-1.9666	-2.33331	-5.83833e-07	0.000327152	7.06843e-05	-0.000110871	-6.71456e-05	3.56212e-05	0.233696	0.0991015	0.231382	0.1	0.010779
-1.1899	-1.51271	1.18033	5.9033e-05	6.96913e-05	-8.83645e-05	-0.000449299	-9.39686e-05	0.000477557	0.23369	0.0990929	0.231376	0.1	0.00616754
-0.0393206	2.15857	2.17369	-6.16909e-05	-0.000281144	0.000122118	0.000239558	3.1132e-05	-3.48566e-05	0.233609	0.0989904	0.231296	0.1	0.00620213
-0.0749926	3.7568	-0.0375008	-7.65655e-05	-0.000468386	-5.90803e-05	3.35678e-05	-0.000278292	-0.000678116	0.233569	0.0989397	0.231256	0.1	0.00632057
-1.27554	-1.89391	0.346051	-4.93789e-05	0.000294789	6.15407e-05	0.000584395	6.94958e-05	0.000116311	0.233337	0.0986457	0.231027	0.1	0.00539199
0.248421	-3.64101	2.06087	-0.000162947	0.000326719	-0.000112616	-0.000519029	0.000211665	2.07109e-06	0.233285	0.0985791	0.230975	0.1	0.00724795
0.358877	-3.39559	-0.314116	-4.64061e-05	0.000338411	-1.93232e-05	0.000218303	-6.90781e-05	0.000202658	0.233155	0.0984158	0.230847	0.1	0.00514213
-1.56424	2.19915	0.480409	-2.40252e-05	-0.000215499	1.24424e-05	-0.000256255	7.1835e-05	6.50779e-06	0.233116	0.0983655	0.230808	0.1	0.00875336
1.44231	1.33652	-0.0966316	-8.88871e-06	-0.00017474	-1.16616e-06	2.04924e-05	0.000840144	4.38633e-05	0.233102	0.0983481	0.230794	0.1	0.00512029
-1.86264	-0.893174	1.26152	-3.49764e-05	9.94055e-05	-2.25645e-05	-0.000100294	4.92643e-05	1.93491e-05	0.233037	0.0982664	0.23073	0.1	0.00898125
-0.215757	-0.573073	0.654879	7.10244e-08	6.64204e-07	4.99707e-07	-4.84242e-24	9.54053e-24	5.88876e-24	0.232987	0.0982018	0.23068	0.1	0.00713602
2.48686	-1.58509	2.41806	-7.10653e-05	0.00016092	-0.000210704	-0.000568125	0.000117767	-0.00019152	0.23297	0.0981807	0.230663	0.1	0.00818156
-1.74708	-2.93924	-0.214801	-3.88769e-05	0.000379358	3.71121e-05	0.000347665	0.00015146	-0.000156611	0.232853	0.0980333	0.230548	0.1	0.00737419
1.12786	2.5345	1.53081	-0.000135404	-0.000178579	7.56195e-05	-0.000855508	9.75071e-05	-0.000553806	0.232841	0.0980185	0.230536	0.1	0.0107676
2.29758	-3.62497	1.79675	4.81939e-06	0.000407724	2.6431e-05	2.60668e-05	0.000113288	0.000283716	0.232838	0.0980137	0.230533	0.1	0.0100016
-1.37444	3.88216	-0.680298	-9.52428e-06	-0.00037848	1.45994e-05	0.000284265	-0.000116654	0.000108561	0.232645	0.0977704	0.230342	0.1	0.00540003
2.24735	2.20304	-0.754222	-4.23366e-05	-0.000196303	8.6535e-05	0.000247907	-4.10341e-05	0.000443993	0.232529	0.0976247	0.230227	0.1	0.00938395
-0.0915808	-0.278002	2.2767	0.000100953	-2.28699e-05	-2.51204e-05	0.000108071	-0.000448074	-0.000250157	0.232356	0.0974063	0.230055	0.1	0.0088103
2.4097	1.35657	-0.570354	0.000171467	-0.000209713	-5.72396e-05	-0.00111702	-0.00116851	-7.55746e-05	0.232305	0.0973426	0.230005	0.1	0.00589908
-1.0386	1.21024	0.934405	-9.48989e-05	-7.28569e-05	4.94254e-05	0.000301397	3.99455e-05	0.000540626	0.232166	0.097167	0.229867	0.1	0.0081795
-2.23108	3.99769	-2.45839	1.09524e-07	-0.00040514	-4.47178e-07	2.66087e-25	5.29753e-24	-3.55992e-25	0.232017	0.0969806	0.22972	0.1	0.00757833
0.588629	-2.02434	-0.545548	6.58601e-05	0.000206069	-3.43475e-05	-0.000313695	6.63616e-05	-0.000370758	0.231839	0.0967586	0.229544	0.1	0.00740412
1.70132	-2.8685	-1.62999	0.000121327	0.000450669	0.00011168	-0.000176432	7.22685e-05	0.000115731	0.231804	0.0967136	0.229509	0.1	0.00954406
-0.599814	-3.12861	-0.0104658	-4.77821e-05	0.00013911	0.000133244	0.000759054	-6.24195e-05	0.000359687	0.231661	0.0965346	0.229367	0.1	0.0105812
0.271826	1.95016	-0.796054	5.14942e-05	-0.00042671	-6.50252e-05	0.000363921	-0.000272141	0.000469573	0.231371	0.0961726	0.22908	0.1	0.00675341
1.88818	0.51139	1.57002	4.27362e-05	-1.12967e-05	-1.08355e-05	0.000131014	1.76114e-05	-0.000227548	0.231332	0.0961243	0.229042	0.1	0.00738474
-1.58021	3.72431	0.808172	-0.000111351	-0.000469769	-2.02857e-05	0.000107881	-0.000137865	0.000475746	0.231276	0.0960544	0.228986	0.1	0.00891999
0.680813	1.06546	-1.90852	6.896e-06	-9.36383e-05	8.14861e-06	8.31389e-05	-5.3493e-06	8.80851e-05	0.231257	0.0960307	0.228967	0.1	0.0105721
1.7848	1.46243	-0.552512	6.81261e-05	-0.000309442	-5.75669e-05	0.000261881	0.000754386	-7.09224e-06	0.231228	0.0959953	0.228939	0.1	0.00518373
0.590305	0.789569	1.22985	6.64211e-05	-7.74841e-05	-1.70414e-05	-0.000716855	0.000211533	0.00072497	0.231098	0.0958324	0.22881	0.1	0.00400767
-0.416045	2.57355	-1.73318	-2.56585e-05	-0.000286563	-2.59423e-05	-0.000245726	7.63398e-05	-0.000494885	0.231097	0.0958312	0.228809	0.1	0.00892153
1.37707	3.3712	2.14002	-0.000181681	-0.000390552	6.32805e-05	4.76958e-05	-3.32378e-05	-0.000768923	0.230968	0.0956712	0.228681	0.1	0.0103615
1.50785	1.12788	-2.22793	3.09522e-05	-7.04176e-05	4.27767e-05	-0.000118913	-0.000360303	-0.000149977	0.230925	0.0956178	0.228639	0.1	0.00444306
-1.00079	-0.622321	1.87285	4.79518e-05	3.87872e-05	-1.8423e-05	2.12842e-05	-0.000150989	-0.000276435	0.230853	0.0955284	0.228567	0.1	0.0109689
2.43034	-0.274038	-0.97592	3.90761e-05	-6.06568e-05	-4.39798e-06	-0.000285706	-0.000177611	-7.32881e-05	0.230603	0.0952189	0.22832	0.1	0.0111065
0.0775072	-0.588299	-2.30876	-3.79124e-06	8.34293e-05	6.4792e-06	0.000395292	-6.24121e-05	-8.42858e-05	0.230371	0.0949306	0.22809	0.1	0.00457042
-0.245583	-1.74714	-1.27853	5.14967e-05	0.000240869	-8.62776e-05	-9.92894e-05	-2.25117e-05	-0.000119602	0.230367	0.0949265	0.228086	0.1	0.00856454
-0.0819624	3.95957	-1.38524	-1.30058e-05	-0.00035745	-3.59859e-05	-6.62217e-05	-0.000172157	6.98141e-06	0.230224	0.0947498	0.227945	0.1	0.00492632
0.643162	1.1876	0.242752	1.99071e-05	-0.000142438	-0.000190843	0.000524738	0.000145341	5.86119e-05	0.22985	0.0942887	0.227574	0.1	0.00777626
-1.68556	-2.19139	0.401022	-4.86284e-05	0.000269755	-2.364e-05	0.00027941	1.75841e-05	0.000242042	0.22984	0.0942757	0.227564	0.1	0.00600496
0.192006	3.93333	0.287532	-0.000129897	-0.000510653	-4.8922e-06	-0.000163882	-0.000185494	-8.52029e-05	0.229772	0.0941929	0.227497	0.1	0.0047187
-0.0607252	3.10339	-1.36717	-1.85269e-05	-0.000323303	-1.14935e-05	2.61756e-05	-8.72516e-05	7.73871e-05	0.229716	0.0941249	0.227442	0.1	0.00616609
2.34096	3.56041	-1.04567	-0.000103781	-0.000239108	1.25315e-05	-0.000334346	8.06473e-05	-0.000882174	0.229675	0.0940734	0.227401	0.1	0.00812587
0.891343	-2.88391	1.03844	-0.000103469	0.000161952	5.89227e-07	0.00022711	-0.00016518	0.000143239	0.229635	0.094024	0.227361	0.1	0.00630937
0.782853	-3.51077	-2.28482	-0.000120252	0.000416175	6.32523e-05	0.000528473	-0.000126045	0.000681603	0.229633	0.0940217	0.227359	0.1	0.00700919
-0.503504	3.61676	-0.0955951	-9.74417e-05	-0.000327118	-7.7918e-05	-0.000128266	0.000116895	0.000136046	0.229597	0.0939779	0.227324	0.1	0.00926062
1.88976	0.40025	0.990134	5.15921e-05	-7.9682e-06	-2.78438e-05	-1.26564e-05	-0.000121828	3.58759e-06	0.229587	0.0939654	0.227314	0.1	0.00834673
0.561417	-1.02035	-0.0267209	0.00010259	-2.0393e-05	0.000118083	-0.000229804	-1.81783e-05	0.000944697	0.229559	0.093931	0.227286	0.1	0.00659549
-0.76548	0.134788	0.0100486	-8.16921e-05	-4.20245e-05	9.09454e-05	4.58095e-05	-9.94975e-05	-0.000104841	0.229502	0.0938617	0.22723	0.1	0.00647966
-0.102488	-0.806993	-0.466107	-1.40519e-05	1.02745e-05	-4.93672e-05	-0.000538269	0.000154814	0.000574214	0.229294	0.0936058	0.227024	0.1	0.00617754
-1.04456	-3.0106	1.312	-4.07299e-05	2.3703e-05	9.99454e-06	8.25337e-05	5.35867e-05	0.000217284	0.229262	0.0935673	0.226992	0.1	0.00724943
2.37169	1.19312	-1.15329	0.000147529	-0.000275355	5.49252e-05	0.000311547	0.000355861	-5.80649e-05	0.229043	0.0932983	0.226775	0.1	0.00647577
2.26488	0.651423	1.36843	-4.85561e-05	2.44655e-05	-3.33884e-05	-0.000131603	0.000239055	0.000485942	0.229023	0.0932736	0.226755	0.1	0.00547523
2.0541	-3.85404	1.4922	-4.08093e-05	0.000417179	0.000106323	3.85747e-05	0.000340898	-0.000239461	0.22902	0.0932701	0.226752	0.1	0.00677429
2.17511	2.59457	-2.0154	-2.94786e-05	-0.000136552	3.07759e-05	0.00112002	0.000326083	-0.000315186	0.228994	0.0932399	0.226727	0.1	0.00764503
0.344765	-3.2825	2.33767	-2.15606e-05	0.000111604	5.3906e-05	-0.000363726	-0.00020984	0.000484938	0.228978	0.0932202	0.226711	0.1	0.0062156
1.16808	2.68307	-1.06181	-0.000105716	-0.000345004	2.30921e-05	0.00071848	-0.000409111	0.000294047	0.228925	0.093155	0.226658	0.1	0.00707293
0.10595	0.660731	0.208995	2.1773e-06	-0.000171945	1.70828e-05	-0.000187441	6.61051e-05	8.29267e-05	0.228769	0.0929649	0.226504	0.1	0.00966388
1.5029	-1.02661	2.13037	7.64102e-06	0.000202055	3.24679e-05	-0.00011705	-0.000226348	-7.19909e-05	0.228681	0.0928573	0.226417	0.1	0.00492307
0.122119	1.5338	-0.107561	-6.07462e-05	-0.000190721	-3.41189e-05	-0.000124699	0.000306296	-0.000141776	0.228633	0.0927983	0.226369	0.1	0.00878243
-0.835871	3.94743	-1.35806	-0.000118661	-0.000268237	-4.26995e-05	0.000231415	7.54914e-05	-0.00090024	0.228527	0.09267	0.226264	0.1	0.00964952
0.953389	0.822105	-2.17972	-9.37185e-06	-9.40692e-05	-1.24389e-05	0.000301288	-0.000135335	-2.80288e-06	0.228372	0.0924815	0.226111	0.1	0.00919205
1.2018	-3.39672	-2.15454	-6.43464e-05	0.000340838	-5.80699e-05	-0.000689451	8.00313e-05	0.000648213	0.228275	0.0923635	0.226015	0.1	0.00649892
0.438592	-0.966208	1.23287	2.10584e-05	0.000164139	-3.87405e-05	-0.0001944	-0.000110056	0.000200528	0.228269	0.0923562	0.226009	0.1	0.00443092
2.38445	-1.88378	1.78652	-5.14543e-05	0.000323305	3.80508e-05	9.28611e-05	2.90715e-05	0.000554291	0.228148	0.0922089	0.225889	0.1	0.00848359
0.216677	3.69293	-0.386983	-5.93246e-05	-0.000464142	-4.13184e-05	0.000218329	0.000153898	-0.000538537	0.227891	0.0918988	0.225635	0.1	0.00517769
1.06346	-0.118824	-0.726322	-6.64389e-07	-4.0066e-06	7.89778e-07	-1.31637e-05	-1.52956e-06	-1.54179e-05	0.2278	0.0917882	0.225545	0.1	0.00811528
-2.00962	-2.65019	1.50666	-1.34021e-06	0.000439517	2.79963e-05	8.52195e-05	-0.000217573	7.5285e-05	0.227735	0.0917093	0.22548	0.1	0.0118654
0.995844	1.17511	0.526743	-6.72514e-05	-0.000159244	-7.96246e-05	3.08773e-05	-0.000753815	0.000282364	0.227721	0.0916929	0.225466	0.1	0.00569834
1.70491	-2.33827	-2.23968	-2.98397e-05	0.000304312	8.09606e-05	-1.70233e-05	0.000350209	2.88986e-05	0.227719	0.0916894	0.225464	0.1	0.00798475
1.59529	-0.526906	0.125811	-2.07051e-05	4.17854e-05	4.45338e-05	0.000259852	7.07127e-05	0.000154204	0.227657	0.0916158	0.225403	0.1	0.00512281
2.15392	-3.47668	-0.80264	9.96366e-05	0.000277518	-0.000128815	-0.000806946	2.88358e-05	-0.000570392	0.227655	0.0916129	0.225401	0.1	0.00868758
-1.71137	1.9031	-1.13633	4.43342e-05	-0.000128461	6.13836e-05	0.000235867	0.000344918	0.000255071	0.227637	0.0915917	0.225383	0.1	0.00582712
2.32508	-3.86057	-1.00739	3.18516e-09	3.7369e-07	-1.65363e-09	-5.2154e-68	-2.93483e-68	5.95937e-68	0.227625	0.0915767	0.225371	0.1	0.0100057
-2.38778	-3.59061	-1.94204	1.58968e-05	0.000429	1.54975e-05	-6.15362e-05	-3.55538e-05	-4.36286e-05	0.227598	0.0915445	0.225345	0.1	0.00444349
1.12833	-1.69225	0.777039	-1.30011e-05	0.000201939	2.00397e-05	-9.98475e-05	-6.24459e-06	6.86088e-06	0.227427	0.0913378	0.225175	0.1	0.00489121
-0.937479	1.64318	1.94891	-3.32722e-06	-8.75423e-05	-3.30567e-05	-0.000440458	-0.000215297	-7.4623e-05	0.227288	0.0911706	0.225038	0.1	0.00643054
1.16451	3.1185	-1.26951	-9.14707e-05	-0.000306537	5.33692e-05	0.000652779	-0.000461358	-0.0001013	0.227272	0.0911519	0.225022	0.1	0.00645499
