-1.38756	1.21836	-1.02861	9.20909e-05	-0.000118623	-7.20882e-06	-3.40706e-05	-8.1777e-05	-0.000108109	0.55482	1.32612	0.549327	0.1	0.0185159
2.15385	3.63142	2.24008	-3.96208e-06	-0.000318413	1.18315e-05	-8.60175e-05	5.43764e-05	4.90999e-05	0.554711	1.32533	0.549219	0.1	0.0178745
-0.829076	-1.27471	-0.912304	3.48814e-05	0.000185222	-9.51616e-05	3.73674e-06	-5.10391e-06	-0.000225678	0.554426	1.32329	0.548937	0.1	0.0214739
-0.0770108	1.2249	-1.97935	5.16572e-06	-0.000258127	-9.71796e-05	0.000309156	-2.12573e-05	0.000104704	0.552434	1.30908	0.546964	0.1	0.018953
2.47574	-3.35425	1.09672	2.26314e-05	0.000349725	-6.26197e-05	-3.03896e-05	-0.000120963	0.000104488	0.551275	1.30086	0.545817	0.1	0.0250824
-0.321051	-3.43839	-0.675618	-6.23432e-05	0.000397996	3.22852e-05	0.000138154	0.00010433	-5.07959e-05	0.548893	1.28407	0.543458	0.1	0.0195943
-2.00715	0.742332	-1.79015	8.96971e-05	-2.99154e-05	-3.08336e-05	5.60384e-05	-1.28792e-05	-9.30526e-05	0.548822	1.28357	0.543388	0.1	0.0208029
1.8037	-4.0199	-0.356184	4.9478e-06	0.000341209	-4.79261e-05	0.00013187	-7.18388e-05	-3.73422e-06	0.547774	1.27623	0.54235	0.1	0.0195658
-1.92955	-0.412733	0.671978	-6.0418e-05	2.19409e-05	-2.12366e-05	-0.000126989	-2.11844e-05	6.26751e-05	0.547358	1.27333	0.541939	0.1	0.0242397
-0.86164	-0.138269	0.727402	-6.95704e-05	-6.05328e-05	-1.87113e-05	4.61732e-05	-2.71433e-05	-8.60782e-05	0.546952	1.2705	0.541537	0.1	0.020151
2.10043	0.369599	-1.24984	5.33815e-05	-6.87161e-05	-3.53829e-05	5.09339e-05	3.25694e-05	2.31482e-05	0.546649	1.26839	0.541237	0.1	0.0241628
1.20356	2.61657	-1.82	-2.5244e-05	-0.000208659	5.54449e-05	-0.000104796	5.50188e-05	0.000186781	0.545348	1.25936	0.539949	0.1	0.0206064
-2.42263	-2.40951	0.435984	-3.09811e-05	0.000247774	5.81851e-06	0.000142168	-3.26616e-05	-3.08984e-05	0.545169	1.25811	0.539771	0.1	0.0216574
-0.0561654	-3.15334	-2.02866	-4.39789e-06	0.000314565	1.86438e-05	-4.94377e-05	-0.000154842	-5.51757e-05	0.544719	1.255	0.539326	0.1	0.0184304
-0.62696	3.37115	1.3026	1.71479e-05	-0.000327589	-1.04962e-05	9.61784e-06	0.000127191	-7.60704e-05	0.543689	1.24789	0.538306	0.1	0.0186745
2.18151	-2.52524	2.16696	8.54344e-05	0.000302778	2.43764e-05	-4.79576e-05	-5.0384e-05	2.99091e-05	0.541854	1.2353	0.536489	0.1	0.0300206
1.50011	-2.03132	-1.29789	-2.08157e-05	0.000205044	3.93262e-05	2.8814e-05	0.000123981	-6.3494e-05	0.540595	1.22671	0.535243	0.1	0.026344
2.1142	2.85778	-1.30151	-4.41985e-05	-0.000309726	3.80615e-05	-0.000288189	-4.82904e-05	0.000159875	0.540372	1.22519	0.535022	0.1	0.0194002
0.242618	2.24476	-2.12018	8.40047e-06	-0.000269203	6.82603e-05	-7.15396e-05	-0.000103951	-0.000106548	0.540364	1.22514	0.535014	0.1	0.0174191
1.53258	1.89359	1.53855	-2.94677e-06	-7.92394e-05	3.7735e-05	-0.000121947	6.53666e-05	0.000131562	0.537534	1.20599	0.532212	0.1	0.0220234
1.81471	-3.00643	-0.0130336	-2.33733e-05	0.000283398	2.36914e-05	1.59388e-05	0.000151322	9.59774e-05	0.536704	1.20041	0.53139	0.1	0.0223014
-1.68251	1.62408	0.944048	-3.0259e-06	-9.27901e-05	0.000108662	0.000172391	-3.943e-06	5.97676e-05	0.536645	1.20002	0.531332	0.1	0.0214344
0.661623	-1.88891	0.212316	9.82945e-06	0.000218461	5.18026e-05	6.74956e-05	3.82284e-05	4.8759e-05	0.536462	1.19879	0.53115	0.1	0.0209825
0.369405	3.52128	1.65375	-6.06682e-07	-0.000389573	1.20504e-05	-2.2943e-06	-0.000150222	2.05508e-06	0.53632	1.19784	0.53101	0.1	0.0232079
-1.13769	-2.60328	0.0583133	-4.01604e-05	0.000273817	1.05308e-06	-0.000118375	6.2137e-06	-0.000134377	0.535344	1.19131	0.530044	0.1	0.0185076
-0.26624	-2.50906	-1.19968	-2.72512e-05	0.000344166	3.3672e-05	-0.000176167	5.90543e-05	-0.000107355	0.534798	1.18767	0.529503	0.1	0.0177483
1.35377	3.89662	1.57048	-3.50057e-05	-0.000387174	5.46993e-05	-3.49938e-05	5.75753e-05	4.91608e-06	0.534761	1.18742	0.529466	0.1	0.0187478
0.798163	1.53778	-0.448224	-4.39253e-05	-0.000253685	-3.63325e-05	0.000275018	-0.00031955	-0.000296067	0.534328	1.18454	0.529038	0.1	0.0194032
-1.44661	3.79615	0.0642377	-7.1652e-05	-0.000298261	8.23735e-07	0.000134311	6.56522e-05	-8.95765e-06	0.533494	1.179	0.528212	0.1	0.0188889
-0.510139	1.95989	-1.32104	-2.19459e-05	-0.000301608	-4.70625e-06	0.000118274	-1.03564e-05	0.00014978	0.533315	1.17782	0.528035	0.1	0.0178177
-0.365256	3.55297	-0.829207	-5.74277e-05	-0.000339803	-3.77656e-05	-1.56463e-05	-1.25834e-05	5.87897e-05	0.533292	1.17767	0.528012	0.1	0.0181267
-2.01828	-1.19939	-2.14688	-8.63651e-06	4.46485e-05	-0.00018465	0.000181751	-5.65175e-05	-0.000131059	0.533023	1.17589	0.527746	0.1	0.0226539
-1.75756	-3.13415	-2.20648	-1.33408e-05	0.000313397	-4.78826e-06	3.17005e-05	6.87175e-05	0.000103093	0.53279	1.17434	0.527515	0.1	0.0259446
-0.0109636	-2.53012	1.0183	2.59279e-05	0.000290968	-2.27714e-05	-6.87626e-06	9.30777e-06	1.17544e-05	0.532572	1.1729	0.527299	0.1	0.0261512
-1.45184	3.59147	-1.7124	-2.86192e-05	-0.000349266	1.21388e-05	-0.000168217	6.53246e-05	-4.17192e-05	0.532055	1.16949	0.526787	0.1	0.021531
0.455253	3.2592	-2.32718	-1.28983e-05	-0.000312734	2.2346e-05	-3.29116e-05	1.23849e-05	0.000145512	0.531483	1.16572	0.526221	0.1	0.0256419
2.41657	0.17007	-2.48185	5.77011e-05	2.03088e-05	-1.47011e-05	-5.20303e-05	2.14644e-05	-2.50222e-05	0.530981	1.16242	0.525724	0.1	0.0209565
-0.1755	-1.19959	-1.75901	2.38593e-05	0.000156976	-8.20821e-05	3.63843e-05	3.96653e-05	9.41056e-05	0.53052	1.15939	0.525267	0.1	0.0206028
-0.932711	-3.49525	0.585071	-1.16427e-08	0.000419964	1.89565e-05	2.09495e-05	8.30106e-05	-0.000111276	0.529592	1.15332	0.524349	0.1	0.0186058
-0.073523	-3.6101	1.37741	-2.77832e-05	0.00037328	-1.47251e-05	-1.21791e-05	1.47269e-07	0.000121424	0.528499	1.14619	0.523266	0.1	0.0223654
2.048	0.788863	-0.239566	-1.1946e-05	2.39071e-05	5.74798e-05	6.17928e-05	0.000154088	0.000171225	0.527475	1.13954	0.522252	0.1	0.0242821
0.556401	3.55096	-1.32725	-5.62606e-05	-0.000313107	1.42179e-05	4.87286e-05	-6.96971e-05	-9.95959e-06	0.527182	1.13765	0.521962	0.1	0.0195233
-2.41628	0.789272	0.655953	1.7872e-05	-4.62606e-05	3.50888e-05	0.000220405	-8.57919e-05	4.70548e-05	0.527004	1.1365	0.521786	0.1	0.0275604
2.41251	-1.15836	1.76373	-6.67764e-05	0.000280471	6.04211e-05	2.21173e-05	6.22961e-05	-0.000145005	0.526785	1.13507	0.521569	0.1	0.0203759
0.0795598	-3.3533	0.378333	-1.60635e-05	0.000300841	-1.1576e-05	-2.04941e-05	-8.41881e-06	-0.000100647	0.526637	1.13412	0.521423	0.1	0.0178321
0.544603	2.75325	0.961002	2.41056e-05	-0.000355721	-4.25331e-07	7.39097e-05	0.000112199	5.38211e-05	0.524764	1.12206	0.519568	0.1	0.0169903
-2.43813	3.91039	0.373856	-5.37183e-05	-0.000327534	4.96225e-06	-0.000328874	-5.31562e-05	0.000145628	0.523709	1.11531	0.518524	0.1	0.0238167
-2.48766	3.71555	-1.76007	-2.90273e-05	-0.000358039	6.16045e-06	0.000140271	-0.000102076	-0.000132261	0.523479	1.11384	0.518296	0.1	0.0185149
1.49798	0.939149	2.04364	0.000109418	-6.49753e-05	-4.54087e-05	-4.4753e-05	-0.000241071	3.59649e-05	0.521989	1.10436	0.516821	0.1	0.0191771
-1.84175	-1.88981	-0.275192	-4.18915e-05	0.00022412	-1.2443e-05	0.000178364	0.000399353	-0.000440975	0.521432	1.10083	0.516269	0.1	0.021456
-0.404263	1.80585	1.46586	2.34478e-05	-0.000246878	-3.66231e-05	5.24176e-05	-1.44158e-05	-8.23284e-05	0.521217	1.09946	0.516056	0.1	0.0235179
-2.00459	-3.89642	1.84208	2.15842e-05	0.000387251	-4.25236e-05	2.6878e-05	2.52579e-05	4.40882e-05	0.518617	1.08309	0.513482	0.1	0.0166404
2.08883	-0.0943198	0.465897	-3.73232e-05	4.00615e-05	-5.39247e-06	-0.000106942	0.000119954	-0.00019208	0.517898	1.07859	0.51277	0.1	0.0216884
2.33641	-1.07162	-0.932291	-1.65292e-05	8.62805e-05	1.57268e-05	0.000250422	7.35632e-05	8.72947e-05	0.517716	1.07746	0.51259	0.1	0.0239852
1.57015	3.74808	-1.34414	-6.63372e-05	-0.000364394	-4.2874e-05	2.10212e-05	0.000192321	-0.000100774	0.5171	1.07361	0.51198	0.1	0.0168304
-1.87135	2.67514	-1.47478	-6.03688e-05	-0.000288299	6.07675e-05	0.000112122	5.81524e-05	-9.28331e-05	0.516716	1.07123	0.5116	0.1	0.0209657
-1.94416	0.344637	-0.817102	2.67829e-05	-4.82931e-05	-3.99978e-05	-2.14557e-05	-6.10259e-05	8.66235e-07	0.515931	1.06635	0.510823	0.1	0.0244644
1.15	3.22448	-0.548286	-8.6571e-05	-0.000381414	6.31161e-06	-0.000164167	0.000190713	-0.000228928	0.515901	1.06617	0.510793	0.1	0.0141186
1.54382	2.0638	-0.940089	5.28082e-05	-0.000298296	0.000124299	0.000214192	0.000277062	-8.13909e-05	0.51576	1.06529	0.510653	0.1	0.0168097
-1.90811	-2.0624	1.95496	6.49971e-05	0.000261036	-8.00486e-06	-4.93387e-05	8.17505e-05	-7.6922e-05	0.514995	1.06056	0.509896	0.1	0.0264735
-0.428584	3.52052	-1.86177	-2.99379e-05	-0.000400846	-1.59882e-05	-9.72786e-05	-3.32387e-05	7.45857e-05	0.514003	1.05444	0.508914	0.1	0.0208204
0.73397	0.111706	2.46266	5.24455e-05	1.29864e-05	-1.3916e-05	6.04579e-05	6.33195e-05	-0.00011146	0.512599	1.04583	0.507524	0.1	0.0188814
0.541045	-0.341876	1.57819	-1.3569e-05	0.000118594	-3.69228e-05	9.53111e-05	1.47194e-05	-4.14841e-05	0.51184	1.04118	0.506772	0.1	0.0184506
-2.05646	-3.52425	-1.2991	2.40975e-05	0.000393503	1.64701e-05	-0.000176621	-3.02652e-05	-0.000100079	0.511673	1.04017	0.506607	0.1	0.0216396
-0.449547	0.821664	0.698471	-4.73499e-06	-0.000116745	7.91908e-06	2.23209e-05	0.000122409	-7.85661e-05	0.511494	1.03908	0.50643	0.1	0.0239971
0.879667	-3.21909	-1.51107	2.76526e-05	0.000345916	5.10631e-05	4.23592e-05	-6.5056e-05	0.00014947	0.510448	1.03272	0.505394	0.1	0.0178795
-1.2459	3.49621	2.13416	-3.73211e-05	-0.000396723	-7.47784e-05	2.12751e-05	-9.90312e-05	-0.000133765	0.509646	1.02785	0.5046	0.1	0.0218614
0.830334	-2.76046	-2.40634	-4.51748e-06	0.000280072	3.85386e-05	-0.000159304	2.91819e-05	0.000105297	0.508542	1.02119	0.503507	0.1	0.0204854
-0.637809	-0.431358	-2.25591	6.73133e-06	8.99788e-05	-8.28364e-05	-0.000124489	2.82953e-05	-4.28601e-05	0.508425	1.02048	0.503391	0.1	0.0184459
1.44452	-0.433863	-1.33944	8.59599e-05	-8.47811e-05	3.87557e-05	-0.000246661	-7.20438e-06	5.99378e-05	0.506867	1.01114	0.501849	0.1	0.0193338
1.37449	1.80828	-2.44691	3.85951e-05	-0.000136456	2.18787e-05	0.00023262	1.17732e-06	3.23531e-06	0.505037	1.00022	0.500037	0.1	0.0187657
-1.20353	2.71306	-2.23917	-0.000173958	-0.000329824	2.76803e-06	-0.000262521	0.000680822	-0.000673717	0.504957	0.999745	0.499957	0.1	0.0228154
-2.29892	-3.41635	-0.330867	-3.94078e-05	0.000406909	-2.74121e-05	0.000165665	-0.000114837	8.69627e-06	0.504939	0.999642	0.49994	0.1	0.0189294
-0.175096	-0.437953	-1.07884	4.74512e-05	4.44577e-05	-8.55612e-06	0.000208744	3.29162e-05	-8.609e-05	0.504901	0.999415	0.499902	0.1	0.0172587
0.428104	-0.353176	-0.287235	3.05248e-05	-8.43785e-06	8.78101e-06	0.000116135	-0.000109707	-0.000120023	0.504788	0.998742	0.49979	0.1	0.0155798
0.694562	-0.696926	-1.94256	7.7525e-05	6.17468e-05	2.47325e-05	0.000315788	-6.93389e-05	-0.00035918	0.503937	0.993701	0.498948	0.1	0.0199686
-1.00629	-2.2473	1.4173	9.77835e-06	0.00031094	1.68119e-05	-9.91157e-05	-1.45221e-05	-0.000129095	0.503345	0.990196	0.498361	0.1	0.018596
-1.03175	0.370752	-1.80415	1.89707e-05	4.80841e-06	-5.20447e-05	0.00019326	7.09049e-05	0.000120697	0.503196	0.989325	0.498214	0.1	0.0186243
1.33125	-1.472	-0.447208	2.11565e-06	0.000190349	4.22055e-05	1.13292e-05	-0.000134422	-1.20847e-05	0.502585	0.985721	0.497609	0.1	0.0201945
-0.9191	0.815112	-0.186072	1.32673e-06	-0.000127702	2.17975e-05	-9.5656e-05	-0.000121564	-7.9657e-05	0.501771	0.98094	0.496803	0.1	0.0190728
0.271198	-2.65962	-0.337513	-6.11338e-06	0.000294199	2.38687e-05	8.30417e-05	0.000103911	-4.87252e-05	0.501401	0.978774	0.496437	0.1	0.0208262
2.33357	-1.47004	0.791637	-2.19719e-05	0.000199881	6.33697e-05	-3.27117e-05	4.76165e-05	-9.1639e-06	0.501352	0.978484	0.496388	0.1	0.0173008
-1.54572	1.41264	2.25408	4.85191e-05	-0.000102777	-2.13803e-05	6.05018e-05	0.000235532	0.000133123	0.501333	0.978374	0.496369	0.1	0.0191411
-0.426432	2.78839	2.12971	6.33046e-05	-0.000217764	2.12672e-05	-0.000274921	0.000146558	-0.000176216	0.500305	0.972365	0.495351	0.1	0.0228194
1.75181	-1.92991	1.44535	-4.9651e-06	0.000219252	4.15889e-05	6.22888e-05	-1.52389e-05	-3.33598e-06	0.500134	0.971369	0.495182	0.1	0.0140573
-0.336443	-2.12635	-2.14542	3.24544e-05	0.000165939	-2.16966e-05	-0.000156996	-9.93888e-05	-0.000113932	0.500114	0.971254	0.495162	0.1	0.0227225
1.20894	3.93502	-2.41902	-4.9748e-05	-0.000325567	3.37503e-05	-7.88064e-05	-9.17386e-05	-9.04089e-05	0.499003	0.964792	0.494062	0.1	0.0199017
0.502547	-1.91246	-1.5076	1.94957e-05	0.000231341	4.40627e-07	-0.000144405	-0.000207177	-9.56716e-06	0.49838	0.96119	0.493446	0.1	0.0175052
-0.116793	-1.23785	0.10779	2.5392e-05	0.000164222	2.81213e-06	-9.89917e-05	-0.000167374	3.01201e-06	0.498014	0.959069	0.493083	0.1	0.0156703
-1.11316	-1.57812	-1.86629	1.63466e-05	0.000201434	-8.28546e-05	-0.000130593	-9.22531e-05	-0.000208714	0.49782	0.957951	0.492891	0.1	0.0207521
1.51393	-3.30049	2.11355	5.12052e-05	0.000391318	2.09309e-05	4.2983e-06	1.11497e-05	-0.000174716	0.497807	0.957872	0.492878	0.1	0.0175273
-2.27596	2.69148	-0.492298	-1.89836e-05	-0.000224588	2.59766e-05	5.18392e-05	0.000140961	-0.000229536	0.497805	0.957862	0.492876	0.1	0.0224674
-1.62543	-2.83819	0.922856	-2.00851e-05	0.000358837	2.13285e-05	-0.00013476	-1.25311e-05	0.000279665	0.496356	0.949524	0.491442	0.1	0.0157011
-1.29676	2.67238	0.962257	-4.92409e-06	-0.000295604	4.75952e-05	-4.41272e-05	-4.04165e-05	2.67193e-05	0.495653	0.945496	0.490746	0.1	0.0180479
-0.91917	-3.70186	-2.13703	-1.15861e-05	0.000368954	-5.32789e-05	1.27931e-05	-1.04385e-05	-6.14233e-05	0.495534	0.944815	0.490628	0.1	0.0197074
-1.34961	-3.4244	-0.603274	-3.68905e-05	0.000418008	5.5693e-05	-5.95014e-05	-5.65861e-05	-3.13106e-06	0.49547	0.944444	0.490564	0.1	0.0169227
-1.2696	2.28896	1.86875	-0.000241422	-0.000323874	1.06737e-05	0.000240087	-0.000780544	0.000191566	0.495413	0.94412	0.490508	0.1	0.0201492
2.42649	1.88802	-1.3749	7.03824e-05	-0.000254409	0.000127014	0.00015126	1.65162e-05	9.91026e-05	0.493724	0.934499	0.488836	0.1	0.016694
-1.72215	1.7612	-1.84376	5.93497e-05	-0.00020247	-9.33407e-06	3.1028e-05	-4.80503e-06	0.00039845	0.493582	0.933695	0.488695	0.1	0.0153478
0.806327	1.6536	-1.50555	-5.40939e-06	-0.000214285	0.00010962	0.000106543	-7.72234e-05	0.000319418	0.493482	0.933124	0.488596	0.1	0.0209251
0.882931	0.520093	-0.429223	-5.69388e-05	-0.000100768	-3.29421e-05	-0.000162504	0.000281425	-0.00037148	0.49325	0.93181	0.488366	0.1	0.0214742
0.683714	4.01313	0.815422	-3.34444e-05	-0.000470665	4.85779e-05	-0.000107127	-6.56476e-05	9.1883e-05	0.492733	0.92888	0.487854	0.1	0.0182651
0.154191	0.0402616	0.596603	3.90788e-05	-5.81296e-05	-1.73075e-06	-4.55501e-05	-4.57503e-05	0.000227488	0.492579	0.928012	0.487702	0.1	0.0176437
1.26857	2.66568	0.267111	1.31863e-05	-0.000345597	-1.05427e-05	0.000113459	8.57535e-05	0.000198742	0.492206	0.925909	0.487333	0.1	0.0147016
0.758879	0.2416	-1.55279	3.71847e-05	-0.000170714	6.96412e-06	0.000350951	-0.000156021	0.000169132	0.490982	0.919016	0.486121	0.1	0.021611
-1.21572	-2.22948	-0.979215	-5.01253e-05	0.000246678	-2.55135e-05	-0.000262372	-0.000328101	2.66101e-05	0.490889	0.918492	0.486029	0.1	0.0210589
-0.39988	-0.643686	1.48894	3.09413e-05	-2.57638e-05	-9.28006e-05	-5.04131e-05	0.000222007	0.000221837	0.490378	0.915628	0.485523	0.1	0.0210402
1.57789	-2.86982	1.23577	-9.50334e-06	0.00026439	-8.08604e-05	0.000205076	2.54935e-05	2.38436e-05	0.489482	0.910617	0.484636	0.1	0.0202395
-2.19492	2.78874	1.32011	8.34192e-06	-0.000229608	2.84439e-05	-0.000205779	1.8973e-05	-8.8904e-05	0.489469	0.910544	0.484623	0.1	0.0152983
2.26436	-2.45665	-1.81956	-2.64923e-05	0.000241987	2.1949e-05	0.000177106	-0.000160291	3.7081e-05	0.489084	0.908401	0.484242	0.1	0.0168799
-2.1555	1.00088	1.6041	2.64724e-05	-0.000136813	5.24703e-05	1.85543e-05	0.00015598	0.000154932	0.488971	0.907768	0.48413	0.1	0.0221317
0.972251	-1.96302	2.03411	-3.33682e-06	0.000220109	1.85541e-06	4.39041e-05	-1.29443e-05	-0.000145061	0.4888	0.906812	0.48396	0.1	0.0189948
1.58844	-2.16816	0.507206	8.39017e-07	0.000260608	2.20033e-05	-4.44221e-05	3.02975e-05	5.93863e-07	0.488326	0.904178	0.483491	0.1	0.0194607
-0.718903	-0.539232	-0.201741	6.75668e-06	7.80845e-05	-3.3214e-05	0.000215424	-8.79035e-05	0.00024992	0.48828	0.903926	0.483446	0.1	0.0158492
-2.01376	3.00618	0.396175	2.74228e-05	-0.000253619	5.35589e-05	0.000227278	-3.50286e-05	2.76432e-05	0.488206	0.903513	0.483372	0.1	0.0229829
1.58317	-3.68109	0.704494	-1.28592e-05	0.000334366	3.99836e-05	-6.88842e-05	1.86516e-05	-0.000280102	0.488125	0.903063	0.483292	0.1	0.019942
0.050557	1.66312	0.589564	4.92473e-05	-0.000191304	-2.40988e-05	-3.65378e-05	2.94116e-05	-7.59291e-05	0.486774	0.895587	0.481954	0.1	0.0175735
1.409	-0.438938	1.10058	-9.17065e-07	0.000137888	5.35491e-05	6.34791e-05	2.55191e-05	3.36819e-05	0.486222	0.892545	0.481408	0.1	0.0152201
2.3266	-0.521833	-1.7591	7.19383e-05	7.94574e-05	1.88517e-05	-5.60615e-05	8.36104e-05	-5.90216e-05	0.485931	0.890944	0.48112	0.1	0.0219676
-1.06563	-3.78589	1.5361	2.58256e-05	0.00045611	1.00556e-05	-3.11002e-05	-2.95288e-05	9.25844e-05	0.485684	0.889585	0.480875	0.1	0.015691
2.10599	2.50212	0.72044	4.30026e-05	-0.000170672	-3.75194e-05	-0.000236082	-2.44799e-05	0.000132149	0.485546	0.888831	0.480739	0.1	0.0210432
-1.77716	-0.241329	-1.95122	5.43171e-05	-6.03015e-06	-5.51389e-05	-2.97044e-05	5.01409e-05	-4.77889e-05	0.484993	0.885791	0.480191	0.1	0.0207967
-0.642785	1.05331	2.18321	3.26655e-05	-6.9823e-05	-0.000145447	0.000155964	-5.04657e-05	-5.6945e-05	0.484263	0.881798	0.479468	0.1	0.0164155
-1.83108	-1.52687	-1.21432	-9.31331e-06	0.000225139	-0.000127429	0.000260252	-1.2913e-06	1.99836e-05	0.483863	0.879615	0.479072	0.1	0.0223799
-1.79207	-1.84707	0.999716	-2.20852e-05	0.000193781	-2.50361e-06	-5.61458e-05	0.000112208	2.84914e-05	0.48386	0.879599	0.479069	0.1	0.016433
1.71492	-0.130383	-0.449015	-1.34222e-05	4.38439e-05	8.40579e-06	3.0545e-05	-0.000164423	7.65859e-05	0.483476	0.877508	0.478689	0.1	0.0172128
0.514188	2.5687	1.94762	-3.27908e-05	-0.000357264	7.63742e-05	-0.000122266	0.00011552	-5.63721e-05	0.483004	0.874942	0.478222	0.1	0.016774
0.294277	0.9334	-1.07218	-2.727e-05	-0.000177746	-8.30537e-05	-0.000478498	-4.93105e-05	-9.34565e-05	0.482785	0.873753	0.478005	0.1	0.0187278
-1.28432	-1.20783	0.505776	-5.09567e-05	0.000105247	-9.61168e-05	-2.40216e-05	0.000193174	-0.000230209	0.482566	0.872562	0.477788	0.1	0.0153184
-0.0197886	0.66364	1.56681	8.89342e-05	-0.000134503	-6.31218e-05	5.67487e-05	-0.000233072	-0.000188593	0.482132	0.870207	0.477358	0.1	0.0215194
1.93737	2.53569	2.20328	-0.000101784	-0.000128621	0.000141295	0.000335618	-0.000294602	-5.77355e-05	0.48194	0.869166	0.477168	0.1	0.0200763
-0.587654	2.64607	-0.476464	7.18098e-06	-0.000251328	3.50232e-05	-0.000158338	8.26923e-05	2.37208e-05	0.481933	0.86913	0.477161	0.1	0.0222124
-1.42434	0.701923	0.636437	-3.53717e-06	-4.3066e-05	1.7134e-05	-1.05841e-05	0.000109021	-4.1289e-05	0.481479	0.866677	0.476712	0.1	0.0221751
1.03029	-3.37032	-0.527853	-4.86046e-05	0.000326352	4.96855e-05	5.98346e-05	-7.43696e-05	-0.000146369	0.480917	0.863644	0.476155	0.1	0.0149487
-0.915554	-1.55849	2.18134	8.62419e-05	0.000162587	-7.94511e-05	1.42136e-05	0.000112637	-7.78644e-05	0.480468	0.861231	0.475711	0.1	0.0179092
1.53962	0.449989	-2.09199	4.88915e-05	-3.85887e-05	-5.11606e-06	0.00012873	-2.00565e-05	0.000131891	0.47986	0.857968	0.475109	0.1	0.0154476
0.471392	2.63205	-0.942878	-0.000139817	-0.000335211	6.37406e-05	-0.000146443	-0.000341572	-5.74504e-05	0.478966	0.853181	0.474224	0.1	0.018921
1.22239	0.501328	1.20036	9.46034e-05	-1.25699e-05	-5.85486e-05	0.000138439	0.000251459	-0.000182675	0.478473	0.850548	0.473736	0.1	0.0189583
-2.45747	0.0204682	1.50451	-3.7675e-05	0.000176642	-5.30732e-05	0.000164858	-9.08218e-05	-0.000238658	0.478412	0.850219	0.473675	0.1	0.0233339
-1.69269	1.384	-0.0674846	1.12851e-06	-0.000157201	-3.51125e-05	0.00014791	-5.17461e-05	0.000122284	0.47793	0.847656	0.473198	0.1	0.018779
-1.07495	-3.05153	-1.44693	2.30236e-05	0.000265293	1.71283e-05	0.000251487	3.50467e-06	-3.55206e-05	0.477808	0.847007	0.473077	0.1	0.0271707
2.22267	3.53986	1.22564	-2.10878e-05	-0.000284486	1.65673e-05	0.000150649	-1.14835e-05	0.000187567	0.477733	0.846607	0.473003	0.1	0.0216001
-2.04192	2.72869	2.26331	-6.98938e-05	-0.000291442	3.211e-05	-4.29226e-05	-8.94984e-05	0.000152044	0.477694	0.846395	0.472964	0.1	0.0169334
-0.647801	1.93768	-2.47097	2.19698e-05	-0.000169534	3.28523e-05	0.000262829	3.56906e-05	4.91092e-06	0.477155	0.843541	0.472431	0.1	0.0178283
-0.744426	3.13357	0.32246	-6.96254e-05	-0.000262716	2.00985e-05	-9.10015e-05	-0.000179839	6.86016e-05	0.47715	0.843513	0.472426	0.1	0.0205679
-0.702711	0.134139	1.95511	1.90637e-06	-3.94317e-05	-0.000138798	-0.000151599	1.78259e-05	-1.34629e-06	0.477062	0.843044	0.472339	0.1	0.0203847
-1.51245	0.0200349	1.48558	-4.18626e-05	-2.36278e-05	-3.2535e-05	0.000139621	3.18158e-05	-0.000205105	0.476857	0.841959	0.472136	0.1	0.0204444
1.23957	-1.10649	0.445544	1.99216e-05	0.00017696	4.79199e-05	-3.86146e-05	-7.05095e-05	-8.55494e-05	0.476785	0.841575	0.472064	0.1	0.0147311
-0.360294	3.89339	2.22592	-3.28758e-05	-0.000428301	-4.74647e-05	-9.9243e-06	4.47113e-05	8.34405e-05	0.475355	0.834028	0.470649	0.1	0.0196052
-1.67539	-0.808131	1.93209	1.18147e-05	0.000119266	-6.40228e-05	8.50963e-05	9.56045e-05	0.00018984	0.475269	0.83357	0.470563	0.1	0.0185654
-1.65646	0.457298	2.3042	5.83602e-05	-6.51676e-05	-2.32477e-05	-2.55174e-05	-1.3576e-06	-0.000144269	0.474862	0.83143	0.47016	0.1	0.0181321
2.02477	-2.82112	-0.97173	2.92942e-06	0.000274268	5.53978e-05	-5.01945e-05	-0.000278614	0.000220648	0.474508	0.829578	0.46981	0.1	0.0204709
-2.17548	1.9426	1.75387	-3.93657e-05	-0.000150125	0.000105261	-1.18188e-05	2.52482e-05	-2.55142e-05	0.474403	0.829024	0.469706	0.1	0.0192875
-2.37893	-0.369178	-0.310696	-1.1876e-05	6.25348e-05	1.97319e-05	-0.000225248	-4.46909e-05	-7.96669e-05	0.473731	0.82551	0.469041	0.1	0.0228496
-1.07206	-0.0735123	-0.948879	3.69764e-05	2.26266e-05	-5.33943e-05	-0.000258302	-1.32612e-05	-0.000165534	0.47183	0.815609	0.467158	0.1	0.0189508
0.693912	-3.06291	1.67794	2.55443e-05	0.000270104	2.27688e-05	-0.000255983	5.04751e-05	0.000334189	0.471086	0.811759	0.466422	0.1	0.0165273
-0.441961	-2.01747	-0.342835	-3.62158e-05	0.000225074	-2.1332e-05	-0.000153774	-0.000157544	0.000191293	0.470528	0.808876	0.465869	0.1	0.0228527
-2.14614	-2.4032	-1.0685	-3.57266e-05	0.00027408	-3.14896e-05	-0.000398558	0.000245774	-0.000135496	0.470355	0.807987	0.465698	0.1	0.0166794
0.474581	3.35002	0.143921	-4.02756e-07	-0.00037693	7.28407e-05	4.80151e-05	4.29567e-05	0.000349309	0.470211	0.807242	0.465555	0.1	0.017606
-1.15714	-2.42227	2.45677	2.53025e-05	0.00023088	-2.37325e-05	-0.000118653	-9.00568e-06	-0.000148865	0.47002	0.806259	0.465366	0.1	0.0199794
0.543127	1.03755	2.24465	0.000120674	-7.07834e-06	-6.04195e-05	-0.00019011	2.62555e-05	-5.52221e-05	0.46956	0.803896	0.464911	0.1	0.0162519
-0.0995385	-1.10293	2.26084	8.06617e-05	0.000118746	-6.11399e-05	-0.000149704	-0.000211253	3.39405e-05	0.469458	0.803373	0.46481	0.1	0.0187017
-0.627407	-1.87218	0.610659	-3.53348e-05	0.000156369	-8.48285e-05	-5.10109e-05	-0.000182446	0.00033158	0.469446	0.803307	0.464798	0.1	0.0207744
-0.792542	1.73752	-0.39696	4.90313e-05	-0.000192503	4.41707e-05	0.000110682	-8.91699e-05	2.44494e-05	0.468782	0.799905	0.464141	0.1	0.0171242
1.13246	-0.0470697	0.289492	-2.86368e-05	3.56047e-05	3.36503e-05	-0.000239582	-2.98581e-05	0.000154346	0.467379	0.792743	0.462751	0.1	0.016922
1.80982	-0.357423	1.94821	2.62609e-05	6.72877e-05	1.95622e-05	5.20264e-05	4.53414e-05	-9.60303e-05	0.467217	0.791923	0.462591	0.1	0.0184864
-0.188782	-2.14691	1.91104	3.47354e-05	0.00019619	-7.75824e-07	0.000200444	8.95229e-05	0.000185726	0.466675	0.789165	0.462054	0.1	0.0165919
1.64115	1.20577	-1.55018	4.48567e-05	-7.51636e-05	4.13946e-05	1.691e-05	0.000160803	-3.59008e-05	0.466232	0.786924	0.461616	0.1	0.0144147
-0.69478	2.20486	0.39367	1.63235e-05	-0.000239668	4.79066e-05	1.48159e-05	0.000129299	0.000166318	0.466205	0.786785	0.461589	0.1	0.0178289
-0.903924	2.8648	-1.33115	-3.20352e-05	-0.000328478	3.4074e-05	-6.19242e-05	6.56658e-05	-0.00013671	0.466076	0.786131	0.461461	0.1	0.0154099
0.911921	-2.83603	0.354955	2.95893e-06	0.00023601	3.95128e-05	-1.83602e-05	-0.000127729	-2.69143e-05	0.465707	0.784266	0.461096	0.1	0.0221215
-1.84143	-2.18508	-1.95257	-4.42847e-05	0.000283205	8.60202e-06	-2.22286e-05	0.000216176	3.20937e-05	0.465684	0.784148	0.461073	0.1	0.0214573
-1.43032	2.36928	-0.177678	8.60715e-06	-0.000246613	1.83101e-05	5.29312e-05	-0.000152488	2.36439e-05	0.46529	0.782163	0.460683	0.1	0.0158419
1.96903	1.77058	0.045861	2.03937e-05	-0.000131869	-0.000166994	-0.00041175	-0.000716477	-0.000221199	0.464712	0.779251	0.460111	0.1	0.016603
0.81622	-1.0471	2.17646	4.87925e-05	0.000192287	-3.13358e-06	-5.06126e-05	6.42499e-05	0.000113108	0.464331	0.777336	0.459734	0.1	0.013416
1.79217	-1.63174	2.35524	-3.47817e-05	0.000223374	3.51633e-05	0.000136626	-1.39075e-05	0.000235825	0.463321	0.772277	0.458734	0.1	0.0144602
-2.19768	2.0977	0.244071	4.56298e-06	-0.000214629	4.19691e-06	-7.73063e-05	0.000132328	-7.30085e-05	0.462664	0.768994	0.458083	0.1	0.01705
0.561758	1.84885	1.35424	2.24286e-05	-0.00025982	-6.95043e-06	0.000372772	-3.8957e-05	0.000275961	0.462514	0.768246	0.457935	0.1	0.0130466
2.05134	-1.02962	-0.00412569	-4.15087e-05	0.00016071	7.81913e-05	-3.00707e-05	9.21259e-06	-3.49684e-05	0.462457	0.767963	0.457878	0.1	0.0159012
1.00409	-1.34096	1.33123	1.7987e-05	0.000199101	-2.20733e-06	2.17461e-05	4.36948e-05	3.26564e-05	0.460448	0.757998	0.455889	0.1	0.0148927
2.03027	-3.49011	-1.60712	3.97033e-05	0.000369213	-7.98977e-06	0.000265964	0.000123126	-0.000291764	0.4597	0.75431	0.455149	0.1	0.0131532
2.05478	3.14379	0.0423159	3.86828e-05	-0.000302964	-0.000152616	-0.000133709	0.000236439	-0.000341083	0.459434	0.752999	0.454885	0.1	0.0215325
-1.54648	-3.04477	1.84063	-2.53653e-05	0.000402812	1.63884e-05	0.00010678	-6.75844e-05	4.59377e-05	0.45935	0.752587	0.454802	0.1	0.0223974
0.157528	-1.53487	0.980212	2.33545e-05	0.000165116	6.92705e-05	6.78683e-06	3.16504e-06	-3.60937e-05	0.459269	0.752192	0.454722	0.1	0.015564
-2.47982	1.93996	-2.37478	2.0656e-05	-5.18026e-05	0.00011192	-6.35682e-05	0.000117214	-0.000329304	0.459266	0.752174	0.454719	0.1	0.0183645
-0.175732	0.339922	-0.531763	2.36175e-05	-4.61967e-05	6.40381e-05	1.79863e-05	9.15232e-05	0.000243045	0.459194	0.751823	0.454648	0.1	0.0188193
1.46052	3.01691	1.15162	-5.18125e-06	-0.000300058	-3.33426e-05	0.000284994	5.49352e-05	0.00015437	0.459118	0.751448	0.454572	0.1	0.019287
2.18413	1.10082	-2.29024	-1.17793e-05	-2.94458e-05	5.67978e-05	0.000220565	-5.36607e-06	0.000209858	0.459006	0.750894	0.454461	0.1	0.0144722
2.08112	-1.41911	-1.80766	-1.90035e-05	0.000139921	2.7356e-05	7.24687e-05	6.87308e-05	-0.0001649	0.458587	0.748846	0.454047	0.1	0.0223419
-1.46352	3.1412	-0.664942	-1.55747e-05	-0.000279876	-5.67518e-06	-0.000117838	-7.63314e-05	0.000174051	0.458044	0.746189	0.453509	0.1	0.0185787
2.33804	1.65373	1.02676	2.29357e-06	-0.000108074	8.99988e-05	-1.43055e-05	-0.00016157	-0.000134956	0.458039	0.746161	0.453504	0.1	0.0159407
-2.14072	3.73977	-0.627825	-4.85815e-05	-0.000350912	-8.75783e-05	2.94971e-05	-7.97179e-05	-5.36835e-05	0.457054	0.74136	0.452529	0.1	0.0202568
-1.43874	0.0365457	-0.0615782	-5.3738e-05	-4.47929e-05	-1.58468e-05	7.13284e-06	-7.46171e-05	-4.81401e-05	0.456744	0.739852	0.452222	0.1	0.0179368
1.17481	-2.40494	-0.446371	-2.25421e-05	0.000233272	3.61923e-05	-5.15497e-05	-0.000120376	-5.90114e-05	0.456538	0.738849	0.452018	0.1	0.0149387
2.38576	-3.45145	2.44211	2.03253e-05	0.000294341	5.96598e-06	0.000175381	-7.39668e-06	2.16595e-05	0.456295	0.737671	0.451777	0.1	0.0173973
-1.66188	-0.744233	-0.746296	-4.49653e-06	0.000109389	1.44184e-05	0.000134765	0.00010472	5.8245e-06	0.4556	0.734306	0.451089	0.1	0.0194655
-0.641836	-2.99454	1.87056	-7.34283e-06	0.000333366	2.44195e-05	-3.19861e-05	0.000224216	-6.12103e-06	0.45547	0.733674	0.45096	0.1	0.0136103
0.165351	2.22036	-0.147002	2.93979e-05	-0.000209713	-1.8158e-05	3.93173e-05	8.06254e-05	5.10942e-06	0.455436	0.733515	0.450927	0.1	0.0145089
1.66844	1.14912	0.638412	-9.22481e-05	1.23193e-05	-8.56269e-05	-1.1344e-05	0.000395411	0.000155433	0.45531	0.732903	0.450802	0.1	0.0143613
0.907507	-2.22546	1.14134	4.3953e-06	0.000269744	5.40244e-07	4.9858e-05	-5.62921e-05	-4.52779e-05	0.455197	0.732356	0.45069	0.1	0.0146081
1.08064	3.96992	-0.772202	-3.04587e-05	-0.000423677	-7.48241e-06	0.000195005	-0.000161358	0.000204462	0.277675	0.16624	0.274926	0.1	0.00625797
1.49358	2.00518	0.572925	0.000126228	-0.000254224	0.000122918	-0.000754943	-0.000190049	0.000152871	0.277411	0.165765	0.274664	0.1	0.00882293
1.83677	-2.22466	-0.207296	-3.08893e-05	0.0002831	2.06281e-05	-3.55006e-05	-4.76776e-05	-0.000218701	0.277355	0.165667	0.274609	0.1	0.0133803
-1.11683	1.60317	0.355865	-1.06636e-05	-0.000232422	3.64577e-05	8.93297e-05	-0.000103961	-0.000350313	0.277213	0.165412	0.274468	0.1	0.0143934
0.932516	3.88065	-0.17853	0.000165899	-0.000251257	-8.53159e-05	-0.000227053	9.21786e-05	-0.000409876	0.276217	0.163635	0.273482	0.1	0.00841711
-0.754424	-3.01908	-2.41736	1.9306e-05	0.000313652	1.02701e-05	9.33905e-05	-0.000228528	0.000229975	0.275638	0.162608	0.272909	0.1	0.00926122
0.684868	-3.79086	1.83224	-0.000152087	0.000209426	5.00733e-05	0.000233438	-0.000221913	0.000861661	0.275408	0.162201	0.272681	0.1	0.0103242
1.63201	-0.82322	-0.705589	4.3984e-05	8.0907e-05	6.77248e-05	-0.000185914	-4.05724e-05	-0.000171524	0.275341	0.162083	0.272615	0.1	0.0068235
-1.928	-0.22935	2.3128	-1.36692e-06	7.33778e-06	-1.76084e-05	6.72374e-05	8.75534e-05	-4.23932e-05	0.275341	0.162083	0.272615	0.1	0.0114636
-1.33693	-3.78446	2.23495	-1.12263e-06	0.000409112	-3.27859e-05	0.000131604	-4.35136e-05	0.000100531	0.275089	0.161637	0.272365	0.1	0.0086896
0.237643	-3.84282	-1.69973	9.85527e-05	0.0002371	-5.87001e-05	-0.000598377	-7.51137e-05	-0.000608837	0.275056	0.161582	0.272333	0.1	0.0105469
1.97499	1.71059	-1.95921	4.79343e-05	-6.38262e-05	0.000107506	0.000453914	9.15705e-05	-0.000318282	0.274446	0.160509	0.271729	0.1	0.00586814
-0.721537	0.960048	-1.42903	2.8825e-05	-0.00012291	-5.93453e-06	0.000241463	0.000262436	-5.61566e-05	0.274411	0.160446	0.271694	0.1	0.00668273
-1.28164	0.69194	1.70248	3.36637e-05	-8.47531e-05	6.42973e-05	0.000167335	3.91844e-05	7.4975e-05	0.274202	0.16008	0.271487	0.1	0.0105705
1.41313	-1.97697	-2.12803	-3.04287e-05	0.000284734	5.72942e-05	-0.000346127	-0.000131114	0.000169045	0.274042	0.159801	0.271329	0.1	0.0120149
2.07672	-1.75564	-0.0653748	3.19112e-05	0.000237678	6.43667e-05	0.000288095	0.000170833	-8.18578e-06	0.273887	0.159529	0.271175	0.1	0.0149354
1.42756	2.97252	1.87456	-0.000128722	-0.000315036	-4.78999e-05	-0.000470133	-0.00061695	0.00114782	0.273679	0.159166	0.270969	0.1	0.0136519
1.47746	-3.56015	-1.09496	-1.01377e-05	0.000428003	4.3115e-05	0.000245834	-2.08034e-05	7.79158e-05	0.273477	0.158813	0.270769	0.1	0.012064
0.658719	1.58079	-2.28225	6.2179e-05	-0.00015416	2.57785e-05	0.0007962	-0.000224452	0.000325382	0.273324	0.158548	0.270618	0.1	0.00768585
-1.83874	3.33337	-2.35748	1.79206e-06	-0.000315468	2.53318e-06	0.000287154	-0.000267151	-0.000146236	0.272973	0.157937	0.27027	0.1	0.010637
0.478061	-1.45376	-2.1341	7.53851e-06	1.44727e-05	-2.80603e-06	5.93342e-05	-2.29983e-05	3.13002e-05	0.272675	0.15742	0.269975	0.1	0.010851
0.281321	2.87751	-1.63052	-1.1807e-05	-0.000283021	1.5023e-05	-1.46461e-05	7.46768e-05	0.000156674	0.272585	0.157264	0.269886	0.1	0.00895518
0.670412	0.469023	1.77556	0.000113332	-3.46504e-05	-4.39415e-05	-0.000242506	-2.63069e-06	0.000396047	0.27236	0.156875	0.269663	0.1	0.010376
0.57812	2.16962	0.439062	3.784e-05	-0.000251186	-4.65396e-05	0.000130507	9.52442e-06	5.07901e-05	0.272313	0.156795	0.269617	0.1	0.00614908
1.31962	0.22962	-0.972338	-0.000107319	-0.000100913	-4.44942e-05	0.000248469	-0.00031812	0.000583328	0.271845	0.155987	0.269153	0.1	0.00657449
1.21741	0.952253	0.113532	-0.00012584	-7.89361e-05	-2.33007e-05	-0.000103072	-0.000347076	0.000110753	0.271451	0.15531	0.268763	0.1	0.0116189
1.85712	3.10084	-2.02301	-0.000135665	-0.000327401	6.45326e-05	0.000192236	-0.000650424	0.000440731	0.271375	0.155179	0.268688	0.1	0.00821301
0.223572	-0.663983	0.915229	-2.40608e-05	9.0215e-05	-4.37896e-05	1.3615e-05	-4.20679e-05	0.000154109	0.270927	0.154413	0.268245	0.1	0.00929355
1.79599	3.71704	0.393239	5.98892e-05	-0.000386908	-4.17542e-05	0.000436599	0.000223561	0.000907315	0.2707	0.154024	0.26802	0.1	0.00850091
0.406292	-3.83935	-2.21272	2.43413e-05	0.000219039	-8.27863e-05	0.000604199	0.000365871	0.000416831	0.270558	0.153782	0.267879	0.1	0.0113887
-0.126065	3.09218	0.727008	8.77149e-06	-0.000418401	-7.38331e-05	-0.000628052	0.000121581	0.00052216	0.270297	0.153339	0.267621	0.1	0.00614759
1.43779	1.30016	-0.858176	1.61504e-06	-0.000272116	4.36008e-05	-0.000114101	-4.69385e-05	-9.74978e-05	0.270287	0.153322	0.267611	0.1	0.00778573
-2.37389	-1.83729	-1.61044	-2.23722e-05	0.000211462	9.945e-06	-0.000466307	0.000233633	0.000321273	0.270186	0.153149	0.267511	0.1	0.0119463
-0.92439	1.38697	-1.67642	-4.61332e-08	-0.000225771	-8.37372e-05	0.000146982	1.44578e-05	-0.000249238	0.270182	0.153142	0.267507	0.1	0.00841773
-2.21376	1.47419	-0.854436	0.000395797	-8.27757e-05	3.93675e-05	4.5394e-05	0.000692805	0.000818821	0.270017	0.152863	0.267344	0.1	0.0102666
1.41373	-1.06735	-2.38981	-4.75972e-05	0.000194258	7.72782e-05	-0.000381755	0.000528192	-0.000106498	0.26995	0.152747	0.267277	0.1	0.00852326
1.5529	1.90697	-1.69838	5.65866e-05	-0.000107039	9.31849e-05	0.000167025	-0.000416949	8.53004e-05	0.269181	0.151447	0.266516	0.1	0.00701992
0.747286	1.67529	0.328895	-8.33364e-06	-0.000252318	-7.65003e-05	-0.000490519	0.00051515	4.48821e-05	0.269098	0.151308	0.266434	0.1	0.0056708
0.379315	3.30736	-0.59905	-9.00309e-05	-0.000490893	-4.8526e-05	0.000379042	-0.000271793	0.000557056	0.268805	0.150813	0.266144	0.1	0.00575026
-0.583357	-3.0608	1.13938	4.1876e-06	0.000374479	-6.65655e-06	-0.000164703	-0.000215696	-0.000209019	0.268767	0.150749	0.266106	0.1	0.00984434
0.851359	-1.87955	-2.20291	1.07211e-05	0.00022153	1.73237e-06	-8.89544e-05	-0.00110704	0.000849348	0.268522	0.150336	0.265863	0.1	0.00805191
0.669644	1.92588	2.28383	4.11058e-06	-0.000314164	9.34454e-05	-1.67422e-05	0.000178974	0.000156536	0.268425	0.150173	0.265767	0.1	0.00699612
1.37631	-2.58092	1.93726	3.95389e-05	0.000320338	-6.28944e-06	-8.43341e-05	-1.56498e-05	0.000500301	0.268352	0.150052	0.265695	0.1	0.0119093
-0.621488	3.82067	0.638001	-7.85211e-05	-0.000384757	-3.1347e-05	-0.000234935	0.000210707	1.37536e-05	0.268323	0.150002	0.265666	0.1	0.00798245
2.34553	-0.717039	0.844099	-6.06432e-05	0.000130049	3.9277e-05	-0.000115331	3.80934e-05	0.000137786	0.268231	0.149848	0.265575	0.1	0.00708921
-1.18687	2.26462	-1.62222	-0.000130932	-0.000239978	1.80147e-05	0.000130651	4.32751e-06	-0.000233254	0.26816	0.14973	0.265505	0.1	0.00644094
-2.42622	1.3545	-0.103756	2.16612e-05	-3.4631e-05	8.28618e-06	0.000154498	0.000249861	-0.000557708	0.268094	0.149619	0.26544	0.1	0.00883252
0.184776	-3.87028	-0.202682	2.07662e-05	0.000290583	1.61176e-05	-6.18001e-05	5.88884e-06	0.000426851	0.267672	0.148914	0.265022	0.1	0.00600706
0.0975857	0.0972906	2.02662	1.12465e-05	-5.11559e-06	6.00906e-05	-2.47709e-06	0.000366221	0.000498704	0.267644	0.148867	0.264994	0.1	0.00878628
0.102721	0.240603	-1.91311	9.20357e-05	6.92118e-05	-6.87869e-05	0.000355364	-6.26291e-05	-0.000719818	0.267399	0.148458	0.264751	0.1	0.00813588
-0.856569	0.618073	-0.923015	7.18504e-05	-6.07871e-05	-2.03982e-06	0.000488382	-0.000342089	0.000195475	0.26738	0.148428	0.264733	0.1	0.00924298
-0.624561	-0.874373	0.52507	-5.09206e-05	3.28654e-05	-8.56533e-05	0.000383628	-0.000197818	0.000262052	0.267164	0.148068	0.264519	0.1	0.00747811
1.86778	2.22519	-2.03904	6.83889e-06	-0.000109575	2.89516e-05	-0.00092467	0.000688994	0.000423627	0.266747	0.147375	0.264106	0.1	0.00845695
-2.1827	3.95788	1.11084	4.14463e-05	-0.000386946	-5.05126e-05	0.000182713	-8.4718e-05	-2.74141e-05	0.266696	0.14729	0.264055	0.1	0.00647289
-0.493854	0.222413	-1.27204	2.00024e-05	-1.09753e-05	1.69445e-05	-8.34052e-05	-0.000480254	0.000503098	0.266657	0.147227	0.264017	0.1	0.00584464
-0.505546	-2.843	0.490028	3.52076e-05	0.000352722	-1.50503e-05	4.91751e-05	2.56429e-05	-0.000102476	0.266646	0.147208	0.264006	0.1	0.0147336
-0.854738	1.04763	-2.08927	-6.58446e-06	-7.20381e-05	-6.61983e-05	-0.000335992	0.000443358	-0.000350223	0.266512	0.146986	0.263873	0.1	0.00710321
-0.0201935	2.84993	1.49332	3.94884e-05	-0.000380254	8.37803e-06	-0.00010768	-0.000105701	4.48852e-05	0.266395	0.146792	0.263757	0.1	0.00609483
2.48192	-2.58025	-0.451187	4.60511e-05	9.78189e-05	0.000100311	0.000353337	0.000285018	-0.000439646	0.26634	0.146702	0.263703	0.1	0.0146645
-1.97472	-1.40356	0.319739	-9.23387e-05	4.55963e-05	0.000124008	-0.000190377	-0.000162736	0.000551243	0.266286	0.146613	0.26365	0.1	0.01084
-1.59469	3.77229	1.29975	-2.61775e-05	-0.000499842	-1.95779e-05	-0.000257252	1.13489e-05	-0.000366478	0.266192	0.146457	0.263556	0.1	0.00742665
-0.935672	-0.677988	-1.44602	0.000138494	0.000122227	-0.00012683	-0.000191371	-0.000234205	6.8571e-05	0.266027	0.146186	0.263393	0.1	0.0139618
-2.05887	3.45279	2.17181	-3.23946e-05	-0.000355896	-1.3632e-05	-0.000173982	3.94787e-05	-0.000340381	0.265875	0.145936	0.263243	0.1	0.00644674
1.26816	1.6151	0.279557	8.45968e-08	5.71091e-06	-0.00016114	-0.000110468	-0.0011023	-0.000403213	0.265741	0.145715	0.26311	0.1	0.0055914
1.29379	-2.85348	-0.983975	2.32273e-07	0.00029411	4.94784e-05	0.000249451	0.000139029	2.32636e-06	0.265638	0.145545	0.263008	0.1	0.00851334
-0.282483	0.660337	-1.44468	-7.09036e-06	-0.000160765	-8.50379e-05	-0.000805693	2.44347e-05	-0.000386762	0.265491	0.145302	0.262862	0.1	0.00607985
1.91528	-0.927979	2.37174	-8.52676e-05	0.000170282	7.24453e-05	-0.000319822	-0.000330519	-0.000183756	0.265259	0.144924	0.262633	0.1	0.00983187
1.30611	2.35393	0.940639	4.84954e-06	-0.000266377	-3.40896e-05	-0.000458615	-0.000166095	-0.000257757	0.264796	0.144165	0.262174	0.1	0.00706278
0.649282	-3.75997	0.0280231	8.63526e-05	0.000475364	-4.00216e-05	0.000508797	-0.000158043	0.000810902	0.264249	0.143274	0.261633	0.1	0.00919108
-1.79391	2.08263	2.48744	5.08252e-06	-0.000193774	4.46631e-05	6.86596e-05	-4.59285e-05	0.000124958	0.264167	0.14314	0.261551	0.1	0.0100323
-0.364365	-1.47829	1.6988	7.02428e-05	0.000173599	-9.23141e-05	0.000345345	0.000147353	-0.000477994	0.264016	0.142895	0.261402	0.1	0.00718548
0.0492072	2.76333	0.351874	9.79854e-05	-0.000281535	-0.000154599	0.000963891	0.000180587	0.000336532	0.263903	0.142711	0.26129	0.1	0.0105377
0.511017	-1.13009	0.510685	3.51687e-05	4.03908e-05	1.84633e-05	-0.000509973	-6.9342e-05	8.12188e-05	0.263737	0.142442	0.261126	0.1	0.0075384
1.37958	-3.71146	-1.80414	1.21566e-05	0.000447549	5.56317e-06	0.00014408	0.000123779	-0.000228244	0.263591	0.142206	0.260981	0.1	0.00890093
-0.0409135	-1.20347	-0.740903	-1.16971e-05	-0.00021801	0.000291979	-0.00106302	-0.00139718	-0.00142977	0.263502	0.142062	0.260893	0.1	0.0102455
1.41341	-2.59605	-1.90537	2.76152e-05	0.000270806	8.65884e-05	-0.000854392	-1.873e-06	0.000145285	0.263392	0.141884	0.260784	0.1	0.00826676
1.31988	-0.831085	1.7181	2.30164e-06	0.000157977	1.01951e-05	-3.17155e-05	-9.05092e-05	-0.000135745	0.263362	0.141834	0.260754	0.1	0.00618565
0.811242	-0.0382072	0.933314	-1.83084e-06	9.05227e-05	2.37799e-06	-0.000126715	-3.10052e-06	2.03781e-05	0.263318	0.141765	0.260711	0.1	0.00690418
-1.09788	3.83574	0.859945	-5.4473e-05	-0.000375979	2.15873e-05	-3.70747e-05	-5.86027e-05	-3.09473e-05	0.262863	0.14103	0.26026	0.1	0.00961495
-1.61104	-4.02209	-2.37018	5.65242e-05	0.000404849	-4.27034e-05	0.000248982	-6.89973e-06	0.000347501	0.262474	0.140406	0.259875	0.1	0.00969994
-0.864	1.6673	0.856416	-2.3039e-05	-3.05399e-05	-4.93552e-05	0.000191724	8.47079e-05	-0.000172277	0.262445	0.140359	0.259847	0.1	0.00972902
2.03132	1.04816	1.23952	-0.000190023	-1.90955e-05	-4.70695e-05	4.99505e-05	-0.000863899	-0.000196276	0.262382	0.140258	0.259784	0.1	0.00772878
0.456883	-2.37864	1.69229	4.51483e-05	0.000251168	4.22671e-05	0.000790867	-0.000737476	-0.000590664	0.262307	0.140138	0.25971	0.1	0.00812151
2.30201	3.30079	-0.606556	-6.52465e-05	-0.000307468	-0.00017708	0.000467873	0.000160051	-4.93275e-05	0.261855	0.139414	0.259262	0.1	0.00809986
-0.314155	0.000683379	-1.71042	5.84595e-05	0.000148848	-5.07777e-05	-0.000651699	-7.0437e-05	0.00046305	0.261739	0.13923	0.259148	0.1	0.00510789
0.350473	-0.651728	0.403815	4.18442e-05	-2.75473e-05	-2.56205e-05	4.08858e-05	0.000491295	-0.000215413	0.261522	0.138883	0.258933	0.1	0.00556563
0.393148	-2.64432	-1.61214	-1.19471e-05	0.000270625	4.96857e-05	3.30825e-05	1.30289e-05	-9.03571e-05	0.261188	0.138352	0.258602	0.1	0.0100088
-0.132769	3.55387	0.479769	-0.000121094	-0.000465969	-0.000113807	0.000413823	-0.00054421	0.000210282	0.260995	0.138045	0.258411	0.1	0.00647917
1.64033	-1.23332	1.70462	-3.71811e-05	0.000185676	5.87647e-05	-2.18171e-05	-9.33518e-05	0.000135183	0.26082	0.137768	0.258238	0.1	0.0073107
0.0240152	-0.375017	-1.80913	0.000147938	0.000190097	9.27666e-05	-0.000157267	0.000209061	6.03935e-05	0.260716	0.137603	0.258135	0.1	0.00794841
2.1043	-0.615125	1.29735	-9.87552e-05	0.000211801	3.53589e-06	-0.000423288	-8.22283e-06	0.000376839	0.260608	0.137432	0.258028	0.1	0.00899085
1.56601	0.45746	0.560266	1.01548e-05	3.8358e-05	-7.18271e-05	1.61265e-05	-0.000228935	0.000190088	0.260419	0.137134	0.257841	0.1	0.0107718
-0.142819	2.65027	-1.33384	-7.25188e-05	-0.000297774	1.50461e-06	-3.17328e-07	0.000309185	-0.000196356	0.25964	0.135906	0.257069	0.1	0.00905044
2.43595	-1.67164	-0.442857	-4.88533e-05	0.000196238	-2.36782e-05	-0.000705621	-0.000107067	0.000427777	0.259308	0.135386	0.256741	0.1	0.0113483
0.780532	-2.78739	-0.891918	-3.0927e-05	0.000302373	4.05677e-05	4.1751e-05	-1.193e-05	-0.000218038	0.259076	0.135023	0.256511	0.1	0.00423147
1.30115	2.00065	-0.0641483	3.57387e-05	-0.000151005	-0.000290194	-0.000636995	0.0012428	0.000228497	0.25907	0.135014	0.256505	0.1	0.00681892
-1.13037	-0.578362	1.33307	-3.46084e-05	-3.97258e-06	-3.5019e-06	-0.000315764	-5.82169e-05	0.000436918	0.258949	0.134824	0.256385	0.1	0.00846559
2.34916	1.45669	2.00843	-2.32553e-05	-0.000147693	0.000151863	-0.000213783	1.44479e-05	0.000159472	0.258858	0.134682	0.256295	0.1	0.0154552
-0.285922	2.82692	-2.13593	4.73786e-05	-0.000312811	-5.87025e-06	0.000379497	-0.000381156	0.000135339	0.258625	0.134319	0.256064	0.1	0.00989283
0.358814	3.97687	2.31817	-2.57999e-05	-0.000235487	-0.000251597	0.000951975	2.43578e-05	-4.52012e-05	0.25855	0.134202	0.25599	0.1	0.00839772
0.215859	-1.7243	-0.415006	-1.08376e-05	0.000237348	7.2097e-05	0.000228988	-9.10407e-05	0.000317831	0.258498	0.134122	0.255939	0.1	0.00637668
-1.11872	3.65558	-1.00942	-2.25413e-05	-0.000308045	-2.36626e-05	3.5437e-05	-9.44664e-07	-0.000236396	0.258358	0.133903	0.2558	0.1	0.00713733
-1.70898	-3.46422	0.526218	8.52251e-06	0.000388943	1.06463e-05	0.000427286	0.00048599	-9.63753e-05	0.258082	0.133476	0.255527	0.1	0.0112942
-0.846839	-3.72933	-0.150411	-5.91015e-05	0.000425655	3.73271e-05	1.43294e-05	4.73798e-05	-5.2932e-05	0.257965	0.133294	0.255411	0.1	0.00761358
-1.50474	-1.79491	-2.45901	6.88748e-05	0.000225779	-6.04436e-05	7.36759e-05	-6.07403e-05	2.29732e-05	0.25795	0.133271	0.255396	0.1	0.00565276
1.15891	-0.608355	-0.60677	-5.30766e-08	-3.1242e-07	-2.01852e-08	-1.0372e-24	-1.7038e-24	-8.0813e-26	0.257891	0.13318	0.255338	0.1	0.00732895
-0.0776011	2.3744	0.710914	1.47082e-05	-0.000247988	-4.32952e-08	0.000308641	-1.47605e-05	-0.000134153	0.25788	0.133161	0.255327	0.1	0.00851297
-0.396168	-1.82751	1.30491	2.21847e-05	0.000223472	3.18447e-05	-0.000129148	-0.000204983	-3.26608e-05	0.257497	0.13257	0.254948	0.1	0.0061279
-1.83626	3.42047	1.66452	7.18732e-05	-0.000363832	-0.000179956	0.000404355	-0.000349568	0.000366641	0.257171	0.132066	0.254625	0.1	0.00487561
1.70903	2.3636	-0.255933	0.000210005	1.75796e-05	-4.71719e-05	2.70433e-05	0.000184222	-0.000505563	0.257045	0.131872	0.2545	0.1	0.0110803
0.570867	0.587161	0.296426	3.58536e-05	-0.000244587	-0.000130009	0.000664269	0.000116362	-5.44435e-05	0.257002	0.131805	0.254457	0.1	0.0129399
0.0256675	-2.80803	1.747	1.03098e-05	0.000217082	-5.08945e-05	-0.000144906	-0.000151627	-0.000391051	0.2563	0.130728	0.253762	0.1	0.00700993
1.96205	1.19949	-0.892085	1.7835e-06	-0.000353395	-0.000181881	0.000254172	-0.000242991	-0.000216809	0.256161	0.130517	0.253625	0.1	0.00752762
1.53445	3.01884	-2.42519	-0.000124335	-3.41473e-05	-5.99065e-06	-4.04538e-05	-5.53612e-05	-0.000515112	0.256037	0.130326	0.253502	0.1	0.00936077
0.350387	-0.52362	2.30157	-3.1698e-05	8.59413e-05	1.69019e-05	1.97055e-05	0.00037243	-3.88249e-05	0.255995	0.130262	0.25346	0.1	0.0065254
1.06782	2.4667	-0.49502	-8.75094e-05	-0.000378714	4.83144e-05	0.000207403	4.4043e-05	0.000431925	0.25592	0.130148	0.253386	0.1	0.0091122
-2.14371	-0.561813	-1.25198	5.71042e-05	1.41125e-05	2.47714e-05	0.000113491	-0.000215981	-0.000135271	0.255837	0.130021	0.253304	0.1	0.0136802
0.359091	1.22092	1.08922	2.37666e-05	-0.000242801	-5.28545e-05	-0.000379338	0.000381459	-0.00035815	0.255747	0.129885	0.253215	0.1	0.00799184
-0.0207947	1.3102	1.90244	8.23876e-05	-0.000156506	-5.51444e-05	-0.000267237	0.000203599	0.00038801	0.255291	0.129191	0.252763	0.1	0.00678622
0.432151	-3.42486	-0.937336	-2.1927e-05	0.000412855	2.40476e-05	-0.000408437	-8.40358e-05	-0.000339187	0.255224	0.129089	0.252697	0.1	0.004219
-1.10747	1.48771	-2.1481	4.16472e-05	-0.00015293	-4.95291e-05	1.03694e-05	-6.30837e-05	-2.94563e-05	0.255101	0.128903	0.252575	0.1	0.00652521
-1.02832	1.1291	1.56951	-5.80595e-05	-7.83782e-05	-5.65686e-05	-0.000362632	0.000616109	0.000132812	0.254823	0.128482	0.2523	0.1	0.0152569
1.58892	-2.80568	-2.33786	4.31935e-05	0.000280198	9.83049e-05	0.000543921	0.000308953	0.000708906	0.254506	0.128002	0.251986	0.1	0.00739268
-0.304437	1.20869	-0.374141	1.3242e-06	-2.60891e-06	-3.86207e-07	-1.0817e-19	-1.0236e-20	-4.52478e-20	0.254402	0.127845	0.251883	0.1	0.0124533
1.6612	-3.55601	-2.20473	-4.67204e-05	0.000490424	5.96135e-05	-0.000706737	5.0312e-05	-0.000842878	0.254272	0.127649	0.251754	0.1	0.0061161
-0.951632	-1.10896	1.61493	-6.70476e-05	0.00016885	-2.4074e-05	0.00010739	0.000328777	0.000280672	0.254252	0.127621	0.251735	0.1	0.00773896
-1.70261	0.674102	-0.177986	1.32483e-05	-8.22804e-05	-5.84842e-05	-9.08458e-05	-1.91718e-05	-0.000172706	0.254212	0.12756	0.251695	0.1	0.00976994
1.03782	-2.24973	-1.89398	1.23432e-05	0.000249854	3.14949e-05	0.0004464	0.000162461	-4.7162e-05	0.254199	0.127539	0.251682	0.1	0.00657787
1.21718	1.62825	0.874381	-8.31466e-05	-0.000134681	0.000124325	0.000238375	0.000448001	0.000358706	0.254057	0.127328	0.251542	0.1	0.00602619
1.34118	3.3736	-1.95981	-0.000134431	-0.000277522	8.02643e-06	7.77556e-05	-6.44633e-05	-1.76716e-05	0.253567	0.126591	0.251056	0.1	0.0094745
-1.37223	-0.863539	-0.124287	-1.8803e-06	8.09219e-05	-5.47433e-05	9.09889e-06	-0.000182268	4.02328e-05	0.253456	0.126426	0.250947	0.1	0.00618572
1.03968	1.32817	1.31991	0.000123229	-0.00014007	4.05834e-06	-0.000114458	-0.000674866	6.04225e-05	0.253434	0.126392	0.250925	0.1	0.00638732
-2.38427	2.78826	-2.02396	-6.12372e-05	-0.00020746	0.000115845	-0.000483778	0.000181934	-0.000569648	0.253312	0.12621	0.250804	0.1	0.0117643
1.23509	-0.587397	-2.48028	7.2985e-05	0.000138953	4.21197e-05	0.000395192	-0.000100029	-0.000331377	0.253184	0.126018	0.250677	0.1	0.00891587
0.849913	0.96661	1.60516	0.000142455	-9.03619e-05	-3.63999e-06	-0.000201828	-6.02711e-05	0.000536457	0.253182	0.126015	0.250675	0.1	0.00530601
-0.607509	2.42351	1.06438	1.16338e-05	-0.000230285	2.8724e-05	0.000108069	0.000118757	0.00019168	0.253176	0.126006	0.250669	0.1	0.0073699
1.871	-0.88816	0.720387	1.5173e-06	0.000220342	6.03141e-05	-4.63158e-05	2.83624e-05	-0.000131694	0.253012	0.125762	0.250507	0.1	0.00760254
-2.14718	1.32064	-2.3144	-8.14817e-06	-1.76924e-05	-3.11556e-05	-0.000166858	-0.000111648	6.31071e-05	0.252518	0.125027	0.250018	0.1	0.00710936
0.408245	0.216173	-0.906066	-6.11856e-05	-4.77231e-05	-6.59875e-05	8.01882e-05	-0.000335016	6.48665e-05	0.252479	0.124968	0.249979	0.1	0.00911741
2.26279	2.97549	-2.31999	-3.48865e-05	-0.000205007	0.000151465	-0.000630357	0.000418238	-0.000527038	0.25247	0.124955	0.24997	0.1	0.00649699
1.25421	-1.13309	-1.11213	-5.67751e-05	0.000172921	2.41878e-05	1.81755e-05	8.99611e-05	-5.73342e-05	0.252451	0.124927	0.249951	0.1	0.0109064
1.04672	-1.4059	-2.25671	-0.000114634	0.000282905	0.000119442	-0.000308173	-0.000988449	-0.00011514	0.252394	0.124843	0.249895	0.1	0.0147466
-1.72682	-2.75181	-1.53088	2.2838e-05	0.00027343	1.32274e-05	0.000429052	-0.000447928	0.000165883	0.251969	0.124213	0.249474	0.1	0.00868713
0.743445	-3.80037	-1.05808	1.18519e-05	0.000416096	4.58765e-05	-6.34605e-05	0.000102047	-0.000379497	0.251672	0.123775	0.24918	0.1	0.00686311
0.303305	-1.67051	2.10218	0.000105856	0.000109696	4.61195e-05	0.000145052	6.77426e-05	-0.000541934	0.251598	0.123666	0.249107	0.1	0.00995982
-1.37368	-1.6346	1.62352	3.43123e-05	0.000299188	-3.58874e-05	-0.000164908	6.70166e-05	0.000266102	0.251461	0.123464	0.248971	0.1	0.00641856
0.151765	-2.86779	2.23303	5.72838e-06	0.000132894	-7.2031e-05	-4.52045e-05	-5.88355e-05	-0.000580027	0.251337	0.123281	0.248849	0.1	0.00978958
-1.99042	-1.17237	0.844426	-2.9469e-05	0.000120638	2.33175e-05	4.19594e-05	0.000107181	-9.31334e-05	0.251292	0.123215	0.248804	0.1	0.00771204
1.99702	-3.92187	-2.15639	-4.12352e-05	0.000474111	-3.41782e-05	-6.47622e-05	0.000385722	0.000775716	0.251252	0.123155	0.248764	0.1	0.00689128
0.324235	-1.00177	-1.05395	-0.000213511	0.000121128	6.82328e-05	0.000513227	0.000549543	0.000661603	0.251159	0.123019	0.248672	0.1	0.0105007
0.447861	-3.82182	-0.637097	-3.41512e-05	0.000439416	2.26945e-05	0.000330958	0.000117452	0.000241259	0.250885	0.122618	0.248401	0.1	0.00555361
-1.07541	-1.02858	-2.35505	6.69183e-05	0.000117588	-9.17016e-05	7.68923e-05	-0.000174377	0.00027988	0.250767	0.122444	0.248284	0.1	0.0107846
1.98263	-3.0457	-2.14875	0.000116197	0.000249552	-0.000109884	-2.29573e-05	-0.000383531	0.000225558	0.250701	0.122347	0.248219	0.1	0.00696552
0.901534	-1.48033	-1.05624	-6.87287e-05	0.000204234	9.93095e-05	0.00076514	0.000639567	0.00101628	0.250676	0.122311	0.248194	0.1	0.0105806
1.77415	3.60907	-2.06113	-7.29859e-05	-0.000325882	-3.95377e-05	0.000192221	-0.000446079	-6.43378e-05	0.250667	0.122297	0.248185	0.1	0.00573579
0.21693	-3.85214	-1.07806	-6.87089e-05	0.000451436	2.03576e-05	0.000272678	-0.000453874	-7.31102e-05	0.250642	0.12226	0.24816	0.1	0.00524426
-1.45978	-0.722656	-2.39049	3.56611e-05	4.10196e-05	-7.68957e-05	0.000241743	-1.29341e-05	5.94081e-05	0.250299	0.12176	0.247821	0.1	0.00825621
0.566882	-1.36779	-0.358614	8.00514e-05	0.000157431	-1.71776e-05	-0.00038667	0.000434278	-0.000784389	0.25018	0.121585	0.247703	0.1	0.00962792
-0.287071	-2.69014	2.38251	6.2241e-05	0.000242807	-3.23616e-05	0.000494969	9.95724e-05	0.000212658	0.250152	0.121546	0.247675	0.1	0.00711145
-2.48527	-3.12707	-1.95354	3.07175e-05	0.000284915	6.94466e-06	-0.000221421	2.02335e-05	3.94714e-05	0.250067	0.121421	0.247591	0.1	0.00627082
-0.0386587	1.63273	2.29598	5.74067e-05	-6.74908e-05	-2.88171e-05	7.16231e-05	-6.0963e-05	0.000272967	0.250057	0.121407	0.247581	0.1	0.00844312
-2.20036	1.0075	-1.0707	0.000101549	-5.80749e-05	-3.73947e-05	2.65191e-05	-0.000109367	-0.000288465	0.249982	0.121297	0.247507	0.1	0.00562678
-1.70609	-0.243521	-1.2286	5.2323e-05	9.14301e-06	-6.60984e-05	9.2545e-07	-0.000125639	0.000117102	0.249805	0.121041	0.247332	0.1	0.0106162
-1.3078	0.904612	-2.26124	1.06621e-05	-6.2752e-05	-4.11505e-06	-0.000254465	-0.000545421	1.91835e-05	0.249501	0.120599	0.247031	0.1	0.00943369
1.19139	-3.80207	0.0917691	0.000128576	0.000477495	5.78942e-05	0.000542362	-0.000868565	9.4901e-05	0.249491	0.120585	0.247021	0.1	0.00888349
0.956637	2.03376	0.759188	-7.07863e-05	-0.000195682	5.08956e-05	-0.000698856	-0.000411318	-0.000356712	0.249466	0.120547	0.246996	0.1	0.00692754
0.0270708	0.261534	-1.37528	2.29939e-05	-0.000104839	2.98036e-05	8.46397e-05	0.000159611	0.000462374	0.249265	0.120257	0.246797	0.1	0.00730702
0.739234	-1.08848	-1.31	-0.000207287	0.000119524	7.44928e-05	-0.00098164	-0.000496688	-0.000399404	0.24919	0.120149	0.246723	0.1	0.0122249
0.618636	-0.613662	-0.962993	-3.07916e-07	-8.64929e-07	-1.25664e-07	-1.59119e-20	5.18048e-20	-1.68703e-19	0.249006	0.119884	0.246541	0.1	0.0144291
-1.42842	2.3371	-0.963665	3.22646e-05	-0.000206777	3.64124e-06	-0.000318284	0.000243321	0.000501168	0.248917	0.119754	0.246452	0.1	0.0108204
2.19456	0.64215	1.949	0.00013004	-4.86197e-06	-5.98015e-05	0.00010202	0.000262296	2.64632e-05	0.24891	0.119744	0.246446	0.1	0.010432
1.83392	0.0845047	1.37326	0.000224436	-0.000239839	0.00035943	0.00225184	0.000701548	-0.000956079	0.248903	0.119734	0.246439	0.1	0.00768454
-1.26094	-0.0663517	-2.42751	2.09629e-05	-9.43444e-06	-5.79648e-05	3.66919e-05	4.32157e-05	0.000280067	0.248902	0.119733	0.246438	0.1	0.00760217
-1.58491	2.9878	1.67104	2.66706e-05	-0.000390025	8.00422e-05	-0.000913444	-0.000184718	-0.000337095	0.248378	0.118978	0.245919	0.1	0.00823855
1.50393	1.15187	1.31384	0.000137551	-5.11135e-05	-3.31511e-05	0.000173053	0.000248236	0.000312367	0.248178	0.11869	0.245721	0.1	0.00573055
-0.331367	0.480453	-2.0139	-2.73242e-05	-0.00020877	-0.000189405	-0.000190448	0.000422544	-0.000525773	0.24787	0.118249	0.245416	0.1	0.00699711
-1.28988	-0.238784	2.114	4.35178e-07	6.22287e-05	-4.48715e-05	0.000106702	0.000206894	-0.000313056	0.247827	0.118187	0.245373	0.1	0.00714501
-1.61369	-1.27427	1.39807	-5.27829e-06	0.000174743	-6.36278e-05	-5.84161e-05	0.000169096	3.51725e-06	0.247767	0.118102	0.245314	0.1	0.00790498
-1.68612	-3.53145	1.25841	2.85292e-05	0.000439369	-9.15668e-06	1.07806e-05	-2.7392e-05	-0.000122277	0.247735	0.118056	0.245282	0.1	0.00874904
1.03881	-3.44937	1.15378	-5.20632e-09	-4.31071e-07	-5.54596e-09	-4.32906e-26	1.78656e-25	4.0452e-26	0.247707	0.118015	0.245254	0.1	0.00965859
-0.0470074	3.78125	0.978789	2.65329e-05	-0.000401281	-2.28569e-05	6.04554e-05	-0.000160099	-0.000159542	0.247608	0.117873	0.245156	0.1	0.0081045
-1.68425	3.32245	0.971757	3.46341e-05	-0.000492607	-2.15566e-05	-0.00043796	-0.000453564	-1.73887e-05	0.247575	0.117828	0.245124	0.1	0.00794632
1.47446	0.789415	-0.873041	7.56364e-06	-0.000271557	1.72254e-05	0.000238996	1.8514e-09	0.000119837	0.247232	0.117337	0.244784	0.1	0.00915859
0.121677	-3.44105	-1.32518	-6.10016e-05	0.000423085	4.72095e-05	-0.000223701	-2.8348e-05	0.000374572	0.247018	0.117033	0.244572	0.1	0.00752693
0.245005	2.09515	-1.35659	-5.71023e-05	-0.000309341	5.61771e-05	2.96559e-05	-0.00023914	-0.000287232	0.246945	0.11693	0.2445	0.1	0.00748739
-1.91818	3.34865	-1.15033	-1.87182e-05	-0.000326864	-4.01929e-07	-0.0002403	-8.63563e-05	9.72365e-05	0.246862	0.116812	0.244418	0.1	0.0100851
-0.168855	0.511311	2.25771	2.24574e-05	-5.74262e-05	-4.24406e-05	-0.000196016	-0.000186607	6.57342e-05	0.24683	0.116767	0.244386	0.1	0.00780407
-0.794231	-1.53953	1.44027	3.70675e-05	0.000273154	-4.84568e-05	-6.5687e-05	-0.000112276	0.000197876	0.246791	0.116712	0.244348	0.1	0.00666213
0.245015	3.43314	0.807838	-1.91944e-05	-0.000423212	4.83393e-05	-5.79191e-05	-0.000122856	-6.96753e-05	0.246746	0.116648	0.244303	0.1	0.00572388
-0.266519	4.01256	0.330601	-8.46436e-05	-0.000449935	-3.62179e-05	8.12154e-05	-0.000141701	-0.000131515	0.246741	0.11664	0.244298	0.1	0.00722593
-0.148569	1.43068	-0.794394	-1.39651e-05	-9.02478e-05	-0.000196954	1.81742e-05	0.000353923	0.000245382	0.246625	0.116476	0.244183	0.1	0.00657472
1.3413	3.68649	0.817554	-0.000144459	-0.000426121	7.38443e-05	-6.35035e-06	-1.9005e-05	-1.71757e-05	0.246618	0.116465	0.244176	0.1	0.00903847
-0.352588	0.327082	0.143411	-1.81043e-05	-0.000103384	2.857e-05	2.74884e-05	-0.00037685	-5.38789e-05	0.246595	0.116433	0.244153	0.1	0.00628364
1.73094	2.74383	-0.577034	0.000176163	-6.00448e-05	-0.0001486	-0.000500644	-0.000176364	0.000795695	0.246366	0.11611	0.243927	0.1	0.0106322
-0.83458	-1.38899	-0.0287207	3.74267e-06	-3.05192e-06	-1.56252e-05	-2.04024e-05	-7.25895e-05	6.64895e-06	0.246308	0.116027	0.243869	0.1	0.00979305
0.0635425	1.12724	0.100277	-2.98421e-05	-0.000201203	-1.67985e-05	1.46483e-05	0.000308875	2.73899e-05	0.246304	0.116021	0.243865	0.1	0.012954
-1.22746	-1.04772	1.21044	5.7506e-06	5.89426e-05	-4.93448e-05	0.000355708	-0.000147695	-0.000400013	0.24629	0.116001	0.243851	0.1	0.00621813
-1.08219	2.02285	1.21252	3.72443e-05	-0.000216205	6.8289e-05	-0.000129138	0.000442273	-6.79653e-05	0.246171	0.115834	0.243734	0.1	0.00815447
0.635393	3.77181	-0.59937	-4.23117e-05	-0.000353509	1.79397e-05	-0.000403764	0.000162833	-0.0002436	0.246104	0.115739	0.243667	0.1	0.00468655
0.679511	-3.29593	0.856301	5.42465e-09	3.04847e-06	2.13254e-07	-3.42861e-24	2.25528e-27	-2.81617e-25	0.245924	0.115485	0.243489	0.1	0.00983655
-2.29901	0.850667	2.30111	9.33098e-05	4.99667e-05	0.000110381	-0.000139368	-0.000230336	-5.75796e-05	0.245818	0.115336	0.243384	0.1	0.00951365
1.35104	0.605708	-1.32108	6.37885e-07	-5.13865e-05	3.01438e-05	9.87284e-05	-0.000127689	-0.000218848	0.24563	0.115072	0.243198	0.1	0.0101091
-0.612395	0.449076	-2.4101	-6.16058e-05	-4.21021e-05	-0.00014898	0.000232986	-0.000477322	-0.000478629	0.245492	0.114877	0.243061	0.1	0.00947435
2.17009	2.40547	1.43553	-5.02286e-08	-3.54894e-07	-5.85529e-07	1.15525e-24	1.72605e-24	2.45672e-26	0.245444	0.114812	0.243014	0.1	0.0107686
2.48305	-3.17536	0.331587	-1.56156e-05	0.000298837	-3.30831e-05	-4.46748e-05	0.00030073	0.00010067	0.245374	0.114714	0.242945	0.1	0.0110541
-0.717885	-0.240146	-1.54218	0.000107158	7.44861e-05	-7.31812e-05	-0.000133213	-0.000486206	0.000267942	0.245244	0.114531	0.242816	0.1	0.00532177
0.760768	-3.49146	2.24468	6.76889e-06	0.000194939	3.08987e-05	-0.000371878	0.000480118	-0.000166825	0.245189	0.114453	0.242761	0.1	0.00645947
1.44224	3.35457	0.426066	0.000117175	-0.000394942	-1.58195e-06	-4.6845e-05	0.000392388	-0.000781927	0.244966	0.114142	0.242541	0.1	0.0119452
-0.407269	0.837564	-0.959668	2.58003e-05	-8.82463e-05	1.7732e-05	-0.000575776	0.00028283	-0.000122019	0.244953	0.114123	0.242528	0.1	0.00534431
-1.96887	-0.978736	0.0449118	-5.23223e-05	-3.98187e-05	-1.41769e-05	-1.94998e-06	3.0773e-05	-0.000311525	0.244934	0.114096	0.242509	0.1	0.00851308
0.211154	-1.00996	1.63599	7.79284e-05	9.69624e-05	-3.23025e-05	-1.85209e-05	0.000258031	0.000455339	0.244844	0.113972	0.24242	0.1	0.00697247
-0.729752	-2.73556	-1.98797	4.44433e-05	0.000275307	3.5519e-05	6.06412e-05	0.000232397	-0.0004911	0.244741	0.113827	0.242318	0.1	0.0112187
-0.210265	2.71026	1.04954	3.98513e-05	-0.000309489	3.16826e-05	0.000112271	-2.57774e-05	-0.000479685	0.244734	0.113818	0.242311	0.1	0.00611847
2.45815	-2.11519	1.15144	8.5553e-05	0.000207562	-1.96912e-05	0.000347323	-0.000194815	-0.000490467	0.244542	0.11355	0.242121	0.1	0.00982925
0.138477	-1.49194	1.67537	1.29012e-05	8.23836e-05	7.3008e-05	0.000324126	-5.23975e-05	0.000115156	0.244486	0.113471	0.242065	0.1	0.0066611
0.872665	-2.50695	-1.29124	-1.26188e-05	0.000294669	8.26661e-05	4.72843e-05	0.000146282	-2.81316e-05	0.244454	0.113428	0.242034	0.1	0.00709965
0.688527	2.68212	-0.249202	-1.08676e-07	-4.53451e-07	3.69788e-07	8.68672e-15	2.86272e-15	2.66829e-15	0.2444	0.113351	0.24198	0.1	0.00650622
1.24399	2.73257	2.28796	-0.00011722	-0.000195246	1.39406e-05	-0.000716271	-0.000158448	0.000212462	0.244162	0.113022	0.241745	0.1	0.0110946
-2.34729	-0.983197	0.346044	-3.84288e-05	7.9119e-05	1.69186e-05	-2.49808e-05	0.000110865	-0.000311461	0.24414	0.112991	0.241723	0.1	0.00766201
-0.0962041	-3.91974	-2.14716	-2.13678e-05	0.000360478	-9.65582e-06	0.000128514	-0.000169489	-0.000109527	0.244103	0.112939	0.241686	0.1	0.00831296
0.344051	-2.95717	-1.06148	-7.29937e-06	0.000382276	-6.6185e-06	0.000268734	0.000140147	0.000338167	0.244062	0.112883	0.241646	0.1	0.00684671
-0.335701	1.22307	-1.23587	2.78877e-05	-0.000224155	-0.000100903	2.30159e-05	0.000286494	-5.66486e-05	0.243921	0.112687	0.241506	0.1	0.00418416
-1.38742	3.03352	0.0317147	-4.94483e-05	-0.000266488	-1.02384e-05	-0.000223578	1.38384e-05	0.000113318	0.243692	0.112369	0.241279	0.1	0.00822709
0.912651	1.6529	1.93302	3.83378e-05	-0.000206047	2.99694e-05	0.00039695	-9.2839e-05	0.000194353	0.24367	0.112339	0.241257	0.1	0.00940053
-1.41691	-1.27594	-0.380277	7.63222e-05	0.000106507	-6.49662e-05	1.85973e-05	9.3393e-05	0.000179487	0.243648	0.11231	0.241236	0.1	0.00963261
-2.05306	2.1677	-0.951269	3.70855e-05	-0.000250075	0.000122688	-0.00017856	-5.36428e-05	7.95243e-05	0.243387	0.111948	0.240977	0.1	0.00707756
-2.29809	0.975345	-0.590548	-4.8437e-07	-1.05162e-06	-4.56869e-07	4.39629e-24	4.97608e-24	3.03487e-24	0.243111	0.111568	0.240704	0.1	0.0084936
-2.35209	-2.59436	1.20227	-9.03701e-06	0.000354516	-3.89604e-05	4.9201e-05	-0.000232575	-0.000173554	0.242966	0.111368	0.24056	0.1	0.00923288
0.756542	1.48304	0.794556	-1.59649e-05	-0.000144425	-6.97544e-05	6.6217e-05	-0.000174472	-0.00101257	0.242842	0.111198	0.240438	0.1	0.00452908
-1.64367	3.94691	-1.06231	2.9826e-05	-0.000376589	1.67838e-05	0.000320942	0.000135783	0.000270914	0.242774	0.111104	0.24037	0.1	0.00955348
1.52085	-0.686127	-2.07328	0.000251975	5.80042e-05	0.000139482	0.000892943	-0.000161441	-0.0011705	0.242496	0.110724	0.240095	0.1	0.0123115
1.77649	-1.23394	1.21081	-4.12022e-05	0.000215498	2.93283e-05	-0.000185169	-0.0001165	0.000218447	0.242131	0.110225	0.239734	0.1	0.00810378
1.11529	-0.425033	2.0647	5.75207e-05	0.000183487	-3.37181e-05	7.94011e-06	-5.22477e-05	-0.000277453	0.241931	0.109952	0.239536	0.1	0.0090082
-0.898602	-3.94546	-0.911047	-0.000183122	0.000340751	-9.67227e-05	-0.000399507	0.00012559	0.000587715	0.24193	0.10995	0.239535	0.1	0.007571
-2.15954	0.832913	-0.0794846	8.1569e-07	-7.16841e-07	-1.74508e-07	-3.01348e-24	3.94219e-24	-1.01103e-23	0.241739	0.109691	0.239346	0.1	0.0117132
-1.21474	-0.725634	-1.86359	-3.0204e-07	-4.86175e-07	-4.55176e-07	7.40585e-25	3.79048e-24	1.20493e-24	0.241738	0.109688	0.239345	0.1	0.0135729
-1.87687	-3.76389	0.879194	6.70685e-05	0.000391671	5.376e-07	-0.000308978	-0.000218914	1.95187e-05	0.241731	0.109679	0.239338	0.1	0.0086298
-1.11104	-1.81306	-0.0878642	-6.21694e-07	-5.01722e-07	-1.48678e-07	-4.33167e-25	7.10771e-24	-9.17646e-25	0.241723	0.109668	0.23933	0.1	0.00905128
-1.55572	-2.72635	-0.577668	-0.000126346	0.000374354	3.52944e-05	-0.000174772	5.92789e-05	0.000152374	0.241715	0.109657	0.239322	0.1	0.00815296
-1.39969	3.31375	1.36353	3.09242e-05	-0.000465827	5.54366e-06	0.000248112	-0.000207304	0.000712542	0.241502	0.109368	0.239111	0.1	0.00633697
-1.24279	-2.21321	0.71265	-1.55247e-05	0.000138352	8.83853e-05	0.000769308	7.48061e-06	0.000108861	0.241393	0.109219	0.239003	0.1	0.00641515
-1.9077	-2.99998	-0.793239	-2.38309e-05	0.000384601	4.72929e-05	-9.80894e-05	0.000203768	-2.90154e-05	0.241283	0.10907	0.238894	0.1	0.00805815
2.34092	1.14595	-1.61663	0.000168256	-0.000197526	2.49363e-05	0.000398294	0.000793696	1.12338e-05	0.241125	0.108856	0.238738	0.1	0.00631669
0.836602	2.14862	0.0082008	3.06416e-05	-0.000328562	6.30163e-06	-0.000309891	-0.000158746	-0.000385757	0.241121	0.108851	0.238734	0.1	0.00546586
2.4083	2.97736	1.89054	-1.34246e-05	-0.000261011	-2.15025e-05	0.000591012	-0.000327995	-0.000132721	0.241078	0.108793	0.238691	0.1	0.006413
1.08759	1.25493	-2.05055	1.32368e-05	-0.000130911	1.07377e-05	-0.000429398	-2.12776e-05	-0.000122892	0.241066	0.108776	0.238679	0.1	0.006371
-2.21762	2.17636	0.937906	-1.34608e-05	-0.000189342	0.000119762	-4.97667e-06	-0.000106574	0.000110085	0.241027	0.108724	0.238641	0.1	0.00868205
-2.36182	1.42715	-1.88904	1.64392e-05	-9.38701e-05	3.11109e-05	0.000285009	0.000450449	-3.01513e-07	0.24097	0.108646	0.238584	0.1	0.00395356
2.02804	1.3158	1.65955	9.85415e-05	-1.18823e-05	-2.91797e-05	0.000275715	0.000498913	0.000103242	0.240966	0.108641	0.23858	0.1	0.00816669
1.19817	-0.163849	-1.98398	0.000166804	-6.16203e-05	4.81257e-05	-0.000324076	0.000375722	0.000139053	0.24074	0.108335	0.238356	0.1	0.00561785
0.550137	2.65818	0.210069	5.28433e-05	-0.000336385	1.33231e-05	0.00018989	-0.000161615	-0.000405761	0.240483	0.107989	0.238102	0.1	0.00425285
-2.05591	3.4903	1.23063	5.18594e-05	-0.000312104	-0.000122763	-0.000103715	0.000524138	-6.56641e-05	0.240458	0.107956	0.238077	0.1	0.00641957
2.49838	-0.454573	2.03609	2.81966e-05	0.000259096	9.03687e-05	9.90287e-05	2.49512e-05	-4.99405e-05	0.240401	0.107879	0.238021	0.1	0.00798252
0.469621	0.294569	1.19853	0.000135712	4.59e-05	-0.000182801	-1.00727e-05	5.40306e-05	0.000149831	0.240234	0.107654	0.237855	0.1	0.00675011
-1.84628	1.96757	-0.569096	2.0079e-05	-0.000334651	9.19319e-05	0.000103031	0.000244665	-0.000169299	0.240234	0.107654	0.237855	0.1	0.0109058
2.16431	1.76838	-0.645089	0.000190171	-0.000364839	-0.0002267	0.00184813	6.32202e-05	0.000922467	0.240084	0.107453	0.237707	0.1	0.00831818
0.433221	1.20947	1.57641	0.000127499	-0.000235955	-8.16897e-05	-0.000534823	1.7541e-05	-5.04081e-05	0.239985	0.107319	0.237609	0.1	0.00588517
0.255072	0.687517	0.907543	0.000127819	-6.28931e-05	-3.7047e-05	0.000495447	0.000317347	-0.000404989	0.239931	0.107246	0.237555	0.1	0.00591643
2.03924	2.87572	1.50371	3.29661e-05	-2.7659e-05	1.39544e-05	-0.000115348	-5.45827e-05	0.000172343	0.239786	0.107053	0.237412	0.1	0.00935889
-0.845836	-0.881825	0.973432	1.2746e-05	-3.36638e-05	-7.0343e-05	-0.000104529	0.000449498	-0.000240298	0.239696	0.106933	0.237323	0.1	0.00567504
0.243449	-1.57236	-0.915585	-5.06962e-05	-0.00022141	0.000230444	0.00224104	0.000578027	0.000897695	0.239588	0.106787	0.237216	0.1	0.00940345
-0.295346	-3.44807	2.27848	3.40738e-06	0.000375333	3.79602e-06	0.000240248	8.3547e-06	-0.000308969	0.239483	0.106648	0.237112	0.1	0.00966331
-1.84293	-2.88339	0.230371	-1.82869e-05	0.000277979	4.01103e-05	0.000130868	5.22432e-05	0.000117957	0.239239	0.106322	0.23687	0.1	0.00976237
1.27257	3.83046	0.332548	-6.55975e-05	-0.000413093	-8.80815e-06	6.62329e-05	-0.000629321	-0.000146303	0.239237	0.106319	0.236868	0.1	0.00811396
-2.23948	-1.25408	-0.34222	5.01806e-06	0.000270049	6.48564e-05	-0.000449047	-0.000127615	0.000619458	0.239205	0.106277	0.236837	0.1	0.0109628
-2.38309	-0.639338	1.25733	-6.11447e-05	0.000167665	-1.18854e-06	-0.000550156	-0.000121214	0.000148295	0.239191	0.106258	0.236823	0.1	0.0076328
-2.48819	-0.784739	2.41577	-3.53945e-05	0.00026914	6.1525e-05	1.10108e-05	1.1671e-05	0.000283555	0.238965	0.105957	0.236599	0.1	0.0110576
-1.6717	-3.51783	0.0406077	-8.60995e-05	0.00046756	2.595e-05	-0.00020384	-0.000131314	0.00023231	0.238904	0.105876	0.236539	0.1	0.0090207
-0.687723	-1.89715	-1.37187	-2.4725e-05	0.00029099	-3.29946e-05	-0.00027928	0.000177526	0.000239056	0.238867	0.105826	0.236502	0.1	0.00802445
-1.29171	-0.55586	0.238084	-4.5446e-05	2.8135e-05	-5.69662e-05	0.000106433	6.85634e-05	0.000205151	0.238847	0.105799	0.236482	0.1	0.00435025
-0.784761	-3.59329	2.16231	-3.17343e-06	0.000382685	6.86445e-07	0.000199278	-1.7306e-06	-0.000264535	0.23868	0.105579	0.236317	0.1	0.00701979
0.344309	-1.93031	1.51458	0.000111621	0.000281884	0.000114716	-0.000385808	2.58691e-05	0.000676428	0.238578	0.105443	0.236216	0.1	0.00706297
-1.39394	1.0005	1.28018	-5.18153e-05	-0.000128752	3.01124e-05	0.000257601	-0.000465833	-1.50121e-05	0.238575	0.105439	0.236213	0.1	0.0085298
-2.18525	-2.87605	-1.63077	8.47186e-06	0.000330011	-1.80537e-05	7.51577e-05	0.000134919	0.000349931	0.238558	0.105416	0.236196	0.1	0.00646779
0.263528	1.86038	1.99455	1.70826e-05	2.31539e-06	-1.07641e-05	1.90941e-05	3.47373e-05	4.68809e-05	0.238531	0.105381	0.236169	0.1	0.00713836
0.103229	-0.137858	-2.23481	5.43501e-05	2.73471e-05	2.21438e-06	-0.000738078	-0.000154517	0.000358051	0.238467	0.105296	0.236106	0.1	0.00705202
-0.708104	3.96287	0.157327	-6.34869e-05	-0.000389181	-1.85584e-05	0.000172878	0.000117164	-3.9214e-05	0.238429	0.105245	0.236068	0.1	0.00534793
-0.850404	-2.78571	-0.63698	2.01133e-09	-4.34082e-07	1.5736e-09	-3.40758e-27	3.49092e-28	9.52733e-28	0.238392	0.105197	0.236032	0.1	0.0119501
2.18825	-2.50753	1.11342	-1.7186e-05	0.000281236	-7.57452e-05	-0.000145732	7.96249e-05	-3.23162e-05	0.238069	0.10477	0.235712	0.1	0.0097068
0.18074	-2.05581	-0.775714	4.36956e-05	0.000303079	4.73639e-06	0.000145025	-0.000169802	-0.000298039	0.2379	0.104547	0.235545	0.1	0.00559555
-0.0903612	-0.51719	0.207212	3.34612e-05	7.05861e-05	-7.35542e-06	0.000346261	0.000397736	-0.000210374	0.237677	0.104254	0.235324	0.1	0.0047605
0.799819	-0.575777	0.591324	-2.85176e-05	9.30371e-05	2.12351e-05	9.86727e-05	-0.000414394	3.83572e-05	0.237634	0.104196	0.235281	0.1	0.0068602
1.71201	0.255918	2.2511	7.59413e-05	1.07321e-05	1.70457e-05	-7.42008e-05	4.59134e-06	1.9951e-05	0.237512	0.104035	0.23516	0.1	0.0114506
-2.33074	3.23714	-2.32148	2.17852e-05	-0.000307781	-3.35675e-05	0.000225177	0.000201079	5.98318e-05	0.237463	0.103972	0.235112	0.1	0.00585481
0.0823102	2.37076	1.41356	7.60511e-05	-0.000341623	1.17324e-05	5.01868e-05	3.03696e-05	-0.000223511	0.237431	0.103929	0.23508	0.1	0.00719705
0.356381	-1.92725	-2.26082	4.73018e-05	3.85657e-05	-0.000141972	-0.000196161	0.000595727	-0.00023014	0.237431	0.103929	0.23508	0.1	0.01317
1.67627	-0.241911	-2.01183	0.000316223	3.27054e-05	0.000149961	-0.000929386	4.47033e-06	0.000882842	0.237278	0.103729	0.234929	0.1	0.010521
-2.4757	1.4867	0.386707	-1.77038e-05	-0.000102219	9.75539e-05	-0.000248272	0.000135664	-4.3252e-05	0.237254	0.103697	0.234905	0.1	0.00745023
0.577026	-2.33392	-0.916403	3.05997e-05	9.73575e-05	-6.75219e-05	-0.000501828	-3.44362e-05	-0.000296004	0.237202	0.103628	0.234853	0.1	0.00653518
-1.61257	-1.44041	2.22456	0.000106333	0.000198662	-5.48818e-05	-0.000165112	-0.000108764	-3.19904e-05	0.237135	0.103541	0.234787	0.1	0.00786535
0.956696	2.40415	2.47778	-3.34208e-05	-0.00021589	8.37654e-05	-8.08021e-05	-0.000228804	0.000499516	0.237122	0.103524	0.234774	0.1	0.00749023
-0.909268	3.94322	-0.463374	-5.83681e-05	-0.000320464	-4.24786e-05	0.000427009	-1.95067e-05	4.5116e-05	0.236892	0.103224	0.234547	0.1	0.00738692
0.108906	0.474827	-2.35391	5.62612e-05	8.8695e-05	-6.08161e-05	-0.000370148	0.000396949	0.000170568	0.236865	0.103189	0.23452	0.1	0.00928168
-1.38201	1.93295	-0.713369	0.000108196	-0.000159428	-1.1723e-07	0.000219336	-0.000257266	-3.77099e-05	0.236787	0.103086	0.234443	0.1	0.00590845
1.05103	-0.646801	-0.0492033	9.62226e-06	7.04218e-05	1.42225e-05	-0.000169855	6.45539e-05	0.000519614	0.236379	0.102554	0.234039	0.1	0.00575863
1.69336	-1.28914	-1.24234	-4.84196e-05	0.000211251	-1.37416e-06	-0.000143219	7.79239e-05	0.000279113	0.23636	0.10253	0.23402	0.1	0.0107836
2.35585	-2.09092	-0.689048	-7.02034e-05	0.000119398	5.58964e-05	0.000421616	-7.79725e-06	0.000588402	0.236341	0.102504	0.234001	0.1	0.0173093
-0.625076	1.24318	-0.856875	7.47665e-05	-0.000101116	-1.84067e-05	0.000171456	0.000247158	0.000195822	0.236281	0.102428	0.233942	0.1	0.00567072
0.850685	1.0457	0.945994	-3.78307e-05	-0.0001115	-3.83089e-05	-0.000129798	-0.000542085	0.00118788	0.236277	0.102422	0.233938	0.1	0.00535619
0.779384	-0.776224	1.00908	-5.00757e-05	0.000148072	-9.65608e-06	-0.000195404	4.17324e-05	0.000260507	0.236117	0.102213	0.233779	0.1	0.00561555
-1.27138	1.95867	-1.24418	4.07972e-05	-0.000166075	-3.64055e-06	-1.82378e-05	0.000798126	0.000255256	0.236076	0.102161	0.233739	0.1	0.00579787
-1.75201	-0.571498	-0.0699357	-5.1716e-05	-2.77207e-05	-5.19875e-06	7.46958e-05	0.0003457	4.97157e-05	0.235915	0.101951	0.233579	0.1	0.00463673
-1.06815	0.502544	1.22053	-2.46411e-07	-1.3277e-06	9.96027e-07	1.51929e-23	9.69449e-24	1.00565e-23	0.235774	0.10177	0.23344	0.1	0.0120009
1.45092	-0.785691	-0.234539	4.85707e-06	0.000178241	4.06566e-05	-5.75189e-05	-0.000120221	-7.87978e-05	0.235702	0.101675	0.233368	0.1	0.00386037
1.77111	-3.53547	1.40404	-2.13402e-05	0.000344514	-1.18426e-05	-0.000649696	-0.000581428	2.18949e-05	0.235632	0.101585	0.233299	0.1	0.00661531
0.527066	0.945899	0.623654	9.27916e-05	-0.000190383	-0.000183686	-0.00106529	0.000230438	6.4178e-05	0.235543	0.10147	0.233211	0.1	0.00739001
-2.31726	3.36341	1.73085	9.49702e-06	-0.000228232	2.57642e-07	0.000317035	-3.25609e-05	0.000259291	0.235542	0.101468	0.23321	0.1	0.00498869
1.847	3.35193	-0.779631	-0.000113478	-0.000317956	-2.64568e-06	0.000246488	0.000415182	0.000395911	0.235326	0.10119	0.232996	0.1	0.00620414
-2.08017	1.37138	-1.34999	0.00012679	-0.000108999	7.64109e-06	0.000139457	0.000186293	0.000243067	0.235264	0.101109	0.232935	0.1	0.00448576
-0.158331	1.88222	-0.644451	-1.84402e-06	-0.00011794	-6.39813e-05	0.000509429	0.000824781	4.53975e-05	0.235177	0.100998	0.232849	0.1	0.00702903
-1.98944	-3.87473	-2.09136	6.28539e-05	0.000347936	-2.18116e-06	-0.000391837	0.000212039	-0.000345521	0.235106	0.100905	0.232778	0.1	0.00777541
1.37113	1.04359	-0.439711	-4.41774e-05	-0.000185154	3.40719e-05	0.000457543	-0.000697792	0.000695155	0.23501	0.100782	0.232683	0.1	0.00451808
1.61168	-1.5423	0.848939	-9.76735e-06	0.000217603	7.25393e-05	-7.3371e-06	-4.93534e-05	0.000197206	0.234827	0.100547	0.232502	0.1	0.00571957
0.152755	1.65689	-1.10409	2.40365e-05	-0.000316973	-0.000170389	0.000437493	0.000508633	-0.000269147	0.234781	0.100487	0.232456	0.1	0.00674687
2.28065	-1.1965	-2.4323	-4.71286e-05	0.000219506	-1.72179e-05	0.000342923	0.000835706	-0.000133547	0.234742	0.100438	0.232418	0.1	0.00519574
0.0508429	2.95763	-0.464126	-0.000184087	-0.000372312	3.13083e-05	-0.000876206	0.000336807	-0.00120621	0.234729	0.100422	0.232405	0.1	0.011141
0.856264	-0.929753	-0.38925	-5.1981e-06	7.50826e-05	-6.08874e-06	0.000130982	-0.000123361	0.000301431	0.234723	0.100413	0.232399	0.1	0.00711871
-0.733047	2.63031	1.48633	-3.15694e-05	-0.000304294	5.12735e-05	-0.000236925	2.82778e-05	-0.000124738	0.234716	0.100404	0.232392	0.1	0.00812716
-0.463579	-3.81415	-1.43696	-0.00016819	0.000238305	-5.065e-05	5.68251e-06	0.00021799	0.00110874	0.234391	0.0999882	0.23207	0.1	0.0125777
-0.413212	-1.15335	0.984339	-9.83818e-05	-8.41019e-06	-0.000109454	1.66236e-05	0.000147504	7.98835e-05	0.234228	0.0997805	0.231909	0.1	0.0108109
-1.01472	1.87411	-1.87639	1.48522e-05	-0.000183472	-3.42654e-06	1.92675e-05	-6.25058e-05	-0.000731727	0.234163	0.0996969	0.231845	0.1	0.00615678
-0.197921	-0.0977918	-0.00908555	3.29316e-05	-3.09867e-05	3.55359e-05	1.92514e-05	0.00014201	-0.000814852	0.233947	0.0994212	0.231631	0.1	0.00518087
2.40958	-1.9849	-2.33761	-5.27955e-06	0.000287788	7.60865e-05	-0.000162844	-6.40805e-05	0.000216513	0.233696	0.0991015	0.231382	0.1	0.0109546
-1.19329	-1.51744	1.18525	5.56647e-05	7.8249e-05	-8.1721e-05	-0.000212296	-4.12875e-05	0.000570363	0.23369	0.0990929	0.231376	0.1	0.00627929
-0.0352929	2.17722	2.16695	-6.32798e-05	-0.000289531	0.000104046	0.000102308	-0.000204029	-0.000212247	0.233609	0.0989904	0.231296	0.1	0.00637722
-0.0713191	3.78531	-0.0372047	-4.26761e-05	-0.000476372	8.19925e-06	-0.000152743	-0.000371259	-0.000672988	0.233569	0.0989397	0.231256	0.1	0.00632593
-1.27382	-1.90498	0.343756	-1.38844e-06	2.16505e-06	6.72384e-07	3.46982e-24	-2.01144e-24	-3.35749e-24	0.233337	0.0986457	0.231027	0.1	0.00556574
0.259017	-3.65895	2.0664	-0.000193683	3.37561e-05	7.11477e-05	-6.16377e-05	0.000305768	-0.000245045	0.233285	0.0985791	0.230975	0.1	0.00748861
0.361339	-3.41592	-0.313716	-4.35788e-05	0.000336332	-7.41176e-06	0.000254449	7.0886e-06	0.000127033	0.233155	0.0984158	0.230847	0.1	0.00529181
-1.56316	2.21204	0.479633	-1.57386e-05	-0.000204553	1.40786e-06	-0.000252656	9.54195e-05	-0.00010637	0.233116	0.0983655	0.230808	0.1	0.00888072
1.44316	1.34557	-0.0957551	-2.03577e-05	-0.000135307	-1.14628e-05	-0.000743208	0.00103985	3.7933e-05	0.233102	0.0983481	0.230794	0.1	0.00519696
-1.86095	-0.899357	1.2626	-3.63957e-05	0.000111248	-5.39016e-06	-1.23322e-05	9.39389e-05	0.000110011	0.233037	0.0982664	0.23073	0.1	0.00911785
-0.215748	-0.572765	0.654865	-2.26428e-06	-3.18258e-05	1.87816e-06	-6.35484e-06	-1.30716e-05	-0.000154704	0.232987	0.0982018	0.23068	0.1	0.00717143
2.49127	-1.59403	2.43033	-8.02057e-05	0.000141261	-0.000198815	-0.000504347	9.32034e-05	-0.000286831	0.23297	0.0981807	0.230663	0.1	0.00848152
-1.74428	-2.96115	-0.217932	-6.7849e-05	0.000364708	4.91121e-05	0.000184579	0.00015332	-4.71174e-05	0.232853	0.0980333	0.230548	0.1	0.00758535
1.13583	2.54486	1.52711	-0.000119159	-0.000151148	5.76686e-05	-0.00060149	9.36466e-05	-0.000537629	0.232841	0.0980185	0.230536	0.1	0.0109986
2.29612	-3.64908	1.79674	4.21024e-05	0.000416505	-1.10833e-05	0.000135697	-6.39612e-05	-0.000134148	0.232838	0.0980137	0.230533	0.1	0.0101012
-1.37396	3.90493	-0.68128	4.20628e-08	-0.000376866	1.36859e-05	2.98769e-05	-0.000278749	0.000128676	0.232645	0.0977704	0.230342	0.1	0.0055328
2.25253	2.21291	-0.757909	-5.022e-05	-0.000230346	8.22712e-05	-0.000572857	-0.000403138	0.000237555	0.232529	0.0976247	0.230227	0.1	0.0096644
-0.0974659	-0.276459	2.27732	7.84083e-05	-2.80501e-05	4.94102e-09	0.000119679	-0.000490748	-0.000331987	0.232356	0.0974063	0.230055	0.1	0.00900814
2.39546	1.37073	-0.565211	0.000326665	-0.000271857	-0.000118794	-0.0014989	-0.00168734	5.91037e-05	0.232305	0.0973426	0.230005	0.1	0.00603171
-1.03558	1.2153	0.934172	-1.62786e-05	-2.69326e-05	-7.90379e-06	-0.000126765	6.33847e-05	7.37484e-05	0.232166	0.097167	0.229867	0.1	0.00832364
-2.2311	-4.02209	-2.45835	6.0357e-07	0.000406824	-9.0264e-07	-9.56642e-25	2.52911e-23	3.82793e-24	0.232017	0.0969806	0.22972	0.1	0.00768447
0.584248	-2.03784	-0.543287	7.52942e-05	0.000233928	-3.75269e-05	-0.000357642	7.14712e-05	-0.000398815	0.231839	0.0967586	0.229544	0.1	0.00742679
1.69452	-2.89486	-1.63841	0.000127872	0.000431407	0.000168389	-5.29045e-05	0.000477272	9.70215e-05	0.231804	0.0967136	0.229509	0.1	0.00978413
-0.59675	-3.13761	-0.0193446	-5.32191e-05	0.000154804	0.0001448	0.000812904	-6.84285e-05	0.000396888	0.231661	0.0965346	0.229367	0.1	0.0109515
0.268239	1.97644	-0.791923	7.76626e-05	-0.000437541	-6.61772e-05	0.000256405	-0.000397325	6.67326e-05	0.231371	0.0961726	0.22908	0.1	0.0070014
1.8814	0.515106	1.56689	0.000223271	-0.000242835	0.000262131	-0.00260161	0.00117671	0.00177617	0.231332	0.0961243	0.229042	0.1	0.00759397
-1.57727	3.75427	0.808495	-3.20771e-05	-0.000475983	-9.07608e-06	0.000391485	-8.80956e-07	0.000506213	0.231276	0.0960544	0.228986	0.1	0.00897204
0.680667	1.07344	-1.90863	1.6661e-05	-0.000140813	-1.53982e-06	8.69743e-05	-4.07462e-05	-0.000165421	0.231257	0.0960307	0.228967	0.1	0.0106212
1.7775	1.48329	-0.548581	0.000152488	-0.000382574	-7.60013e-05	5.20743e-06	0.000758308	-0.000203127	0.231228	0.0959953	0.228939	0.1	0.0053565
0.585062	0.79768	1.22991	0.000115237	-0.000212094	-1.77428e-05	-0.000478079	0.000223323	0.000235712	0.231098	0.0958324	0.22881	0.1	0.00418043
-0.413941	2.5905	-1.73251	-4.65861e-05	-0.000278894	-1.96194e-05	-4.28171e-05	-0.000187934	0.000171019	0.231097	0.0958312	0.228809	0.1	0.00893576
1.39023	3.39488	2.13699	-0.000224328	-0.000396258	5.53643e-05	0.000204157	-0.000198951	-0.00113895	0.230968	0.0956712	0.228681	0.1	0.0104287
1.50718	1.13317	-2.22769	7.29885e-07	-9.94027e-05	-9.43442e-06	-0.000344094	-0.00025361	-4.63228e-05	0.230925	0.0956178	0.228639	0.1	0.00449102
-1.00338	-0.624422	1.87381	4.27975e-05	3.46544e-05	-1.55099e-05	1.29204e-05	-0.000118275	-0.000253298	0.230853	0.0955284	0.228567	0.1	0.0110976
2.43025	-0.273885	-0.975978	8.15208e-07	-1.86518e-06	9.58933e-07	9.74329e-25	8.14235e-24	-1.75014e-24	0.230603	0.0952189	0.22832	0.1	0.0113711
0.0761345	-0.591026	-2.31052	5.28863e-05	3.48232e-05	3.65045e-05	0.000659521	-5.36831e-05	-0.000389303	0.230371	0.0949306	0.22809	0.1	0.00461912
-0.248555	-1.76231	-1.27407	5.39685e-05	0.000261571	-6.49929e-05	-0.000236026	1.48907e-05	-0.000149167	0.230367	0.0949265	0.228086	0.1	0.00876907
-0.080792	3.98077	-1.38357	-2.69978e-05	-0.000351634	-2.94316e-05	-0.000100368	-0.00027603	1.46879e-05	0.230224	0.0947498	0.227945	0.1	0.00492842
0.643248	1.19816	0.256344	7.25978e-06	-0.000232088	-0.000236853	0.000810964	9.34982e-05	0.000125103	0.22985	0.0942887	0.227574	0.1	0.00797901
-1.68331	-2.20725	0.402397	-3.51099e-05	0.000257539	-1.83638e-05	0.000303187	-2.52334e-05	0.000319056	0.22984	0.0942757	0.227564	0.1	0.00607649
0.198751	3.96312	0.285358	-0.000107076	-0.000483078	5.02225e-05	-0.000142211	-0.000173504	-0.000110525	0.229772	0.0941929	0.227497	0.1	0.00470665
-0.0595331	3.12305	-1.36732	-2.14697e-05	-0.000329249	3.48798e-06	-1.26683e-05	-4.891e-05	3.76679e-05	0.229716	0.0941249	0.227442	0.1	0.00629161
2.34913	3.5758	-1.04613	-0.000154239	-0.000250993	-4.62583e-07	-0.000564062	0.00019737	-0.000920179	0.229675	0.0940734	0.227401	0.1	0.00856376
0.895227	-2.89589	1.03797	-4.35946e-05	0.000231003	1.70463e-05	8.24328e-05	-2.50946e-06	0.000164151	0.229635	0.094024	0.227361	0.1	0.00624734
0.790482	-3.53636	-2.2884	-0.000115136	0.000434167	6.1476e-05	0.000614863	-0.000199847	0.000454635	0.229633	0.0940217	0.227359	0.1	0.0071458
-0.498651	3.6377	-0.0923047	-7.03975e-05	-0.000338583	-5.14795e-05	-3.5604e-05	1.45084e-06	7.35694e-05	0.229597	0.0939779	0.227324	0.1	0.00932231
1.88484	0.401758	0.993808	8.69477e-05	-3.32973e-05	-7.50465e-05	-5.60198e-06	-0.000503241	0.000204809	0.229587	0.0939654	0.227314	0.1	0.00849446
0.555922	-1.02222	-0.0331616	8.84525e-05	3.88353e-05	0.000109267	0.000166427	-0.000404373	0.000629647	0.229559	0.093931	0.227286	0.1	0.00678086
-0.760303	0.13723	0.00431385	-5.0029e-05	-4.15913e-05	8.31501e-05	-3.56587e-05	0.000532971	-9.79543e-05	0.229502	0.0938617	0.22723	0.1	0.00668155
-0.105153	-0.808483	-0.462847	4.97808e-05	3.01465e-05	-4.85467e-05	-0.000316807	-2.99179e-05	0.000178744	0.229294	0.0936058	0.227024	0.1	0.00625527
-1.04277	-3.01169	1.31156	-3.01638e-05	1.86169e-05	7.22319e-06	6.17418e-05	2.46985e-05	0.000161368	0.229262	0.0935673	0.226992	0.1	0.00736266
2.36294	1.20975	-1.15621	0.000145422	-0.000290138	3.85894e-05	7.78051e-07	-0.000875398	0.000396085	0.229043	0.0932983	0.226775	0.1	0.00660965
2.26919	0.649642	1.37447	-9.74919e-05	0.000123376	1.52294e-05	0.000340684	-0.000540758	0.00116546	0.229023	0.0932736	0.226755	0.1	0.00570183
2.0569	-3.88005	1.48713	-4.08843e-05	0.000442699	9.78235e-05	-7.77429e-05	0.000709619	7.3321e-05	0.22902	0.0932701	0.226752	0.1	0.00693336
2.17988	2.59987	-2.01499	-0.000107669	-4.17604e-05	-6.57096e-05	0.000189334	-0.00121027	-3.91919e-05	0.228994	0.0932399	0.226727	0.1	0.0080213
0.346682	-3.2895	2.33423	-5.91894e-06	0.00015744	5.20938e-05	-0.000569486	7.00401e-05	0.00057275	0.228978	0.0932202	0.226711	0.1	0.00623039
1.17497	2.70366	-1.06338	-0.000119674	-0.000334301	2.16415e-05	0.000602943	-0.000456984	0.000287493	0.228925	0.093155	0.226658	0.1	0.00701168
0.105423	0.67136	0.207937	1.09872e-05	-0.00018827	2.30546e-05	-0.000219221	3.79837e-06	7.10398e-05	0.228769	0.0929649	0.226504	0.1	0.00995213
1.50154	-1.03705	2.12536	-9.01246e-05	0.00012697	6.78953e-05	0.000281314	-0.000113613	-2.53794e-05	0.228681	0.0928573	0.226417	0.1	0.005079
0.125376	1.54566	-0.104933	-4.37934e-05	-0.000206217	-3.3346e-05	3.63152e-05	0.000534665	-0.000376816	0.228633	0.0927983	0.226369	0.1	0.00889821
-0.828419	3.9603	-1.35822	-4.6165e-06	-3.8532e-06	9.96726e-07	-1.63439e-25	1.3618e-23	2.29197e-23	0.228527	0.09267	0.226264	0.1	0.00965342
0.953805	0.828428	-2.17774	4.51579e-06	-0.000118313	-2.61209e-05	0.000316538	-0.000144537	-7.89137e-05	0.228372	0.0924815	0.226111	0.1	0.00928089
1.20666	-3.41866	-2.15264	-8.17697e-05	0.000385614	-2.70043e-06	-0.000403509	0.000159542	0.000614469	0.228275	0.0923635	0.226015	0.1	0.00666926
0.437451	-0.975281	1.23381	5.91619e-06	0.000147342	-9.85218e-06	-0.0002336	-5.05737e-05	0.000117699	0.228269	0.0923562	0.226009	0.1	0.00460037
2.38586	-1.9019	1.78441	-1.2738e-05	0.000302583	2.6181e-05	6.07514e-05	6.71517e-05	0.000509154	0.228148	0.0922089	0.225889	0.1	0.00856843
0.220637	3.72079	-0.386108	-5.52908e-05	-0.000521717	1.26351e-05	9.49305e-05	-0.000269124	-0.00108512	0.227891	0.0918988	0.225635	0.1	0.00517168
1.06473	-0.115873	-0.726688	-5.03659e-05	-0.000105279	1.07261e-05	-0.000507881	0.00021687	-0.000195061	0.2278	0.0917882	0.225545	0.1	0.0082549
-2.00805	-2.67352	1.50631	-4.32695e-05	0.000368294	3.04219e-06	-0.000181258	2.68704e-05	0.000147554	0.227735	0.0917093	0.22548	0.1	0.0120835
1.00167	1.18594	0.533025	-0.000105084	-0.000205595	-8.97073e-05	0.000146757	-0.000821147	0.000684574	0.227721	0.0916929	0.225466	0.1	0.00576169
1.70733	-2.35583	-2.2447	-5.8927e-05	0.000279123	9.67154e-05	-0.000239288	0.000696679	-0.000143054	0.227719	0.0916894	0.225464	0.1	0.00796697
1.60175	-0.531563	0.124704	-0.000119501	0.000104864	2.76678e-05	5.7653e-06	-0.000278041	0.000468996	0.227657	0.0916158	0.225403	0.1	0.00539126
2.14899	-3.49304	-0.794976	5.78637e-05	0.000248465	-0.000117672	-0.000864583	1.29629e-05	-0.00021091	0.227655	0.0916129	0.225401	0.1	0.00870249
-1.715	1.91056	-1.14022	7.32227e-05	-0.000128019	7.38203e-05	0.00052446	0.000102559	0.000371968	0.227637	0.0915917	0.225383	0.1	0.00590829
2.32508	-3.86057	-1.00739	2.36325e-09	-4.34303e-07	7.21222e-10	-6.22014e-42	-3.50022e-42	7.10743e-42	0.227625	0.0915767	0.225371	0.1	0.0103043
-2.39	-3.61655	-1.94283	5.25826e-05	0.000425294	9.98769e-06	-0.000383124	2.10599e-05	-1.20339e-05	0.227598	0.0915445	0.225345	0.1	0.00455294
1.12827	-1.70575	0.775743	7.65244e-06	0.000226669	2.3361e-05	-2.39431e-05	5.2724e-05	0.000108419	0.227427	0.0913378	0.225175	0.1	0.00506038
-0.936234	1.64865	1.95327	-1.87617e-05	-0.000101439	-8.89485e-05	-0.00052656	-0.000241648	-0.00010441	0.227288	0.0911706	0.225038	0.1	0.0065797
1.17064	3.13715	-1.27249	-0.000106498	-0.000306721	4.84806e-05	0.000543637	-0.000361294	-5.04095e-05	0.227272	0.0911519	0.225022	0.1	0.00663177
