-1.38113	1.20913	-1.02972	7.15745e-05	-0.000123136	-1.07033e-05	2.06462e-05	-4.0532e-05	-5.65027e-05	0.55482	1.32612	0.549327	0.1	0.0178628
2.15351	3.60348	2.24118	1.34601e-05	-0.00040144	6.66182e-06	-4.60834e-06	9.93824e-05	5.78897e-05	0.554711	1.32533	0.549219	0.1	0.01747
-0.825594	-1.25883	-0.920704	4.27151e-05	0.000202985	-0.000116241	8.0006e-06	2.86476e-05	-0.000167186	0.554426	1.32329	0.548937	0.1	0.0211361
-0.0778283	1.20592	-1.98489	2.5746e-06	-0.000234455	-4.86602e-05	0.000163046	-0.00012641	9.60035e-05	0.552434	1.30908	0.546964	0.1	0.0186402
2.47548	-3.32279	1.096	-6.32662e-07	0.000433816	1.74962e-06	0.000188277	-4.42544e-05	6.32162e-05	0.551275	1.30086	0.545817	0.1	0.0247392
-0.325938	-3.40718	-0.673058	-6.10127e-05	0.000378328	2.54815e-05	0.000147215	8.64192e-05	-3.92169e-05	0.548893	1.28407	0.543458	0.1	0.019125
-2.001	0.740502	-1.79326	6.35519e-05	-2.10568e-05	-3.90032e-05	0.000125394	-5.20801e-06	-2.15653e-05	0.548822	1.28357	0.543388	0.1	0.0203205
1.80501	3.98823	-0.362378	3.74718e-05	-0.000449283	-8.01967e-05	0.000210956	5.11663e-05	5.09083e-05	0.547774	1.27623	0.54235	0.1	0.0189875
-1.93322	-0.411828	0.669546	-4.53417e-05	1.06308e-05	-2.57838e-05	-9.38342e-05	-3.46908e-06	3.63465e-05	0.547358	1.27333	0.541939	0.1	0.0236141
-0.866189	-0.142623	0.725077	-6.23403e-05	-6.30115e-05	-2.88518e-05	3.40089e-05	4.66888e-06	-4.25893e-05	0.546952	1.2705	0.541537	0.1	0.0197852
2.10439	0.364701	-1.25254	4.97476e-05	-4.39757e-05	-3.90797e-05	1.46262e-05	2.70269e-05	-1.42955e-05	0.546649	1.26839	0.541237	0.1	0.0237578
1.20093	2.60027	-1.81555	-4.21307e-05	-0.000192969	5.7278e-05	-4.41605e-05	7.05917e-05	0.000176709	0.545348	1.25936	0.539949	0.1	0.0202537
-2.42518	-2.38951	0.43712	-3.60395e-05	0.000246557	2.24263e-05	0.000124099	5.11254e-05	1.1514e-05	0.545169	1.25811	0.539771	0.1	0.021104
-0.0570341	-3.12698	-2.02706	-8.3827e-06	0.000334608	7.45109e-06	5.0348e-05	-0.000148065	-6.07313e-05	0.544719	1.255	0.539326	0.1	0.0181253
-0.62533	3.34531	1.30046	2.24442e-05	-0.000302935	-3.2704e-05	0.000170157	0.000172888	-3.22257e-05	0.543689	1.24789	0.538306	0.1	0.0183872
2.18671	-2.49921	2.16903	3.51194e-05	0.000346642	2.84178e-05	-6.46821e-05	-7.27278e-05	-3.67163e-06	0.541854	1.2353	0.536489	0.1	0.0298484
1.49843	-2.01465	-1.29438	-2.96054e-05	0.000212611	5.23781e-05	1.94249e-05	1.93139e-05	4.00086e-05	0.540595	1.22671	0.535243	0.1	0.0257797
2.11133	2.83413	-1.29661	-2.70157e-05	-0.000301187	5.72082e-05	-0.000253592	-8.39253e-05	8.11036e-05	0.540372	1.22519	0.535022	0.1	0.0188807
0.243277	2.2238	-2.11557	3.64577e-06	-0.000257827	5.98181e-05	-7.21317e-05	-0.000114889	-8.13139e-05	0.540364	1.22514	0.535014	0.1	0.0169433
1.53172	1.88565	1.54205	-4.52181e-06	-0.000100843	5.42754e-05	-9.3739e-05	7.62831e-07	5.75363e-05	0.537534	1.20599	0.532212	0.1	0.0217735
1.81303	-2.98378	-0.0102483	-1.85182e-05	0.00027611	4.2766e-05	5.0933e-05	8.35081e-05	0.000100224	0.536704	1.20041	0.53139	0.1	0.0217692
-1.68399	1.6152	0.951755	-1.63184e-05	-0.00012139	8.50935e-05	0.000122108	-1.86639e-05	5.42202e-05	0.536645	1.20002	0.531332	0.1	0.0211392
0.661703	-1.8719	0.216289	-1.2086e-05	0.000196225	5.19814e-05	6.00519e-05	5.14057e-05	2.58886e-05	0.536462	1.19879	0.53115	0.1	0.0204495
0.369344	3.48994	1.65476	6.03215e-07	-0.000379741	1.43684e-05	-2.65212e-05	-0.000142873	5.54165e-05	0.53632	1.19784	0.53101	0.1	0.0224669
-1.13954	-2.57887	0.0582429	-1.51571e-05	0.000303337	-1.67529e-05	-0.000220685	3.82366e-06	7.49818e-05	0.535344	1.19131	0.530044	0.1	0.0179922
-0.268296	-2.48267	-1.1981	-3.20154e-05	0.000313661	5.05141e-06	-0.000228785	4.2327e-05	-8.87481e-05	0.534798	1.18767	0.529503	0.1	0.017425
1.35144	3.86497	1.57443	-1.85504e-05	-0.000402227	6.19104e-05	-2.99416e-05	4.22737e-05	-9.24943e-05	0.534761	1.18742	0.529466	0.1	0.0182461
0.793745	1.51972	-0.45121	-7.07302e-05	-0.000202827	-3.86384e-05	3.05622e-05	-0.000180262	-3.84724e-05	0.534328	1.18454	0.529038	0.1	0.018651
-1.45258	3.77046	0.0643094	-7.17916e-05	-0.000327611	-3.73132e-06	0.000133977	-1.92906e-06	0.000101396	0.533494	1.179	0.528212	0.1	0.0185422
-0.511724	1.93601	-1.32141	-4.89745e-06	-0.000291668	7.33731e-06	8.78327e-06	4.24853e-06	8.44494e-05	0.533315	1.17782	0.528035	0.1	0.0173693
-0.370487	3.52553	-0.832726	-6.4701e-05	-0.000349965	-4.97967e-05	-9.70449e-06	-6.83383e-05	1.01043e-05	0.533292	1.17767	0.528012	0.1	0.017758
-2.01827	-1.19538	-2.16258	-2.0568e-06	5.67251e-05	-0.000199329	0.000323922	-6.24728e-05	-5.41636e-05	0.533023	1.17589	0.527746	0.1	0.0220816
-1.75844	-3.10792	-2.20629	-8.12315e-06	0.000340686	9.68764e-06	1.97544e-05	4.17411e-05	4.19949e-05	0.53279	1.17434	0.527515	0.1	0.0255194
-0.0100378	-2.508	1.01611	-1.27347e-05	0.000242524	-3.5661e-05	-0.000147698	-9.34161e-05	2.60199e-05	0.532572	1.1729	0.527299	0.1	0.025693
-1.45422	3.56476	-1.71014	-2.0131e-05	-0.000317556	4.4501e-05	-0.000133696	0.000100256	-0.000129341	0.532055	1.16949	0.526787	0.1	0.0211212
0.454317	3.23464	-2.32533	-7.28792e-06	-0.000304909	2.12398e-05	-2.59909e-05	-2.24406e-05	0.000121454	0.531483	1.16572	0.526221	0.1	0.0246913
2.4205	0.172492	-2.48404	4.19243e-05	3.38111e-05	-3.90047e-05	-7.26653e-05	2.92468e-05	-5.23647e-05	0.530981	1.16242	0.525724	0.1	0.0204564
-0.173069	-1.18753	-1.76609	3.6183e-05	0.000145455	-9.24543e-05	-3.52284e-05	-2.18511e-05	6.82134e-05	0.53052	1.15939	0.525267	0.1	0.0201113
-0.933591	-3.46387	0.587622	-1.58681e-05	0.00038415	4.12234e-05	4.35738e-05	8.65119e-05	-0.000183308	0.529592	1.15332	0.524349	0.1	0.0180109
-0.0773082	-3.58088	1.37625	-4.33522e-05	0.000378964	-3.80198e-06	6.69688e-05	-5.52525e-05	0.000126056	0.528499	1.14619	0.523266	0.1	0.0217267
2.04588	0.789631	-0.234417	-4.18252e-05	9.14182e-06	6.1997e-05	5.98668e-05	8.1873e-05	0.000160906	0.527475	1.13954	0.522252	0.1	0.0238682
0.552174	3.52547	-1.32592	-4.62648e-05	-0.000325652	1.51568e-05	6.79815e-05	-3.23145e-05	8.73021e-06	0.527182	1.13765	0.521962	0.1	0.0189223
-2.41538	0.782851	0.659022	-2.24063e-06	-7.92752e-05	3.64607e-05	0.000250131	-2.42714e-06	3.86253e-05	0.527004	1.1365	0.521786	0.1	0.0271513
2.40861	-1.13766	1.7681	-4.73057e-05	0.000265304	6.41293e-05	-5.05352e-05	0.000112035	-0.000319869	0.526785	1.13507	0.521569	0.1	0.0199709
0.0775643	-3.33078	0.377129	-3.14201e-05	0.00025095	-1.85219e-05	0.000105037	7.0751e-05	-9.03202e-05	0.526637	1.13412	0.521423	0.1	0.0174781
0.545902	2.72642	0.958756	6.39607e-06	-0.000314981	-3.65381e-05	0.000184743	0.000128331	-3.71115e-05	0.524764	1.12206	0.519568	0.1	0.0166271
-2.44266	3.88255	0.37352	-4.3725e-05	-0.000337902	4.40209e-06	-0.00016114	2.72172e-05	-0.000100139	0.523709	1.11531	0.518524	0.1	0.0234136
-2.48996	3.68681	-1.75936	-1.68275e-05	-0.000378133	-5.40713e-06	-2.40519e-05	-0.000178732	2.65772e-05	0.523479	1.11384	0.518296	0.1	0.0181395
1.50599	0.935187	2.04105	0.00010128	-2.86739e-05	-2.5371e-05	0.000119339	-0.000100819	-6.17735e-05	0.521989	1.10436	0.516821	0.1	0.0188466
-1.84603	-1.87267	-0.277019	-5.88622e-05	0.00019379	-2.67309e-05	3.16329e-05	0.000284808	-0.000366239	0.521432	1.10083	0.516269	0.1	0.0213183
-0.402897	1.78446	1.46295	1.84286e-05	-0.000239132	-8.40059e-06	1.74064e-05	9.11839e-05	-1.75748e-05	0.521217	1.09946	0.516056	0.1	0.0232587
-2.00371	-3.86418	1.83996	1.63059e-06	0.000428822	-1.19832e-05	-9.18275e-05	-2.36895e-05	4.94395e-05	0.518617	1.08309	0.513482	0.1	0.0163827
2.08626	-0.0939525	0.465248	-3.02624e-05	-2.17123e-06	-1.05724e-05	-8.42962e-05	8.0578e-05	-9.33004e-05	0.517898	1.07859	0.51277	0.1	0.0209398
2.33581	-1.06381	-0.93269	-8.96637e-06	0.000102615	-2.40421e-05	0.000258003	3.73796e-05	1.53286e-05	0.517716	1.07746	0.51259	0.1	0.0235234
1.56514	3.71997	-1.34874	-4.94835e-05	-0.000348863	-5.57442e-05	-3.24513e-05	0.000143851	-4.70454e-05	0.5171	1.07361	0.51198	0.1	0.0165564
-1.87565	2.6529	-1.46937	-3.66049e-05	-0.000265018	7.5628e-05	0.000148481	8.48493e-05	1.30854e-05	0.516716	1.07123	0.5116	0.1	0.0205099
-1.94207	0.340872	-0.820748	2.24202e-05	-5.4892e-05	-4.24959e-05	-6.70554e-05	-4.88088e-05	-5.49433e-05	0.515931	1.06635	0.510823	0.1	0.0241096
1.14516	3.19397	-0.548031	-2.52544e-05	-0.00038766	-2.5408e-06	-0.000169687	0.000196417	-0.000175204	0.515901	1.06617	0.510793	0.1	0.0138874
1.54558	2.04238	-0.931326	-1.26371e-05	-0.000249375	8.30373e-05	6.84347e-05	-3.27254e-05	-6.39011e-05	0.51576	1.06529	0.510653	0.1	0.0164262
-1.90361	-2.0411	1.95425	3.8115e-05	0.000269465	-6.20743e-06	-9.75765e-05	8.39468e-05	-0.000105243	0.514995	1.06056	0.509896	0.1	0.0258809
-0.430634	3.4893	-1.86345	-2.06034e-05	-0.000381348	-2.83306e-05	-7.20805e-05	-2.35293e-05	3.68204e-05	0.514003	1.05444	0.508914	0.1	0.020555
0.738284	0.113456	2.46075	5.92209e-05	3.42252e-05	-4.00065e-05	5.28591e-05	5.14408e-05	-9.06349e-05	0.512599	1.04583	0.507524	0.1	0.0184798
0.540421	-0.331569	1.5744	-9.15666e-06	0.00014443	-6.0866e-05	0.000111949	3.60949e-05	-4.90161e-05	0.51184	1.04118	0.506772	0.1	0.0180566
-2.05599	-3.49184	-1.29773	-1.24896e-05	0.000403383	1.13683e-05	-6.73018e-05	-2.71159e-05	-0.000176535	0.511673	1.04017	0.506607	0.1	0.0212461
-0.450491	0.813979	0.699371	-3.37993e-05	-9.39693e-05	3.03891e-05	6.93884e-05	1.60438e-05	-5.02809e-05	0.511494	1.03908	0.50643	0.1	0.0238292
0.881783	-3.19182	-1.50725	3.52841e-05	0.000338978	4.20385e-05	5.06981e-05	-2.46852e-05	0.000100771	0.510448	1.03272	0.505394	0.1	0.0177862
-1.25119	3.46709	2.13399	-9.15357e-05	-0.000320675	4.49402e-05	-0.000332221	0.000186582	-0.000141618	0.509646	1.02785	0.5046	0.1	0.0214834
0.829894	-2.73777	-2.40328	6.47632e-08	0.000296173	3.82332e-05	-0.000123105	5.96675e-05	3.08151e-05	0.508542	1.02119	0.503507	0.1	0.0203356
-0.635591	-0.424946	-2.26411	4.04118e-05	7.24226e-05	-0.000116611	-5.57094e-05	2.99853e-05	-2.48085e-05	0.508425	1.02048	0.503391	0.1	0.0180998
1.45043	-0.439218	-1.33705	6.11553e-05	-3.57821e-05	1.32015e-05	-0.00015667	-2.76259e-05	3.18754e-05	0.506867	1.01114	0.501849	0.1	0.0187169
1.3775	1.79788	-2.44423	4.85457e-05	-0.000120522	4.92308e-05	9.16878e-05	7.59852e-05	0.000168152	0.505037	1.00022	0.500037	0.1	0.0184359
-1.20858	2.68911	-2.23474	8.58575e-06	-0.000255172	9.42743e-05	0.000197446	-1.58197e-05	0.000248156	0.504957	0.999745	0.499957	0.1	0.0225109
-2.30144	-3.3837	-0.331945	-2.55027e-05	0.000411973	-1.09411e-05	7.97585e-05	-1.69658e-05	5.45257e-05	0.504939	0.999642	0.49994	0.1	0.0182483
-0.172385	-0.435733	-1.07952	7.46093e-06	1.26048e-05	-5.30421e-06	0.000327431	-0.00020101	-0.000193354	0.504901	0.999415	0.499902	0.1	0.0167199
0.428943	-0.356045	-0.285959	-3.92463e-05	-8.30417e-05	5.09752e-05	-0.000111213	0.000127242	-0.000224165	0.504788	0.998742	0.49979	0.1	0.0151779
0.700122	-0.691044	-1.94125	5.97978e-05	8.99744e-05	4.52061e-06	0.000294976	-1.85065e-05	-0.00022131	0.503937	0.993701	0.498948	0.1	0.0193863
-1.00524	-2.22188	1.4186	9.08079e-06	0.000342582	2.23095e-05	-2.42762e-05	-3.17157e-05	-4.84817e-05	0.503345	0.990196	0.498361	0.1	0.0181486
-1.02914	0.371631	-1.8093	4.41726e-05	1.03466e-05	-7.96348e-05	0.000115971	2.24297e-05	7.54442e-05	0.503196	0.989325	0.498214	0.1	0.0182154
1.33139	-1.45725	-0.44379	-1.45954e-05	0.000174341	4.59303e-05	2.17374e-05	-2.41627e-05	-6.0887e-05	0.502585	0.985721	0.497609	0.1	0.0196467
-0.918817	0.805044	-0.184765	-2.73968e-07	-0.000129093	2.16439e-05	-8.50985e-05	-9.21377e-05	-8.67994e-05	0.501771	0.98094	0.496803	0.1	0.0187965
0.270269	-2.63692	-0.335309	-2.19405e-05	0.000269299	3.38719e-05	3.03313e-05	1.96681e-05	-5.95727e-05	0.501401	0.978774	0.496437	0.1	0.0205283
2.33225	-1.45385	0.796526	-2.67617e-05	0.000202071	5.55725e-05	-8.10275e-05	1.47427e-05	-3.05973e-05	0.501352	0.978484	0.496388	0.1	0.0170012
-1.54279	1.4039	2.25274	3.41402e-05	-0.000120237	8.65845e-06	5.17537e-05	0.000142022	0.000157888	0.501333	0.978374	0.496369	0.1	0.0186187
-0.419973	2.77079	2.12983	5.5947e-05	-0.000215897	-8.84198e-06	-0.000358495	-5.50415e-05	-5.16684e-05	0.500305	0.972365	0.495351	0.1	0.0225821
1.75044	-1.91023	1.44863	-3.99435e-05	0.000261547	3.40935e-05	4.37797e-05	-3.09178e-05	-3.07867e-05	0.500134	0.971369	0.495182	0.1	0.0138448
-0.333222	-2.11357	-2.14814	4.7074e-05	0.000156759	-4.58932e-05	-6.68851e-05	-0.00014212	-0.000125535	0.500114	0.971254	0.495162	0.1	0.0222442
1.20554	3.90908	-2.41681	-2.40069e-05	-0.000336677	4.13101e-05	-7.37025e-05	-7.02861e-05	-0.000124888	0.499003	0.964792	0.494062	0.1	0.0191733
0.50413	-1.89484	-1.50827	1.2877e-05	0.000205597	-1.3889e-05	-3.91639e-05	-0.000170372	-2.51198e-05	0.49838	0.96119	0.493446	0.1	0.0171963
-0.11502	-1.22457	0.107224	6.78072e-06	0.000151135	-1.9574e-06	-2.20547e-05	-0.000251494	2.08898e-05	0.498014	0.959069	0.493083	0.1	0.0151807
-1.1114	-1.56152	-1.8735	2.17431e-05	0.000217789	-0.00010138	-0.000111881	-7.61707e-05	-0.000235798	0.49782	0.957951	0.492891	0.1	0.0204271
1.51738	-3.26872	2.11438	3.69458e-05	0.000390603	2.24764e-05	-3.15373e-05	-2.17602e-05	-2.5569e-05	0.497807	0.957872	0.492878	0.1	0.0171877
-2.27767	2.67415	-0.487844	-1.62263e-05	-0.000214944	5.44493e-05	-3.43063e-05	0.000156475	-0.000201766	0.497805	0.957862	0.492876	0.1	0.0218989
-1.62637	-2.80919	0.924596	5.00399e-07	0.000378912	2.15279e-05	-0.00017537	-3.70133e-05	0.000237706	0.496356	0.949524	0.491442	0.1	0.0151727
-1.29688	2.64846	0.965768	2.09911e-06	-0.000269944	2.1949e-05	-7.89016e-05	7.33995e-05	7.31892e-05	0.495653	0.945496	0.490746	0.1	0.0174435
-0.920072	-3.67165	-2.14081	-1.01194e-05	0.000385752	-4.94405e-05	-1.24577e-05	6.45399e-05	-2.59696e-05	0.495534	0.944815	0.490628	0.1	0.0190671
-1.3525	-3.3914	-0.59922	-3.63999e-05	0.000403681	3.38162e-05	-0.000169331	-6.30308e-05	-2.57312e-05	0.49547	0.944444	0.490564	0.1	0.0162933
-1.27555	2.27203	1.87056	5.03665e-05	-0.0001402	4.74843e-05	2.02028e-05	-6.51665e-05	-0.000229927	0.495413	0.94412	0.490508	0.1	0.0196985
2.4316	1.86849	-1.36385	5.28633e-05	-0.000253742	0.000135409	0.000129079	8.39328e-05	0.000116683	0.493724	0.934499	0.488836	0.1	0.0163514
-1.71846	1.74598	-1.84472	4.12402e-05	-0.000180598	3.47583e-06	-1.6147e-05	2.38736e-05	0.000210409	0.493582	0.933695	0.488695	0.1	0.0147881
0.806034	1.638	-1.49682	1.42553e-05	-0.000167435	0.000116898	-2.01308e-05	5.35549e-06	0.000290943	0.493482	0.933124	0.488596	0.1	0.0206904
0.879201	0.509224	-0.432889	-2.57181e-05	-0.00015102	-5.32657e-05	9.41941e-06	5.00451e-05	0.000109094	0.49325	0.93181	0.488366	0.1	0.0207962
0.683654	3.97554	0.817165	5.37184e-05	-0.000464778	-3.10157e-06	-0.000111276	-0.000214436	0.000144436	0.492733	0.92888	0.487854	0.1	0.017873
0.158011	0.038394	0.597241	3.31136e-05	-1.55417e-05	3.1848e-05	-0.00014018	9.91411e-05	0.000245205	0.492579	0.928012	0.487702	0.1	0.0171834
1.27228	2.63863	0.26685	4.36624e-05	-0.00034997	-4.83529e-06	0.000113733	-3.39443e-05	0.000204092	0.492206	0.925909	0.487333	0.1	0.0144696
0.760665	0.228793	-1.55364	1.46705e-05	-0.000130678	-2.99282e-05	0.000259057	-0.000163021	0.000214313	0.490982	0.919016	0.486121	0.1	0.0210658
-1.21892	-2.20906	-0.98121	-3.64225e-05	0.000259015	-3.11299e-05	-0.000280206	-0.000276671	3.59412e-06	0.490889	0.918492	0.486029	0.1	0.021088
-0.397657	-0.644399	1.48179	1.1578e-05	-4.96666e-06	-7.69558e-05	-0.000132362	0.000147629	0.00015231	0.490378	0.915628	0.485523	0.1	0.0206723
1.57598	-2.84666	1.23533	-2.47829e-05	0.000306237	9.97096e-06	1.86235e-05	-5.24053e-06	0.000102164	0.489482	0.910617	0.484636	0.1	0.0199982
-2.19294	2.77015	1.32349	3.25518e-05	-0.000238072	3.29829e-05	-0.000124708	-2.88008e-05	-7.93382e-05	0.489469	0.910544	0.484623	0.1	0.0148297
2.26292	-2.43527	-1.81763	-1.66808e-05	0.0002927	2.50284e-05	0.000180395	-2.73677e-05	2.12088e-05	0.489084	0.908401	0.484242	0.1	0.0164329
-2.15363	0.987878	1.60836	2.43333e-05	-0.000167425	4.84146e-05	4.72379e-05	8.82511e-05	0.000140874	0.488971	0.907768	0.48413	0.1	0.02159
0.971808	-1.94473	2.0346	-2.13657e-05	0.000243915	2.47955e-06	3.00419e-05	2.86949e-05	-4.90142e-05	0.4888	0.906812	0.48396	0.1	0.0186128
1.58767	-2.14794	0.510044	-2.28807e-05	0.000235944	4.67391e-05	-3.51744e-05	-3.57693e-05	4.6492e-06	0.488326	0.904178	0.483491	0.1	0.0193256
-0.717859	-0.532192	-0.205082	6.85813e-06	8.23102e-05	-4.33943e-05	0.000243161	-0.000107816	0.000223633	0.48828	0.903926	0.483446	0.1	0.0156218
-2.01283	2.98389	0.400113	-5.31382e-06	-0.000283569	3.39519e-05	2.13885e-05	9.48891e-05	0.000182452	0.488206	0.903513	0.483372	0.1	0.022518
1.58386	-3.6561	0.707342	1.68057e-05	0.00030262	4.7067e-05	-0.000115338	-6.25321e-05	-5.87458e-05	0.488125	0.903063	0.483292	0.1	0.0194296
0.0545222	1.64914	0.587001	2.68103e-05	-0.000171017	-1.26406e-05	-0.000119057	0.000110154	-9.6994e-05	0.486774	0.895587	0.481954	0.1	0.0172895
1.40829	-0.429543	1.10455	-5.82124e-06	8.7855e-05	3.46018e-05	-3.3236e-05	1.58581e-05	1.21855e-05	0.486222	0.892545	0.481408	0.1	0.0146141
2.33156	-0.513186	-1.75787	4.98322e-05	0.00012248	8.74666e-06	-8.51027e-05	9.15274e-05	-0.000100443	0.485931	0.890944	0.48112	0.1	0.0211694
-1.06451	-3.75018	1.53816	9.85979e-06	0.000458132	3.91864e-05	-0.000131951	-1.6477e-05	0.000100638	0.485684	0.889585	0.480875	0.1	0.0151046
2.10971	2.48491	0.721858	4.12806e-05	-0.000221565	2.21779e-05	-0.000149299	-3.90712e-05	6.90463e-05	0.485546	0.888831	0.480739	0.1	0.0207501
-1.77257	-0.241352	-1.95644	5.07581e-05	5.83223e-06	-6.83531e-05	-8.51189e-05	3.0682e-05	-6.49512e-05	0.484993	0.885791	0.480191	0.1	0.0205178
-0.640908	1.04814	2.17376	2.8269e-05	-5.08138e-05	-9.53456e-05	0.000198048	-3.51127e-05	-2.57038e-05	0.484263	0.881798	0.479468	0.1	0.0161557
-1.83137	-1.50864	-1.22546	-3.80997e-06	0.000227531	-0.000145392	0.000257325	-2.73068e-05	4.3574e-05	0.483863	0.879615	0.479072	0.1	0.0223064
-1.79353	-1.83133	0.999588	-2.96019e-05	0.000202673	4.38605e-06	-1.76738e-07	7.89126e-05	5.06061e-05	0.48386	0.879599	0.479069	0.1	0.0157769
1.71445	-0.128271	-0.448684	-1.03737e-05	2.1521e-05	-7.73575e-08	6.35722e-05	-0.000116108	-1.21833e-05	0.483476	0.877508	0.478689	0.1	0.0170046
0.510775	2.54036	1.95411	-2.94619e-05	-0.000344471	7.90407e-05	-0.000107172	9.10019e-05	-0.000101765	0.483004	0.874942	0.478222	0.1	0.0162459
0.29175	0.918269	-1.0775	-4.46801e-05	-0.000200333	-4.05377e-05	-0.000186801	3.08142e-05	-9.57575e-05	0.482785	0.873753	0.478005	0.1	0.018102
-1.28797	-1.19872	0.498817	-4.77237e-05	0.000123879	-6.40614e-05	-9.46196e-05	0.000122366	-0.000205595	0.482566	0.872562	0.477788	0.1	0.0149323
-0.0138584	0.655648	1.56261	8.02579e-05	-7.1596e-05	-3.98695e-05	6.18795e-05	-0.000301818	-0.000145427	0.482132	0.870207	0.477358	0.1	0.021212
1.93284	2.52402	2.21208	4.83238e-06	-0.000111999	5.22508e-05	0.000112267	-1.48913e-05	-0.000130313	0.48194	0.869166	0.477168	0.1	0.0197592
-0.589114	2.62615	-0.474179	-3.37884e-05	-0.000250522	2.38264e-05	-0.000183818	3.36494e-05	5.92783e-05	0.481933	0.86913	0.477161	0.1	0.0218227
-1.42495	0.697584	0.637007	-1.81961e-05	-6.80667e-05	6.82778e-06	3.25084e-05	4.36496e-05	-3.16367e-05	0.481479	0.866677	0.476712	0.1	0.0217924
1.02708	-3.34439	-0.523857	-3.5682e-05	0.000318402	5.02009e-05	2.62991e-05	-4.81011e-05	-0.000148428	0.480917	0.863644	0.476155	0.1	0.014318
-0.908738	-1.54513	2.17406	8.96476e-05	0.000170893	-0.000108295	4.67503e-05	3.57567e-05	-9.86291e-05	0.480468	0.861231	0.475711	0.1	0.0174749
1.54341	0.448202	-2.09284	4.76113e-05	-8.44243e-06	-2.08454e-05	0.000145271	-1.8766e-05	0.000124942	0.47986	0.857968	0.475109	0.1	0.0153267
0.461344	2.60505	-0.936565	-9.83179e-05	-0.000311322	4.2864e-05	0.000101041	-0.00015325	-6.25273e-05	0.478966	0.853181	0.474224	0.1	0.0185621
1.22912	0.501609	1.19747	6.99223e-05	5.81837e-05	-3.31352e-05	-5.22427e-05	7.20653e-05	-0.000153084	0.478473	0.850548	0.473736	0.1	0.0182905
-2.45887	0.0281491	1.49822	-1.35082e-05	7.94025e-05	-3.79463e-05	0.00011893	-3.24041e-05	-7.05114e-05	0.478412	0.850219	0.473675	0.1	0.0225547
-1.6932	1.37074	-0.0714857	-1.39014e-05	-0.00017498	-4.82372e-05	8.12333e-05	-0.000106763	0.000172717	0.47793	0.847656	0.473198	0.1	0.0182816
-1.07285	-3.0297	-1.4452	2.57938e-05	0.000279134	1.63457e-05	0.000256341	-1.91743e-05	-1.79245e-05	0.477808	0.847007	0.473077	0.1	0.0267041
2.22115	3.51547	1.22705	-1.81379e-05	-0.000318315	1.3208e-05	0.00011829	-5.9646e-06	0.0002502	0.477733	0.846607	0.473003	0.1	0.0212042
-2.04489	2.70954	2.26919	1.79798e-05	-0.000210486	9.07522e-05	6.0889e-05	6.88087e-05	-3.91153e-05	0.477694	0.846395	0.472964	0.1	0.0163861
-0.646644	1.92512	-2.46813	-2.47306e-07	-0.000142597	5.48333e-05	0.000184078	8.97346e-05	-8.85244e-05	0.477155	0.843541	0.472431	0.1	0.0175253
-0.74995	3.11215	0.32367	-4.6856e-05	-0.000254977	3.947e-06	-3.14307e-05	-0.000107312	3.90995e-05	0.47715	0.843513	0.472426	0.1	0.0200956
-0.702619	0.132048	1.94415	6.11134e-06	-7.48846e-06	-0.000136041	-9.1758e-05	6.98204e-05	9.42075e-06	0.477062	0.843044	0.472339	0.1	0.0200971
-1.5149	0.0184173	1.48207	-2.73376e-05	-2.61966e-05	-3.76108e-05	8.58524e-05	1.97915e-05	-0.000160489	0.476857	0.841959	0.472136	0.1	0.0199051
1.24007	-1.09315	0.449353	-4.08248e-06	0.000143233	4.50044e-05	5.35904e-05	1.76041e-05	-3.74879e-05	0.476785	0.841575	0.472064	0.1	0.0142339
-0.363662	3.85932	2.22169	-4.69457e-05	-0.000411514	-6.17132e-05	0.00010982	-5.87513e-05	-5.87044e-05	0.475355	0.834028	0.470649	0.1	0.0190785
-1.67417	-0.798064	1.92639	1.70538e-05	0.000130993	-7.21669e-05	7.47264e-05	0.000137472	0.000190711	0.475269	0.83357	0.470563	0.1	0.0179866
-1.65218	0.451668	2.30175	4.89781e-05	-8.11887e-05	-2.44167e-05	4.32404e-05	-3.93281e-05	-0.000161826	0.474862	0.83143	0.47016	0.1	0.0176098
2.02535	-2.79873	-0.966498	-1.11377e-06	0.000293827	7.60364e-05	-2.33139e-05	-0.000156171	0.000124293	0.474508	0.829578	0.46981	0.1	0.0199353
-2.17934	1.9289	1.76159	-2.83607e-05	-0.000177322	9.29977e-05	-3.02249e-05	1.65703e-05	-3.55743e-05	0.474403	0.829024	0.469706	0.1	0.018982
-2.37907	-0.364431	-0.309637	-9.54192e-06	5.28133e-05	1.05716e-05	-0.000147673	-4.9578e-05	-5.17701e-06	0.473731	0.82551	0.469041	0.1	0.0225162
-1.06897	-0.0715989	-0.95418	3.15211e-05	5.21926e-06	-8.43258e-05	-0.000376582	1.95707e-05	-0.000167184	0.47183	0.815609	0.467158	0.1	0.0188202
0.694615	-3.04207	1.67959	9.91203e-06	0.000274224	3.21041e-05	-0.000374165	0.000144735	8.03707e-05	0.471086	0.811759	0.466422	0.1	0.0166106
-0.443829	-1.99836	-0.3461	-2.32696e-05	0.000237226	-6.38953e-05	-0.000149374	-0.000152602	5.37499e-05	0.470528	0.808876	0.465869	0.1	0.0222598
-2.14824	-2.38113	-1.07111	-2.29144e-05	0.000271968	-3.6175e-05	-0.000462927	0.000162671	-0.000102763	0.470355	0.807987	0.465698	0.1	0.0164605
0.47554	3.31894	0.148687	1.10514e-05	-0.000403524	2.02165e-05	3.45558e-05	-9.82551e-05	0.000371433	0.470211	0.807242	0.465555	0.1	0.017263
-1.15536	-2.40313	2.45431	1.82487e-05	0.000247232	-4.48756e-05	-0.000154481	8.04873e-05	-0.000163783	0.47002	0.806259	0.465366	0.1	0.0195222
0.552382	1.03846	2.24258	0.000120534	3.04942e-05	-3.07272e-06	-1.49052e-05	0.000158303	-8.43546e-05	0.46956	0.803896	0.464911	0.1	0.015912
-0.0937493	-1.09235	2.2558	6.85343e-05	0.000139357	-6.15214e-05	-2.59555e-05	-0.000111711	0.000114243	0.469458	0.803373	0.46481	0.1	0.0181947
-0.630163	-1.85983	0.603005	-5.75313e-05	0.000133065	-9.84788e-05	1.26295e-05	4.18091e-05	0.000189975	0.469446	0.803307	0.464798	0.1	0.020391
-0.789081	1.72209	-0.393926	3.46464e-05	-0.000195829	3.95667e-05	0.000111377	-5.02218e-05	4.40006e-05	0.468782	0.799905	0.464141	0.1	0.0167638
1.13135	-0.0469679	0.29048	-8.01341e-06	-2.73446e-05	-8.94627e-06	-0.000231447	-8.52099e-05	7.20653e-05	0.467379	0.792743	0.462751	0.1	0.0164484
1.81043	-0.351421	1.94978	8.37012e-06	7.39109e-05	5.58498e-06	2.63223e-05	3.05698e-05	-7.6409e-05	0.467217	0.791923	0.462591	0.1	0.0178507
-0.18596	-2.12981	1.90986	3.56908e-05	0.000222151	-2.96412e-05	0.000237979	0.000169273	-0.000114769	0.466675	0.789165	0.462054	0.1	0.0162599
1.64446	1.20046	-1.54622	5.5774e-05	-4.52032e-05	3.17849e-05	2.64242e-05	0.000183397	-3.9087e-05	0.466232	0.786924	0.461616	0.1	0.0140601
-0.69367	2.18588	0.396654	6.95183e-06	-0.000227014	2.90498e-05	-3.53788e-05	7.48108e-05	0.000131335	0.466205	0.786785	0.461589	0.1	0.0176433
-0.906127	2.83869	-1.32959	-1.67429e-05	-0.000323767	9.0071e-06	-2.03707e-05	6.20777e-05	-6.5866e-05	0.466076	0.786131	0.461461	0.1	0.0150623
0.91136	-2.81783	0.35781	-1.61713e-05	0.000206608	3.17336e-05	1.78816e-06	-0.000124682	-9.68846e-07	0.465707	0.784266	0.461096	0.1	0.0217261
-1.84481	-2.16052	-1.95489	-4.04333e-05	0.000323632	-4.36005e-05	-0.000128684	1.96874e-05	1.85652e-05	0.465684	0.784148	0.461073	0.1	0.0209919
-1.43071	2.34868	-0.175633	-1.37246e-05	-0.000262947	2.4626e-05	3.68767e-06	-0.000102081	4.84507e-05	0.46529	0.782163	0.460683	0.1	0.0156611
1.97013	1.75746	0.0350037	1.05399e-05	-0.00019443	-0.000114462	-0.000496486	-0.000548264	-4.15404e-05	0.464712	0.779251	0.460111	0.1	0.0164671
0.819497	-1.031	2.17601	3.2025e-05	0.000218866	-1.46843e-05	-4.36134e-05	1.09556e-05	1.70032e-05	0.464331	0.777336	0.459734	0.1	0.0132275
1.78879	-1.61171	2.35879	-6.13675e-05	0.000273503	4.89679e-05	0.000209092	-5.0696e-05	0.000209737	0.463321	0.772277	0.458734	0.1	0.0142491
-2.19799	2.07861	0.24541	-1.24921e-05	-0.000244935	1.0774e-05	0.000106729	0.0001217	-0.000151184	0.462664	0.768994	0.458083	0.1	0.0166955
0.563073	1.8294	1.35311	2.23879e-05	-0.000229218	-1.83874e-05	0.000407937	-5.8151e-05	0.000283459	0.462514	0.768246	0.457935	0.1	0.0126709
2.04975	-1.01799	0.000823954	-1.73499e-05	0.000125722	4.29106e-05	-6.13988e-05	-8.64596e-06	-3.44072e-05	0.462457	0.767963	0.457878	0.1	0.0156229
1.00521	-1.32436	1.33116	3.04825e-06	0.000225284	-4.72129e-06	3.61204e-05	1.94988e-05	-7.68879e-05	0.460448	0.757998	0.455889	0.1	0.0144463
2.03251	-3.45878	-1.60838	2.68901e-05	0.000411229	2.13335e-06	0.000261675	-1.70385e-05	-0.000196342	0.4597	0.75431	0.455149	0.1	0.0129645
2.05812	3.11248	0.0342757	5.27446e-05	-0.000409674	-9.93647e-05	-0.0002903	1.79588e-06	-3.76476e-05	0.459434	0.752999	0.454885	0.1	0.0208351
-1.54832	-3.01215	1.84228	-1.64588e-05	0.000428173	2.40697e-05	0.000141366	-4.18303e-05	-2.22858e-05	0.45935	0.752587	0.454802	0.1	0.0219044
0.158418	-1.52058	0.984732	7.92938e-06	0.000193617	4.95275e-05	-0.000112442	-1.35798e-05	-0.00014213	0.459269	0.752192	0.454722	0.1	0.0153353
-2.47908	1.93713	-2.36643	2.07277e-05	-3.21191e-05	9.84284e-05	-0.000127198	0.000115838	-0.000231305	0.459266	0.752174	0.454719	0.1	0.0180226
-0.174777	0.334663	-0.526816	-5.04732e-06	-9.13152e-05	7.41681e-05	-7.43229e-05	9.64651e-05	0.00015399	0.459194	0.751823	0.454648	0.1	0.0184877
1.45961	2.99102	1.15059	-1.57359e-05	-0.000328311	-8.21922e-06	0.000252535	-8.35399e-05	0.000119288	0.459118	0.751448	0.454572	0.1	0.0188292
2.18361	1.09921	-2.2855	7.59811e-06	-1.52845e-05	6.37955e-05	0.000290885	0.000113188	0.000168196	0.459006	0.750894	0.454461	0.1	0.0141644
2.07861	-1.40574	-1.80427	-4.83824e-05	0.000181756	5.10906e-05	2.97094e-05	9.08641e-05	-0.00012308	0.458587	0.748846	0.454047	0.1	0.0218995
-1.46446	3.1178	-0.665836	4.88562e-07	-0.000299955	-1.3388e-05	-8.93534e-05	-5.56641e-05	6.5704e-05	0.458044	0.746189	0.453509	0.1	0.018215
2.33712	1.64105	1.03515	-5.02294e-06	-0.000157267	0.000109561	-4.4269e-05	-8.97831e-05	-9.42437e-05	0.458039	0.746161	0.453504	0.1	0.0157195
-2.14394	3.71119	-0.632391	-1.72465e-05	-0.000352797	-4.36963e-05	2.08821e-05	3.21627e-05	1.01589e-05	0.457054	0.74136	0.452529	0.1	0.0197981
-1.44279	0.0332057	-0.0632897	-5.1479e-05	-4.6239e-05	-1.8816e-05	1.76587e-05	-5.98549e-05	-2.89944e-05	0.456744	0.739852	0.452222	0.1	0.0175583
1.17277	-2.3867	-0.443107	-3.29691e-05	0.00021634	4.95541e-05	-5.89859e-05	-6.23102e-05	-8.22682e-06	0.456538	0.738849	0.452018	0.1	0.0145372
2.38659	-3.42528	2.44316	7.58135e-06	0.000366588	2.6335e-05	9.40068e-05	1.35535e-07	-2.91703e-05	0.456295	0.737671	0.451777	0.1	0.0168524
-1.66191	-0.735633	-0.745823	-1.12892e-05	9.79572e-05	1.1212e-05	0.000179782	7.39981e-05	1.54298e-06	0.4556	0.734306	0.451089	0.1	0.0190472
-0.643574	-2.96806	1.87233	-1.60439e-05	0.000353651	2.2942e-05	-7.77433e-05	0.000212479	-0.000101957	0.45547	0.733674	0.45096	0.1	0.0131891
0.165664	2.20424	-0.149989	-2.535e-05	-0.00020658	-2.7697e-05	7.89313e-05	0.000143467	-5.40031e-05	0.455436	0.733515	0.450927	0.1	0.0141541
1.66154	1.14834	0.634985	-4.82862e-05	-5.18575e-05	-1.68416e-05	9.03132e-05	0.000373069	-3.48997e-06	0.45531	0.732903	0.450802	0.1	0.0141422
0.906524	-2.20409	1.14193	-3.89994e-05	0.000257226	5.77881e-06	-2.09553e-05	-3.57334e-05	-8.54186e-06	0.455197	0.732356	0.45069	0.1	0.0143144
1.07815	3.93595	-0.773488	-1.98987e-05	-0.000429687	-1.2676e-05	0.00024762	-5.14983e-05	0.000249469	0.277675	0.16624	0.274926	0.1	0.00601116
1.50284	1.98293	0.578931	0.000108763	-0.000303152	4.51837e-05	-0.000310056	-0.000222075	4.59587e-05	0.277411	0.165765	0.274664	0.1	0.00887503
1.83648	-2.20563	-0.212176	-3.52274e-05	0.000231846	-8.09946e-06	-0.000282105	0.000129131	-0.000198175	0.277355	0.165667	0.274609	0.1	0.0132365
-1.12044	1.58755	0.357406	-5.84502e-05	-0.000179714	1.16393e-05	0.000177622	-6.96866e-05	-0.000503966	0.277213	0.165412	0.274468	0.1	0.0142762
0.944992	3.86038	-0.187407	0.000114943	-0.000248147	-0.000192403	-0.000379143	-0.000706504	-0.000446807	0.276217	0.163635	0.273482	0.1	0.00828945
-0.753606	-2.99339	-2.41698	3.14786e-06	0.000333744	2.32877e-06	0.000102325	-0.000300642	0.000228675	0.275638	0.162608	0.272909	0.1	0.00897294
0.675891	-3.76825	1.83364	-1.07766e-05	0.000427951	5.67796e-05	0.000129064	6.14451e-05	-0.000114986	0.275408	0.162201	0.272681	0.1	0.00984521
1.63513	-0.817121	-0.701418	2.2945e-05	7.55077e-05	3.14657e-05	-0.000157596	-1.83523e-05	-6.67032e-05	0.275341	0.162083	0.272615	0.1	0.00647031
-1.92858	-0.228609	2.31023	-1.03255e-05	4.88188e-06	-3.36222e-05	4.1175e-05	8.71971e-05	7.7437e-06	0.275341	0.162083	0.272615	0.1	0.011073
-1.33834	-3.75008	2.23366	-2.4012e-05	0.000463532	-7.75743e-06	0.000260478	-3.77362e-05	2.90718e-05	0.275089	0.161637	0.272365	0.1	0.00846436
0.246048	-3.82325	-1.70348	0.000105832	0.000237821	-4.78533e-05	-0.000550186	-0.000164554	-0.000595	0.275056	0.161582	0.272333	0.1	0.0105492
1.97799	1.70618	-1.95108	3.95659e-05	-2.70218e-05	7.69051e-05	0.000149137	-0.000211522	9.28707e-05	0.274446	0.160509	0.271729	0.1	0.00579226
-0.718846	0.950915	-1.4293	3.62579e-05	-0.000105269	-1.81594e-05	0.000279953	9.27623e-05	-8.36003e-05	0.274411	0.160446	0.271694	0.1	0.00640553
-1.27693	0.685813	1.70466	6.18075e-05	-7.6235e-05	1.85133e-05	0.000115191	6.64185e-05	-4.6755e-05	0.274202	0.16008	0.271487	0.1	0.0102288
1.41113	-1.95438	-2.12384	-3.29999e-05	0.000283301	4.81036e-05	-0.000284765	4.59758e-05	8.13631e-05	0.274042	0.159801	0.271329	0.1	0.0119091
2.08012	-1.7412	-0.0713463	-3.85957e-06	0.000161633	-1.89691e-05	0.000371757	0.000167723	0.000101002	0.273887	0.159529	0.271175	0.1	0.0149032
1.41799	2.94597	1.8727	-0.000103617	-0.000328635	-2.43064e-05	-0.000468191	-0.000230888	0.00115593	0.273679	0.159166	0.270969	0.1	0.0134143
1.47584	-3.52513	-1.09267	-1.64677e-05	0.000439988	2.58693e-05	0.000338346	3.91739e-05	6.62894e-05	0.273477	0.158813	0.270769	0.1	0.0119106
0.664554	1.56915	-2.27778	8.24006e-05	-0.000144285	0.000102021	0.000597327	-0.000426125	0.000309468	0.273324	0.158548	0.270618	0.1	0.00739497
-1.84078	3.31002	-2.35236	5.79813e-06	-0.000273296	8.45294e-05	7.54974e-05	-0.000258921	-2.04511e-05	0.272973	0.157937	0.27027	0.1	0.0103979
0.48031	-1.45059	-2.13526	3.68373e-05	4.48983e-05	-1.95894e-05	0.000119211	-7.89452e-05	9.41816e-06	0.272675	0.15742	0.269975	0.1	0.0105402
0.280067	2.85478	-1.62937	-1.75896e-05	-0.000280408	7.12222e-06	-6.99625e-07	6.46787e-06	4.94007e-05	0.272585	0.157264	0.269886	0.1	0.00882546
0.678083	0.467903	1.77188	0.000103744	4.85532e-06	-5.61101e-05	-0.000178317	-1.07577e-05	0.000163246	0.27236	0.156875	0.269663	0.1	0.0102288
0.580398	2.15208	0.432323	4.0768e-06	-0.000213349	-8.52579e-05	-3.25259e-06	-5.85357e-05	0.0001467	0.272313	0.156795	0.269617	0.1	0.00582768
1.31631	0.224718	-0.976963	-1.29521e-05	-3.64438e-05	-6.80939e-05	1.80436e-05	8.84138e-05	0.000339458	0.271845	0.155987	0.269153	0.1	0.00642184
1.20934	0.944087	0.113921	-8.33919e-05	-0.000137956	4.78008e-05	-4.65855e-05	-0.000391655	-0.000246149	0.271451	0.15531	0.268763	0.1	0.0113562
1.84958	3.07078	-2.01858	1.93674e-06	-0.000395634	1.40089e-05	9.6426e-05	-0.000262834	-5.111e-06	0.271375	0.155179	0.268688	0.1	0.00800781
0.220839	-0.654565	0.913876	-9.27269e-05	0.000169045	2.30453e-05	0.000126005	7.45351e-05	0.000156288	0.270927	0.154413	0.268245	0.1	0.00892599
1.79892	3.68342	0.388608	2.32474e-05	-0.000432942	-5.31547e-05	0.000662599	4.23656e-05	0.000184981	0.2707	0.154024	0.26802	0.1	0.00846618
0.410587	-3.82499	-2.21782	6.94448e-05	0.000170973	-6.03195e-05	0.000409774	0.000310481	0.000255501	0.270558	0.153782	0.267879	0.1	0.0110116
-0.126841	3.05884	0.72213	-2.63209e-05	-0.000405455	-6.99154e-05	-0.000805471	5.02969e-05	0.000347551	0.270297	0.153339	0.267621	0.1	0.00616373
1.43634	1.28003	-0.854402	-4.61179e-05	-0.000237342	2.51692e-05	-8.01664e-06	-5.12399e-05	-3.11435e-05	0.270287	0.153322	0.267611	0.1	0.00775806
-2.37591	-1.81839	-1.61227	-2.79565e-05	0.000253626	-3.65109e-05	-0.000246346	0.000485084	0.000188298	0.270186	0.153149	0.267511	0.1	0.0115069
-0.925053	1.36964	-1.68283	-2.05712e-06	-0.000200175	-5.49171e-05	0.000262806	-8.3645e-06	-0.000187878	0.270182	0.153142	0.267507	0.1	0.00816924
-2.18957	1.4656	-0.848344	0.000265432	-0.0001267	7.57779e-05	-8.80605e-05	0.000153276	0.000836487	0.270017	0.152863	0.267344	0.1	0.00972121
1.40939	-1.04964	-2.38258	-7.24675e-05	0.000240649	0.000104671	-0.00025315	0.000322977	-0.000201756	0.26995	0.152747	0.267277	0.1	0.00832734
1.55643	1.89863	-1.69134	4.8306e-05	-8.86363e-05	5.63296e-05	-4.82189e-05	0.000122682	5.26903e-05	0.269181	0.151447	0.266516	0.1	0.0070556
0.747816	1.65978	0.323102	-1.20561e-05	-0.000174378	-7.08205e-05	-0.000185331	0.000527432	0.000108956	0.269098	0.151308	0.266434	0.1	0.00550799
0.376549	3.27513	-0.600481	-1.0466e-05	-0.000389479	-9.13649e-06	-0.000491946	-0.000298478	0.000257835	0.268805	0.150813	0.266144	0.1	0.0056488
-0.584246	-3.03182	1.13872	-1.84556e-05	0.000332605	9.81388e-08	-0.000165202	-0.000155566	-0.00010452	0.268767	0.150749	0.266106	0.1	0.00975478
0.852522	-1.86011	-2.20135	2.13708e-05	0.000239843	8.57855e-06	1.27268e-05	-0.000913271	0.000720367	0.268522	0.150336	0.265863	0.1	0.0078133
0.670683	1.90238	2.29261	2.18311e-05	-0.000292431	0.000114844	-0.000112556	0.000111769	0.000304342	0.268425	0.150173	0.265767	0.1	0.00672774
1.37921	-2.55461	1.93578	8.6691e-06	0.00032505	-1.63134e-05	-5.73423e-05	-2.97456e-06	0.000276314	0.268352	0.150052	0.265695	0.1	0.0118086
-0.629238	3.7901	0.635299	-7.21344e-05	-0.000402699	-4.0682e-05	-0.000537016	0.00014341	1.99358e-05	0.268323	0.150002	0.265666	0.1	0.00773616
2.34226	-0.707542	0.846976	-3.37609e-05	0.000114436	2.76364e-05	-9.5755e-05	4.4452e-05	6.65111e-05	0.268231	0.149848	0.265575	0.1	0.00675338
-1.19058	2.24295	-1.62049	-2.21115e-06	-0.000281875	2.07447e-05	-0.000122035	-0.00033969	1.7891e-05	0.26816	0.14973	0.265505	0.1	0.00612264
-2.42503	1.35017	-0.103424	7.54846e-06	-6.0373e-05	-4.12734e-06	2.50155e-05	0.000334332	-0.000629154	0.268094	0.149619	0.26544	0.1	0.00859269
0.182822	-3.84576	-0.202906	-2.48473e-05	0.000318307	-3.43101e-05	-1.07826e-05	-0.000118872	0.000241048	0.267672	0.148914	0.265022	0.1	0.00607694
0.0987471	0.0979021	2.03034	1.56537e-05	1.66031e-05	3.89731e-05	8.48321e-05	0.00030863	0.000472979	0.267644	0.148867	0.264994	0.1	0.00856256
0.110411	0.24311	-1.92094	8.34331e-05	1.44351e-05	-0.000101234	0.000595239	-8.25532e-05	-0.000347074	0.267399	0.148458	0.264751	0.1	0.00800946
-0.85138	0.61351	-0.924784	6.12024e-05	-7.27773e-05	-5.15405e-05	0.000602826	-0.000434365	0.000168361	0.26738	0.148428	0.264733	0.1	0.00890734
-0.628357	-0.871455	0.517464	-5.2106e-05	2.89074e-05	-8.66788e-05	0.000294353	-4.42549e-05	0.000161687	0.267164	0.148068	0.264519	0.1	0.00722771
1.86753	2.21687	-2.03624	-6.74745e-06	-7.66642e-05	3.66732e-05	-0.000229538	0.00011903	0.000183477	0.266747	0.147375	0.264106	0.1	0.0082732
-2.17818	3.92841	1.10686	5.73781e-05	-0.000336716	-3.14059e-05	-9.1101e-05	-0.000201519	0.000157643	0.266696	0.14729	0.264055	0.1	0.00633822
-0.491454	0.220318	-1.27248	2.77738e-05	-3.85632e-05	-2.21481e-05	-0.000200274	-0.000639377	0.000615259	0.266657	0.147227	0.264017	0.1	0.00568266
-0.503703	-2.81649	0.487322	1.36176e-05	0.000385314	-0.000228561	-0.000268689	-0.000133178	-0.000223852	0.266646	0.147208	0.264006	0.1	0.0145359
-0.855958	1.04355	-2.09382	5.1283e-06	-5.66194e-05	-9.25809e-05	-0.000170034	0.000370081	-0.000162412	0.266512	0.146986	0.263873	0.1	0.00684789
-0.0148504	2.81811	1.49434	6.43063e-05	-0.000374686	1.053e-05	-6.56013e-06	3.07538e-05	7.27872e-05	0.266395	0.146792	0.263757	0.1	0.00602379
2.48607	-2.57186	-0.442832	5.58548e-05	0.00010827	0.000107223	0.00042403	0.000262355	-0.000482002	0.26634	0.146702	0.263703	0.1	0.0142201
-1.98086	-1.39992	0.328334	-6.29027e-05	3.04089e-05	0.000100876	-7.10215e-05	-0.000102398	0.000449997	0.266286	0.146613	0.26365	0.1	0.0105337
-1.59646	3.73487	1.29897	-4.58565e-05	-0.000409029	-2.47727e-05	-4.4236e-05	0.00037913	1.44863e-05	0.266192	0.146457	0.263556	0.1	0.00735354
-0.923574	-0.66838	-1.45877	9.0412e-05	0.000117529	-0.000160883	-0.00031103	1.81348e-05	-6.54901e-05	0.266027	0.146186	0.263393	0.1	0.0134605
-2.06013	3.42781	2.17458	1.8614e-05	-0.000282091	7.2521e-05	-0.00024813	-0.000376964	0.000179654	0.265875	0.145936	0.263243	0.1	0.00625789
1.2675	1.61167	0.269112	-4.10476e-05	-0.000114377	-5.21954e-05	-0.000473468	-0.000586497	7.15881e-05	0.265741	0.145715	0.26311	0.1	0.00569808
1.29422	-2.83038	-0.980103	7.13103e-06	0.000282026	5.16203e-05	0.000266674	6.14119e-05	6.41623e-05	0.265638	0.145545	0.263008	0.1	0.00830116
-0.283917	0.648067	-1.45007	-3.01863e-05	-0.000150815	-5.64531e-05	-0.000497917	-4.42234e-05	-0.000215945	0.265491	0.145302	0.262862	0.1	0.0058984
1.90852	-0.912536	2.37854	-8.35167e-05	0.000211296	9.29807e-05	-0.000430176	-0.000218149	-0.000219008	0.265259	0.144924	0.262633	0.1	0.00950075
1.30761	2.33104	0.937891	1.76856e-05	-0.00028516	-2.1201e-05	-0.000434307	-0.000100075	-0.000127392	0.264796	0.144165	0.262174	0.1	0.0068265
0.654534	-3.7222	0.0218348	8.60929e-06	0.00048076	-0.000197916	0.000896054	3.68262e-05	0.000660908	0.264249	0.143274	0.261633	0.1	0.00925226
-1.79407	2.06786	2.49035	7.99522e-06	-0.000184117	3.87389e-05	2.51783e-05	-1.14281e-05	-3.68095e-05	0.264167	0.14314	0.261551	0.1	0.0095776
-0.359654	-1.46155	1.69054	5.82145e-05	0.000245175	-0.000118026	0.000624581	0.000126352	-7.71916e-05	0.264016	0.142895	0.261402	0.1	0.0068669
0.0560131	2.7412	0.340987	7.63918e-05	-0.000272671	-0.000131051	0.00110939	0.000117136	0.000497457	0.263903	0.142711	0.26129	0.1	0.0103306
0.513083	-1.12529	0.512069	2.04236e-05	7.30644e-05	2.00887e-05	-0.000231311	-0.000103561	0.000287507	0.263737	0.142442	0.261126	0.1	0.00723095
1.37994	-3.67575	-1.80455	1.63413e-05	0.000444034	-2.37219e-06	0.000148339	1.32716e-05	-0.000172573	0.263591	0.142206	0.260981	0.1	0.00852732
-0.0416919	-1.21722	-0.722193	-1.08442e-05	-0.00010143	0.00015244	-0.000304835	-0.000955405	-0.000906693	0.263502	0.142062	0.260893	0.1	0.0101064
1.41688	-2.57212	-1.90076	7.56029e-05	0.00033649	6.08504e-05	-0.000689016	0.000173613	0.000348443	0.263392	0.141884	0.260784	0.1	0.00813711
1.31975	-0.818461	1.71944	3.10108e-06	0.000159248	1.43703e-05	-5.76119e-05	-7.36827e-05	-7.3991e-05	0.263362	0.141834	0.260754	0.1	0.00590466
0.812185	-0.0305683	0.932883	2.14864e-05	0.000105835	-1.0448e-05	-0.000159476	-8.96253e-05	-0.000156713	0.263318	0.141765	0.260711	0.1	0.00656078
-1.10521	3.80466	0.863245	-0.000129235	-0.000393023	4.71974e-05	-0.000108211	-0.000111907	-0.000121901	0.262863	0.14103	0.26026	0.1	0.009584
-1.60658	3.98955	-2.37352	5.75597e-05	-0.000406473	-4.28078e-05	0.00025373	-1.03414e-06	0.000350577	0.262474	0.140406	0.259875	0.1	0.00938621
-0.868079	1.65869	0.855941	-1.67563e-05	-0.000172984	4.22602e-05	-0.00010258	-2.67989e-05	-0.000406599	0.262445	0.140359	0.259847	0.1	0.00945816
2.0197	1.04086	1.23645	-9.31639e-05	-0.000107433	-2.17021e-05	0.000150917	-0.000727833	0.000112119	0.262382	0.140258	0.259784	0.1	0.00747995
0.458731	-2.35942	1.69163	1.77103e-05	0.000250167	-4.89871e-05	0.000455417	-0.000514107	-8.46209e-05	0.262307	0.140138	0.25971	0.1	0.00803139
2.29587	3.27657	-0.615926	-5.00289e-05	-0.000286663	-9.57588e-05	0.000342198	0.000138063	8.15325e-06	0.261855	0.139414	0.259262	0.1	0.00764683
-0.308424	0.0107544	-1.71793	5.50329e-05	7.07519e-05	-0.000130856	1.85001e-05	0.00031054	-0.000106299	0.261739	0.13923	0.259148	0.1	0.00498706
0.352578	-0.652142	0.403913	1.0819e-05	4.29272e-06	4.98834e-05	6.79899e-05	0.000323936	-0.000294126	0.261522	0.138883	0.258933	0.1	0.00535
0.392042	-2.62306	-1.60842	-1.49132e-05	0.00025615	3.37103e-05	-9.66778e-05	6.90044e-05	-8.13562e-05	0.261188	0.138352	0.258602	0.1	0.00976441
-0.141585	3.51546	0.469638	-0.000110754	-0.000501067	-0.000175978	0.0002998	-0.000334904	0.000140229	0.260995	0.138045	0.258411	0.1	0.00639922
1.63816	-1.21677	1.7094	-2.72205e-05	0.000213104	5.89468e-05	5.75965e-05	-9.40208e-05	5.23099e-05	0.26082	0.137768	0.258238	0.1	0.00713725
0.0325956	-0.363601	-1.80816	6.86919e-05	0.000100773	-6.54938e-05	-0.000262007	-0.000402373	0.000269145	0.260716	0.137603	0.258135	0.1	0.00793654
2.10039	-0.599105	1.29795	1.12304e-06	0.000208402	1.09159e-05	-0.000469301	0.000131322	0.0002254	0.260608	0.137432	0.258028	0.1	0.00865601
1.56671	0.458335	0.556264	-1.03801e-05	-1.8072e-05	-3.82935e-05	-6.3349e-05	5.20597e-05	0.000178764	0.260419	0.137134	0.257841	0.1	0.0105346
-0.147418	2.62657	-1.33369	-4.24097e-05	-0.000286471	-1.84363e-05	-0.000135163	-3.78265e-05	-3.73076e-05	0.25964	0.135906	0.257069	0.1	0.00891695
2.43579	-1.65129	-0.449148	-1.88967e-05	0.000185254	6.01156e-06	-0.00073937	-0.000356786	0.000414122	0.259308	0.135386	0.256741	0.1	0.0110525
0.778639	-2.76354	-0.888963	-2.22542e-05	0.000288902	3.45173e-05	0.000103856	-0.000150446	-0.000220006	0.259076	0.135023	0.256511	0.1	0.00407383
1.30395	1.98638	-0.0838296	1.34177e-05	-0.000236738	-0.000143617	0.000298008	0.00105103	4.33481e-05	0.25907	0.135014	0.256505	0.1	0.006551
-1.13288	-0.57901	1.33186	-4.98174e-05	-2.60403e-05	-2.34465e-05	-0.000153527	-7.43596e-05	0.000182991	0.258949	0.134824	0.256385	0.1	0.00830575
2.34451	1.44466	2.01796	-5.20215e-05	-0.000143281	0.000110883	-0.000148171	-0.000135329	-2.18322e-05	0.258858	0.134682	0.256295	0.1	0.0153295
-0.2832	2.80168	-2.13655	1.86465e-05	-0.000318106	-1.24537e-05	0.000152177	-8.29813e-05	0.000184077	0.258625	0.134319	0.256064	0.1	0.00959771
0.357736	3.94133	2.30656	6.17727e-06	-0.000442865	-0.000142466	0.00046874	0.000157898	0.000209926	0.25855	0.134202	0.25599	0.1	0.00799409
0.215118	-1.70723	-0.410265	-1.29927e-05	0.000176732	5.22594e-05	-0.000495015	-0.000305714	0.000181242	0.258498	0.134122	0.255939	0.1	0.00601985
-1.12059	3.6308	-1.01122	-1.11595e-05	-0.000311841	-1.84284e-05	8.81052e-05	5.56221e-05	-0.000121335	0.258358	0.133903	0.2558	0.1	0.00687133
-1.70832	-3.43225	0.526589	1.33675e-05	0.000415072	1.47006e-06	0.000460995	0.00031904	-0.000142219	0.258082	0.133476	0.255527	0.1	0.0109759
-0.85197	-3.69559	-0.147064	-6.25769e-05	0.000437707	4.27801e-05	0.000142009	-1.51281e-05	7.33928e-05	0.257965	0.133294	0.255411	0.1	0.00733244
-1.49958	-1.77571	-2.46424	6.09844e-05	0.000254313	-7.55453e-05	2.74637e-05	-5.23755e-05	-1.83147e-06	0.25795	0.133271	0.255396	0.1	0.00537029
1.15891	-0.608335	-0.606776	-8.10745e-07	-2.79908e-07	3.97378e-07	7.06253e-24	-3.19694e-24	2.14775e-24	0.257891	0.13318	0.255338	0.1	0.0071981
-0.0774836	2.35659	0.709277	-1.02402e-05	-0.000204987	-2.75041e-05	0.000229882	7.52959e-05	3.07853e-06	0.25788	0.133161	0.255327	0.1	0.00834397
-0.395461	-1.80672	1.30765	-1.64763e-06	0.000304428	4.53665e-05	-7.63396e-05	-6.23909e-05	-3.85351e-06	0.257497	0.13257	0.254948	0.1	0.00602265
-1.83445	3.3901	1.65793	-6.52718e-05	-0.000403972	3.19104e-05	0.00016515	-0.000507611	-0.000506968	0.257171	0.132066	0.254625	0.1	0.00472072
1.71943	2.35947	-0.257053	8.36262e-05	-0.000109465	-5.05994e-06	-4.46833e-05	-0.000165668	-0.000585726	0.257045	0.131872	0.2545	0.1	0.0107349
0.572867	0.573019	0.288948	2.87863e-05	-0.000173615	-8.97996e-05	0.000478237	0.000111243	-6.05257e-05	0.257002	0.131805	0.254457	0.1	0.0124244
0.0250948	-2.79073	1.74316	-4.13665e-06	0.000228965	-5.4257e-05	-0.000327602	-0.00023345	9.12285e-05	0.2563	0.130728	0.253762	0.1	0.00687294
1.9654	1.17548	-0.902392	5.95575e-05	-0.000268089	-0.000111952	-0.000581599	-0.00102262	6.11517e-05	0.256161	0.130517	0.253625	0.1	0.00731639
1.52866	3.01609	-2.42683	-1.40583e-05	-1.76978e-05	-2.30901e-05	0.000109594	2.26865e-05	-8.7411e-05	0.256037	0.130326	0.253502	0.1	0.00912697
0.345443	-0.515644	2.3005	-6.57103e-05	0.000120543	-3.32498e-05	0.00013641	0.000337429	-0.000280409	0.255995	0.130262	0.25346	0.1	0.00628884
1.06196	2.43663	-0.490448	-6.66351e-05	-0.000355936	7.97971e-05	0.000120524	-0.000112121	0.000249355	0.25592	0.130148	0.253386	0.1	0.00900861
-2.14001	-0.560497	-1.25005	2.97465e-05	1.19921e-05	1.7227e-05	9.23254e-05	-8.12438e-05	-0.000106792	0.255837	0.130021	0.253304	0.1	0.0135175
0.361221	1.20286	1.08416	2.8049e-05	-0.000215674	-5.37666e-05	-0.000450375	0.000442189	-0.000340531	0.255747	0.129885	0.253215	0.1	0.00775419
-0.0144921	1.29938	1.90156	8.5783e-05	-0.000104996	2.14208e-05	-0.000472296	-2.45378e-05	0.000393877	0.255291	0.129191	0.252763	0.1	0.0067338
0.430491	-3.39276	-0.935176	-1.40648e-05	0.00039355	1.93162e-05	-0.000304186	-5.53785e-05	-0.000265534	0.255224	0.129089	0.252697	0.1	0.00420578
-1.10558	1.47749	-2.15141	1.89908e-05	-0.000122188	-2.27523e-05	0.000100169	-7.54975e-05	4.91427e-05	0.255101	0.128903	0.252575	0.1	0.00620975
-1.03069	1.12452	1.56448	-1.81718e-05	-5.31583e-05	-5.03934e-05	-0.000236483	0.000300727	0.000307683	0.254823	0.128482	0.2523	0.1	0.0148142
1.59081	-2.78075	-2.33298	7.16471e-06	0.000335846	4.58208e-05	0.000291195	2.50266e-05	0.000110372	0.254506	0.128002	0.251986	0.1	0.00742272
-0.298836	1.20069	-0.373808	9.57336e-05	-0.000139152	7.99481e-06	2.52137e-05	2.51397e-05	0.000249449	0.254402	0.127845	0.251883	0.1	0.0122792
1.65952	-3.51638	-2.2023	2.49698e-05	0.000475876	2.70004e-05	-0.000285399	3.35903e-05	8.61818e-05	0.254272	0.127649	0.251754	0.1	0.00601556
-0.957833	-1.09392	1.61255	-0.000158623	0.000224716	-4.37009e-05	0.000198534	0.000183629	0.000703167	0.254252	0.127621	0.251735	0.1	0.00726943
-1.70097	0.667139	-0.183077	1.75964e-05	-9.66733e-05	-5.51652e-05	-6.48516e-05	-8.74703e-05	-0.000189677	0.254212	0.12756	0.251695	0.1	0.00958607
1.03953	-2.22944	-1.8917	1.88477e-05	0.000255391	2.78236e-05	0.000363572	1.02934e-05	2.62565e-05	0.254199	0.127539	0.251682	0.1	0.00644759
1.20857	1.61694	0.883889	-4.93712e-05	-0.000124813	8.24354e-05	4.52971e-05	-0.000309946	0.000327368	0.254057	0.127328	0.251542	0.1	0.00593051
1.33136	3.35112	-1.95949	-0.000122651	-0.00028022	1.68486e-05	1.76628e-05	4.39223e-05	-0.000146425	0.253567	0.126591	0.251056	0.1	0.00899659
-1.37187	-0.857805	-0.12911	-2.66019e-06	5.77731e-05	-5.36271e-05	-5.16682e-05	-9.38722e-05	2.13391e-05	0.253456	0.126426	0.250947	0.1	0.00605467
1.04713	1.31753	1.32068	8.64742e-05	-0.000116954	6.53398e-06	-0.000235314	-0.000673303	-8.65587e-05	0.253434	0.126392	0.250925	0.1	0.00621846
-2.38792	2.77152	-2.01475	1.11724e-05	-0.00024513	7.63709e-05	-0.000196354	-0.000270771	-5.02911e-05	0.253312	0.12621	0.250804	0.1	0.0114536
1.23644	-0.571082	-2.47864	-1.29387e-05	0.000242647	8.43319e-06	-0.000122852	-0.00039205	-3.15631e-05	0.253184	0.126018	0.250677	0.1	0.00894234
0.85925	0.960771	1.60614	0.000127008	-2.50416e-05	2.93352e-05	-1.06564e-05	0.00038322	0.000519519	0.253182	0.126015	0.250675	0.1	0.00508879
-0.606478	2.40335	1.066	8.34365e-06	-0.00022967	1.92416e-05	5.31497e-05	-5.53867e-05	-1.48155e-05	0.253176	0.126006	0.250669	0.1	0.00728746
1.86977	-0.872708	0.72472	-3.7856e-05	0.000169126	4.86697e-05	7.60765e-05	-1.59335e-05	0.000209457	0.253012	0.125762	0.250507	0.1	0.00730872
-2.14616	1.32049	-2.31215	1.318e-05	-1.2306e-06	4.74773e-05	0.000172243	4.05815e-05	0.000396071	0.252518	0.125027	0.250018	0.1	0.0069214
0.403348	0.20798	-0.910283	-5.84337e-05	-8.44828e-05	-6.29844e-05	0.000296742	4.34572e-05	-0.000305576	0.252479	0.124968	0.249979	0.1	0.00882624
2.26225	2.95622	-2.31041	6.70606e-05	-0.000283615	5.64895e-05	-0.000186984	0.000151799	-0.000226148	0.25247	0.124955	0.24997	0.1	0.00623793
1.2528	-1.12402	-1.10622	5.3212e-06	7.50242e-05	7.20864e-05	-0.000197866	4.11067e-05	-0.000195799	0.252451	0.124927	0.249951	0.1	0.0104467
1.03695	-1.38121	-2.24671	-0.000133018	0.000308268	0.000102939	-0.000323208	-0.000882349	6.55459e-05	0.252394	0.124843	0.249895	0.1	0.0143318
-1.72517	-2.73098	-1.52835	1.35084e-05	0.000248861	4.23164e-05	0.000436029	-0.000273316	0.000265651	0.251969	0.124213	0.249474	0.1	0.00869088
0.743801	-3.76712	-1.05412	7.21737e-06	0.000409691	4.47048e-05	-0.00010122	2.66388e-05	-0.000351114	0.251672	0.123775	0.24918	0.1	0.0065795
0.307605	-1.65607	2.10409	4.31317e-05	0.000199043	4.45683e-06	-8.32928e-05	2.56627e-05	-2.12098e-06	0.251598	0.123666	0.249107	0.1	0.00962094
-1.37085	-1.61041	1.62089	1.26307e-05	0.000314364	-3.27504e-05	-0.000183358	-5.55145e-05	0.000134259	0.251461	0.123464	0.248971	0.1	0.00624176
0.151827	-2.85877	2.22784	2.27455e-05	0.000174446	-0.000117753	3.06264e-05	-1.55994e-05	-0.000614414	0.251337	0.123281	0.248849	0.1	0.0096789
-1.99184	-1.16305	0.846093	-3.56746e-05	0.000119072	2.48003e-05	-6.10459e-05	4.12202e-05	-9.72195e-05	0.251292	0.123215	0.248804	0.1	0.00735485
1.99306	-3.88353	-2.15997	8.00716e-06	0.000457746	-3.25521e-05	-0.000261676	-0.000137091	3.77399e-06	0.251252	0.123155	0.248764	0.1	0.00679193
0.317589	-1.00005	-1.05665	-5.04596e-05	-2.65396e-05	-8.30265e-05	8.07756e-05	6.29943e-05	0.000163196	0.251159	0.123019	0.248672	0.1	0.010683
0.443977	-3.78776	-0.635152	-1.71572e-05	0.000417144	1.24754e-05	0.000217326	-1.22061e-05	0.000246059	0.250885	0.122618	0.248401	0.1	0.00541229
-1.06966	-1.01887	-2.36336	7.97741e-05	0.000123707	-0.000119315	1.53875e-05	-7.79219e-05	0.000173957	0.250767	0.122444	0.248284	0.1	0.0104154
1.9866	-3.02056	-2.1526	9.75187e-06	0.00034997	-5.50581e-06	-0.000193527	3.63371e-05	4.78052e-05	0.250701	0.122347	0.248219	0.1	0.00674177
0.899721	-1.46826	-1.0504	-3.33191e-05	0.000141181	6.68786e-05	0.000194308	-0.000126939	-0.000159976	0.250676	0.122311	0.248194	0.1	0.0103708
1.7693	3.57891	-2.06398	-2.38835e-05	-0.000400419	-2.66781e-05	-0.000162277	-0.000411151	0.000156135	0.250667	0.122297	0.248185	0.1	0.00570919
0.211718	-3.81674	-1.07594	-6.02779e-05	0.00043428	2.33878e-05	0.000202027	-0.00042575	-6.84568e-05	0.250642	0.12226	0.24816	0.1	0.00518802
-1.45634	-0.718789	-2.39746	4.82121e-05	4.87295e-05	-8.88938e-05	0.00035417	-6.57309e-05	0.000135997	0.250299	0.12176	0.247821	0.1	0.0081505
0.572804	-1.35633	-0.360619	6.72138e-05	0.000108513	-3.88173e-05	-7.93423e-06	0.000325131	-0.000644144	0.25018	0.121585	0.247703	0.1	0.00941476
-0.282241	-2.67099	2.37877	7.80806e-05	0.000249948	-6.07286e-05	0.00039791	8.6364e-05	0.0001107	0.250152	0.121546	0.247675	0.1	0.00691661
-2.48284	-3.10182	-1.95286	3.23993e-05	0.00034406	2.2295e-05	-0.000326446	3.50288e-05	7.38474e-05	0.250067	0.121421	0.247591	0.1	0.00603234
-0.0356094	1.62732	2.2945	2.42098e-05	-4.61619e-05	-1.0135e-05	4.10616e-05	-3.79754e-05	0.000178539	0.250057	0.121407	0.247581	0.1	0.00832109
-2.19317	1.00279	-1.07334	7.94547e-05	-7.49867e-05	-2.5202e-05	8.68626e-05	1.59528e-05	-0.000158659	0.249982	0.121297	0.247507	0.1	0.00539085
-1.70192	-0.242941	-1.23457	4.09117e-05	-4.63251e-06	-7.4971e-05	0.000201276	-9.94275e-05	0.000145978	0.249805	0.121041	0.247332	0.1	0.0105716
-1.30678	0.898323	-2.26174	2.04706e-05	-0.000100193	3.05596e-06	-0.000144302	-0.000224417	0.000158965	0.249501	0.120599	0.247031	0.1	0.0090783
1.20232	-3.76557	0.0945886	0.000105003	0.000436141	-2.91316e-05	0.00053505	-0.000388437	-0.000405145	0.249491	0.120585	0.247021	0.1	0.0087084
0.95039	2.01938	0.761071	-6.08781e-05	-0.000177984	-1.38656e-05	-0.000120716	-0.000311695	-8.83879e-05	0.249466	0.120547	0.246996	0.1	0.00677616
0.0290644	0.253288	-1.37337	1.98184e-05	-9.35953e-05	2.45767e-05	4.32738e-05	0.000129739	0.00042847	0.249265	0.120257	0.246797	0.1	0.00702022
0.733514	-1.08373	-1.30961	-1.23057e-05	6.7308e-05	-1.68502e-05	-0.000459506	-0.000297409	0.00043187	0.24919	0.120149	0.246723	0.1	0.0119183
0.6186	-0.613705	-0.963007	-5.94898e-07	-2.06891e-07	5.66072e-07	9.36686e-25	-1.20679e-24	2.58406e-24	0.249006	0.119884	0.246541	0.1	0.0142961
-1.42569	2.32059	-0.962765	3.3101e-05	-0.000208944	2.82845e-05	-0.000241126	2.64099e-05	0.000321052	0.248917	0.119754	0.246452	0.1	0.0105093
2.20396	0.642548	1.94304	0.000104347	2.64627e-06	-8.51843e-05	6.15317e-05	7.23966e-05	7.19057e-05	0.24891	0.119744	0.246446	0.1	0.0101316
1.83589	0.0877182	1.37611	-1.27844e-06	6.2423e-05	-1.37325e-05	8.01262e-05	0.000207389	1.78851e-05	0.248903	0.119734	0.246439	0.1	0.0073355
-1.2586	-0.0677986	-2.43307	3.27441e-05	-3.32082e-05	-6.66674e-05	5.40493e-05	7.47626e-05	0.00037477	0.248902	0.119733	0.246438	0.1	0.00736552
-1.58322	2.95785	1.67941	3.72032e-05	-0.000343362	8.25148e-05	3.95585e-05	-0.000249704	0.00094419	0.248378	0.118978	0.245919	0.1	0.00779221
1.5123	1.14793	1.31291	0.000103797	-2.48571e-05	1.48822e-06	0.000377703	4.26036e-05	0.000208973	0.248178	0.11869	0.245721	0.1	0.00538225
-0.330369	0.46361	-2.02598	2.53556e-05	-0.00020228	-0.000132916	-9.38522e-05	0.000101267	-0.000207614	0.24787	0.118249	0.245416	0.1	0.00674659
-1.28942	-0.233604	2.10968	1.37017e-05	6.7901e-05	-5.37782e-05	0.000171631	0.00016854	-0.000296046	0.247827	0.118187	0.245373	0.1	0.0068953
-1.61388	-1.26013	1.39315	-2.4126e-05	0.000184213	-6.16707e-05	-0.000102879	0.000328825	0.000123191	0.247767	0.118102	0.245314	0.1	0.00764651
-1.68438	-3.4969	1.25789	1.66014e-05	0.000417388	-9.68478e-06	0.000138374	-0.000340318	0.000127261	0.247735	0.118056	0.245282	0.1	0.00862813
1.03879	-3.44935	1.15377	-1.24119e-07	1.01943e-06	9.42437e-07	7.43917e-24	3.02435e-24	-3.3993e-23	0.247707	0.118015	0.245254	0.1	0.00936646
-0.0477629	3.75121	0.973451	-1.69761e-05	-0.000346676	-7.72828e-05	0.000164628	0.00017992	-0.000230994	0.247608	0.117873	0.245156	0.1	0.00807392
-1.67878	3.28275	0.973945	5.30551e-05	-0.000412019	5.85579e-05	0.000128666	-7.29557e-05	-0.000504949	0.247575	0.117828	0.245124	0.1	0.00737894
1.47444	0.769463	-0.871864	-3.19977e-06	-0.000232792	3.34839e-06	0.000103781	-1.49737e-05	0.000201419	0.247232	0.117337	0.244784	0.1	0.00895934
0.117114	-3.40832	-1.32199	-5.84228e-05	0.000397087	2.61627e-05	-0.000261269	4.20394e-05	0.000324484	0.247018	0.117033	0.244572	0.1	0.00763167
0.240369	2.07204	-1.35322	-4.61224e-05	-0.00027163	3.41601e-05	-0.000184567	-0.000167472	-5.20882e-05	0.246945	0.11693	0.2445	0.1	0.00718396
-1.9207	3.32241	-1.14907	-2.45473e-05	-0.00031709	2.28842e-05	-0.000259988	1.81946e-05	0.000100922	0.246862	0.116812	0.244418	0.1	0.0097869
-0.167409	0.506604	2.25415	2.12325e-05	-4.86982e-05	-4.95771e-05	-0.000229067	-0.000182986	3.93137e-05	0.24683	0.116767	0.244386	0.1	0.0078218
-0.79174	-1.51661	1.43566	1.80279e-05	0.000322857	-4.54937e-05	-0.000245726	-4.66445e-05	0.00010975	0.246791	0.116712	0.244348	0.1	0.00645145
0.241456	3.40138	0.809458	-5.42383e-05	-0.000365481	-2.47961e-05	-0.000518091	1.81531e-05	0.000245239	0.246746	0.116648	0.244303	0.1	0.00562663
-0.273712	3.97492	0.327065	-9.10914e-05	-0.000495786	-8.098e-05	0.000152358	-1.1072e-05	-9.34711e-05	0.246741	0.11664	0.244298	0.1	0.00705694
-0.149998	1.41825	-0.80294	-7.98818e-05	-0.000242802	-5.3866e-05	0.000125944	0.000155718	0.000517036	0.246625	0.116476	0.244183	0.1	0.00638377
1.33835	3.64834	0.823763	3.06467e-05	-0.000507399	9.17565e-05	4.0371e-05	0.000140618	0.000170977	0.246618	0.116465	0.244176	0.1	0.00892022
-0.349691	0.320636	0.146821	2.55664e-05	-6.79858e-05	5.88847e-05	-0.000150861	-7.58001e-05	0.000475913	0.246595	0.116433	0.244153	0.1	0.006152
1.74246	2.73427	-0.584593	0.000141973	-0.000166561	-6.78212e-05	-5.08981e-05	-6.43236e-05	0.00106416	0.246366	0.11611	0.243927	0.1	0.010023
-0.834411	-1.3891	-0.0294168	-3.57316e-07	1.98072e-07	4.1682e-07	-3.41596e-13	-1.15117e-12	1.15207e-13	0.246308	0.116027	0.243869	0.1	0.00979187
0.0608344	1.11202	0.0989278	-3.60149e-05	-0.000191643	8.07082e-06	3.91465e-05	2.34009e-05	5.40864e-05	0.246304	0.116021	0.243865	0.1	0.0127951
-1.22645	-1.0437	1.20392	-2.28178e-05	4.40922e-05	-0.000126169	0.000431991	-0.000288886	-0.000212016	0.24629	0.116001	0.243851	0.1	0.0060734
-1.08032	2.00442	1.21841	1.64658e-05	-0.000212648	7.45121e-05	-0.000186008	0.000147852	-0.00018745	0.246171	0.115834	0.243734	0.1	0.0078391
0.632859	3.74269	-0.597694	-1.95403e-05	-0.000385737	2.77543e-05	-0.000322788	0.000159625	-0.000241148	0.246104	0.115739	0.243667	0.1	0.0047372
0.678376	-3.27339	0.856364	-9.49889e-06	0.000348195	-4.57583e-06	0.000218912	-5.79143e-06	-5.21145e-05	0.245924	0.115485	0.243489	0.1	0.00967714
-2.29278	0.855586	2.30991	7.3349e-05	6.52179e-05	0.000103589	-0.000132076	-0.000233037	8.89579e-06	0.245818	0.115336	0.243384	0.1	0.00938994
1.34981	0.602065	-1.32042	-1.40549e-05	-1.53886e-05	-1.68927e-05	0.000211246	-0.000202528	-0.000319937	0.24563	0.115072	0.243198	0.1	0.0102739
-0.612827	0.441203	-2.41946	2.37721e-05	-7.00206e-05	-0.000119325	0.000434624	-0.000101331	-0.000178362	0.245492	0.114877	0.243061	0.1	0.00932523
2.17042	2.40356	1.43843	8.07551e-06	-3.05396e-05	4.70577e-05	-0.000260036	-4.30433e-05	1.78581e-05	0.245444	0.114812	0.243014	0.1	0.0108203
2.48106	-3.15088	0.330531	-1.44582e-05	0.000296451	-1.4083e-05	6.66026e-05	4.74184e-05	3.496e-05	0.245374	0.114714	0.242945	0.1	0.0106413
-0.70778	-0.233882	-1.55005	9.49116e-05	4.74354e-05	-0.000129918	0.000165707	-0.000178713	0.000107342	0.245244	0.114531	0.242816	0.1	0.005205
0.761764	-3.47472	2.24824	0.0001183	0.00033657	9.39935e-05	0.000218454	0.000239005	-0.000347546	0.245189	0.114453	0.242761	0.1	0.00653389
1.44503	3.32585	0.424924	2.20403e-05	-0.000366688	-3.92671e-05	-0.000290019	0.000406846	-0.000331024	0.244966	0.114142	0.242541	0.1	0.0117949
-0.405717	0.830025	-0.957367	7.2225e-06	-0.000110262	4.60512e-05	-0.000452266	0.000185647	-0.000134647	0.244953	0.114123	0.242528	0.1	0.00525487
-1.9718	-0.981505	0.0438708	-3.6745e-05	-4.47667e-05	-9.89042e-06	-1.63986e-05	1.37814e-05	-0.000279044	0.244934	0.114096	0.242509	0.1	0.0083657
0.216852	-1.00067	1.63281	5.83236e-05	0.000138557	-5.15931e-05	-0.000146523	0.000143397	0.000343512	0.244844	0.113972	0.24242	0.1	0.00673831
-0.727763	-2.71397	-1.98547	-3.05699e-05	0.000270213	1.84384e-05	-0.000198128	0.000404443	-0.000266074	0.244741	0.113827	0.242318	0.1	0.0110658
-0.2078	2.68542	1.05292	2.63737e-05	-0.000290662	4.09375e-05	0.000240495	0.000108563	-0.000193021	0.244734	0.113818	0.242311	0.1	0.00598459
2.46431	-2.09845	1.15431	8.78423e-05	0.000207929	5.75123e-05	0.00024456	-3.33848e-05	-0.000177272	0.244542	0.11355	0.242121	0.1	0.00966484
0.142007	-1.47749	1.67897	4.50721e-05	0.000223388	3.49735e-05	0.000109586	0.000104363	-0.000237089	0.244486	0.113471	0.242065	0.1	0.00635911
0.872522	-2.48376	-1.28586	1.14634e-06	0.000283677	5.5432e-05	-8.79068e-05	0.000134526	9.1167e-05	0.244454	0.113428	0.242034	0.1	0.00683639
0.687863	2.67723	-0.248976	-3.55955e-05	-0.000305043	2.82609e-05	0.000519312	0.000304596	-0.000219877	0.2444	0.113351	0.24198	0.1	0.00620408
1.2349	2.71507	2.29093	-7.95397e-05	-0.000229991	3.92932e-05	-0.000658599	-0.00050701	0.00029509	0.244162	0.113022	0.241745	0.1	0.0110025
-2.34905	-0.977827	0.346689	-2.63154e-05	6.69384e-05	3.24636e-06	-5.11422e-05	5.39899e-05	-0.000252835	0.24414	0.112991	0.241723	0.1	0.00742966
-0.0978394	-3.88989	-2.14945	-1.7463e-05	0.000378693	-4.43831e-05	1.56411e-05	-9.73958e-05	-4.41769e-05	0.244103	0.112939	0.241686	0.1	0.00825122
0.343024	-2.9278	-1.06131	-1.443e-05	0.000358786	-6.10321e-06	0.000170176	0.000176569	0.000278127	0.244062	0.112883	0.241646	0.1	0.00669106
-0.333708	1.20578	-1.24096	1.35528e-05	-0.000215242	-2.99431e-05	6.71835e-05	8.52426e-05	-1.78568e-05	0.243921	0.112687	0.241506	0.1	0.00389898
-1.39083	3.01104	0.0301107	-3.07448e-05	-0.000286857	-1.90856e-05	-0.000186102	4.93231e-05	-4.97534e-05	0.243692	0.112369	0.241279	0.1	0.00805611
0.91601	1.63663	1.93793	5.01591e-05	-0.000208975	7.155e-05	0.000186318	0.00017709	0.000287249	0.24367	0.112339	0.241257	0.1	0.00913608
-1.41089	-1.26833	-0.38629	6.20508e-05	8.31486e-05	-6.87942e-05	9.55011e-05	-0.000115053	6.97734e-05	0.243648	0.11231	0.241236	0.1	0.00964911
-2.04989	2.14865	-0.940219	2.86322e-05	-0.000232258	0.000124468	-4.18096e-05	-6.89182e-05	0.000154852	0.243387	0.111948	0.240977	0.1	0.00700473
-2.29815	0.975327	-0.590528	-4.52686e-07	-1.3914e-07	2.61142e-07	-3.33677e-26	5.88424e-24	2.33609e-24	0.243111	0.111568	0.240704	0.1	0.00832874
-2.35184	-2.56295	1.20096	1.63764e-05	0.000428371	7.42764e-06	-0.000390542	0.000150498	-0.000208572	0.242966	0.111368	0.24056	0.1	0.00885266
0.752833	1.47098	0.787976	1.92286e-06	-9.31378e-05	-8.24356e-05	-3.16838e-05	-0.000297908	-0.00052737	0.242842	0.111198	0.240438	0.1	0.00440077
-1.64265	3.91785	-1.0602	1.07558e-05	-0.000345731	2.91914e-05	0.00017155	-2.18291e-05	0.000537702	0.242774	0.111104	0.24037	0.1	0.00925786
1.53986	-0.680542	-2.06038	0.000206981	8.71218e-05	0.000167427	0.000740695	-6.68331e-05	-0.00109981	0.242496	0.110724	0.240095	0.1	0.0119979
1.77376	-1.21486	1.21219	-3.98353e-05	0.000253133	8.85745e-06	-0.00020707	-9.31872e-05	0.000117434	0.242131	0.110225	0.239734	0.1	0.0079649
1.12004	-0.41019	2.06215	6.09125e-06	0.000216634	-1.76269e-05	2.37254e-05	-9.10537e-05	2.04228e-05	0.241931	0.109952	0.239536	0.1	0.00887594
-0.90752	-3.91163	-0.91572	-2.51909e-05	0.000506767	-1.41691e-05	9.3149e-06	0.000105788	0.000234157	0.24193	0.10995	0.239535	0.1	0.00732663
-2.15981	0.832358	-0.0795858	-4.63407e-05	-0.000122521	-2.77385e-05	-0.000207828	0.000187267	-0.000480715	0.241739	0.109691	0.239346	0.1	0.0116837
-1.21491	-0.725615	-1.86441	-1.46783e-05	5.24358e-06	-7.31419e-05	-0.000134336	0.00032496	4.96179e-05	0.241738	0.109688	0.239345	0.1	0.0135783
-1.87159	-3.73161	0.877998	6.14942e-05	0.000415511	-2.83408e-05	-0.000182581	8.85365e-05	-0.000189728	0.241731	0.109679	0.239338	0.1	0.00868709
-1.1111	-1.81306	-0.0878756	3.51812e-08	2.82536e-07	-1.76227e-06	1.4833e-23	2.19355e-23	2.71563e-24	0.241723	0.109668	0.23933	0.1	0.0086814
-1.56414	-2.69608	-0.574335	-9.20951e-05	0.000378797	4.37392e-05	-9.7581e-05	0.000313642	-0.000145054	0.241715	0.109657	0.239322	0.1	0.00789513
-1.39684	3.27897	1.36741	3.69405e-05	-0.00035864	6.83307e-05	-0.00056132	2.77861e-06	0.000297216	0.241502	0.109368	0.239111	0.1	0.00617632
-1.24437	-2.20158	0.720083	-2.22399e-05	0.000127988	8.26045e-05	0.000719626	6.71266e-05	6.69251e-05	0.241393	0.109219	0.239003	0.1	0.00626565
-1.9093	-2.96909	-0.789173	-1.43627e-05	0.000378759	3.70843e-05	0.000113198	0.00022782	-3.7573e-05	0.241283	0.10907	0.238894	0.1	0.00772104
2.34746	1.13325	-1.61307	3.59559e-05	-0.000111995	6.18576e-05	0.000219069	0.000202847	0.00036335	0.241125	0.108856	0.238738	0.1	0.00619259
0.83953	2.12622	0.00560673	1.21065e-05	-0.00025877	-4.42892e-05	1.34144e-05	-5.14204e-05	-0.000712209	0.241121	0.108851	0.238734	0.1	0.00534751
2.40933	2.9557	1.88969	3.25166e-05	-0.00031969	-1.44941e-05	0.000321436	-6.32619e-05	0.000211347	0.241078	0.108793	0.238691	0.1	0.00623489
1.08859	1.24505	-2.04858	4.0109e-05	-0.000119881	4.33599e-05	-0.000210585	-0.000250195	-0.000349159	0.241066	0.108776	0.238679	0.1	0.00640571
-2.21986	2.16073	0.946287	-1.44221e-05	-0.000201093	9.51355e-05	-2.38523e-05	4.74608e-05	4.72701e-05	0.241027	0.108724	0.238641	0.1	0.00846642
-2.36099	1.4205	-1.88592	2.07491e-05	-8.51427e-05	5.14226e-05	0.000221851	0.000264461	0.000117472	0.24097	0.108646	0.238584	0.1	0.003835
2.03458	1.3127	1.65559	9.15147e-05	-3.86615e-05	-4.82939e-05	-9.92873e-05	0.000453384	-3.70064e-05	0.240966	0.108641	0.23858	0.1	0.00797695
1.20993	-0.166894	-1.98157	0.000125825	-1.35788e-05	9.21905e-06	-0.000240956	0.000395361	-3.6233e-05	0.24074	0.108335	0.238356	0.1	0.00566424
0.556362	2.63016	0.209098	6.6788e-05	-0.000360038	-1.43542e-05	0.000136171	-2.65674e-05	-0.000417442	0.240483	0.107989	0.238102	0.1	0.0039732
-2.04838	3.46618	1.22449	8.35661e-05	-0.000281751	-9.75531e-06	4.46333e-05	-3.65362e-05	-2.98975e-05	0.240458	0.107956	0.238077	0.1	0.00633062
-2.49793	-0.435363	2.04181	6.00642e-05	0.000245456	7.63809e-05	0.000187229	-0.000117349	0.000271932	0.240401	0.107879	0.238021	0.1	0.00760982
0.483457	0.302875	1.18918	0.000172867	0.0001313	-0.000110142	-0.000105221	8.17906e-05	-0.000230931	0.240234	0.107654	0.237855	0.1	0.00629137
-1.84514	1.94001	-0.561459	3.56087e-06	-0.000334455	8.24929e-05	9.57653e-06	0.000199572	-6.00009e-05	0.240234	0.107654	0.237855	0.1	0.0105055
2.17863	1.74574	-0.662577	0.000154832	-0.000282127	-0.000215599	0.000857715	0.00014515	0.000195003	0.240084	0.107453	0.237707	0.1	0.00810814
0.442083	1.19287	1.57162	0.000113666	-0.000177734	-3.15273e-05	-0.000829758	-0.000225423	-7.29312e-05	0.239985	0.107319	0.237609	0.1	0.0056373
0.264652	0.686225	0.905099	0.000110848	-6.90153e-07	-2.40123e-05	0.000440149	0.000494108	-0.000278358	0.239931	0.107246	0.237555	0.1	0.00583165
2.04192	2.87332	1.50537	2.89946e-05	-2.53935e-05	1.88413e-05	-0.000102192	9.91262e-06	0.000176833	0.239786	0.107053	0.237412	0.1	0.00911365
-0.843897	-0.883336	0.967189	1.33652e-05	-1.19115e-05	-7.4248e-05	-4.4502e-05	0.000278781	-0.000312397	0.239696	0.106933	0.237323	0.1	0.00550183
0.241305	-1.58453	-0.901795	0.000109402	3.43456e-05	0.000105718	3.73028e-05	0.00184659	0.00208884	0.239588	0.106787	0.237216	0.1	0.00891699
-0.294356	-3.4179	2.27945	1.93459e-05	0.000388033	1.96567e-05	0.000115072	8.61142e-06	-0.000172279	0.239483	0.106648	0.237112	0.1	0.00944713
-1.84301	-2.86126	0.233795	1.12867e-05	0.000262846	4.4889e-05	1.51175e-05	5.39975e-05	5.73661e-05	0.239239	0.106322	0.23687	0.1	0.0094998
1.26873	3.79644	0.330574	-6.25002e-05	-0.000405854	-3.16229e-05	0.000274006	-0.000109965	-0.000366626	0.239237	0.106319	0.236868	0.1	0.00826004
-2.24011	-1.23404	-0.338831	-2.06262e-05	0.000220731	1.78142e-05	-0.000178679	-8.93213e-05	0.00055955	0.239205	0.106277	0.236837	0.1	0.0106882
-2.38422	-0.630432	1.25626	-1.1961e-05	0.000107972	-1.09519e-05	-0.000353573	3.60187e-05	8.75945e-05	0.239191	0.106258	0.236823	0.1	0.00744033
-2.49005	-0.763278	2.4194	-1.97158e-05	0.000278061	5.15081e-05	0.000172296	-0.000135921	0.000296419	0.238965	0.105957	0.236599	0.1	0.0108248
-1.67767	-3.48017	0.0425369	-4.86712e-05	0.000489713	1.40141e-05	-0.000162063	-6.84676e-05	0.000246782	0.238904	0.105876	0.236539	0.1	0.00877756
-0.689613	-1.87736	-1.37733	-2.81411e-05	0.000231924	-9.08917e-05	-8.29016e-05	0.00010934	0.000214809	0.238867	0.105826	0.236502	0.1	0.0079222
-1.29485	-0.553397	0.232879	-3.4581e-05	2.6749e-05	-6.59536e-05	8.06776e-05	5.31006e-05	0.000190536	0.238847	0.105799	0.236482	0.1	0.00412348
-0.786052	-3.56216	2.16292	-1.97447e-05	0.000414721	9.18463e-06	0.000261746	-3.76687e-05	-8.52174e-05	0.23868	0.105579	0.236317	0.1	0.00676265
0.349503	-1.90879	1.52141	2.80563e-05	0.000262214	4.74674e-05	2.63932e-05	-3.25321e-05	0.00035081	0.238578	0.105443	0.236216	0.1	0.00687315
-1.39654	0.989789	1.28202	-1.45134e-05	-0.000136781	2.09807e-05	0.00014326	-9.0567e-05	1.93249e-05	0.238575	0.105439	0.236213	0.1	0.00832937
-2.18424	-2.84821	-1.63201	1.34302e-05	0.000358794	-1.65795e-05	-0.000135778	8.23635e-05	0.000250743	0.238558	0.105416	0.236196	0.1	0.00622121
0.267547	1.8531	1.99264	4.33296e-05	-8.67356e-05	-2.20397e-05	0.00024946	3.22054e-05	0.000367568	0.238531	0.105381	0.236169	0.1	0.00688659
0.106246	-0.134759	-2.23962	2.52899e-05	6.26569e-05	-0.000100526	-0.000590397	-0.000124647	-9.00652e-05	0.238467	0.105296	0.236106	0.1	0.00693791
-0.713891	3.93064	0.156256	-7.99713e-05	-0.000392311	-2.25959e-05	0.000113419	0.000171681	-0.000267014	0.238429	0.105245	0.236068	0.1	0.00519359
-0.850403	-2.7857	-0.63698	3.49936e-09	4.67031e-08	-3.48831e-09	-5.80722e-62	5.94925e-63	1.62366e-62	0.238392	0.105197	0.236032	0.1	0.0116881
2.18672	-2.48504	1.11294	-9.57495e-06	0.000282259	1.2134e-05	-4.50704e-05	-6.2155e-06	-0.000328281	0.238069	0.10477	0.235712	0.1	0.00959065
0.184512	-2.03566	-0.774003	6.527e-05	6.2883e-05	0.000156049	-0.000281306	-0.00196276	-0.00227792	0.2379	0.104547	0.235545	0.1	0.00522606
-0.0873008	-0.511405	0.209316	1.08855e-05	5.92853e-05	7.43536e-05	0.000400045	0.000154421	-0.000312667	0.237677	0.104254	0.235324	0.1	0.00454952
0.797222	-0.568327	0.594587	-2.94051e-05	8.05169e-05	3.60972e-05	-0.000226616	-0.000214915	2.48411e-05	0.237634	0.104196	0.235281	0.1	0.00663182
1.71725	0.257746	2.25187	5.33818e-05	2.4618e-05	-1.60362e-05	-0.000188035	4.71825e-05	3.29022e-05	0.237512	0.104035	0.23516	0.1	0.0110149
-2.32994	3.21237	-2.3208	5.29084e-05	-0.000333156	-2.61967e-06	-2.84953e-05	-7.57677e-05	0.000211392	0.237463	0.103972	0.235112	0.1	0.00557541
0.0885691	2.34152	1.41055	5.21274e-05	-0.000321744	-3.29988e-05	0.000120647	0.000201941	-0.000258466	0.237431	0.103929	0.23508	0.1	0.00697519
0.360571	-1.92216	-2.2706	6.06105e-05	6.48919e-05	-0.00011069	-0.000172034	0.000501507	-8.70148e-05	0.237431	0.103929	0.23508	0.1	0.0130264
1.70032	-0.237865	-2.00016	0.000282459	6.55727e-05	0.000128345	-0.000942744	3.10722e-05	0.000775242	0.237278	0.103729	0.234929	0.1	0.0101501
-2.47913	1.47619	0.394073	-6.20214e-05	-0.000133222	8.06915e-05	-0.000436528	0.000172941	-1.64197e-05	0.237254	0.103697	0.234905	0.1	0.00746255
0.574639	-2.31763	-0.918587	-7.02714e-05	0.000264709	1.42111e-06	-0.000165993	-5.24826e-05	0.00047931	0.237202	0.103628	0.234853	0.1	0.00634546
-1.60382	-1.42391	2.2194	0.000112157	0.000209662	-7.81656e-05	-0.000136628	-6.94133e-06	-7.71862e-05	0.237135	0.103541	0.234787	0.1	0.00736273
0.952189	2.38567	2.48481	-4.73332e-05	-0.000229992	8.17458e-05	-0.000164542	-0.000140814	0.000286382	0.237122	0.103524	0.234774	0.1	0.00724401
-0.912905	3.91698	-0.466263	-2.84296e-05	-0.000326344	-2.00639e-05	0.000166501	-0.000174243	-5.58089e-05	0.236892	0.103224	0.234547	0.1	0.00730077
0.114139	0.482008	-2.35926	5.46588e-05	8.486e-05	-6.38631e-05	-0.000327081	0.000349242	0.00015748	0.236865	0.103189	0.23452	0.1	0.00888417
-1.37489	1.9197	-0.712622	6.92943e-05	-0.000180117	1.93793e-05	0.000223812	-0.00018146	1.87218e-05	0.236787	0.103086	0.234443	0.1	0.00584179
1.05045	-0.643554	-0.0482139	-3.38388e-05	6.15199e-06	1.04771e-05	-0.000431351	4.78797e-05	0.000474333	0.236379	0.102554	0.234039	0.1	0.0055564
1.69025	-1.27385	-1.23933	-2.11602e-05	0.000182495	8.52103e-06	-9.11448e-05	0.000220628	-9.72568e-05	0.23636	0.10253	0.23402	0.1	0.0103644
2.3505	-2.08229	-0.685155	-6.43787e-05	9.89268e-05	4.39387e-05	0.000379	4.96818e-05	0.000477193	0.236341	0.102504	0.234001	0.1	0.0169725
-0.619654	1.23494	-0.858435	5.84374e-05	-0.000113751	-1.02729e-05	0.000109385	0.000105419	0.000100389	0.236281	0.102428	0.233942	0.1	0.00546346
0.848778	1.03779	0.941165	-5.21761e-06	-3.41066e-05	-4.64946e-05	-0.000185941	9.31462e-05	0.000637991	0.236277	0.102422	0.233938	0.1	0.00528976
0.776742	-0.762289	1.0101	-2.44578e-05	0.000199438	1.60811e-05	-9.45749e-05	-3.8641e-05	0.000272874	0.236117	0.102213	0.233779	0.1	0.00542572
-1.26878	1.94615	-1.24307	1.96234e-05	-0.000160123	1.82104e-05	-0.000103298	0.000182653	0.000251872	0.236076	0.102161	0.233739	0.1	0.00554291
-1.75516	-0.573923	-0.0707655	-4.65417e-05	-3.67732e-05	-2.68422e-06	1.36592e-05	0.000310478	5.19941e-05	0.235915	0.101951	0.233579	0.1	0.00450703
-1.06815	0.502509	1.22059	-4.13906e-08	-4.8033e-07	6.74453e-07	2.24471e-26	-6.82336e-24	-9.04539e-24	0.235774	0.10177	0.23344	0.1	0.0117955
1.45157	-0.773073	-0.230696	-5.11871e-06	0.000134035	4.07903e-05	6.19532e-05	7.81324e-06	7.52866e-05	0.235702	0.101675	0.233368	0.1	0.00367132
1.77021	-3.50637	1.40806	1.22791e-05	0.000369976	6.35003e-05	-0.000189793	-0.00042007	0.000111638	0.235632	0.101585	0.233299	0.1	0.0064488
0.533514	0.936739	0.611245	0.000101378	-0.000124127	-0.000137603	-0.000810815	5.94485e-06	-0.000238255	0.235543	0.10147	0.233211	0.1	0.00733381
-2.31527	3.3451	1.73153	1.47376e-05	-0.000259566	-7.85223e-06	0.000221164	-6.60788e-05	0.000329515	0.235542	0.101468	0.23321	0.1	0.00490325
1.83785	3.32851	-0.779398	-7.29194e-05	-0.000286964	-8.84642e-06	0.000225437	0.000154714	0.000224894	0.235326	0.10119	0.232996	0.1	0.00580894
-2.07122	1.36263	-1.34911	9.1651e-05	-0.000125179	2.43442e-05	6.59134e-05	0.000141849	0.000112174	0.235264	0.101109	0.232935	0.1	0.00424371
-0.158444	1.86853	-0.649413	6.59873e-06	-0.000270619	-3.40167e-05	-6.92888e-06	0.000601984	-0.000612649	0.235177	0.100998	0.232849	0.1	0.00699582
-1.98492	-3.84707	-2.09209	5.76649e-05	0.000345585	-1.20411e-05	-0.000308594	0.00012179	-0.000379655	0.235106	0.100905	0.232778	0.1	0.00768296
1.36705	1.03013	-0.435286	-6.15866e-05	-0.000144637	5.20723e-05	4.25649e-05	-0.000269938	0.000293241	0.23501	0.100782	0.232683	0.1	0.0044052
1.61105	-1.52473	0.853621	-1.48526e-05	0.000209848	4.50301e-05	-0.000225301	-5.02904e-05	0.000110797	0.234827	0.100547	0.232502	0.1	0.00553871
0.154899	1.63211	-1.11771	4.20132e-05	-0.000293284	-0.000147946	0.000168174	0.00030178	0.000135826	0.234781	0.100487	0.232456	0.1	0.00637214
2.27731	-1.17807	-2.43294	-4.48161e-05	0.000238992	-4.11902e-06	0.000247873	0.000942166	-0.000263226	0.234742	0.100438	0.232418	0.1	0.00523161
0.0486291	2.93046	-0.466108	-4.36905e-05	-0.000306139	1.75415e-05	0.000130538	-3.46611e-05	-0.000403413	0.234729	0.100422	0.232405	0.1	0.0107053
0.854861	-0.92536	-0.388876	-6.5803e-05	9.29015e-06	4.83664e-05	6.44391e-05	2.19125e-05	0.000684159	0.234723	0.100413	0.232399	0.1	0.00672771
-0.734431	2.60623	1.48947	-1.96412e-05	-0.000283112	1.80507e-05	-0.00055039	6.7119e-05	-0.000233242	0.234716	0.100404	0.232392	0.1	0.00815229
-0.467152	-3.78161	-1.44271	-3.34037e-05	0.000410504	-7.49095e-05	-0.000190752	0.000109425	0.000165235	0.234391	0.0999882	0.23207	0.1	0.0123657
-0.421057	-1.15252	0.975971	-0.000102052	1.77528e-05	-9.53541e-05	0.000124487	0.000144271	0.000343674	0.234228	0.0997805	0.231909	0.1	0.010332
-1.01357	1.85918	-1.87645	1.84798e-05	-0.000201769	2.10926e-05	0.000286233	-8.69578e-05	-0.000391575	0.234163	0.0996969	0.231845	0.1	0.00594594
-0.195472	-0.0998671	-0.00505003	2.16829e-06	-3.95651e-05	8.16498e-05	7.74443e-05	1.1248e-05	-0.000635843	0.233947	0.0994212	0.231631	0.1	0.00498032
2.40969	-1.95999	-2.332	-3.80649e-06	0.000330185	6.39657e-05	-0.000157954	-4.34488e-05	-2.00574e-05	0.233696	0.0991015	0.231382	0.1	0.0107202
-1.18884	-1.51129	1.17859	5.36102e-05	7.0095e-05	-8.11416e-05	-0.000609696	-0.000131794	0.000498017	0.23369	0.0990929	0.231376	0.1	0.00612484
-0.0404919	2.15295	2.17615	-5.85903e-05	-0.000277334	0.000122655	0.000212657	6.76471e-05	-0.000157536	0.233609	0.0989904	0.231296	0.1	0.00614508
-0.0765733	3.7476	-0.0388787	-7.74242e-05	-0.000454468	-7.99617e-05	3.47768e-05	-0.000205782	-0.000527272	0.233569	0.0989397	0.231256	0.1	0.00632122
-1.2773	-1.88924	0.345541	-0.000108586	0.000212	-6.71998e-05	0.000348875	3.09896e-05	0.000290359	0.233337	0.0986457	0.231027	0.1	0.00534684
0.245936	-3.6339	2.05881	-0.00011125	0.000364745	-9.79691e-05	-0.000240248	-0.000349484	0.00048038	0.233285	0.0985791	0.230975	0.1	0.00720581
0.357951	-3.38892	-0.314415	-4.78619e-05	0.000334892	-1.27607e-05	0.00016811	-0.000107635	0.000154366	0.233155	0.0984158	0.230847	0.1	0.00507888
-1.56486	2.19494	0.480696	-3.22218e-05	-0.000207033	1.86654e-05	-0.000278627	9.3899e-05	-5.75046e-05	0.233116	0.0983655	0.230808	0.1	0.00871262
1.44181	1.33295	-0.0962798	-3.0636e-05	-0.000176987	3.32917e-05	6.72715e-05	0.000623497	-8.14937e-05	0.233102	0.0983481	0.230794	0.1	0.00509846
-1.8635	-0.891158	1.26116	-5.48155e-05	0.000104613	-1.26631e-05	-0.000131087	8.348e-05	-5.75604e-05	0.233037	0.0982664	0.23073	0.1	0.0089261
-0.215761	-0.573073	0.654895	-2.92743e-07	-4.26913e-08	1.17539e-06	5.7993e-24	-1.91311e-23	-1.56083e-24	0.232987	0.0982018	0.23068	0.1	0.00710031
2.48565	-1.58196	2.41376	-6.08908e-05	0.000151813	-0.000218894	-0.000560468	0.000222061	-0.000273815	0.23297	0.0981807	0.230663	0.1	0.00808118
-1.74785	-2.93188	-0.214055	-3.18017e-05	0.000358039	4.01381e-05	0.00046824	0.000191297	-0.000239429	0.232853	0.0980333	0.230548	0.1	0.00730492
1.12517	2.53088	1.53225	-0.000130265	-0.000180173	7.06646e-05	-0.000809425	0.000108239	-0.000592942	0.232841	0.0980185	0.230536	0.1	0.0106962
2.2976	-3.6169	1.79736	-1.02276e-06	0.000401441	3.22202e-05	-4.19081e-05	0.000123953	0.000227176	0.232838	0.0980137	0.230533	0.1	0.00997773
-1.37463	3.87445	-0.679963	-1.20193e-05	-0.000385717	1.6071e-05	0.000371719	-0.000124324	8.83203e-05	0.232645	0.0977704	0.230342	0.1	0.00536372
2.24672	2.19911	-0.752692	-3.31976e-05	-0.000197383	7.92879e-05	0.000474118	0.000211347	0.000561202	0.232529	0.0976247	0.230227	0.1	0.00933634
-0.0894769	-0.278319	2.27628	9.73807e-05	-1.48463e-05	-3.3919e-05	5.63733e-05	-0.000446333	-0.000239993	0.232356	0.0974063	0.230055	0.1	0.00871995
2.41333	1.35235	-0.571521	0.000193607	-0.000224147	-6.92817e-05	-0.00100348	-0.00120621	0.000239171	0.232305	0.0973426	0.230005	0.1	0.00584971
-1.04076	1.20881	0.935704	-2.767e-05	-0.000117789	3.72244e-05	0.000271042	0.000144242	0.000197153	0.232166	0.097167	0.229867	0.1	0.00810594
-2.23107	-3.98955	-2.45839	1.61358e-07	0.000405641	-1.76938e-07	8.06341e-27	-2.60959e-24	4.97593e-25	0.232017	0.0969806	0.22972	0.1	0.00754695
0.589969	-2.02024	-0.546188	6.74775e-05	0.00020088	-2.99366e-05	-0.000328625	7.72923e-05	-0.000365284	0.231839	0.0967586	0.229544	0.1	0.00736403
1.704	-2.85918	-1.62782	0.000141823	0.000473269	0.000122918	2.46587e-05	0.000100169	-0.000162591	0.231804	0.0967136	0.229509	0.1	0.00945412
-0.600775	-3.12586	-0.00784719	-4.9671e-05	0.00013691	0.00013244	0.000758176	-4.03627e-05	0.000346508	0.231661	0.0965346	0.229367	0.1	0.0104553
0.271038	1.94373	-0.797913	-5.06978e-05	-0.000306881	-0.000101477	0.000148879	-0.000249975	0.000520931	0.231371	0.0961726	0.22908	0.1	0.00668162
1.88909	0.511216	1.5698	5.59158e-05	-8.03385e-06	-1.51637e-05	3.29124e-05	4.99821e-05	-0.000197194	0.231332	0.0961243	0.229042	0.1	0.00731404
-1.58238	3.71554	0.807817	-0.000107133	-0.000416258	-2.0171e-05	-1.92099e-06	-0.000179079	0.000263307	0.231276	0.0960544	0.228986	0.1	0.00886255
0.681057	1.06363	-1.90833	2.04392e-05	-9.6862e-05	1.31677e-05	3.29018e-05	2.687e-05	0.000228931	0.231257	0.0960307	0.228967	0.1	0.0105428
1.78616	1.45621	-0.553926	6.38588e-05	-0.000316136	-6.76141e-05	0.000366633	0.000812276	4.99047e-05	0.231228	0.0959953	0.228939	0.1	0.00513923
0.591646	0.788893	1.23009	7.36914e-05	-4.28945e-06	3.00874e-05	-0.000147395	0.000299932	0.000606175	0.231098	0.0958324	0.22881	0.1	0.0039403
-0.416567	2.56759	-1.73366	-3.0536e-05	-0.000303174	-2.13717e-05	-0.000195837	-7.38916e-05	-0.000352181	0.231097	0.0958312	0.228809	0.1	0.00888858
1.37332	3.36314	2.14131	-0.000191135	-0.000402507	6.45161e-05	0.000119401	-9.30822e-05	-0.000883168	0.230968	0.0956712	0.228681	0.1	0.0103315
1.50858	1.1267	-2.22728	4.13306e-05	-5.91115e-05	3.48158e-05	-0.000123991	-0.000349402	-0.000195496	0.230925	0.0956178	0.228639	0.1	0.00441222
-0.999857	-0.621577	1.87249	4.6291e-05	3.69783e-05	-1.7875e-05	2.2283e-05	-0.000149566	-0.000265912	0.230853	0.0955284	0.228567	0.1	0.0109128
2.43091	-0.2749	-0.975986	2.71687e-05	-4.05944e-05	-3.29996e-06	-0.000189812	-0.000122755	-6.00085e-05	0.230603	0.0952189	0.22832	0.1	0.0110211
0.077342	-0.586554	-2.30875	-1.64707e-06	8.60108e-05	-5.67983e-06	0.000302179	-2.32808e-05	-6.8497e-05	0.230371	0.0949306	0.22809	0.1	0.00454063
-0.244724	-1.74238	-1.28022	3.33518e-05	0.000238331	-8.33341e-05	-5.63094e-05	-3.91888e-05	-0.00010979	0.230367	0.0949265	0.228086	0.1	0.00853033
-0.08222	3.95231	-1.38592	-1.35757e-05	-0.000361631	-3.30723e-05	-6.49295e-05	-0.00016318	3.56419e-06	0.230224	0.0947498	0.227945	0.1	0.0049226
0.643923	1.18445	0.239007	4.50731e-05	-0.000166297	-0.000181375	0.000609072	0.000288628	0.000252523	0.22985	0.0942887	0.227574	0.1	0.00773081
-1.68656	-2.18601	0.400458	-4.66277e-05	0.000269068	-3.42393e-05	0.000274773	7.4743e-05	0.00016851	0.22984	0.0942757	0.227564	0.1	0.00597941
0.189534	3.92306	0.28714	-0.000118937	-0.000519335	-3.30436e-05	-0.000112311	-0.000187041	-9.45552e-05	0.229772	0.0941929	0.227497	0.1	0.00473759
-0.0610914	3.09687	-1.36745	-2.36398e-05	-0.000326265	-1.54168e-05	5.23963e-05	-6.66363e-05	5.54677e-05	0.229716	0.0941249	0.227442	0.1	0.00611935
2.3389	3.55587	-1.04551	-0.000109259	-0.000185551	8.37025e-06	-0.000173942	0.000171932	-0.000800409	0.229675	0.0940734	0.227401	0.1	0.00799133
0.889715	-2.88074	1.03849	-6.76841e-05	0.000165652	4.4609e-06	0.00018712	-6.48485e-06	9.96304e-05	0.229635	0.094024	0.227361	0.1	0.00631647
0.780745	-3.50265	-2.28298	-0.000102318	0.000402922	0.000107222	0.000730098	-0.000122085	0.00063695	0.229633	0.0940217	0.227359	0.1	0.00697046
-0.505321	3.61017	-0.097066	-8.49138e-05	-0.000326433	-7.30325e-05	-0.000156435	0.000128121	8.55537e-05	0.229597	0.0939779	0.227324	0.1	0.00921257
1.89087	0.400035	0.989611	5.82533e-05	-1.1901e-05	-3.15637e-05	-7.11538e-06	-0.000140468	3.08283e-05	0.229587	0.0939654	0.227314	0.1	0.00829282
0.563243	-1.02097	-0.0245475	8.45089e-05	-3.61188e-05	0.000106664	-0.000112251	0.000158294	0.000912581	0.229559	0.093931	0.227286	0.1	0.00652222
-0.767206	0.133875	0.0118942	-8.60873e-05	-4.79888e-05	9.39986e-05	3.76977e-05	-0.000104611	-7.55135e-05	0.229502	0.0938617	0.22723	0.1	0.00640656
-0.103025	-0.806834	-0.467081	-3.74425e-05	3.07706e-06	-5.13984e-05	-0.000527089	0.000130245	0.000624293	0.229294	0.0936058	0.227024	0.1	0.00611474
-1.04529	-3.01019	1.31219	-3.07821e-05	1.77226e-05	9.11448e-06	6.21904e-05	2.51497e-05	0.000169753	0.229262	0.0935673	0.226992	0.1	0.00720586
2.37506	1.18749	-1.15207	0.000175888	-0.000283192	7.49763e-05	0.000360763	0.000167598	3.00247e-05	0.229043	0.0932983	0.226775	0.1	0.0064147
2.26412	0.651903	1.3681	-2.21528e-05	3.2979e-05	2.70353e-06	-1.31593e-05	2.76844e-05	0.000447053	0.229023	0.0932736	0.226755	0.1	0.00539854
2.05334	-3.84579	1.49425	-3.76772e-05	0.000411618	9.857e-05	0.000119629	0.000266888	-0.000187882	0.22902	0.0932701	0.226752	0.1	0.00674152
2.17499	2.59211	-2.01515	-3.33538e-06	-0.0001253	1.19953e-05	0.000369212	7.76283e-05	-0.000391152	0.228994	0.0932399	0.226727	0.1	0.00752104
0.345209	-3.27864	2.33902	7.9175e-05	0.000255236	8.25246e-05	-0.00105026	7.93243e-05	0.000945029	0.228978	0.0932202	0.226711	0.1	0.00619843
1.1663	2.67611	-1.06136	-8.21209e-05	-0.000347568	2.35051e-05	0.000563479	-0.00027016	0.00021953	0.228925	0.093155	0.226658	0.1	0.00706236
0.106041	0.657146	0.209463	6.4266e-06	-0.00018262	2.91024e-05	-0.000147154	3.39659e-05	0.00011701	0.228769	0.0929649	0.226504	0.1	0.00958926
1.50298	-1.02239	2.13108	2.28423e-06	0.000212137	3.52102e-05	-4.94295e-05	-0.000225232	-6.12095e-05	0.228681	0.0928573	0.226417	0.1	0.00487666
0.120893	1.52983	-0.108051	-6.21477e-05	-0.000203431	-2.1507e-05	-0.000145537	0.000285293	-8.75441e-05	0.228633	0.0927983	0.226369	0.1	0.00873806
-0.838221	3.94204	-1.35887	-0.000116682	-0.000269742	-3.88298e-05	0.000258672	0.000126368	-0.000898268	0.228527	0.09267	0.226264	0.1	0.00964016
0.953241	0.820306	-2.17995	-2.7435e-06	-8.75555e-05	-1.43983e-05	0.000264365	-9.58006e-05	-2.28246e-05	0.228372	0.0924815	0.226111	0.1	0.00915909
1.20111	-3.39012	-2.15597	-2.68616e-05	0.000327677	-7.48914e-05	-0.000859014	0.00021781	0.000237331	0.228275	0.0923635	0.226015	0.1	0.00644567
0.438872	-0.962748	1.23214	1.14054e-05	0.00017867	-3.88563e-05	-0.000180466	-0.000114519	0.000183509	0.228269	0.0923562	0.226009	0.1	0.00437627
2.38335	-1.87739	1.78731	-5.86282e-05	0.000319754	3.81775e-05	0.000137594	3.95521e-05	0.000560168	0.228148	0.0922089	0.225889	0.1	0.00844457
0.215829	3.68438	-0.388199	-3.12319e-05	-0.000421038	-7.67901e-05	0.000315541	0.000364779	-0.00016434	0.227891	0.0918988	0.225635	0.1	0.00517139
1.06346	-0.118862	-0.726341	7.57645e-07	-3.01783e-06	-1.61801e-06	-3.32192e-14	-3.78811e-15	-3.87583e-14	0.2278	0.0917882	0.225545	0.1	0.00808846
-2.00953	-2.64113	1.5072	7.60571e-06	0.000459481	2.56994e-05	7.40574e-05	-0.000193018	0.000104036	0.227735	0.0917093	0.22548	0.1	0.0117683
0.994749	1.17199	0.525371	-4.50532e-05	-0.000148723	-6.76094e-05	0.000297313	-0.000137946	-0.000186367	0.227721	0.0916929	0.225466	0.1	0.00566217
1.70429	-2.33212	-2.23813	-3.03573e-05	0.000313705	7.30606e-05	-5.35272e-05	0.000236796	8.76566e-05	0.227719	0.0916894	0.225464	0.1	0.00796924
1.59486	-0.526053	0.126714	-2.05002e-05	4.01189e-05	4.42093e-05	0.000270381	6.92683e-05	0.000174549	0.227657	0.0916158	0.225403	0.1	0.00504333
2.15591	-3.47118	-0.805227	0.000100623	0.000276105	-0.00013219	-0.000760687	-2.39735e-06	-0.000637579	0.227655	0.0916129	0.225401	0.1	0.00868244
-1.71054	1.90039	-1.13506	4.17296e-05	-0.000136878	6.27382e-05	0.000197688	0.000332093	0.000245708	0.227637	0.0915917	0.225383	0.1	0.00580129
2.32508	-3.86057	-1.00739	3.49936e-09	4.67031e-08	-3.48831e-09	-1.06004e-76	-5.96511e-77	1.21126e-76	0.227625	0.0915767	0.225371	0.1	0.00989346
-2.38761	-3.58231	-1.9418	7.98555e-06	0.000409796	9.61098e-06	-4.35065e-05	-6.47644e-05	-1.82821e-06	0.227598	0.0915445	0.225345	0.1	0.0044149
1.12795	-1.68818	0.777467	-1.98665e-05	0.000204414	2.03251e-05	-0.000104802	-3.91976e-05	-4.0527e-06	0.227427	0.0913378	0.225175	0.1	0.00483913
-0.937702	1.64172	1.94844	-2.04381e-05	-6.00599e-05	-2.22655e-05	-0.000269635	-0.00016649	3.36879e-05	0.227288	0.0911706	0.225038	0.1	0.0063869
1.16287	3.11233	-1.26852	-8.05853e-05	-0.000307952	4.74174e-05	0.000481537	-0.000272805	-9.13747e-05	0.227272	0.0911519	0.225022	0.1	0.00638736
