-1.39153	1.22529	-1.02802	6.40451e-05	-0.000130993	-8.95232e-06	-9.48447e-05	-9.05606e-05	-9.5847e-05	0.55482	1.32612	0.549327	0.1	0.0188997
2.15408	3.64726	2.23943	-1.15433e-05	-0.000321704	1.9388e-06	-9.20212e-05	7.25383e-05	4.97155e-05	0.554711	1.32533	0.549219	0.1	0.0180767
-0.830928	-1.28424	-0.907792	3.58968e-05	0.000197337	-8.80006e-05	-3.42185e-05	-5.38563e-05	-0.00027937	0.554426	1.32329	0.548937	0.1	0.0216926
-0.0772249	1.23735	-1.97414	4.55401e-08	-0.00025005	-9.85716e-05	0.00029932	-2.00361e-05	3.78653e-05	0.552434	1.30908	0.546964	0.1	0.0191415
2.47504	-3.37112	1.09813	3.74998e-06	0.000341559	-2.84709e-05	-0.000186431	0.000137058	-0.000102843	0.551275	1.30086	0.545817	0.1	0.0254747
-0.318034	-3.4586	-0.676767	-4.3229e-05	0.000409588	3.80416e-05	0.000124425	0.00012076	1.58689e-05	0.548893	1.28407	0.543458	0.1	0.0197864
-2.0109	0.745389	-1.78924	7.58786e-05	-6.32231e-05	-6.42706e-06	5.41925e-05	-3.75808e-05	-0.000144847	0.548822	1.28357	0.543388	0.1	0.0210266
1.80295	-4.03671	-0.353631	2.46771e-05	0.000337924	-6.30627e-05	0.000175766	-6.62985e-06	8.71497e-05	0.547774	1.27623	0.54235	0.1	0.0199719
-1.92602	-0.413853	0.6722	-6.67084e-05	1.15023e-05	5.13182e-06	-0.000146544	3.71028e-06	0.000102148	0.547358	1.27333	0.541939	0.1	0.0244757
-0.858091	-0.135562	0.728016	-7.1369e-05	-5.36219e-05	-7.52098e-06	1.16784e-05	-3.09108e-05	-0.000126015	0.546952	1.2705	0.541537	0.1	0.0203188
2.09855	0.372376	-1.2492	2.43444e-05	-5.21392e-05	1.08761e-05	-5.64901e-05	3.32167e-05	-0.000100052	0.546649	1.26839	0.541237	0.1	0.0244148
1.20461	2.62678	-1.822	-1.72868e-05	-0.000197131	2.5072e-05	-0.000115061	7.61921e-05	0.000187804	0.545348	1.25936	0.539949	0.1	0.0208246
-2.42135	-2.42109	0.435715	-1.05194e-05	0.000217476	4.1945e-06	7.50011e-05	-8.20264e-05	-9.11534e-05	0.545169	1.25811	0.539771	0.1	0.0220679
-0.0558826	-3.16939	-2.02968	-1.02799e-05	0.000316595	3.10767e-05	-0.000115269	-0.000176639	-4.81136e-05	0.544719	1.255	0.539326	0.1	0.0185407
-0.627894	3.38774	1.30357	1.17048e-05	-0.000336409	-2.56717e-05	8.77263e-05	0.000134539	-0.000116924	0.543689	1.24789	0.538306	0.1	0.018923
2.17722	-2.54107	2.1651	9.69621e-05	0.000297597	5.74799e-05	4.74742e-05	-5.10465e-05	6.88155e-05	0.541854	1.2353	0.536489	0.1	0.0300341
1.50097	-2.04228	-1.30014	9.30777e-06	0.000224627	5.69672e-05	1.32377e-05	6.10893e-05	-4.57716e-05	0.540595	1.22671	0.535243	0.1	0.0266943
2.11611	2.87368	-1.30205	-4.60422e-05	-0.000319497	-1.61831e-05	-0.000189791	-4.97318e-05	0.000103554	0.540372	1.22519	0.535022	0.1	0.0197017
0.242081	2.25792	-2.12337	1.72996e-05	-0.000270354	6.08423e-05	-5.07504e-05	-7.67423e-05	-7.88122e-05	0.540364	1.22514	0.535014	0.1	0.0176791
1.53318	1.89782	1.5369	-2.54263e-05	-9.99936e-05	2.63451e-05	-0.000108757	4.59264e-05	0.000154936	0.537534	1.20599	0.532212	0.1	0.0221284
1.81596	-3.02042	-0.0139548	-1.92221e-05	0.00027784	1.62862e-05	-3.60974e-06	0.000121986	3.85547e-05	0.536704	1.20041	0.53139	0.1	0.0226425
-1.6818	1.62838	0.939192	-2.90897e-05	-8.81999e-05	9.23228e-05	8.68882e-05	5.20212e-06	0.000114841	0.536645	1.20002	0.531332	0.1	0.021585
0.660803	-1.90003	0.209407	4.05217e-05	0.000240022	5.83174e-05	6.94747e-05	-1.75752e-05	-1.10083e-06	0.536462	1.19879	0.53115	0.1	0.0213151
0.3696	3.54053	1.65329	-1.37184e-05	-0.000395159	5.52124e-06	-5.09494e-05	-0.000180669	5.36432e-05	0.53632	1.19784	0.53101	0.1	0.0237474
-1.13579	-2.61741	0.057997	-2.6189e-05	0.000277709	6.04129e-06	-5.23048e-05	-5.98114e-05	-0.000168351	0.535344	1.19131	0.530044	0.1	0.018893
-0.264853	-2.52676	-1.20108	-1.62247e-05	0.000354099	3.25588e-05	-0.000168989	7.84882e-05	-0.000182958	0.534798	1.18767	0.529503	0.1	0.0178946
1.35556	3.9158	1.56767	-5.0703e-05	-0.000384525	5.2138e-05	-4.88575e-05	6.11247e-05	-2.46353e-05	0.534761	1.18742	0.529466	0.1	0.019081
0.80034	1.55004	-0.44588	-4.63038e-05	-0.000239393	-4.88975e-05	0.000263496	-0.000389353	-0.000281319	0.534328	1.18454	0.529038	0.1	0.0199593
-1.44297	3.81155	0.0635666	-5.23181e-05	-0.000311935	4.31175e-05	7.10176e-05	0.000118308	1.29694e-05	0.533494	1.179	0.528212	0.1	0.0191596
-0.508724	1.97459	-1.32037	-3.54069e-05	-0.00028256	-9.21842e-06	0.000165008	5.47535e-05	0.00017035	0.533315	1.17782	0.528035	0.1	0.0180511
-0.362468	3.56989	-0.827694	-5.39592e-05	-0.000332571	-2.24174e-05	-1.79394e-05	1.51468e-05	-2.62377e-05	0.533292	1.17767	0.528012	0.1	0.0183666
-2.01949	-1.20075	-2.13721	3.90306e-05	3.19937e-05	-0.000177173	-0.000197616	-0.000108843	-2.87566e-05	0.533023	1.17589	0.527746	0.1	0.0230377
-1.75648	-3.15012	-2.2062	-2.07315e-05	0.000326987	-1.27451e-05	2.18668e-05	7.51928e-05	0.000100626	0.53279	1.17434	0.527515	0.1	0.0262546
-0.0130108	-2.5445	1.01981	6.10278e-05	0.000297124	-3.10501e-05	-7.01704e-05	-3.82099e-05	-5.45457e-05	0.532572	1.1729	0.527299	0.1	0.0264536
-1.45042	3.60852	-1.71292	-4.71711e-05	-0.00034214	1.07126e-05	-0.000177984	0.000103076	-3.02595e-05	0.532055	1.16949	0.526787	0.1	0.0216863
0.456332	3.27444	-2.32823	-3.6559e-05	-0.00030945	1.98263e-05	-4.32185e-05	4.27295e-05	0.000173806	0.531483	1.16572	0.526221	0.1	0.0261133
2.41475	0.169424	-2.4816	3.3201e-05	2.76889e-05	6.46903e-06	-7.94893e-05	1.69508e-05	-8.21566e-05	0.530981	1.16242	0.525724	0.1	0.0213793
-0.176846	-1.2078	-1.75516	4.25742e-05	0.000155127	-6.52732e-05	0.000118591	5.77973e-05	5.5967e-05	0.53052	1.15939	0.525267	0.1	0.0209273
-0.933018	-3.51593	0.584203	2.79292e-05	0.000419701	2.47006e-05	2.79474e-05	6.8741e-05	-0.000133547	0.529592	1.15332	0.524349	0.1	0.0190298
-0.0722839	-3.62909	1.37848	-9.42372e-06	0.000380859	-2.4553e-05	7.2793e-05	-3.1274e-05	2.42251e-05	0.528499	1.14619	0.523266	0.1	0.0227132
2.04896	0.787702	-0.242644	-1.7703e-05	1.36225e-05	5.56216e-05	-1.51568e-05	0.000246477	4.07677e-05	0.527475	1.13954	0.522252	0.1	0.024565
0.559193	3.56689	-1.32803	-5.9715e-05	-0.000326205	1.32556e-05	9.17369e-05	-5.64852e-05	1.61089e-06	0.527182	1.13765	0.521962	0.1	0.0198829
-2.41699	0.791655	0.654047	2.12427e-05	-6.14425e-05	3.02244e-05	0.000255501	-0.000167503	6.57495e-05	0.527004	1.1365	0.521786	0.1	0.0275948
2.41659	-1.17344	1.7604	-6.67828e-05	0.000261736	6.05716e-05	8.4815e-05	0.000171825	-0.000120951	0.526785	1.13507	0.521569	0.1	0.0206226
0.0802033	-3.3682	0.379381	4.83978e-06	0.000307923	-2.51313e-05	5.70736e-05	5.10416e-05	-7.42249e-05	0.526637	1.13412	0.521423	0.1	0.0180771
0.543588	2.77039	0.9616	1.06558e-05	-0.000351242	-1.71154e-05	0.000152068	0.000162112	5.76766e-05	0.524764	1.12206	0.519568	0.1	0.0172376
-2.43538	3.92697	0.373147	-4.48605e-05	-0.000324816	1.01746e-05	-0.000326555	-0.000178341	0.000116174	0.523709	1.11531	0.518524	0.1	0.0241506
-2.48635	3.73292	-1.76047	-4.34077e-05	-0.000333365	-2.20726e-06	0.000133997	-0.000129163	-2.07398e-05	0.523479	1.11384	0.518296	0.1	0.0187881
1.49328	0.943009	2.04579	6.51905e-05	-7.94793e-05	-4.74117e-05	-2.69182e-05	-0.000111464	5.36707e-05	0.521989	1.10436	0.516821	0.1	0.0193333
-1.83925	-1.90109	-0.274806	-2.07293e-05	0.00023046	1.40649e-05	0.000273883	0.000373843	-0.000284806	0.521432	1.10083	0.516269	0.1	0.0214938
-0.404753	1.81941	1.46901	-1.00852e-05	-0.000301242	-8.14723e-05	-6.90038e-05	9.0052e-07	-9.6033e-05	0.521217	1.09946	0.516056	0.1	0.023614
-2.00623	-3.91571	1.84287	3.29713e-05	0.00042474	1.43518e-06	-0.00011517	4.16959e-05	-1.4237e-05	0.518617	1.08309	0.513482	0.1	0.0168658
2.09113	-0.0962645	0.465351	-4.34915e-05	2.40927e-05	1.50671e-05	-0.000243518	0.000127037	-0.0002537	0.517898	1.07859	0.51277	0.1	0.0221156
2.33668	-1.0761	-0.934022	1.22085e-05	0.00010562	3.6093e-05	0.00020424	0.000111563	1.88241e-05	0.517716	1.07746	0.51259	0.1	0.0242543
1.57317	3.7666	-1.3419	-6.61463e-05	-0.000364034	-5.50336e-05	6.49148e-06	0.000201211	-7.02433e-05	0.5171	1.07361	0.51198	0.1	0.0170299
-1.86906	2.68926	-1.4779	-5.40747e-05	-0.000288717	5.54357e-05	9.85393e-05	-5.329e-05	-2.74157e-05	0.516716	1.07123	0.5116	0.1	0.0212647
-1.94474	0.347501	-0.816083	4.23695e-06	-5.7998e-05	-1.05027e-06	-6.79553e-05	-2.93072e-05	3.00216e-06	0.515931	1.06635	0.510823	0.1	0.0247154
1.15373	3.24389	-0.548146	-6.64962e-05	-0.000387673	-1.32211e-05	-0.000156713	0.000173529	-0.000301829	0.515901	1.06617	0.510793	0.1	0.0143306
1.54115	2.07881	-0.945101	4.36408e-05	-0.0002942	8.45039e-05	0.000144631	0.000365964	-7.95271e-05	0.51576	1.06529	0.510653	0.1	0.0169936
-1.9113	-2.07601	1.95519	6.26194e-05	0.000277213	1.10497e-05	-9.87768e-05	0.000126243	-8.49544e-05	0.514995	1.06056	0.509896	0.1	0.0267481
-0.426727	3.54026	-1.86123	-5.27465e-05	-0.000402293	-4.086e-06	-0.000114783	-2.73172e-05	6.32309e-05	0.514003	1.05444	0.508914	0.1	0.0209409
0.73125	0.111482	2.46278	5.82938e-05	-3.80661e-06	1.39529e-05	-7.52746e-05	0.000145028	2.09815e-05	0.512599	1.04583	0.507524	0.1	0.0190522
0.541834	-0.347797	1.57958	-2.03047e-05	0.000122559	-1.94152e-05	7.49052e-05	6.2479e-06	7.99073e-06	0.51184	1.04118	0.506772	0.1	0.0187075
-2.05819	-3.54415	-1.30049	2.0124e-05	0.000407091	1.53602e-05	-0.000133946	2.69831e-05	-0.000211034	0.511673	1.04017	0.506607	0.1	0.0218756
-0.450071	0.827566	0.698765	1.84085e-05	-0.000118104	-8.17422e-06	6.70174e-05	0.000236358	-8.57464e-05	0.511494	1.03908	0.50643	0.1	0.0241037
0.878699	-3.23599	-1.51404	3.07833e-06	0.000336695	6.63519e-05	-4.01476e-05	-0.000130751	0.000146913	0.510448	1.03272	0.505394	0.1	0.0178726
-1.24279	3.51452	2.13904	-8.20192e-05	-0.000339094	-0.000161175	-0.000419929	-0.000526047	-0.000321331	0.509646	1.02785	0.5046	0.1	0.0221354
0.830195	-2.77419	-2.40863	-2.70671e-06	0.00026668	4.70594e-05	-9.00461e-05	6.22614e-05	5.66734e-05	0.508542	1.02119	0.503507	0.1	0.0205858
-0.638906	-0.43823	-2.25397	4.26794e-05	0.000136886	-1.49305e-05	-0.000197808	0.000193769	-0.000177242	0.508425	1.02048	0.503391	0.1	0.0187217
1.44003	-0.429681	-1.34196	8.9265e-05	-8.70636e-05	5.85452e-05	-5.87067e-05	-1.01695e-05	0.000269284	0.506867	1.01114	0.501849	0.1	0.0197752
1.37282	1.81538	-2.4478	2.75095e-05	-0.00014152	1.26549e-05	0.000181482	4.14851e-05	4.00849e-06	0.505037	1.00022	0.500037	0.1	0.0189217
-1.19772	2.72751	-2.23872	-7.13772e-05	-0.000283052	-9.7912e-05	0.000263999	0.000279138	0.000555822	0.504957	0.999745	0.499957	0.1	0.0229125
-2.2975	-3.43663	-0.330333	-1.63153e-05	0.000409795	-1.73851e-05	0.000146392	-0.000113743	0.000130502	0.504939	0.999642	0.49994	0.1	0.0193629
-0.178218	-0.440241	-1.07881	7.06595e-05	4.57165e-05	3.93847e-06	0.000115531	3.24366e-05	-4.38939e-05	0.504901	0.999415	0.499902	0.1	0.0176152
0.426218	-0.353053	-0.287924	3.88429e-05	-7.34134e-06	2.28818e-05	3.99843e-05	-0.000131784	-0.000120936	0.504788	0.998742	0.49979	0.1	0.015911
0.690087	-0.699502	-1.94422	0.000100265	3.94337e-05	3.54259e-05	0.000304661	-2.73968e-05	-0.000368435	0.503937	0.993701	0.498948	0.1	0.0202709
-1.00685	-2.2628	1.41635	2.35412e-05	0.000316397	3.10896e-05	-4.82776e-05	-2.9233e-05	-5.88482e-05	0.503345	0.990196	0.498361	0.1	0.0188179
-1.03554	0.374185	-1.79924	8.2009e-05	-6.54907e-05	-9.73527e-05	-0.000172448	-8.13129e-05	0.000113408	0.503196	0.989325	0.498214	0.1	0.0189472
1.33022	-1.48175	-0.450169	6.89613e-05	0.000197375	7.8356e-05	6.56511e-05	-1.63357e-05	-0.0001009	0.502585	0.985721	0.497609	0.1	0.0205718
-0.91879	0.821931	-0.187222	-1.04118e-05	-0.000134	2.48811e-05	-0.000158115	-0.000143928	-6.23061e-05	0.501771	0.98094	0.496803	0.1	0.0192911
0.271493	-2.67478	-0.338618	4.89258e-06	0.000323555	2.34475e-05	6.50057e-05	8.91237e-05	-9.41447e-05	0.501401	0.978774	0.496437	0.1	0.021006
2.33429	-1.47969	0.789487	-7.1313e-06	0.000177729	4.02791e-05	3.77827e-06	5.82629e-05	5.26118e-05	0.501352	0.978484	0.496388	0.1	0.0174924
-1.54729	1.41824	2.25442	9.19293e-06	-0.000114138	-1.08575e-05	1.65125e-05	0.00020327	0.000175239	0.501333	0.978374	0.496369	0.1	0.0195628
-0.428689	2.79939	2.12861	2.64135e-05	-0.000214923	2.71244e-05	-0.000388894	3.51563e-05	-9.4338e-05	0.500305	0.972365	0.495351	0.1	0.0229473
1.75147	-1.94112	1.44346	3.07119e-05	0.000210096	5.42308e-05	-9.37983e-05	-8.75874e-06	6.65151e-06	0.500134	0.971369	0.495182	0.1	0.0141067
-0.337923	-2.1353	-2.1439	4.16697e-05	0.000174908	-3.00341e-05	-0.000185071	-9.36926e-05	-9.07184e-05	0.500114	0.971254	0.495162	0.1	0.0229818
1.21165	3.95097	-2.42063	-8.86545e-05	-0.000302803	2.47747e-05	-0.000106734	-0.000141744	-6.50575e-05	0.499003	0.964792	0.494062	0.1	0.0203416
0.501406	-1.9239	-1.50671	4.56152e-05	0.00022129	-1.33911e-05	-0.000166924	-0.000204938	2.6156e-05	0.49838	0.96119	0.493446	0.1	0.0176459
-0.118923	-1.24713	0.10797	6.02042e-05	0.000198791	-5.27244e-06	-0.00015577	-0.000105345	2.66507e-05	0.498014	0.959069	0.493083	0.1	0.0159577
-1.11396	-1.589	-1.86218	3.26975e-05	0.000215054	-7.59565e-05	-0.000104616	-7.93637e-05	-0.000175078	0.49782	0.957951	0.492891	0.1	0.0209959
1.51079	-3.3203	2.11257	5.68926e-05	0.000399014	5.00837e-06	-2.25224e-05	-5.78602e-05	-0.000237868	0.497807	0.957872	0.492878	0.1	0.0176014
-2.27449	2.70361	-0.492708	-5.46037e-05	-0.000248081	-5.65161e-06	5.43842e-05	3.72674e-05	-4.34049e-05	0.497805	0.957862	0.492876	0.1	0.0227781
-1.62483	-2.85574	0.921597	8.5924e-06	0.000355036	3.01619e-05	-0.000197509	8.28416e-05	0.000339873	0.496356	0.949524	0.491442	0.1	0.0160526
-1.29649	2.68715	0.960695	-1.54944e-05	-0.000298288	3.11173e-05	-0.000119248	-2.92664e-05	6.43637e-05	0.495653	0.945496	0.490746	0.1	0.018354
-0.918443	-3.72078	-2.1344	-2.0884e-05	0.000374922	-5.05299e-05	3.05995e-05	-4.95079e-05	-8.20097e-05	0.495534	0.944815	0.490628	0.1	0.0201168
-1.34796	-3.44531	-0.60629	-1.61469e-05	0.000412241	6.95285e-05	-0.000517967	-4.85908e-05	-1.64292e-05	0.49547	0.944444	0.490564	0.1	0.0173553
-1.26402	2.30298	1.86895	-3.37668e-05	-0.000121283	-0.000185623	0.000148057	-9.28142e-05	3.47772e-05	0.495413	0.94412	0.490508	0.1	0.020459
2.42318	1.90141	-1.38003	3.7684e-05	-0.000277045	5.13069e-05	0.00016137	-0.000197714	7.91265e-05	0.493724	0.934499	0.488836	0.1	0.0169573
-1.72477	1.77128	-1.84369	3.9624e-05	-0.000207735	-1.21472e-05	4.89956e-05	7.60348e-05	0.000245015	0.493582	0.933695	0.488695	0.1	0.0156984
0.806786	1.664	-1.51093	-1.83454e-05	-0.000210367	0.000122349	7.97713e-05	-0.000179382	0.000295675	0.493482	0.933124	0.488596	0.1	0.0210136
0.885999	0.52421	-0.427922	-6.23304e-05	-7.79239e-05	-1.51936e-05	-0.000136573	0.000211932	-0.000272203	0.49325	0.93181	0.488366	0.1	0.0220097
0.684943	4.03657	0.813305	-2.22947e-05	-0.000475496	2.70632e-05	-0.000189609	-0.000114422	2.7008e-05	0.492733	0.92888	0.487854	0.1	0.0187935
0.152658	0.0443488	0.597364	2.72515e-05	-8.99296e-05	-2.03906e-05	-0.000139996	-0.000101204	0.000155344	0.492579	0.928012	0.487702	0.1	0.0180195
1.2679	2.68324	0.267929	8.23424e-06	-0.000344686	-2.01297e-05	8.96161e-05	2.61488e-05	0.000300254	0.492206	0.925909	0.487333	0.1	0.0148261
0.756362	0.249625	-1.55369	4.04257e-05	-0.000179005	3.64871e-05	0.000494308	-0.000465886	6.53732e-05	0.490982	0.919016	0.486121	0.1	0.0219377
-1.21317	-2.24195	-0.978668	-3.78696e-05	0.00024851	-2.73716e-06	-0.000276896	-0.000342235	9.85296e-05	0.490889	0.918492	0.486029	0.1	0.0210337
-0.401473	-0.642627	1.49336	2.61476e-05	-1.3203e-05	-7.15663e-05	-1.3112e-05	0.000219606	0.000278042	0.490378	0.915628	0.485523	0.1	0.0212238
1.57903	-2.88344	1.24101	-4.51396e-05	0.00026405	-8.88303e-05	0.000456124	0.000219855	-0.000110235	0.489482	0.910617	0.484636	0.1	0.0203648
-2.19554	2.80033	1.31896	-1.40453e-07	-0.000228619	1.77181e-05	-0.00026301	4.33117e-05	-7.94365e-05	0.489469	0.910544	0.484623	0.1	0.0155215
2.26496	-2.46929	-1.82133	1.90679e-05	0.000263804	5.35496e-05	1.61237e-05	-5.12578e-05	0.000125313	0.489084	0.908401	0.484242	0.1	0.0172651
-2.15643	1.00805	1.60118	9.68822e-06	-0.000151002	5.46866e-05	-9.54965e-06	0.000222358	0.000207376	0.488971	0.907768	0.48413	0.1	0.0225146
0.972006	-1.97375	2.03378	1.61757e-05	0.000208092	1.01428e-05	-1.70348e-05	-2.75276e-05	-0.000149828	0.4888	0.906812	0.48396	0.1	0.0193311
1.58801	-2.18096	0.505919	2.80526e-05	0.000255928	2.22241e-05	-7.76516e-06	9.67241e-05	1.83663e-05	0.488326	0.904178	0.483491	0.1	0.019736
-0.719049	-0.543752	-0.200123	-1.98774e-06	9.17158e-05	-2.7531e-05	0.000249426	-6.57222e-05	0.000305739	0.48828	0.903926	0.483446	0.1	0.0159577
-2.01454	3.01921	0.393881	4.08467e-06	-0.000259746	5.00692e-05	0.000300876	-1.41977e-05	-8.72628e-06	0.488206	0.903513	0.483372	0.1	0.0232377
1.58359	-3.69765	0.702629	-1.85952e-05	0.000338229	3.78968e-05	-0.000122359	-0.000134192	-3.36006e-05	0.488125	0.903063	0.483292	0.1	0.0203872
0.0477941	1.67248	0.591482	5.36761e-05	-0.000182782	-4.88876e-05	-5.1787e-05	2.18446e-05	-4.44361e-05	0.486774	0.895587	0.481954	0.1	0.0177759
1.4102	-0.44648	1.09742	-2.67045e-05	0.000163561	7.98323e-05	4.3379e-05	-5.26358e-05	0.000121623	0.486222	0.892545	0.481408	0.1	0.0157416
2.32282	-0.525659	-1.7606	7.18007e-05	8.89801e-05	3.32461e-05	-2.54338e-06	8.95196e-05	9.26713e-05	0.485931	0.890944	0.48112	0.1	0.0223988
-1.06694	-3.80846	1.53557	2.91134e-05	0.000450019	1.43843e-05	-4.72045e-05	-6.98436e-05	0.000114296	0.485684	0.889585	0.480875	0.1	0.0160929
2.10383	2.51042	0.722498	2.7514e-05	-0.000175859	-3.29577e-05	-0.000125596	-1.81808e-05	5.88823e-05	0.485546	0.888831	0.480739	0.1	0.0211954
-1.78005	-0.240492	-1.94831	5.76824e-05	-5.05209e-06	-4.76629e-05	2.89033e-05	9.30749e-05	-0.0002716	0.484993	0.885791	0.480191	0.1	0.0210333
-0.643948	1.05646	2.19052	4.33485e-06	-6.19125e-05	-0.000132072	0.00012626	-5.2184e-07	-5.24873e-05	0.484263	0.881798	0.479468	0.1	0.016537
-1.83071	-1.53808	-1.20803	-2.90013e-07	0.000213987	-0.000114553	0.000274875	-1.55199e-06	-9.38505e-06	0.483863	0.879615	0.479072	0.1	0.0224016
-1.79112	-1.85641	0.999993	-1.68435e-05	0.000173994	3.25462e-06	-8.37782e-05	5.26832e-05	3.58173e-05	0.48386	0.879599	0.479069	0.1	0.0168113
1.71582	-0.132401	-0.450166	-2.90711e-05	2.48734e-05	3.6215e-05	0.000102253	-0.000151011	-2.62144e-05	0.483476	0.877508	0.478689	0.1	0.0173174
0.516248	2.5862	1.94386	-5.27319e-05	-0.000356084	7.64974e-05	-9.31659e-05	6.85738e-05	-0.000100929	0.483004	0.874942	0.478222	0.1	0.0171083
0.296034	0.94196	-1.0679	-3.17839e-05	-0.000172785	-8.34792e-05	-0.000528654	-6.71601e-06	-0.000149933	0.482785	0.873753	0.478005	0.1	0.0191307
-1.28239	-1.21275	0.510442	-3.58099e-05	8.52377e-05	-8.79154e-05	1.31129e-05	0.000250919	-0.000257611	0.482566	0.872562	0.477788	0.1	0.0154331
-0.023912	0.670967	1.57031	5.55443e-05	-0.000156691	-6.04001e-05	-3.59819e-05	-0.000256032	-0.000197223	0.482132	0.870207	0.477358	0.1	0.021686
1.94119	2.54243	2.19743	-2.88271e-05	-0.000148202	7.09937e-05	0.00029428	-1.61395e-05	-0.000130904	0.48194	0.869166	0.477168	0.1	0.0202139
-0.587542	2.65879	-0.47811	-1.989e-05	-0.000245785	3.94747e-05	-0.000113953	0.000106842	2.75322e-05	0.481933	0.86913	0.477161	0.1	0.0224322
-1.424	0.703804	0.635431	3.38155e-07	-3.5329e-05	3.01873e-05	-2.00595e-06	0.000160543	-1.30631e-05	0.481479	0.866677	0.476712	0.1	0.0224115
1.03266	-3.38644	-0.529868	-4.42359e-05	0.000328622	3.88827e-05	5.52359e-05	-5.92414e-05	-0.000120334	0.480917	0.863644	0.476155	0.1	0.0152432
-0.91956	-1.56751	2.18419	8.72034e-05	0.000187753	-5.26671e-05	3.0038e-05	8.90571e-05	-4.96116e-05	0.480468	0.861231	0.475711	0.1	0.0181513
1.53758	0.451244	-2.09224	4.01813e-05	-4.20285e-06	9.75792e-06	0.000207046	-7.74953e-05	9.81824e-05	0.47986	0.857968	0.475109	0.1	0.0155443
0.478426	2.64869	-0.94594	-0.000137013	-0.000331024	5.9916e-05	7.79063e-06	-0.0001312	8.67858e-05	0.478966	0.853181	0.474224	0.1	0.0189274
1.21864	0.502004	1.20335	5.10276e-05	-2.3328e-05	-6.12057e-05	0.000109078	9.52445e-05	-0.000219782	0.478473	0.850548	0.473736	0.1	0.01945
-2.4553	0.0117628	1.50261	-4.45361e-05	0.000137736	2.09186e-05	0.000293189	6.33601e-05	-0.000137546	0.478412	0.850219	0.473675	0.1	0.0238073
-1.69254	1.39218	-0.0656426	1.18031e-06	-0.000152036	-3.08218e-05	0.000179835	-1.80108e-05	8.23489e-05	0.47793	0.847656	0.473198	0.1	0.0190713
-1.07588	-3.06511	-1.44804	3.40909e-05	0.000269313	3.22736e-05	0.00027737	-9.92415e-06	-0.000130007	0.477808	0.847007	0.473077	0.1	0.0274696
2.22428	3.55466	1.22486	-4.94948e-05	-0.000290286	2.52399e-06	0.000155281	2.61853e-05	0.000213996	0.477733	0.846607	0.473003	0.1	0.0219281
-2.03772	2.74367	2.26195	-0.000105705	-0.00029757	-1.40992e-05	-0.000164834	-1.39681e-06	3.25411e-05	0.477694	0.846395	0.472964	0.1	0.017278
-0.648521	1.9462	-2.47345	1.54962e-05	-0.000169225	6.03738e-05	0.000328749	0.000126774	6.64792e-06	0.477155	0.843541	0.472431	0.1	0.0179429
-0.741689	3.14668	0.321564	-2.89995e-05	-0.000266388	4.1633e-05	-1.69324e-05	-6.04321e-05	-8.88277e-05	0.47715	0.843513	0.472426	0.1	0.0208299
-0.702537	0.135989	1.96139	-2.11559e-05	-3.97464e-05	-9.56132e-05	-0.000182214	8.16709e-05	2.70088e-05	0.477062	0.843044	0.472339	0.1	0.0205147
-1.51002	0.0204298	1.48707	-4.96408e-05	-6.18912e-06	-2.41438e-05	0.000144233	3.26788e-05	-0.000162464	0.476857	0.841959	0.472136	0.1	0.0207904
1.23852	-1.11566	0.442574	5.69393e-05	0.000186964	7.69364e-05	-4.31815e-05	-9.32313e-05	-7.58742e-05	0.476785	0.841575	0.472064	0.1	0.0150499
-0.358261	3.91485	2.22832	-5.18915e-05	-0.000432529	-5.46666e-05	-2.42898e-05	0.000103614	7.81714e-05	0.475355	0.834028	0.470649	0.1	0.0199624
-1.67583	-0.81474	1.93677	4.0609e-06	0.000135417	-8.87679e-05	4.84912e-05	0.000115354	0.000283641	0.475269	0.83357	0.470563	0.1	0.0189325
-1.6585	0.461114	2.30482	4.13844e-05	-7.88936e-05	-4.89049e-06	1.96868e-05	1.09689e-05	-0.000135927	0.474862	0.83143	0.47016	0.1	0.0185302
2.02519	-2.83528	-0.974303	-1.36352e-05	0.0002863	4.57378e-05	1.39342e-05	-0.000175245	0.000122826	0.474508	0.829578	0.46981	0.1	0.0208113
-2.17368	1.95015	1.74884	-6.17024e-05	-0.000158961	9.14956e-05	6.18591e-05	-4.96272e-05	-4.82295e-05	0.474403	0.829024	0.469706	0.1	0.0195933
-2.37784	-0.371946	-0.312815	-3.63556e-05	3.13031e-05	3.34378e-05	-0.000106598	-0.000211819	-1.18308e-05	0.473731	0.82551	0.469041	0.1	0.0230731
-1.07302	-0.0742659	-0.945656	1.59518e-05	2.66069e-05	-5.76216e-05	-0.000338707	4.19353e-06	-0.000254437	0.47183	0.815609	0.467158	0.1	0.0189477
0.692181	-3.07634	1.67701	3.89214e-05	0.000293487	-8.50983e-07	-0.000260486	0.00011315	0.000348547	0.471086	0.811759	0.466422	0.1	0.0163585
-0.440315	-2.0294	-0.342432	-3.0303e-05	0.000251383	-1.21877e-06	-0.000159324	-7.11784e-05	0.000255084	0.470528	0.808876	0.465869	0.1	0.0231989
-2.14429	-2.41674	-1.06644	-3.12276e-05	0.000262048	-4.21315e-05	-0.000388126	0.000196615	-0.000112504	0.470355	0.807987	0.465698	0.1	0.0168503
0.473774	3.36913	0.14039	2.95072e-05	-0.000380026	6.70395e-05	6.58083e-05	9.59357e-05	0.000391147	0.470211	0.807242	0.465555	0.1	0.0179913
-1.1584	-2.43398	2.45815	3.26501e-05	0.000240211	-2.42781e-05	-7.34912e-05	4.82415e-06	-0.000160512	0.47002	0.806259	0.465366	0.1	0.0202179
0.538071	1.03874	2.24824	7.00323e-05	-4.43895e-05	-8.34522e-05	-0.000167941	4.28275e-05	-9.1739e-05	0.46956	0.803896	0.464911	0.1	0.0164129
-0.103556	-1.10933	2.26358	8.66333e-05	0.000130926	-4.38574e-05	-0.000197498	-0.00018286	-3.21192e-05	0.469458	0.803373	0.46481	0.1	0.018935
-0.627024	-1.88025	0.615633	9.42077e-06	0.000158006	-0.000120011	5.22172e-05	-0.000253476	0.000449226	0.469446	0.803307	0.464798	0.1	0.0209945
-0.794358	1.74752	-0.398315	1.8274e-05	-0.000192834	2.58009e-05	0.000132577	-5.67881e-05	2.84533e-05	0.468782	0.799905	0.464141	0.1	0.017425
1.13418	-0.049514	0.28743	-3.42728e-05	4.87436e-05	4.90837e-05	-0.000215022	-3.97694e-05	0.000143546	0.467379	0.792743	0.462751	0.1	0.0172756
1.80972	-0.361038	1.94685	-7.54392e-07	8.03684e-05	4.45651e-05	0.000219069	0.000164765	7.5766e-05	0.467217	0.791923	0.462591	0.1	0.0189243
-0.190751	-2.15683	1.91154	4.84653e-05	0.000215674	-1.34841e-05	0.000252829	7.6551e-05	0.000207404	0.466675	0.789165	0.462054	0.1	0.0168322
1.63898	1.20897	-1.55232	3.87275e-05	-5.9646e-05	6.29234e-05	-1.04213e-05	0.000271525	1.72373e-05	0.466232	0.786924	0.461616	0.1	0.0146582
-0.695484	2.21704	0.392227	4.18587e-06	-0.000248793	3.06933e-05	1.62974e-05	0.000168762	0.00018521	0.466205	0.786785	0.461589	0.1	0.0179567
-0.901796	2.88094	-1.33315	-6.83036e-05	-0.000319226	5.40628e-05	-7.86977e-05	4.17667e-05	-0.00011428	0.466076	0.786131	0.461461	0.1	0.0155624
0.911865	-2.8479	0.353466	1.10888e-05	0.000253388	2.65475e-05	3.09967e-05	-0.000110756	-2.11073e-05	0.465707	0.784266	0.461096	0.1	0.0223559
-1.83965	-2.19961	-1.95259	-2.03229e-05	0.000302357	-7.53633e-06	-2.22204e-05	0.000167705	-2.80449e-05	0.465684	0.784148	0.461073	0.1	0.0217845
-1.43031	2.38191	-0.177865	-9.24069e-06	-0.000238856	1.31046e-05	0.000213503	-0.000107522	-7.5117e-05	0.46529	0.782163	0.460683	0.1	0.0159463
1.96832	1.77729	0.0536391	1.66031e-05	-0.000150331	-0.000145648	-0.000463674	-0.000692558	-0.000262407	0.464712	0.779251	0.460111	0.1	0.0166186
0.813751	-1.05647	2.17642	5.44082e-05	0.000182532	-1.15322e-06	-6.38041e-06	6.42904e-05	0.000133128	0.464331	0.777336	0.459734	0.1	0.0136096
1.79403	-1.64343	2.35296	-2.7374e-05	0.000216384	5.40816e-05	3.82656e-05	-9.87603e-05	0.000189555	0.463321	0.772277	0.458734	0.1	0.0146048
-2.1977	2.10865	0.244205	-5.78209e-06	-0.000211549	6.14243e-07	-0.000145331	0.000111546	-4.34186e-06	0.462664	0.768994	0.458083	0.1	0.0173159
0.561236	1.8615	1.35471	-4.23302e-06	-0.000255002	-1.33337e-05	0.000365914	-0.000126347	0.000195383	0.462514	0.768246	0.457935	0.1	0.0132685
2.05428	-1.03629	-0.00675009	-6.70508e-05	8.16124e-05	2.96529e-05	-0.000162082	2.94905e-05	-1.18428e-06	0.462457	0.767963	0.457878	0.1	0.0162305
1.00308	-1.35082	1.33113	4.26468e-05	0.000191138	3.64175e-06	-2.08632e-05	1.8572e-05	8.07669e-05	0.460448	0.757998	0.455889	0.1	0.0151559
2.02854	-3.50867	-1.60683	2.06197e-05	0.000380784	-2.12913e-05	0.000202599	-1.43443e-05	-0.000238107	0.4597	0.75431	0.455149	0.1	0.013256
2.05391	3.15947	0.0509745	-1.10792e-05	-0.000290033	-0.000130139	0.000164954	3.43292e-05	0.000211588	0.459434	0.752999	0.454885	0.1	0.0220084
-1.5455	-3.06491	1.83962	1.36381e-05	0.000420861	2.39968e-05	0.000131173	-0.0001723	3.93363e-05	0.45935	0.752587	0.454802	0.1	0.0227334
0.156326	-1.54324	0.976608	3.65321e-05	0.000174762	6.83869e-05	0.000105733	-2.94783e-05	-8.08361e-05	0.459269	0.752192	0.454722	0.1	0.0157079
-2.48075	1.94455	-2.37987	-1.69682e-05	-0.000156024	9.56115e-05	6.96776e-05	0.000162219	-0.000304834	0.459266	0.752174	0.454719	0.1	0.018638
-0.176961	0.342086	-0.535141	2.58922e-05	-4.14061e-05	7.23576e-05	9.78956e-05	0.000103627	0.000259391	0.459194	0.751823	0.454648	0.1	0.0190164
1.4609	3.03178	1.15335	-1.9912e-05	-0.000303659	-2.37622e-05	0.000283458	-3.53256e-05	0.000150213	0.459118	0.751448	0.454572	0.1	0.0195779
2.1845	1.10219	-2.29193	3.24918e-06	1.12107e-05	-2.29412e-05	1.69835e-05	3.5171e-05	0.000191983	0.459006	0.750894	0.454461	0.1	0.0146972
2.0809	-1.42588	-1.80942	1.43475e-05	0.0001479	3.01673e-05	7.93916e-05	0.00018848	-0.000229505	0.458587	0.748846	0.454047	0.1	0.022586
-1.46214	3.15538	-0.665185	-5.38705e-05	-0.00026938	2.53512e-05	6.58969e-06	-8.37572e-05	9.78953e-06	0.458044	0.746189	0.453509	0.1	0.018797
2.33817	1.65897	1.02251	-1.92977e-05	-0.000120219	7.00826e-05	-9.07492e-05	-8.72986e-05	-9.33733e-05	0.458039	0.746161	0.453504	0.1	0.0160396
-2.13934	3.7575	-0.624391	2.04027e-05	-0.000371447	-2.30467e-05	-2.8967e-05	-0.000357585	-0.000201093	0.457054	0.74136	0.452529	0.1	0.020532
-1.43536	0.0391149	-0.0613621	-6.98249e-05	-4.73762e-05	9.39163e-06	2.08857e-05	-7.7634e-05	-7.06005e-05	0.456744	0.739852	0.452222	0.1	0.0181435
1.17585	-2.41691	-0.448081	-4.34381e-06	0.000245807	3.63836e-05	-1.05484e-05	-9.63735e-05	-5.09239e-05	0.456538	0.738849	0.452018	0.1	0.0151951
2.38377	-3.46735	2.44098	3.3663e-05	0.000377192	1.81664e-05	8.99055e-05	3.85579e-05	0.0002102	0.456295	0.737671	0.451777	0.1	0.0178318
-1.66102	-0.749466	-0.747864	-8.75721e-06	0.000102752	4.35455e-05	0.000173094	0.000172028	0.000132278	0.4556	0.734306	0.451089	0.1	0.0197381
-0.641958	-3.01141	1.86923	1.83306e-05	0.000337225	2.43819e-05	-7.21942e-06	0.000161584	3.40346e-06	0.45547	0.733674	0.45096	0.1	0.013845
0.164064	2.23067	-0.145419	1.35629e-05	-0.000203152	-4.53438e-05	4.9331e-05	0.000108808	2.02925e-05	0.455436	0.733515	0.450927	0.1	0.0146722
1.67284	1.14844	0.641689	-0.000103515	5.41499e-06	-5.33561e-05	7.18355e-06	0.000371385	0.000170981	0.45531	0.732903	0.450802	0.1	0.0144549
0.906382	-2.23772	1.14069	4.72166e-05	0.000238596	1.6629e-05	7.29146e-05	-8.7093e-05	-5.38658e-05	0.455197	0.732356	0.45069	0.1	0.0148561
1.08135	3.9914	-0.771919	-7.95091e-06	-0.000424849	-1.31026e-05	0.000185281	-6.44896e-05	0.00027209	0.277675	0.16624	0.274926	0.1	0.0063964
1.48705	2.01691	0.565173	0.000123547	-0.000228098	0.000150169	-0.000870451	1.59219e-05	-9.28675e-05	0.277411	0.165765	0.274664	0.1	0.00876186
1.83857	-2.23862	-0.208094	-5.63074e-05	0.000267411	-3.08856e-05	-0.000155085	-0.000144593	5.30987e-05	0.277355	0.165667	0.274609	0.1	0.0134538
-1.11689	1.61521	0.355387	6.61429e-06	-0.000255022	2.62095e-05	0.000185629	-1.59998e-05	-0.00026933	0.277213	0.165412	0.274468	0.1	0.0144744
0.926939	3.89608	-0.176042	2.22004e-05	-0.000381094	-0.000131086	0.000633436	-9.66906e-06	9.11941e-05	0.276217	0.163635	0.273482	0.1	0.00848522
-0.755401	-3.03507	-2.41767	2.26861e-05	0.000317491	6.20644e-06	3.01294e-05	-0.000222709	0.000236789	0.275638	0.162608	0.272909	0.1	0.00943838
0.692433	-3.80188	1.82964	-0.000163494	0.000224469	5.19706e-05	0.000245501	-0.000200105	0.000885203	0.275408	0.162201	0.272681	0.1	0.010681
1.62923	-0.827144	-0.709571	7.32127e-05	7.65343e-05	7.43097e-05	-0.000305266	-0.000187285	8.00718e-05	0.275341	0.162083	0.272615	0.1	0.00707399
-1.92684	-0.22923	2.31395	-3.26757e-05	-3.10295e-08	-1.86616e-05	0.000148971	0.000153477	-4.74889e-05	0.275341	0.162083	0.272615	0.1	0.0117273
-1.33729	-3.8055	2.2365	8.62493e-06	0.000437877	-2.97026e-05	9.31671e-05	7.91551e-07	8.12605e-06	0.275089	0.161637	0.272365	0.1	0.00883191
0.232639	-3.85507	-1.69692	9.80716e-05	0.000253323	-5.633e-05	-0.000576676	-3.10091e-05	-0.000627487	0.275056	0.161582	0.272333	0.1	0.0105098
1.97348	1.71293	-1.96385	1.09695e-05	-6.50168e-05	0.000101204	0.000463752	0.00010606	-0.000326223	0.274446	0.160509	0.271729	0.1	0.00593687
-0.722826	0.966823	-1.42624	2.69353e-05	-0.000126728	-4.65008e-05	0.000570816	0.000148413	9.77774e-06	0.274411	0.160446	0.271694	0.1	0.00680707
-1.28081	0.695236	1.69793	-7.03744e-05	-5.93524e-05	0.000131563	0.000339506	-0.000130619	0.000318503	0.274202	0.16008	0.271487	0.1	0.0108073
1.41457	-1.99075	-2.13081	-1.40572e-05	0.000249181	5.34408e-05	-0.000571713	-0.000229966	0.000340358	0.274042	0.159801	0.271329	0.1	0.0121059
2.07599	-1.7676	-0.0684791	8.24306e-06	0.000215233	3.38628e-05	0.000407067	0.000104783	-0.000334316	0.273887	0.159529	0.271175	0.1	0.0151622
1.43551	2.99012	1.87673	-0.000190122	-0.000394789	-2.18212e-05	-0.000168023	-0.000666402	0.00164907	0.273679	0.159166	0.270969	0.1	0.0138077
1.47765	-3.5814	-1.0968	-4.32426e-06	0.000435807	2.3546e-05	0.000225345	-4.24066e-05	-1.85525e-05	0.273477	0.158813	0.270769	0.1	0.0121271
0.655923	1.58894	-2.28304	5.20941e-05	-0.000178643	-1.15544e-07	0.000738066	-0.000191596	0.000215638	0.273324	0.158548	0.270618	0.1	0.00782539
-1.83951	3.34963	-2.35725	3.60931e-05	-0.000330205	-3.68288e-05	0.000508613	-0.000461057	0.000260776	0.272973	0.157937	0.27027	0.1	0.0107411
0.477411	-1.45467	-2.13384	3.51941e-05	4.143e-05	-1.38904e-05	0.000104757	-8.15931e-05	7.67494e-05	0.272675	0.15742	0.269975	0.1	0.0110243
0.281963	2.89151	-1.63099	-1.18576e-05	-0.000287378	9.50083e-06	-5.30505e-05	6.83806e-05	0.000148588	0.272585	0.157264	0.269886	0.1	0.00904098
0.665491	0.471378	1.77718	7.01971e-05	-5.92926e-05	-1.91659e-05	-5.94063e-05	1.45057e-06	0.000383485	0.27236	0.156875	0.269663	0.1	0.0104494
0.576555	2.18124	0.441952	3.07787e-05	-0.00022904	-7.48744e-05	7.20881e-05	-5.74229e-05	8.83323e-05	0.272313	0.156795	0.269617	0.1	0.00634897
1.3255	0.235265	-0.971389	-0.000126969	-0.000122399	-6.85075e-06	-5.43362e-05	-0.000126978	0.00041754	0.271845	0.155987	0.269153	0.1	0.00664889
1.22319	0.955972	0.113987	-0.000109172	-6.77694e-05	-2.30911e-05	-0.000112704	-0.00049875	1.23181e-05	0.271451	0.15531	0.268763	0.1	0.0118402
1.86312	3.11706	-2.02485	-0.000111951	-0.000321045	7.04321e-06	0.000247008	-0.000339452	0.000568682	0.271375	0.155179	0.268688	0.1	0.00832969
0.224682	-0.667268	0.917445	-1.0291e-05	6.544e-05	-3.13297e-05	8.00737e-07	0.000105441	0.000154367	0.270927	0.154413	0.268245	0.1	0.00951102
1.7952	3.73709	0.396429	-3.42996e-05	-0.000429973	2.14419e-05	0.00032638	0.000289459	2.02543e-05	0.2707	0.154024	0.26802	0.1	0.00852212
0.405063	-3.8507	-2.20864	1.46857e-05	0.000238094	-8.48216e-05	0.000574304	0.000357377	0.000500534	0.270558	0.153782	0.267879	0.1	0.0116469
-0.125839	3.11287	0.729936	-2.06304e-05	-0.000385436	2.62189e-05	-0.000264387	0.000139223	1.51063e-05	0.270297	0.153339	0.267621	0.1	0.00614159
1.43745	1.31371	-0.860495	1.71754e-05	-0.000267498	6.80531e-05	-0.000188825	-0.000188548	-2.48698e-05	0.270287	0.153322	0.267611	0.1	0.00784904
-2.37357	-1.84764	-1.61042	9.22959e-06	0.0002289	-2.24489e-05	-0.000377465	0.000180342	0.000324812	0.270186	0.153149	0.267511	0.1	0.0122845
-0.924283	1.39821	-1.67309	1.02317e-06	-0.000215223	-4.66493e-05	7.05657e-05	0.000299006	-6.02045e-05	0.270182	0.153142	0.267507	0.1	0.00853677
-2.23494	1.47852	-0.854932	0.000424865	-6.41388e-05	-3.15931e-05	0.000373418	0.000380957	0.00128734	0.270017	0.152863	0.267344	0.1	0.0106611
1.41721	-1.07716	-2.39368	-4.6421e-05	0.000204689	6.60386e-05	-0.000288004	0.000595929	-4.94486e-05	0.26995	0.152747	0.267277	0.1	0.00866137
1.55081	1.91236	-1.70234	3.20562e-05	-0.000106884	7.5487e-05	0.000148454	-0.000530525	1.57514e-05	0.269181	0.151447	0.266516	0.1	0.00699853
0.747744	1.68677	0.33349	-8.74414e-06	-0.000228559	-9.16087e-05	-0.000509992	0.00064649	7.26758e-05	0.269098	0.151308	0.266434	0.1	0.00578083
0.380883	3.3169	-0.602285	-3.28531e-05	-0.000107757	9.3356e-05	-0.000626677	0.00010883	-9.77822e-05	0.268805	0.150813	0.266144	0.1	0.0058986
-0.583728	-3.07973	1.14004	3.24166e-05	0.000383345	-7.92517e-06	-0.000111318	-0.00011123	-8.17444e-05	0.268767	0.150749	0.266106	0.1	0.00988894
0.850265	-1.88855	-2.20179	5.38351e-05	0.00014386	-4.38835e-05	-0.000531628	-0.000690231	0.00046252	0.268522	0.150336	0.265863	0.1	0.00824914
0.668952	1.9402	2.27882	-1.39842e-06	-0.000305024	8.68063e-05	-0.000112746	0.000251378	0.000289477	0.268425	0.150173	0.265767	0.1	0.00715823
1.3737	-2.59706	1.93729	6.58029e-05	0.000325467	-7.85829e-06	2.57322e-05	7.56764e-05	0.000568106	0.268352	0.150052	0.265695	0.1	0.0118894
-0.617739	3.83843	0.638859	-5.57697e-05	-0.00032435	-4.18635e-06	-8.78189e-05	0.000403861	-0.000375282	0.268323	0.150002	0.265666	0.1	0.00811444
2.34901	-0.723256	0.841338	-7.55412e-05	0.000115572	7.85094e-05	4.76187e-05	7.13296e-05	0.000176313	0.268231	0.149848	0.265575	0.1	0.00725794
-1.18443	2.27712	-1.62103	1.90459e-05	-0.000262752	-0.000102254	-0.000484244	-0.000875136	9.86556e-06	0.26816	0.14973	0.265505	0.1	0.0065943
-2.42731	1.3567	-0.103661	2.79033e-05	-4.59906e-05	-3.73771e-05	3.02367e-05	7.86633e-06	-0.000409002	0.268094	0.149619	0.26544	0.1	0.00896136
0.185202	-3.88499	-0.202642	-9.51058e-06	0.000312315	-1.45202e-05	-0.000167196	0.000188426	0.00040224	0.267672	0.148914	0.265022	0.1	0.00592874
0.0970532	0.0976365	2.02284	1.24824e-05	-9.6041e-06	9.35028e-05	1.08462e-05	0.000610391	0.000523014	0.267644	0.148867	0.264994	0.1	0.00893626
0.0969616	0.242816	-1.91024	0.000124939	-5.283e-05	-7.8492e-05	0.00107716	0.000329598	0.00046847	0.267399	0.148458	0.264751	0.1	0.00821482
-0.860285	0.621753	-0.921529	7.30707e-05	-5.72467e-05	-2.16826e-05	0.000624422	-0.000223267	0.000280243	0.26738	0.148428	0.264733	0.1	0.00942394
-0.622655	-0.876557	0.529277	-3.73165e-05	3.86022e-05	-7.7813e-05	0.000472125	-0.000231637	0.000401989	0.267164	0.148068	0.264519	0.1	0.0076482
1.86778	2.23045	-2.03979	1.1862e-06	-0.00011225	-8.13939e-07	-0.000991212	0.000685076	0.000336684	0.266747	0.147375	0.264106	0.1	0.0085711
-2.18029	3.97292	1.11141	-0.000113536	-0.000222399	1.57073e-05	0.000737937	0.000517348	-0.000199694	0.266696	0.14729	0.264055	0.1	0.00672381
-0.494715	0.224033	-1.2721	2.29495e-05	-3.53188e-05	2.32474e-06	-1.0086e-05	-0.000529265	0.000520021	0.266657	0.147227	0.264017	0.1	0.00596124
-0.507698	-2.86038	0.491093	6.79433e-05	0.000348192	-1.39236e-05	-4.26394e-05	8.2223e-06	-0.000112687	0.266646	0.147208	0.264006	0.1	0.014847
-0.856191	1.05415	-2.08379	2.35797e-05	-0.000121505	-9.80119e-05	0.000302263	0.000331699	-0.000207812	0.266512	0.146986	0.263873	0.1	0.00723514
-0.0224352	2.86948	1.49271	4.27769e-05	-0.000415477	2.00655e-05	-0.000111192	-0.00010307	2.44803e-05	0.266395	0.146792	0.263757	0.1	0.00611729
2.47965	-2.58504	-0.45583	4.16882e-05	8.9438e-05	8.54306e-05	0.000326614	0.000224486	-0.000393668	0.26634	0.146702	0.263703	0.1	0.0149064
-1.97036	-1.40566	0.312888	-9.85659e-05	5.17497e-05	0.000147178	-0.000232414	-0.000224414	0.000594773	0.266286	0.146613	0.26365	0.1	0.0110775
-1.59459	3.78832	1.30522	-3.47105e-06	-0.000256743	-0.000118535	0.000886889	0.000165521	8.77827e-05	0.266192	0.146457	0.263556	0.1	0.00751759
-0.944109	-0.682558	-1.43794	0.000177225	0.000100693	-0.000160423	-0.000308952	-0.000162558	5.14677e-06	0.266027	0.146186	0.263393	0.1	0.0142903
-2.05717	3.47066	2.1714	-3.51136e-05	-0.000343603	-1.13862e-05	0.000247615	-9.71473e-05	-0.000264859	0.265875	0.145936	0.263243	0.1	0.0065064
1.26785	1.61352	0.285534	9.45025e-06	2.33232e-05	-0.000113211	0.000332506	-0.00149276	-0.000218737	0.265741	0.145715	0.26311	0.1	0.00546612
1.29415	-2.86823	-0.986234	-1.52564e-05	0.000297717	3.96878e-05	0.000173728	0.000226963	-0.000160579	0.265638	0.145545	0.263008	0.1	0.008651
-0.281701	0.668426	-1.44004	-1.54935e-05	-0.000159557	-8.26362e-05	-0.000784199	4.96768e-05	-0.000273064	0.265491	0.145302	0.262862	0.1	0.00619669
1.9177	-0.936351	2.36918	-2.08958e-05	0.000150498	3.57576e-05	-0.000365262	-0.000210855	-0.000324933	0.265259	0.144924	0.262633	0.1	0.0100108
1.30576	2.36697	0.942397	-1.03156e-05	-0.000267745	-4.12005e-05	-0.000412632	-0.000175066	-0.000297061	0.264796	0.144165	0.262174	0.1	0.00724829
0.649017	-3.77942	0.027425	-9.79632e-05	0.000247765	7.50008e-05	0.000370985	-1.19024e-05	0.000486518	0.264249	0.143274	0.261633	0.1	0.00916254
-1.79359	2.09253	2.48526	-5.69129e-05	-0.000205234	3.29714e-05	4.52696e-05	9.02256e-06	0.000201552	0.264167	0.14314	0.261551	0.1	0.0103626
-0.366463	-1.48702	1.70214	-5.43736e-05	0.000191041	-7.02134e-06	0.000177634	0.000394431	-0.000916756	0.264016	0.142895	0.261402	0.1	0.00736153
0.0445928	2.77704	0.358728	3.87331e-05	-0.000221881	-9.24546e-05	0.000921999	-2.87136e-05	0.000458244	0.263903	0.142711	0.26129	0.1	0.0106718
0.508889	-1.13197	0.509575	7.35656e-05	3.07033e-05	2.10113e-05	-0.000742601	-0.000124616	0.000122315	0.263737	0.142442	0.261126	0.1	0.00776202
1.37913	-3.73372	-1.8046	-1.14875e-05	0.000449405	4.52019e-06	0.000303434	0.000352636	-0.000170808	0.263591	0.142206	0.260981	0.1	0.0091093
-0.0380649	-1.19397	-0.753281	-0.000132658	-0.00013969	0.000175317	-0.000817288	-0.000320625	-0.0013094	0.263502	0.142062	0.260893	0.1	0.0103457
1.4082	-2.61259	-1.90979	0.000220908	0.000401926	7.63547e-05	-0.00178925	0.00115288	0.00104606	0.263392	0.141884	0.260784	0.1	0.00834082
1.3204	-0.83917	1.7175	-3.96376e-06	0.000163662	2.03221e-05	4.86264e-05	-8.78074e-06	-0.000172058	0.263362	0.141834	0.260754	0.1	0.00636987
0.812257	-0.0424238	0.93296	-2.93641e-05	7.02644e-05	7.57464e-06	-0.000276975	-8.78528e-06	3.67261e-05	0.263318	0.141765	0.260711	0.1	0.00717581
-1.0957	3.85415	0.858341	-2.05495e-05	-0.000341317	5.21734e-05	-0.000195594	0.000139966	3.36843e-05	0.262863	0.14103	0.26026	0.1	0.00970197
-1.61385	4.04242	-2.36807	5.43836e-05	-0.000406041	-4.04198e-05	0.000240063	-4.43046e-06	0.000331956	0.262474	0.140406	0.259875	0.1	0.00985298
-0.861952	1.66981	0.860307	-6.0089e-05	-6.8458e-05	-0.000101153	0.000445356	6.32549e-05	-0.000359681	0.262445	0.140359	0.259847	0.1	0.00998674
2.04477	1.04705	1.23723	-0.000234334	-1.92975e-05	3.66682e-06	-8.60369e-05	-0.00102835	-0.000410754	0.262382	0.140258	0.259784	0.1	0.00769721
0.45489	-2.39107	1.69219	1.49908e-05	0.000265133	-9.63741e-05	2.30842e-05	5.37752e-05	-0.000426648	0.262307	0.140138	0.25971	0.1	0.0082109
2.30435	3.31599	-0.597674	-2.9801e-05	-0.000273034	-0.000104316	-0.00041983	-0.000124956	1.52263e-05	0.261855	0.139414	0.259262	0.1	0.00837244
-0.320551	-0.00162011	-1.71189	0.000144125	1.32007e-05	-5.43932e-06	0.000177211	0.00075817	-0.000876357	0.261739	0.13923	0.259148	0.1	0.00526766
0.348913	-0.649396	0.405564	4.27404e-05	-5.54629e-05	-3.01109e-05	0.000259832	0.000434889	-6.47375e-05	0.261522	0.138883	0.258933	0.1	0.00571964
0.393623	-2.65771	-1.61447	-6.55864e-06	0.000269305	3.51048e-05	8.27073e-05	8.26013e-05	-0.000203598	0.261188	0.138352	0.258602	0.1	0.0101473
-0.127387	3.577	0.485408	-6.40455e-05	-0.0004326	-5.06318e-05	-4.60211e-05	-0.000250137	0.000263924	0.260995	0.138045	0.258411	0.1	0.00652667
1.64278	-1.24302	1.70259	-3.93313e-05	0.00018976	3.8534e-05	0.000186375	-0.000357885	0.000173761	0.26082	0.137768	0.258238	0.1	0.0074264
0.0186671	-0.377744	-1.81098	8.2843e-05	1.19121e-06	-4.57697e-05	-0.000201719	-0.000471712	0.0007526	0.260716	0.137603	0.258135	0.1	0.0080618
2.10787	-0.619661	1.29432	-6.1583e-05	3.86552e-05	9.98827e-05	0.000132818	6.82516e-05	5.79506e-05	0.260608	0.137432	0.258028	0.1	0.00925189
1.56544	0.45546	0.563057	1.44803e-05	3.33974e-05	-5.56085e-05	8.53581e-05	-8.9867e-05	0.000254186	0.260419	0.137134	0.257841	0.1	0.0109793
-0.139192	2.66519	-1.33394	-7.89351e-05	-0.000292819	1.63239e-05	-9.16603e-05	8.36963e-06	-0.000298506	0.25964	0.135906	0.257069	0.1	0.00914172
2.43878	-1.68144	-0.442075	-3.09538e-05	0.00014663	-1.89021e-05	-0.000541782	-7.33827e-05	0.000269374	0.259308	0.135386	0.256741	0.1	0.0113884
0.780805	-2.80297	-0.894063	-1.99823e-05	0.000314369	3.37331e-05	-4.60064e-05	-0.000308224	0.000313126	0.259076	0.135023	0.256511	0.1	0.00438652
1.29893	2.00793	-0.049264	4.89756e-05	-0.000165983	-0.000279985	-0.00133538	0.00140674	0.000257992	0.25907	0.135014	0.256505	0.1	0.00692605
-1.12809	-0.5787	1.33272	-6.91709e-05	1.29164e-05	2.82921e-06	-0.00027231	-5.64727e-05	0.000261737	0.258949	0.134824	0.256385	0.1	0.0085617
2.34786	1.46428	1.99752	-3.03752e-05	-0.000152924	0.000157647	-0.000435372	3.69174e-05	0.00023208	0.258858	0.134682	0.256295	0.1	0.0156872
-0.287687	2.84266	-2.13591	2.40408e-05	-0.000333537	1.4693e-05	0.00028928	-0.00022225	0.00021738	0.258625	0.134319	0.256064	0.1	0.0100608
0.36004	3.98876	2.33088	-2.36538e-05	-0.000243408	-0.000257697	0.000898493	4.29893e-05	-6.33709e-05	0.25855	0.134202	0.25599	0.1	0.00881792
0.215859	-1.73587	-0.418619	1.5122e-05	0.00023757	7.44117e-05	6.35865e-05	5.74561e-05	0.00033367	0.258498	0.134122	0.255939	0.1	0.00659497
-1.1173	3.67126	-1.00851	-3.24529e-05	-0.000309759	-1.75615e-05	0.000183578	-7.71633e-05	-1.69228e-05	0.258358	0.133903	0.2558	0.1	0.00723844
-1.70981	-3.48269	0.525164	2.57094e-05	0.000360464	2.63718e-05	0.000663792	0.00179017	0.00063869	0.258082	0.133476	0.255527	0.1	0.0114648
-0.844375	-3.75073	-0.152047	-2.11629e-05	0.000433611	3.97637e-05	6.95016e-05	-2.76189e-05	-0.000306233	0.257965	0.133294	0.255411	0.1	0.00779865
-1.50795	-1.80729	-2.45609	7.59033e-05	0.000246282	-5.27375e-05	7.42045e-05	-7.96065e-05	-2.92584e-05	0.25795	0.133271	0.255396	0.1	0.00583307
1.15891	-0.608353	-0.606769	6.72381e-07	-2.77633e-07	-1.47704e-07	4.59581e-24	1.58879e-24	-2.93985e-24	0.257891	0.13318	0.255338	0.1	0.00747165
-0.0780635	2.38632	0.711797	1.54104e-06	-0.000240053	-2.52963e-05	0.000324198	-4.74508e-05	-7.55351e-05	0.25788	0.133161	0.255327	0.1	0.00859109
-0.397045	-1.839	1.30344	2.25876e-05	0.00024781	2.88204e-05	-0.000218976	-0.000108062	-8.49167e-05	0.257497	0.13257	0.254948	0.1	0.00616128
-1.83822	3.4392	1.67517	5.59029e-06	-0.000329338	-0.000265876	0.000640793	0.000458944	0.000408257	0.257171	0.132066	0.254625	0.1	0.00488884
1.69666	2.36296	-0.252087	0.000253448	-3.89966e-06	-7.89715e-05	0.000121249	0.000262815	-0.000627656	0.257045	0.131872	0.2545	0.1	0.0111557
0.569509	0.599383	0.303247	-4.86156e-06	-0.000263601	-0.000156243	0.000630491	-0.000223392	0.000296849	0.257002	0.131805	0.254457	0.1	0.0133811
0.0247291	-2.81895	1.74962	2.89535e-05	0.000234236	-5.0032e-05	-0.000325722	-7.77824e-05	-0.000368905	0.2563	0.130728	0.253762	0.1	0.0070975
1.96266	1.21621	-0.883566	-1.89506e-05	-0.000298054	-0.000140024	0.000229741	-0.000227542	-6.31985e-05	0.256161	0.130517	0.253625	0.1	0.00773287
1.54028	3.02219	-2.42382	-0.000110138	-0.00015961	-3.83342e-05	0.000491098	0.000300002	-0.000667978	0.256037	0.130326	0.253502	0.1	0.00951257
0.353374	-0.527633	2.30121	-8.15839e-05	5.59722e-05	6.95588e-05	0.00035948	0.000508757	-0.000489332	0.255995	0.130262	0.25346	0.1	0.00667039
1.07232	2.48588	-0.497164	-9.27301e-05	-0.000379966	3.96571e-05	0.000134004	3.92945e-05	0.000481142	0.25592	0.130148	0.253386	0.1	0.00907023
-2.1467	-0.563103	-1.25379	2.04667e-06	-1.08252e-07	1.95616e-06	9.07353e-24	4.09136e-23	-5.4114e-24	0.255837	0.130021	0.253304	0.1	0.0137617
0.358841	1.23204	1.0931	-1.93019e-05	-0.000212215	-0.000111655	-0.000216344	0.000243507	-0.000413908	0.255747	0.129885	0.253215	0.1	0.0080766
-0.0243434	1.3184	1.90584	4.54138e-05	-0.000171689	-6.78239e-05	-0.000277692	0.000202193	0.000368099	0.255291	0.129191	0.252763	0.1	0.0067626
0.43359	-3.44524	-0.938787	-3.18973e-05	0.00040008	4.30178e-05	-0.000239362	5.30214e-05	-0.000218577	0.255224	0.129089	0.252697	0.1	0.00423613
-1.10899	1.49649	-2.14666	1.25983e-05	-0.000170932	-2.14657e-05	-3.25126e-05	-0.000182547	-0.00021899	0.255101	0.128903	0.252575	0.1	0.00668369
-1.02425	1.13334	1.57195	-9.75591e-05	-0.000108441	-3.63814e-05	-0.000821385	0.000668101	-0.00039314	0.254823	0.128482	0.2523	0.1	0.0155375
1.58683	-2.8198	-2.3428	5.42743e-05	0.000288674	7.53895e-05	0.000567219	0.000322042	0.000632578	0.254506	0.128002	0.251986	0.1	0.00733075
-0.304154	1.2097	-0.374774	-1.78938e-05	-6.27969e-05	4.25048e-05	-0.000324781	6.83968e-06	-0.000117136	0.254402	0.127845	0.251883	0.1	0.0125734
1.6619	-3.57942	-2.20666	-1.91824e-05	0.000461603	2.28418e-05	-0.000373437	0.000126883	-0.000220234	0.254272	0.127649	0.251754	0.1	0.00617001
-0.947195	-1.11892	1.61486	-0.000124979	0.000219888	2.22812e-07	0.000197498	0.00058702	-0.000159044	0.254252	0.127621	0.251735	0.1	0.0080415
-1.70296	0.678457	-0.175607	-1.57523e-06	-7.77099e-05	-4.12848e-05	-0.000131297	-1.80708e-05	-0.000170224	0.254212	0.12756	0.251695	0.1	0.00988131
1.03662	-2.26167	-1.8959	5.09795e-05	0.000224125	4.70968e-05	0.000327072	0.000163539	-6.85937e-05	0.254199	0.127539	0.251682	0.1	0.00665728
1.2217	1.63459	0.868655	-0.000127825	-0.000155235	0.000128584	0.000133882	0.000456265	0.000444778	0.254057	0.127328	0.251542	0.1	0.00612038
1.34789	3.38724	-1.95991	-0.000147332	-0.00026102	-9.08153e-06	0.00019564	4.92508e-05	3.52319e-05	0.253567	0.126591	0.251056	0.1	0.0097777
-1.37267	-0.867364	-0.121818	1.58622e-05	8.06072e-05	-3.84394e-05	1.63117e-05	-0.000249393	-3.6328e-06	0.253456	0.126426	0.250947	0.1	0.00629642
1.0343	1.3352	1.31993	9.1568e-05	-0.000151204	-6.72741e-06	-0.000187911	-0.000671279	-2.82909e-05	0.253434	0.126392	0.250925	0.1	0.00645229
-2.38309	2.79894	-2.02844	-1.73883e-05	-0.000186746	7.77094e-05	0.000415626	3.84571e-05	0.000119612	0.253312	0.12621	0.250804	0.1	0.0119018
1.23144	-0.594037	-2.48255	7.01023e-05	0.000133162	4.42734e-05	0.000353214	-7.39845e-05	-0.000321796	0.253184	0.126018	0.250677	0.1	0.00891995
0.843941	0.971121	1.6059	8.46955e-05	-9.53302e-05	-3.13648e-05	-3.82482e-05	-7.81519e-05	0.00044985	0.253182	0.126015	0.250675	0.1	0.00542369
-0.607866	2.43575	1.06369	-1.32535e-06	-0.000267665	6.61351e-06	0.000400813	0.00010875	4.20955e-05	0.253176	0.126006	0.250669	0.1	0.00742712
1.87045	-0.898925	0.717504	4.30958e-05	0.000222884	8.32521e-05	-0.000113017	9.20936e-05	-4.07046e-05	0.253012	0.125762	0.250507	0.1	0.00776693
-2.14806	1.32515	-2.3138	2.53438e-05	-9.6579e-05	-7.80862e-06	0.000264943	-0.000300386	-0.000644169	0.252518	0.125027	0.250018	0.1	0.00723062
0.410304	0.220877	-0.904846	-6.13004e-05	-0.000141296	-2.1255e-05	-0.000979958	0.000448013	-0.000444522	0.252479	0.124968	0.249979	0.1	0.00932135
2.26342	2.98624	-2.32661	-7.16832e-06	-0.00022155	0.000107645	-0.000368654	-8.53241e-05	-4.15228e-05	0.25247	0.124955	0.24997	0.1	0.00663345
1.2562	-1.14085	-1.11373	4.63692e-05	0.000109117	5.60851e-05	-0.000292185	0.000317842	0.000330336	0.252451	0.124927	0.249951	0.1	0.0111181
1.05171	-1.41785	-2.26129	-4.46501e-05	0.000191234	3.76206e-05	0.000195767	-0.000887707	0.000160385	0.252394	0.124843	0.249895	0.1	0.014998
-1.72834	-2.7665	-1.53104	7.52646e-05	0.00033438	1.65337e-05	0.000402086	-0.000421391	4.22575e-05	0.251969	0.124213	0.249474	0.1	0.00871616
0.742987	-3.82079	-1.0612	-8.67526e-06	0.000404728	7.46733e-05	1.95813e-05	0.000166377	-0.000294548	0.251672	0.123775	0.24918	0.1	0.00704319
0.298311	-1.67606	2.09947	0.000116377	0.000120361	5.57562e-05	0.000177953	0.000111105	-0.000603518	0.251598	0.123666	0.249107	0.1	0.0101573
-1.37576	-1.64991	1.62573	5.07171e-05	0.000314273	-4.48885e-05	-0.000311808	-5.67149e-06	7.64148e-05	0.251461	0.123464	0.248971	0.1	0.00651116
0.151202	-2.87418	2.23603	1.08438e-05	0.000114027	-4.39702e-05	-0.000198589	-9.13016e-05	-0.000815856	0.251337	0.123281	0.248849	0.1	0.00983863
-1.98899	-1.17831	0.842484	-1.88843e-05	0.000106561	2.9878e-05	0.000159898	6.37575e-05	-0.00012342	0.251292	0.123215	0.248804	0.1	0.00787471
1.99808	-3.94539	-2.15496	-2.00667e-05	0.000478117	-4.69746e-05	4.37126e-05	8.9076e-06	0.00015599	0.251252	0.123155	0.248764	0.1	0.00701388
0.329323	-1.00474	-1.05572	-3.04894e-06	-1.45419e-06	2.54624e-06	7.33662e-09	1.36304e-09	1.11054e-08	0.251159	0.123019	0.248672	0.1	0.0103843
0.450592	-3.84307	-0.637764	-4.95195e-05	0.000411263	6.55102e-06	0.00028595	-0.000145458	0.000165249	0.250885	0.122618	0.248401	0.1	0.00562601
-1.07931	-1.03683	-2.35201	8.81462e-05	0.000174051	-4.93724e-05	0.000282332	-0.000509591	0.000433173	0.250767	0.122444	0.248284	0.1	0.0109822
1.97732	-3.05938	-2.14455	0.000122379	0.00030508	-8.21934e-05	0.000484432	-0.000268008	9.69251e-07	0.250701	0.122347	0.248219	0.1	0.00712285
0.902365	-1.48742	-1.06104	5.99712e-05	9.54632e-05	0.000105293	0.000504767	0.000141924	-0.00030506	0.250676	0.122311	0.248194	0.1	0.0106766
1.77791	3.62514	-2.05899	-8.17388e-05	-0.000321071	-5.1708e-05	0.00030218	-0.000477614	-0.000329097	0.250667	0.122297	0.248185	0.1	0.00575838
0.220191	-3.87462	-1.07919	-5.90261e-05	0.000447731	2.76071e-05	0.000190903	-0.000438714	-0.000168391	0.250642	0.12226	0.24816	0.1	0.00527949
-1.46078	-0.724762	-2.38504	2.32251e-05	5.09581e-05	-0.000100775	0.000369994	-0.000215913	0.000263811	0.250299	0.12176	0.247821	0.1	0.00829985
0.562112	-1.37548	-0.357694	0.000119099	0.000156823	-3.59445e-05	-6.63009e-05	0.000598241	-0.000817091	0.25018	0.121585	0.247703	0.1	0.00972635
-0.290487	-2.70258	2.38397	6.84094e-05	0.000241506	-2.03465e-05	0.000450193	9.72865e-05	0.000168223	0.250152	0.121546	0.247675	0.1	0.0072346
-2.48698	-3.14187	-1.95474	4.47214e-05	0.000309372	3.37776e-05	7.95587e-05	0.00012475	-0.000134891	0.250067	0.121421	0.247591	0.1	0.00645399
-0.0407315	1.63562	2.29742	3.50237e-05	-6.27161e-05	-3.65707e-05	-1.71802e-05	-9.86972e-05	0.000268025	0.250057	0.121407	0.247581	0.1	0.00845261
-2.20459	1.01158	-1.0685	7.59275e-05	-8.79312e-05	-3.87374e-05	-2.21958e-05	-0.000301402	-0.000223203	0.249982	0.121297	0.247507	0.1	0.00578222
-1.70774	-0.243495	-1.22525	2.42789e-05	-7.47517e-06	-6.01781e-05	-9.57513e-05	-0.000276705	4.43391e-05	0.249805	0.121041	0.247332	0.1	0.0106472
-1.30941	0.90926	-2.26028	2.92162e-05	-8.58009e-05	-1.97506e-05	-0.000174804	-0.000126351	0.000121347	0.249501	0.120599	0.247031	0.1	0.00959118
1.18536	-3.82314	0.0891786	8.7003e-05	0.000227715	8.72441e-05	0.0005313	-5.85517e-06	-0.00048029	0.249491	0.120585	0.247021	0.1	0.00896886
0.960435	2.04289	0.757142	-9.33213e-05	-0.00019968	3.94656e-05	-0.000682792	-0.000397489	-0.000553719	0.249466	0.120547	0.246996	0.1	0.00702438
0.0257947	0.267018	-1.37676	2.17345e-05	-0.000104443	2.95604e-05	9.88764e-05	0.000157721	0.000468713	0.249265	0.120257	0.246797	0.1	0.00749814
0.744088	-1.09162	-1.31234	3.44009e-05	6.01763e-05	5.58329e-05	-0.000788653	-5.12043e-05	0.000393734	0.24919	0.120149	0.246723	0.1	0.0124584
0.618642	-0.613656	-0.962995	-1.02934e-07	5.27834e-08	1.85103e-07	-4.29885e-10	6.64401e-10	-1.45203e-09	0.249006	0.119884	0.246541	0.1	0.014585
-1.4301	2.3472	-0.964419	5.12648e-05	-0.000175751	-5.22504e-07	-8.93888e-05	0.00027374	0.000779132	0.248917	0.119754	0.246452	0.1	0.01099
2.18855	0.642682	1.95186	9.29786e-05	-1.03e-05	-4.91454e-05	4.84795e-05	0.000154521	0.000142455	0.24891	0.119744	0.246446	0.1	0.0106739
1.83419	0.101116	1.37763	-0.00018782	-0.000297918	-0.000111552	0.00016244	-0.00056864	0.0014088	0.248903	0.119734	0.246439	0.1	0.00820192
-1.26258	-0.0667142	-2.42588	4.52321e-05	1.06959e-05	-1.2585e-05	9.45707e-06	-0.000226304	0.000629273	0.248902	0.119733	0.246438	0.1	0.00781418
-1.59012	3.00462	1.67389	9.60905e-05	-0.000274179	-6.77605e-05	-0.000949212	-0.000574849	9.33404e-05	0.248378	0.118978	0.245919	0.1	0.00836646
1.49764	1.15468	1.31481	8.86189e-05	-6.97091e-05	-1.85399e-05	0.000163644	7.56587e-05	0.000230137	0.248178	0.11869	0.245721	0.1	0.00597727
-0.33459	0.491577	-2.01016	7.1501e-05	-0.000218923	-5.49943e-05	-0.00101667	-0.00029538	3.08975e-05	0.24787	0.118249	0.245416	0.1	0.00722843
-1.28924	-0.242692	2.11609	-2.55408e-05	7.71903e-05	-2.45807e-05	0.000351211	0.00011805	-0.000459092	0.247827	0.118187	0.245373	0.1	0.00726647
-1.61361	-1.28315	1.40201	-6.15287e-06	0.000178378	-7.53626e-05	-5.09122e-05	0.00043485	0.000181566	0.247767	0.118102	0.245314	0.1	0.0080544
-1.68703	-3.5536	1.25703	-2.6137e-05	0.00046449	0.000159303	0.000722996	0.000542879	-4.34059e-06	0.247735	0.118056	0.245282	0.1	0.00889136
1.03881	-3.44937	1.15378	2.86998e-09	3.4157e-08	3.1471e-09	4.70802e-27	2.05019e-25	1.05963e-25	0.247707	0.118015	0.245254	0.1	0.00990697
-0.0473727	3.80045	0.981148	-3.73948e-06	-0.000385113	-6.55765e-05	3.06887e-05	8.15693e-05	-5.99752e-05	0.247608	0.117873	0.245156	0.1	0.00814983
-1.68674	3.33167	0.977058	4.08379e-05	-0.000102345	-0.000139945	0.000290344	-0.000262958	0.000284865	0.247575	0.117828	0.245124	0.1	0.00794172
1.47379	0.802906	-0.874207	1.88209e-05	-0.000263417	3.04284e-05	0.000367768	1.57544e-05	-4.16505e-07	0.247232	0.117337	0.244784	0.1	0.00932077
0.124559	-3.46222	-1.32737	-4.50731e-05	0.000431201	5.60272e-05	-0.000130446	0.000118783	0.000336104	0.247018	0.117033	0.244572	0.1	0.00741292
0.248239	2.11021	-1.35876	-7.2544e-05	-0.00028295	3.2815e-05	6.61417e-05	-0.000220021	-0.000317918	0.246945	0.11693	0.2445	0.1	0.00767484
-1.91778	3.3647	-1.15053	1.76911e-05	-0.000347881	4.9823e-05	8.35028e-07	0.000206158	-0.000112514	0.246862	0.116812	0.244418	0.1	0.0102632
-0.17021	0.513575	2.25961	1.35039e-05	-3.7998e-05	-4.0858e-05	-0.000142705	-5.64876e-05	6.88078e-05	0.24683	0.116767	0.244386	0.1	0.00782475
-0.793824	-1.5539	1.44095	-4.99234e-05	0.000305163	-9.11107e-06	-0.00018936	-0.000496407	0.000465276	0.246791	0.116712	0.244348	0.1	0.00675966
0.246841	3.45365	0.806214	-3.00459e-05	-0.000411131	2.63941e-05	-0.000155202	-0.000405733	-9.70616e-05	0.246746	0.116648	0.244303	0.1	0.0058039
-0.262318	4.03508	0.33282	-6.33226e-05	-0.000442092	-5.48089e-05	9.28771e-05	-2.72389e-05	-0.000190848	0.246741	0.11664	0.244298	0.1	0.00732934
-0.147763	1.43699	-0.786975	-2.23169e-05	-0.000219595	-4.76524e-05	0.0011711	0.000163451	0.000338871	0.246625	0.116476	0.244183	0.1	0.00668725
1.34732	3.70831	0.813758	-0.000118343	-0.000433333	7.14749e-05	-2.08376e-05	-5.05964e-05	-0.000312051	0.246618	0.116465	0.244176	0.1	0.00910253
-0.352349	0.331221	0.144356	1.69662e-05	-4.83378e-05	-7.36153e-05	0.000221175	-0.000350533	7.91153e-05	0.246595	0.116433	0.244153	0.1	0.00639092
1.72106	2.74689	-0.568479	0.000196259	-7.87646e-05	-0.000170902	-0.000602955	-0.000122076	0.0008388	0.246366	0.11611	0.243927	0.1	0.0110424
-0.834853	-1.38879	-0.027601	6.62838e-06	-4.30357e-06	-2.38982e-05	-2.53157e-05	-0.000113154	1.46257e-05	0.246308	0.116027	0.243869	0.1	0.00978951
0.06438	1.1365	0.102445	1.02471e-05	-0.000145827	-9.41765e-05	0.000336783	5.5953e-05	-4.97838e-05	0.246304	0.116021	0.243865	0.1	0.0130364
-1.22825	-1.05102	1.21355	4.54874e-06	7.95527e-05	-8.47147e-05	0.000492275	-0.000440641	-7.24126e-05	0.24629	0.116001	0.243851	0.1	0.0062932
-1.08352	2.03368	1.21016	8.92768e-06	-0.000212831	4.10019e-05	7.95876e-05	0.000489136	-0.000315065	0.246171	0.115834	0.243734	0.1	0.00843853
0.636689	3.78957	-0.600178	-1.6892e-05	-0.000358124	9.78737e-06	-0.000291891	0.00024441	5.06526e-05	0.246104	0.115739	0.243667	0.1	0.00472151
0.679509	-3.29594	0.856299	2.76052e-07	7.22918e-08	2.1953e-07	1.48015e-24	1.58631e-24	-1.11926e-24	0.245924	0.115485	0.243489	0.1	0.00994673
-2.30355	0.849232	2.29549	9.94517e-05	2.65825e-05	0.000107795	-0.000284601	-0.000250383	-9.02067e-05	0.245818	0.115336	0.243384	0.1	0.00966242
1.35108	0.608051	-1.32266	-2.55449e-06	-4.96218e-05	3.52967e-05	0.000148305	-0.000138355	-0.000187759	0.24563	0.115072	0.243198	0.1	0.0100231
-0.617231	0.455441	-2.40518	0.000119582	-0.000131204	-7.94965e-05	0.000627341	-2.32226e-05	-0.00111493	0.245492	0.114877	0.243061	0.1	0.00956207
2.17009	2.40546	1.43555	-1.68693e-08	3.11776e-08	-2.1931e-07	-3.82185e-07	-4.9333e-08	2.84917e-08	0.245444	0.114812	0.243014	0.1	0.0106964
2.48502	-3.18924	0.332512	-4.63955e-05	0.000264535	-2.7222e-05	0.000105164	-2.70699e-05	-7.21834e-05	0.245374	0.114714	0.242945	0.1	0.0113316
-0.724269	-0.242948	-1.54055	0.000134366	6.88559e-05	-1.97149e-05	0.000364542	-0.000515411	0.000385302	0.245244	0.114531	0.242816	0.1	0.0055019
0.76125	-3.50188	2.24286	-2.34076e-05	0.000216552	3.44519e-05	-0.000300228	0.000849622	4.95547e-05	0.245189	0.114453	0.242761	0.1	0.00640176
1.44128	3.37287	0.427596	-6.62866e-05	-0.000357147	3.08607e-05	9.70618e-05	0.000170465	-0.000294977	0.244966	0.114142	0.242541	0.1	0.0120139
-0.408443	0.842037	-0.960511	2.98828e-05	-7.8696e-05	2.23898e-05	-0.000472908	0.000163034	-0.000196416	0.244953	0.114123	0.242528	0.1	0.00537048
-1.96725	-0.975571	0.0463832	-1.40119e-05	-6.04414e-05	-3.09841e-05	9.14135e-05	-0.000249408	-9.72348e-05	0.244934	0.114096	0.242509	0.1	0.0086253
0.207135	-1.01451	1.6372	7.93059e-05	9.29563e-05	-1.65879e-05	6.76732e-05	0.000239734	0.000430967	0.244844	0.113972	0.24242	0.1	0.00707833
-0.730391	-2.74657	-1.99163	-1.01438e-05	0.000163012	0.000110453	0.00072289	0.00015729	-0.000148628	0.244741	0.113827	0.242318	0.1	0.0112823
-0.211832	2.72606	1.04795	1.39574e-05	-0.000340914	4.43526e-05	0.000245439	0.000205151	-0.000248534	0.244734	0.113818	0.242311	0.1	0.00620321
2.45348	-2.1235	1.15213	9.80336e-05	9.22125e-05	-1.71213e-06	9.61001e-05	-9.3312e-05	0.000317076	0.244542	0.11355	0.242121	0.1	0.00990673
0.137823	-1.49627	1.67152	9.60739e-06	7.5049e-05	7.62494e-05	0.000222165	-4.70475e-05	0.000124591	0.244486	0.113471	0.242065	0.1	0.00682631
0.873056	-2.52175	-1.29491	1.88013e-06	0.000294565	6.81983e-05	4.64086e-05	0.000215118	-0.000206671	0.244454	0.113428	0.242034	0.1	0.00730267
0.688295	2.68236	-0.248737	1.00082e-05	-1.14271e-05	-2.19717e-05	0.000114272	2.98689e-05	3.40846e-05	0.2444	0.113351	0.24198	0.1	0.00666796
1.25103	2.74394	2.28642	-0.000181284	-0.000222547	7.94108e-05	-0.00151717	-0.000413639	0.000102738	0.244162	0.113022	0.241745	0.1	0.0112014
-2.34553	-0.986917	0.34735	-3.4704e-05	6.68186e-05	-4.20114e-05	-0.000267735	0.000179717	-0.000388512	0.24414	0.112991	0.241723	0.1	0.00774942
-0.0949471	-3.93808	-2.14728	-2.78885e-05	0.000358765	1.67992e-05	0.000213491	-0.000229236	-0.000142515	0.244103	0.112939	0.241686	0.1	0.00835657
0.344746	-2.97627	-1.06126	-2.89923e-05	0.00036156	9.36533e-06	1.08689e-05	0.000183813	0.000252568	0.244062	0.112883	0.241646	0.1	0.00694348
-0.336496	1.23423	-1.23036	2.24671e-05	-0.000212366	-0.00010091	-0.000152544	0.000395918	-4.88485e-05	0.243921	0.112687	0.241506	0.1	0.00433358
-1.38526	3.0475	0.0317062	-1.89389e-05	-0.000282207	5.52757e-05	-0.000209673	0.000106806	0.000138394	0.243692	0.112369	0.241279	0.1	0.00831753
0.911255	1.66201	1.93138	5.51866e-06	-0.000204245	1.13713e-05	0.000510873	-6.83456e-05	1.27192e-05	0.24367	0.112339	0.241257	0.1	0.00953231
-1.41989	-1.28123	-0.377884	8.23821e-05	0.000112403	-1.84739e-05	-0.000160125	-2.19641e-05	-3.50964e-05	0.243648	0.11231	0.241236	0.1	0.00967009
-2.05453	2.18062	-0.956029	-2.67794e-05	-0.000263332	7.40205e-05	-0.000344778	0.00013552	0.000112729	0.243387	0.111948	0.240977	0.1	0.00717268
-2.29806	0.975399	-0.590505	-1.39111e-07	-1.42638e-06	-1.03717e-06	-2.86958e-09	-1.38965e-08	-1.85632e-09	0.243111	0.111568	0.240704	0.1	0.00862749
-2.35276	-2.61125	1.20392	7.68172e-05	0.000321769	-9.10513e-06	0.000558614	-0.0001025	-4.04796e-05	0.242966	0.111368	0.24056	0.1	0.00945213
0.758012	1.48969	0.798572	-6.97804e-05	-0.000160952	-8.43782e-05	0.000241605	-0.000315612	-0.00157842	0.242842	0.111198	0.240438	0.1	0.0045826
-1.64586	3.96561	-1.06343	5.52745e-05	-0.000356526	3.43104e-05	-9.52996e-06	0.000265181	0.00053208	0.242774	0.111104	0.24037	0.1	0.00976183
1.51065	-0.689501	-2.08039	0.000101251	5.03147e-05	0.000217122	0.00116541	-0.000447753	-0.000575755	0.242496	0.110724	0.240095	0.1	0.0124914
1.77821	-1.24465	1.2106	-2.55231e-05	0.000197004	1.52135e-06	-3.11181e-05	-5.28967e-05	0.000251844	0.242131	0.110225	0.239734	0.1	0.00820475
1.1137	-0.429959	2.06546	1.24116e-06	2.62672e-06	-4.54225e-07	4.85265e-24	1.43495e-24	-1.26086e-23	0.241931	0.109952	0.239536	0.1	0.00914254
-0.889614	-3.96276	-0.906409	-0.000176286	0.000354431	-7.64248e-05	-0.000423852	0.000132189	0.000745072	0.24193	0.10995	0.239535	0.1	0.00778784
-2.15959	0.832929	-0.0794746	7.19216e-07	-2.07691e-07	-1.5192e-07	2.14476e-25	6.40356e-24	-1.00742e-23	0.241739	0.109691	0.239346	0.1	0.0117631
-1.21472	-0.725632	-1.86356	-1.80348e-07	7.47952e-09	-2.82203e-07	-2.63687e-25	1.24727e-25	-4.83604e-25	0.241738	0.109688	0.239345	0.1	0.0135944
-1.87938	-3.78465	0.877354	0.000111872	0.000434608	0.000113502	-0.00116374	-0.00157491	-0.000527794	0.241731	0.109679	0.239338	0.1	0.00882426
-1.111	-1.81306	-0.0878543	5.81323e-07	1.05973e-07	1.53042e-07	-5.87797e-25	5.12288e-24	-2.27005e-24	0.241723	0.109668	0.23933	0.1	0.00926946
-1.54971	-2.74471	-0.579059	-0.000199054	0.000366998	1.71361e-06	0.000521126	-0.000207181	0.000502677	0.241715	0.109657	0.239322	0.1	0.00832279
-1.40035	3.32909	1.36747	-1.13284e-06	-0.000254283	-0.000104529	-0.000837364	-0.000677603	-1.94008e-05	0.241502	0.109368	0.239111	0.1	0.00645607
-1.24207	-2.22047	0.707995	-1.67921e-05	0.000144319	8.93643e-05	0.000794547	2.79749e-05	0.000109079	0.241393	0.109219	0.239003	0.1	0.00651407
-1.90664	-3.0192	-0.795663	2.05401e-05	0.000364022	1.14973e-05	0.000287581	3.14228e-05	0.000268043	0.241283	0.10907	0.238894	0.1	0.00828353
2.33502	1.15343	-1.61661	7.56568e-06	-3.16641e-05	-4.65051e-05	0.000254294	8.96206e-05	-2.58105e-05	0.241125	0.108856	0.238738	0.1	0.00640851
0.834921	2.16508	0.00827963	3.45479e-05	-0.000323463	-1.49033e-05	-0.000250931	-7.98039e-05	-0.000557276	0.241121	0.108851	0.238734	0.1	0.0055171
2.40889	2.99013	1.89196	-3.32148e-05	-0.000249973	-5.19133e-05	0.000685561	-0.000410805	-0.00016543	0.241078	0.108793	0.238691	0.1	0.00651588
1.087	1.26154	-2.05135	2.88752e-06	-0.00012452	1.868e-05	-0.000375384	-3.33846e-05	-0.000187907	0.241066	0.108776	0.238679	0.1	0.00633684
-2.21137	2.1871	0.936244	-6.52e-05	-0.000201238	2.12518e-05	0.000442857	-0.000492441	-0.000160873	0.241027	0.108724	0.238641	0.1	0.00889181
-2.36326	1.43323	-1.88999	3.61843e-05	-0.000128915	-1.82388e-05	0.00045795	6.48886e-05	-0.000595987	0.24097	0.108646	0.238584	0.1	0.00405133
2.02259	1.31474	1.65624	6.65768e-05	-2.39159e-05	1.47387e-05	0.000538635	0.000232168	-0.000144923	0.240966	0.108641	0.23858	0.1	0.00816888
1.18973	-0.160931	-1.98638	0.000169025	-5.12075e-05	2.92519e-05	-0.000333141	0.000451257	0.000296272	0.24074	0.108335	0.238356	0.1	0.00558153
0.547211	2.67535	0.210067	5.97158e-05	-0.000348809	-1.28707e-05	0.00023352	-0.000131458	-0.000563917	0.240483	0.107989	0.238102	0.1	0.00444137
-2.05482	3.5042	1.23815	-7.1377e-05	-0.000252431	-0.000198466	1.22642e-06	-0.000183497	0.000312361	0.240458	0.107956	0.238077	0.1	0.00645056
2.49712	-0.468343	2.03099	2.73466e-05	0.000239806	9.23697e-05	3.68395e-06	1.40919e-05	-6.55362e-06	0.240401	0.107879	0.238021	0.1	0.00827261
0.463479	0.296304	1.20489	9.36533e-05	-0.000120473	-4.80255e-05	0.000410956	0.000166355	0.00036253	0.240234	0.107654	0.237855	0.1	0.00709435
-1.84689	1.98399	-0.57249	-1.74935e-05	-0.000297715	6.62304e-05	-2.46192e-05	0.000173275	-0.00010959	0.240234	0.107654	0.237855	0.1	0.0111447
2.15459	1.78827	-0.631682	0.000182469	-0.000419085	-0.000297539	0.00155822	0.000264048	0.000528504	0.240084	0.107453	0.237707	0.1	0.00847581
0.427901	1.22117	1.58101	7.43157e-05	-0.000238889	-9.954e-05	-0.000487471	-5.58771e-06	5.64251e-05	0.239985	0.107319	0.237609	0.1	0.00603841
0.249868	0.69091	0.910563	4.95272e-05	-7.56772e-05	-5.95379e-05	0.000592618	0.000549378	2.25272e-06	0.239931	0.107246	0.237555	0.1	0.00595885
2.03764	2.87709	1.503	3.07682e-05	-2.85532e-05	1.63702e-05	-0.000112241	-2.0988e-05	0.000181953	0.239786	0.107053	0.237412	0.1	0.00949483
-0.847099	-0.880571	0.976975	2.64305e-05	-5.19718e-06	-6.50513e-05	-0.000294	0.000485867	-0.000459616	0.239696	0.106933	0.237323	0.1	0.00576329
0.247753	-1.56377	-0.924134	-0.000138799	-9.80324e-05	9.81169e-05	0.00133587	0.000377607	0.00143593	0.239588	0.106787	0.237216	0.1	0.00969804
-0.295372	-3.46388	2.27855	7.10427e-07	8.03699e-06	5.67989e-07	4.19151e-24	-2.06947e-24	3.33912e-23	0.239483	0.106648	0.237112	0.1	0.00980724
-1.8412	-2.89853	0.227995	-2.51685e-05	0.000281489	5.17891e-05	0.000423477	3.87089e-05	0.000364097	0.239239	0.106322	0.23687	0.1	0.00995823
1.27542	3.85123	0.333458	-0.000102936	-0.000324349	-0.000107007	0.000856334	-7.63226e-05	-0.000634509	0.239237	0.106319	0.236868	0.1	0.00809609
-2.23986	-1.2681	-0.34693	8.45086e-06	0.000303856	0.000136033	-0.000389161	-2.9408e-05	0.000235261	0.239205	0.106277	0.236837	0.1	0.0111325
-2.37904	-0.649056	1.25667	-7.50442e-05	0.000161402	1.61135e-05	-0.000547871	-0.000207589	3.39679e-05	0.239191	0.106258	0.236823	0.1	0.00769351
-2.48676	-0.797939	2.41176	-2.46519e-05	0.000239796	6.82204e-05	-2.61431e-05	-8.59599e-05	0.000339308	0.238965	0.105957	0.236599	0.1	0.0111921
-1.66754	-3.54114	0.0392052	-0.000191899	0.00055778	-3.59055e-06	-1.07648e-05	-0.000849864	0.000846721	0.238904	0.105876	0.236539	0.1	0.00917554
-0.68686	-1.91259	-1.37012	7.02637e-06	0.000317036	-3.00087e-05	-0.000313919	0.000185074	0.000284754	0.238867	0.105826	0.236502	0.1	0.00810133
-1.28948	-0.557075	0.240526	-4.89063e-05	1.98565e-05	-3.31995e-05	0.000121593	5.38131e-05	0.00029726	0.238847	0.105799	0.236482	0.1	0.00447317
-0.784655	-3.61266	2.1623	-3.04776e-06	0.000389809	2.37853e-06	0.000156393	5.1761e-05	-0.000362007	0.23868	0.105579	0.236317	0.1	0.00719129
0.338894	-1.94155	1.51078	9.73727e-05	0.000103729	-7.11473e-06	-0.000217172	0.000109988	-0.00063891	0.238578	0.105443	0.236216	0.1	0.00720787
-1.39039	1.0063	1.27867	-9.43811e-05	-0.000115582	5.08063e-05	0.000291503	-0.000737628	-7.83639e-05	0.238575	0.105439	0.236213	0.1	0.00864381
-2.1863	-2.89276	-1.63031	7.0428e-05	0.000357587	-6.5626e-06	-8.06504e-05	0.000422794	3.24589e-05	0.238558	0.105416	0.236196	0.1	0.0066284
0.262758	1.86022	1.99504	1.12756e-05	-6.53144e-06	-2.3715e-05	9.27289e-05	7.08381e-05	1.72681e-05	0.238531	0.105381	0.236169	0.1	0.00725526
0.0989795	-0.136213	-2.23495	9.69637e-05	-6.43305e-05	1.33135e-05	-0.00158992	0.000276476	-5.63266e-05	0.238467	0.105296	0.236106	0.1	0.00716107
-0.704931	3.98228	0.158565	-4.69727e-05	-0.000384845	-1.58598e-05	0.000116696	0.000121313	8.90212e-05	0.238429	0.105245	0.236068	0.1	0.00542913
-0.850386	-2.78572	-0.637023	-6.78844e-07	4.34877e-07	1.64985e-06	-6.91724e-24	-2.58184e-24	1.02191e-24	0.238392	0.105197	0.236032	0.1	0.0120822
2.18803	-2.51921	1.11749	4.54957e-05	0.000130264	-4.1719e-05	-7.3768e-05	-0.000166814	-0.000610026	0.238069	0.10477	0.235712	0.1	0.0097887
0.178154	-2.07043	-0.776247	6.80832e-05	0.00028119	2.57573e-05	0.000200322	-0.000308814	-0.00030018	0.2379	0.104547	0.235545	0.1	0.00577193
-0.0898241	-0.526033	0.20613	-2.53861e-05	0.000197307	3.10248e-05	0.000482271	-1.90697e-05	0.000259479	0.237677	0.104254	0.235324	0.1	0.00489742
0.801792	-0.580886	0.58962	-3.06318e-05	8.65156e-05	2.44916e-05	7.58535e-05	-0.000495364	0.000128841	0.237634	0.104196	0.235281	0.1	0.00698836
1.70941	0.255666	2.24932	4.66266e-05	1.37833e-05	4.86897e-05	-0.000401036	0.000147863	-6.58058e-05	0.237512	0.104035	0.23516	0.1	0.0117874
-2.33228	3.25226	-2.31989	4.19923e-05	-0.000309019	-5.36858e-05	-0.000208644	0.000515324	-0.000401542	0.237463	0.103972	0.235112	0.1	0.00596606
0.0792385	2.38841	1.4144	6.35419e-05	-0.000394849	-4.15112e-05	0.00029634	1.59286e-05	-0.000294286	0.237431	0.103929	0.23508	0.1	0.00732331
0.353922	-1.9295	-2.25352	6.42279e-05	6.15143e-05	-0.00011195	-1.13578e-05	0.000439439	-0.00024695	0.237431	0.103929	0.23508	0.1	0.0132755
1.66236	-0.243783	-2.0193	0.000160043	3.26541e-05	0.000183615	-0.00121479	0.000350792	0.000318708	0.237278	0.103729	0.234929	0.1	0.0107261
-2.47494	1.49205	0.381924	9.35005e-07	-0.000114768	9.55024e-05	-0.000262869	-0.00011226	2.32595e-05	0.237254	0.103697	0.234905	0.1	0.00744807
0.575319	-2.33917	-0.912882	4.03548e-05	0.000120723	-7.82295e-05	-0.000627681	-6.6323e-06	-0.000342039	0.237202	0.103628	0.234853	0.1	0.00665472
-1.61793	-1.45134	2.22795	0.000118231	0.000222325	-5.91111e-05	-0.000178234	-0.000179979	-8.06798e-05	0.237135	0.103541	0.234787	0.1	0.00818811
0.960299	2.41605	2.47269	-0.000111154	-0.000255911	0.000121792	0.000364963	-0.000561386	0.00088769	0.237122	0.103524	0.234774	0.1	0.00767362
-0.905976	3.9595	-0.461427	-6.54906e-05	-0.000331628	-2.58449e-05	0.000205976	-0.000132217	-7.9828e-05	0.236892	0.103224	0.234547	0.1	0.00742419
0.108537	0.472892	-2.35313	5.85963e-06	6.70689e-05	-2.45548e-05	-0.000385565	1.93165e-05	-5.21158e-05	0.236865	0.103189	0.23452	0.1	0.00946327
-1.38671	1.9415	-0.712555	8.8382e-05	-0.00013985	-3.69236e-05	0.000123563	-0.000633905	-0.000262391	0.236787	0.103086	0.234443	0.1	0.00592667
1.05052	-0.650662	-0.0507266	3.33338e-05	8.04253e-05	3.93151e-05	-0.000135314	0.000138697	0.000539085	0.236379	0.102554	0.234039	0.1	0.00588938
1.69452	-1.30003	-1.24305	7.10002e-05	0.000219625	2.13081e-05	-0.00013146	5.08374e-05	-0.000157458	0.23636	0.10253	0.23402	0.1	0.0109781
2.35925	-2.09662	-0.69152	-6.67394e-05	0.000112348	4.82263e-05	0.000405737	2.20704e-05	0.000542442	0.236341	0.102504	0.234001	0.1	0.0174726
-0.628227	1.24865	-0.855264	5.25359e-05	-9.42622e-05	-3.75893e-05	8.03364e-05	0.000299643	0.000335342	0.236281	0.102428	0.233942	0.1	0.0057802
0.853589	1.05145	0.949092	-0.000130018	-0.000160115	-7.97177e-05	-0.000185015	-0.000349678	0.00156388	0.236277	0.102422	0.233938	0.1	0.00540801
0.781936	-0.783713	1.00897	-3.7625e-05	0.00013225	-4.48692e-06	-0.000148818	0.00019706	0.000211264	0.236117	0.102213	0.233779	0.1	0.00570577
-1.27269	1.96796	-1.24173	-2.03087e-05	-0.000144528	-5.63787e-05	-5.82833e-05	0.000235168	0.000574272	0.236076	0.102161	0.233739	0.1	0.00595392
-1.74933	-0.569395	-0.0698309	-5.23451e-05	-4.14375e-05	-5.15733e-06	0.000182919	0.000425485	0.000174056	0.235915	0.101951	0.233579	0.1	0.00471597
-1.06814	0.502585	1.22049	-3.22484e-07	-9.07091e-07	9.97314e-07	-3.60257e-24	-1.67205e-23	8.76862e-24	0.235774	0.10177	0.23344	0.1	0.0120485
1.45103	-0.794807	-0.236478	1.57773e-05	0.00017773	2.60108e-05	0.000257875	-0.000125408	-0.000333607	0.235702	0.101675	0.233368	0.1	0.00401356
1.7721	-3.55253	1.40708	-5.04012e-05	0.000334873	-6.55415e-05	-0.00102486	-0.000793339	0.000230163	0.235632	0.101585	0.233299	0.1	0.00673706
0.523216	0.955085	0.633419	8.10017e-06	-0.000200913	-0.000220668	-0.00105895	0.000193441	-0.000451954	0.235543	0.10147	0.233211	0.1	0.00735901
-2.31795	3.37451	1.73112	3.30767e-06	-0.000216606	-2.1816e-05	0.000363222	-2.69415e-05	0.000315411	0.235542	0.101468	0.23321	0.1	0.00502707
1.85163	3.36865	-0.778678	-1.81112e-05	-0.000294943	-5.94365e-05	-0.000482609	0.00028138	-0.00028732	0.235326	0.10119	0.232996	0.1	0.00643508
-2.08584	1.378	-1.35056	9.99987e-05	-0.000135993	1.05581e-05	0.000110443	0.000179825	0.000309034	0.235264	0.101109	0.232935	0.1	0.00468274
-0.158381	1.89092	-0.64317	1.05261e-05	-0.000286249	4.17159e-05	-0.000756516	-6.34848e-05	-0.000354777	0.235177	0.100998	0.232849	0.1	0.00702443
-1.9927	-3.89262	-2.09116	5.70015e-05	0.000366997	-9.16851e-06	-0.000492794	0.00015481	-0.000546864	0.235106	0.100905	0.232778	0.1	0.00784827
1.37337	1.05223	-0.44178	-4.59719e-05	-0.000164312	6.71468e-05	0.000251041	-0.000602756	0.000723622	0.23501	0.100782	0.232683	0.1	0.00462757
1.61187	-1.55297	0.845961	1.70213e-05	0.000198184	7.38975e-05	0.00023536	3.23202e-07	0.000127826	0.234827	0.100547	0.232502	0.1	0.00584817
0.151994	1.67105	-1.09697	-2.58161e-05	-0.000231703	-0.000110453	0.000813654	0.000116716	-0.000369318	0.234781	0.100487	0.232456	0.1	0.00699044
2.28093	-1.20577	-2.43052	1.22089e-05	0.000161144	-3.20729e-05	0.000161495	0.000843495	-0.00055282	0.234742	0.100438	0.232418	0.1	0.00519961
0.0550414	2.96435	-0.468051	-6.92471e-05	-7.46837e-05	8.76212e-05	0.000454423	-0.000433325	7.21603e-06	0.234729	0.100422	0.232405	0.1	0.0112775
0.855188	-0.934081	-0.391131	5.25457e-05	8.67469e-05	6.80462e-05	7.05477e-05	-0.000211585	0.000512391	0.234723	0.100413	0.232399	0.1	0.00738284
-0.731345	2.64579	1.4843	-3.91775e-05	-0.000314156	3.54139e-05	-0.000421158	6.06529e-05	-4.29954e-05	0.234716	0.100404	0.232392	0.1	0.00807082
-0.455121	-3.82606	-1.43451	-0.000167987	0.000236353	-4.62258e-05	-2.31085e-06	0.000189997	0.00105672	0.234391	0.0999882	0.23207	0.1	0.0129245
-0.40865	-1.15343	0.989781	-7.97375e-05	9.56909e-06	-9.30992e-05	-3.0399e-05	0.000164759	0.000125962	0.234228	0.0997805	0.231909	0.1	0.0111103
-1.01519	1.88427	-1.87636	1.24308e-05	-0.000208463	-5.6583e-06	-6.50219e-05	-0.000287617	-0.000442993	0.234163	0.0996969	0.231845	0.1	0.0063066
-0.19944	-0.095854	-0.010331	3.01895e-05	-4.5772e-05	2.3742e-05	1.99046e-05	0.000196046	-0.00102507	0.233947	0.0994212	0.231631	0.1	0.00535034
2.40916	-1.99885	-2.3433	5.15805e-05	0.000198059	0.000196635	0.000661042	1.99443e-06	2.32627e-05	0.233696	0.0991015	0.231382	0.1	0.0111289
-1.19549	-1.52214	1.19019	1.53711e-05	0.000122808	-0.000101867	-0.000388952	7.78633e-05	-1.90944e-05	0.23369	0.0990929	0.231376	0.1	0.00635656
-0.0283874	2.18745	2.16225	-0.000164463	-0.00019522	9.44071e-05	-7.08551e-05	-0.000225323	-0.000590873	0.233609	0.0989904	0.231296	0.1	0.00652911
-0.0691236	3.80888	-0.0373924	-3.49632e-05	-0.000454747	-1.56792e-05	-3.03252e-05	-0.000487082	-0.000563581	0.233569	0.0989397	0.231256	0.1	0.00635406
-1.27379	-1.90504	0.343748	-1.7085e-07	1.53003e-06	2.9296e-07	1.1119e-23	1.29971e-24	8.29535e-25	0.233337	0.0986457	0.231027	0.1	0.00574897
0.268939	-3.66066	2.06262	-0.000208013	4.19848e-05	8.16427e-05	-4.65283e-05	0.000308902	-0.000246549	0.233285	0.0985791	0.230975	0.1	0.00780893
0.363554	-3.43301	-0.312965	-3.43448e-05	0.000361825	-1.71532e-05	0.000189166	-3.81421e-05	-2.46376e-06	0.233155	0.0984158	0.230847	0.1	0.00539126
-1.56249	2.2224	0.480537	-7.32658e-06	-0.000216331	-2.47198e-05	-0.000453391	-6.56129e-05	-0.000320791	0.233116	0.0983655	0.230808	0.1	0.00896888
1.44444	1.35211	-0.0948558	-4.82874e-06	-0.000151715	-7.24982e-05	-0.000527995	0.0006403	0.000102598	0.233102	0.0983481	0.230794	0.1	0.00524771
-1.85917	-0.905155	1.26168	-5.41813e-05	0.000111659	3.62103e-05	1.02772e-05	5.93577e-05	-7.73008e-05	0.233037	0.0982664	0.23073	0.1	0.00922999
-0.21552	-0.56982	0.654625	-5.60859e-06	-6.90414e-05	6.82333e-06	-1.90698e-07	-3.6433e-05	-0.000339498	0.232987	0.0982018	0.23068	0.1	0.00723249
2.49448	-1.60025	2.43942	-4.01147e-05	5.40859e-05	-0.0001088	-0.000325382	0.000213986	-0.000541531	0.23297	0.0981807	0.230663	0.1	0.00871162
-1.74077	-2.9803	-0.220275	-6.54869e-05	0.000397125	2.994e-05	2.05726e-05	0.000182658	-0.000177806	0.232853	0.0980333	0.230548	0.1	0.00775375
1.14196	2.55239	1.52443	-0.000137153	-0.000167481	5.24762e-05	-0.0006376	0.000168321	-0.000602353	0.232841	0.0980185	0.230536	0.1	0.0112264
2.29369	-3.66937	1.79614	4.19629e-05	0.000419282	1.9687e-05	3.5766e-05	4.62423e-05	5.39878e-05	0.232838	0.0980137	0.230533	0.1	0.0101445
-1.37364	3.9238	-0.682743	1.24643e-06	-0.00039119	4.89846e-05	0.000410648	-0.000493983	-0.000227825	0.232645	0.0977704	0.230342	0.1	0.00566903
2.25538	2.22521	-0.760658	-5.04453e-05	-0.000269057	2.78765e-05	4.42692e-05	0.000315384	0.00033041	0.232529	0.0976247	0.230227	0.1	0.00984582
-0.101019	-0.274477	2.27752	9.76035e-05	-4.71325e-05	2.39943e-05	0.000235123	-0.000609465	-0.000380432	0.232356	0.0974063	0.230055	0.1	0.00911836
2.37809	1.38572	-0.557491	0.000349992	-0.00031898	-0.000202875	-0.00135101	-0.00153608	0.000498952	0.232305	0.0973426	0.230005	0.1	0.00609704
-1.03417	1.21753	0.934856	-4.02813e-05	-6.34518e-05	-1.98112e-05	-0.000304817	0.000152704	0.000181921	0.232166	0.097167	0.229867	0.1	0.00833442
-2.23112	-4.04242	-2.45833	2.96311e-07	0.000406406	-1.08403e-07	1.21491e-13	2.80314e-15	-7.95552e-14	0.232017	0.0969806	0.22972	0.1	0.00778614
0.580213	-2.04986	-0.541385	9.28942e-05	0.000259655	-4.6107e-05	-0.000339632	7.29061e-05	-0.000331222	0.231839	0.0967586	0.229544	0.1	0.00740337
1.68289	-2.91972	-1.64596	0.000358009	0.000586192	0.00014495	0.000587812	-0.000251822	-0.00117859	0.231804	0.0967136	0.229509	0.1	0.0100284
-0.593982	-3.1455	-0.0263887	-5.23809e-05	0.000160693	0.000153307	0.00078299	-0.00011374	0.0004146	0.231661	0.0965346	0.229367	0.1	0.0112734
0.2655	1.99707	-0.7908	-6.51515e-06	-0.000365147	2.33009e-05	3.98209e-05	2.01783e-05	0.000393699	0.231371	0.0961726	0.22908	0.1	0.00721251
1.88953	0.534267	1.5654	-0.000277741	-0.000268023	-0.00015069	-0.000232935	0.00149027	-0.000691683	0.231332	0.0961243	0.229042	0.1	0.0075588
-1.57425	3.76298	0.813824	-5.9922e-05	-4.86114e-05	-0.000132753	-0.000105077	4.24209e-05	-0.000437764	0.231276	0.0960544	0.228986	0.1	0.00930742
0.680488	1.08005	-1.90828	-1.606e-05	-0.000113094	-1.73438e-05	0.000387252	0.000153003	-0.000283012	0.231257	0.0960307	0.228967	0.1	0.0106739
1.77075	1.50145	-0.545213	0.000102679	-0.000331329	-5.38454e-05	-0.000248638	0.000600311	-0.000465295	0.231228	0.0959953	0.228939	0.1	0.00551669
0.579768	0.809138	1.23173	9.04441e-05	-0.000287702	-1.86835e-05	-0.000589052	0.000218621	0.000171069	0.231098	0.0958324	0.22881	0.1	0.0042743
-0.410948	2.60452	-1.73204	-8.13236e-05	-0.000280493	1.46245e-05	-0.000381327	-0.000120778	-0.000499614	0.231097	0.0958312	0.228809	0.1	0.00892689
1.40443	3.41551	2.13489	-0.000346191	-0.000417994	2.66116e-05	0.000371787	-0.000191176	-0.00178804	0.230968	0.0956712	0.228681	0.1	0.0103666
1.50667	1.1376	-2.22789	1.6515e-05	-7.06802e-05	1.40425e-05	-0.000489304	8.92294e-05	-4.50741e-05	0.230925	0.0956178	0.228639	0.1	0.00453104
-1.00551	-0.626156	1.87465	3.96564e-05	3.32507e-05	-1.5067e-05	1.20682e-05	-0.000117094	-0.000236673	0.230853	0.0955284	0.228567	0.1	0.0111745
2.43021	-0.273836	-0.976041	4.15209e-07	-2.18863e-06	-8.20623e-06	3.26003e-05	2.80096e-05	-5.37561e-06	0.230603	0.0952189	0.22832	0.1	0.0115568
0.073502	-0.591266	-2.3136	2.84422e-05	-3.352e-05	0.000140845	0.00121369	-0.000440938	-0.000293435	0.230371	0.0949306	0.22809	0.1	0.00466965
-0.251631	-1.7756	-1.27052	8.61329e-05	0.000258029	-6.87648e-05	-0.00030503	9.40054e-05	-8.71569e-05	0.230367	0.0949265	0.228086	0.1	0.00898213
-0.0796196	3.99845	-1.38229	-1.68688e-05	-0.000352742	-1.86239e-05	-9.23654e-05	-0.000278403	9.6975e-05	0.230224	0.0947498	0.227945	0.1	0.00491901
0.642229	1.20891	0.268092	1.16275e-05	-0.00021427	-0.00022708	0.00113308	1.77251e-05	0.000108119	0.22985	0.0942887	0.227574	0.1	0.00813342
-1.68173	-2.22009	0.401326	-1.69919e-05	0.000247502	5.53045e-05	0.000499077	0.000157339	0.000331639	0.22984	0.0942757	0.227564	0.1	0.00617034
0.20368	3.9875	0.283274	-8.33465e-05	-0.00047964	2.87629e-05	-0.000327705	-0.000130863	-0.000141502	0.229772	0.0941929	0.227497	0.1	0.00472885
-0.0581651	3.13953	-1.36753	-3.10643e-05	-0.000326505	1.02544e-05	2.48475e-05	-4.52636e-05	0.000147891	0.229716	0.0941249	0.227442	0.1	0.00639671
2.35343	3.58175	-1.04163	-4.52271e-05	-6.10786e-05	-6.54768e-05	0.00022156	0.000238973	-0.000380221	0.229675	0.0940734	0.227401	0.1	0.00889651
0.897832	-2.90745	1.03769	-5.75012e-05	0.000252415	-7.60195e-06	-3.25596e-05	-0.000119777	0.00052599	0.229635	0.094024	0.227361	0.1	0.00613055
0.796051	-3.55859	-2.29189	-0.000126002	0.000472127	7.48357e-05	0.000800804	-0.000103479	0.000251449	0.229633	0.0940217	0.227359	0.1	0.0072743
-0.495547	3.65449	-0.0900697	-5.23868e-05	-0.000341213	-3.14598e-05	-0.000275976	0.000296652	0.000130388	0.229597	0.0939779	0.227324	0.1	0.0094117
1.88128	0.403512	0.996848	5.57766e-05	-3.49328e-05	-4.28036e-05	4.91067e-05	-0.000268154	0.000279011	0.229587	0.0939654	0.227314	0.1	0.00851399
0.550322	-1.02441	-0.0382342	0.000134753	3.77583e-05	9.89462e-05	-0.000133937	-0.000348969	0.000876557	0.229559	0.093931	0.227286	0.1	0.00694464
-0.757167	0.136505	0.00178518	-7.11692e-05	7.6193e-05	5.11977e-06	-0.00039588	0.000372237	-0.000250334	0.229502	0.0938617	0.22723	0.1	0.00683386
-0.108474	-0.810684	-0.460493	6.08013e-05	5.24802e-05	-4.35507e-05	-0.00018089	-6.52935e-05	0.000114179	0.229294	0.0936058	0.227024	0.1	0.00630726
-1.04127	-3.01268	1.31119	-1.88504e-05	1.2998e-05	4.85841e-06	3.94235e-05	7.66375e-06	0.00010388	0.229262	0.0935673	0.226992	0.1	0.00743318
2.35728	1.2247	-1.15717	4.69869e-05	-0.000290515	-1.33888e-05	-0.00014228	-0.000353951	0.000103797	0.229043	0.0932983	0.226775	0.1	0.0066922
2.28059	0.643096	1.36178	-0.000218306	8.17751e-05	0.00019257	0.00136793	-0.00283575	0.00180953	0.229023	0.0932736	0.226755	0.1	0.00568769
2.059	-3.90192	1.48174	-5.38691e-05	0.000438338	0.000120996	6.5788e-05	0.000699199	-5.00363e-05	0.22902	0.0932701	0.226752	0.1	0.00706591
2.1824	2.60456	-2.01146	-2.16554e-05	-0.000125209	-8.30273e-05	0.00136819	-2.53953e-06	-0.000370477	0.228994	0.0932399	0.226727	0.1	0.00832073
0.348695	-3.29615	2.33077	-7.1505e-05	0.000101939	7.80969e-05	-0.00011641	-0.000470151	0.000612081	0.228978	0.0932202	0.226711	0.1	0.00617299
1.18076	2.72038	-1.0637	-0.000112143	-0.000330335	-7.78282e-06	0.000664036	-0.000507434	0.000292283	0.228925	0.093155	0.226658	0.1	0.00692646
0.105085	0.679937	0.207704	-6.58103e-06	-0.000135261	-3.79935e-05	-0.000620539	2.2505e-06	-3.60249e-05	0.228769	0.0929649	0.226504	0.1	0.0102004
1.50621	-1.04241	2.12201	-0.000134132	0.00012647	4.18293e-05	0.000102604	-7.06404e-05	-0.000227931	0.228681	0.0928573	0.226417	0.1	0.00519782
0.127514	1.55578	-0.102577	-5.39507e-05	-0.000199063	-6.19852e-05	1.00614e-05	0.000365931	-0.000365946	0.228633	0.0927983	0.226369	0.1	0.00901031
-0.82841	3.96031	-1.35822	-1.29096e-09	3.59339e-08	-2.97928e-10	0	0	0	0.228527	0.09267	0.226264	0.1	0.00968028
0.954047	0.83415	-2.17641	-3.17778e-05	-0.000109128	6.51302e-06	0.000395163	-0.000121295	-1.94304e-05	0.228372	0.0924815	0.226111	0.1	0.00933283
1.20935	-3.43675	-2.15106	-3.9106e-05	0.000359251	-6.74942e-05	-0.00114801	9.72237e-05	-0.000241701	0.228275	0.0923635	0.226015	0.1	0.00678562
0.436754	-0.982314	1.23352	2.98869e-05	0.000136704	2.31872e-05	-0.000313333	-0.000121517	0.000104891	0.228269	0.0923562	0.226009	0.1	0.00475138
2.38632	-1.9179	1.78252	5.29029e-06	0.000293153	6.02419e-05	-0.000210838	-0.000111	0.000485232	0.228148	0.0922089	0.225889	0.1	0.0085527
0.221714	3.74666	-0.385892	-1.20943e-05	-0.000509856	-3.02992e-06	9.9641e-05	-0.000103292	-0.000436169	0.227891	0.0918988	0.225635	0.1	0.00528653
1.06811	-0.109771	-0.727763	-7.73438e-05	-0.000126049	5.12121e-05	-0.000299714	0.000134047	-0.000111751	0.2278	0.0917882	0.225545	0.1	0.00836189
-2.00591	-2.69039	1.50586	-4.87593e-05	7.59803e-05	7.06124e-05	0.000459121	-4.0334e-05	0.000324614	0.227735	0.0917093	0.22548	0.1	0.0122165
1.00667	1.19582	0.536753	-0.000116469	-0.000221307	-5.71977e-05	0.000278616	-0.000778563	0.000702855	0.227721	0.0916929	0.225466	0.1	0.00577691
1.70968	-2.36965	-2.25027	-1.67882e-05	0.000262895	0.000134987	-1.01901e-05	0.000517336	-0.000235821	0.227719	0.0916894	0.225464	0.1	0.00796119
1.60716	-0.536299	0.123286	-9.74292e-05	7.66274e-05	1.66842e-05	0.000345804	-0.000172944	0.000292098	0.227657	0.0916158	0.225403	0.1	0.00558476
2.14457	-3.50515	-0.789617	8.71344e-05	0.000255832	-0.000111722	-0.000761173	2.11879e-06	-0.000598033	0.227655	0.0916129	0.225401	0.1	0.00868552
-1.71771	1.91823	-1.14185	-4.44496e-06	-0.000166658	-3.75785e-06	0.000136598	0.000506074	0.000548247	0.227637	0.0915917	0.225383	0.1	0.00601229
2.32508	-3.86058	-1.00739	-4.58799e-07	9.35623e-07	5.51693e-07	1.9047e-23	-6.55462e-24	3.05096e-23	0.227625	0.0915767	0.225371	0.1	0.0105707
-2.39282	-3.63837	-1.94409	3.42933e-05	0.000451919	1.61889e-05	-0.000342111	-0.000133021	-0.000189499	0.227598	0.0915445	0.225345	0.1	0.00466429
1.1274	-1.7167	0.773926	4.46372e-05	0.000215657	4.56886e-05	3.59298e-06	9.52858e-05	0.00010741	0.227427	0.0913378	0.225175	0.1	0.00519294
-0.934358	1.6534	1.95791	-5.21945e-05	-0.000104329	-9.61755e-05	-0.000597976	-0.000197015	-9.34902e-05	0.227288	0.0911706	0.225038	0.1	0.0067014
1.17562	3.15253	-1.27433	-9.62209e-05	-0.00030448	2.24655e-05	0.000578922	-0.000318241	2.32069e-06	0.227272	0.0911519	0.225022	0.1	0.00679394
