0.803775	2.10434	0.0022114	-1.9085e-12	6.50526e-13	6.04545e-12	7.03529e-28	-2.55615e-28	-2.03964e-28	0.524846	0.144576	0	0.1	0.0290738
-2.01543	1.60483	1.01731	-3.88791e-10	9.26895e-10	1.11193e-09	2.09948e-25	2.09019e-36	-2.09019e-36	0.524322	0.144144	0	0.1	0.0305263
1.71102	0.967904	-0.194937	-1.9085e-12	6.50526e-13	6.04545e-12	-1.31663e-28	-6.78957e-28	1.27698e-27	0.524212	0.144053	0	0.1	0.0190697
-2.25366	0.807377	-0.22567	-1.9085e-12	6.50526e-13	6.04545e-12	5.54282e-41	-4.80385e-42	-2.89624e-42	0.523895	0.143791	0	0.1	0.0240488
-1.45764	0.766427	2.15425	-1.9085e-12	6.50526e-13	6.04545e-12	-3.58018e-28	1.36265e-28	-1.05779e-27	0.523609	0.143556	0	0.1	0.0308855
-1.92911	0.203327	-1.01754	-1.9085e-12	6.50526e-13	6.04545e-12	-4.06876e-41	2.28613e-41	2.77505e-41	0.523432	0.143411	0	0.1	0.0235293
-1.91175	-3.22372	0.638278	1.71827e-09	5.79967e-09	-2.2202e-09	2.56539e-15	-5.03095e-15	-1.11226e-14	0.523282	0.143287	0	0.1	0.0177966
-2.35956	-3.92683	1.61722	-1.9085e-12	6.50526e-13	6.04545e-12	-1.17878e-40	8.83521e-43	1.43596e-40	0.523	0.143056	0	0.1	0.0284964
-2.23419	-1.21764	-0.525348	-1.9085e-12	6.50526e-13	6.04545e-12	-7.11616e-43	9.84217e-42	-2.83122e-42	0.522213	0.142411	0	0.1	0.027039
1.96021	1.65588	-2.03492	-1.9085e-12	6.50526e-13	6.04545e-12	1.00016e-40	-6.51879e-41	1.60897e-41	0.521675	0.141971	0	0.1	0.0256563
0.928647	-1.55704	0.265769	1.22561e-09	7.60054e-09	-7.136e-09	2.20838e-35	-5.46786e-41	-1.13618e-43	0.521666	0.141964	0	0.1	0.0223419
0.816145	4.20787	0.958883	-1.9085e-12	6.50526e-13	6.04545e-12	3.58518e-41	-1.85753e-41	7.8352e-42	0.521614	0.141922	0	0.1	0.0205856
1.43952	4.30655	-0.462881	1.73999e-11	1.02199e-12	6.65581e-11	-1.063e-28	6.8032e-27	7.10534e-42	0.520533	0.141041	0	0.1	0.0184148
0.228973	-0.360963	2.43329	-1.9085e-12	6.50526e-13	6.04545e-12	1.95679e-41	-7.23096e-41	-6.63931e-41	0.520389	0.140924	0	0.1	0.0297162
-1.71161	3.78508	1.33617	-1.9085e-12	6.50526e-13	6.04545e-12	-2.67959e-41	-1.09133e-40	4.70598e-41	0.520324	0.140871	0	0.1	0.024419
0.762165	1.14428	-1.33173	-1.9085e-12	6.50526e-13	6.04545e-12	1.35493e-41	-2.73466e-41	-5.99446e-41	0.52032	0.140867	0	0.1	0.0211969
-0.257941	1.27055	-0.161876	-1.9085e-12	6.50526e-13	6.04545e-12	-2.99412e-41	6.23121e-42	6.90439e-41	0.520271	0.140828	0	0.1	0.027127
0.0675348	-1.52098	0.851213	-1.9085e-12	6.50526e-13	6.04545e-12	6.65616e-41	-2.85986e-41	-3.06476e-41	0.520146	0.140726	0	0.1	0.0239008
-1.16012	-2.6707	1.10598	8.20865e-09	-2.05617e-09	-1.12248e-08	-1.75078e-24	-1.17097e-27	-1.31286e-24	0.520004	0.140611	0	0.1	0.0198044
1.9301	-2.84311	0.00591101	-1.9085e-12	6.50526e-13	6.04545e-12	-8.31504e-42	1.78235e-41	-2.48939e-41	0.519757	0.140411	0	0.1	0.0202336
0.352191	3.23208	-0.483062	-1.9085e-12	6.50526e-13	6.04545e-12	1.34076e-30	-2.46438e-30	-1.50221e-28	0.518893	0.139712	0	0.1	0.0220742
-1.22116	-1.13895	-0.752173	-4.06064e-10	2.5929e-10	8.64746e-10	-3.95801e-28	-1.1029e-25	5.50223e-26	0.518846	0.139674	0	0.1	0.0219626
-1.09054	-4.36595	-0.823088	2.54444e-09	1.39766e-10	1.82806e-10	1.19453e-38	1.66489e-25	-1.10993e-25	0.518509	0.139402	0	0.1	0.0194249
-1.18358	-4.1473	2.2253	-1.9085e-12	6.50526e-13	6.04545e-12	1.16681e-41	3.96932e-41	7.814e-42	0.518469	0.139369	0	0.1	0.0217807
2.01726	-3.35754	-0.899929	2.17337e-09	1.9559e-09	7.65066e-10	-1.27653e-15	-4.68013e-15	1.57145e-14	0.518089	0.139064	0	0.1	0.0230612
-0.442537	3.7975	-0.899079	-1.9085e-12	6.50526e-13	6.04545e-12	3.64335e-41	-4.62782e-41	6.51108e-41	0.517613	0.13868	0	0.1	0.0196841
0.302695	-1.79596	-0.837948	-9.04164e-10	6.31815e-09	-3.56469e-09	4.78302e-28	-2.24045e-25	-2.24199e-25	0.517573	0.138648	0	0.1	0.0183762
2.24259	0.662619	-2.14776	5.77755e-11	3.73805e-11	2.82756e-11	-2.0674e-14	3.03391e-14	5.37798e-15	0.517023	0.138207	0	0.1	0.0224294
-1.09799	-2.97978	-1.94727	-1.9085e-12	6.50526e-13	6.04545e-12	3.04519e-41	-9.17218e-42	-6.64925e-42	0.515939	0.137339	0	0.1	0.0172028
2.31973	2.30346	1.40748	-1.9085e-12	6.50526e-13	6.04545e-12	3.70603e-41	-4.94736e-41	-3.77393e-41	0.51593	0.137332	0	0.1	0.0194537
0.389737	-4.41848	0.113604	-1.9085e-12	6.50526e-13	6.04545e-12	1.84658e-41	-9.54363e-42	-8.20323e-41	0.515892	0.137302	0	0.1	0.021559
-0.161557	-2.53055	0.870832	-1.9085e-12	6.50526e-13	6.04545e-12	3.27815e-41	7.9972e-41	1.62726e-41	0.51515	0.13671	0	0.1	0.0266707
1.13912	3.42658	-2.03676	-1.9085e-12	6.50526e-13	6.04545e-12	-6.96596e-41	5.3909e-42	-2.08136e-41	0.515017	0.136605	0	0.1	0.0176579
-2.42762	-0.786665	0.441456	-1.9085e-12	6.50526e-13	6.04545e-12	-3.20196e-41	2.79359e-41	2.02256e-40	0.51479	0.136424	0	0.1	0.0168986
-1.00083	-3.10734	2.03458	-1.9085e-12	6.50526e-13	6.04545e-12	9.14319e-42	1.35441e-40	8.10477e-41	0.514608	0.136279	0	0.1	0.0180592
-1.37064	0.266059	-1.89053	-1.9085e-12	6.50526e-13	6.04545e-12	-1.85634e-41	3.17498e-41	1.41826e-41	0.514597	0.136271	0	0.1	0.0275854
-0.597663	3.19171	-0.0784214	-1.9085e-12	6.50526e-13	6.04545e-12	-1.98495e-41	-4.7275e-41	4.31635e-41	0.514103	0.135879	0	0.1	0.0206344
2.37844	-2.21655	0.694414	-1.9085e-12	6.50526e-13	6.04545e-12	9.03329e-41	6.77529e-41	4.94937e-41	0.513382	0.135308	0	0.1	0.0252522
-1.76102	3.71467	2.36623	6.38082e-09	4.20967e-09	3.13927e-09	-9.34299e-25	-1.98608e-28	1.30078e-28	0.513251	0.135204	0	0.1	0.0238242
-1.4939	1.75205	-2.25499	-1.9085e-12	6.50526e-13	6.04545e-12	1.36084e-41	-4.7552e-41	4.63967e-41	0.51286	0.134895	0	0.1	0.0333767
1.80271	-1.37271	0.786158	-1.9085e-12	6.50526e-13	6.04545e-12	-1.42815e-41	-3.99846e-41	-1.4198e-41	0.511987	0.134207	0	0.1	0.0226909
1.14006	2.99503	-1.10437	-1.8159e-12	7.58249e-13	5.81701e-12	2.88831e-29	1.69493e-40	-1.68902e-40	0.511935	0.134166	0	0.1	0.0249844
0.243856	-3.46938	-2.20818	2.92001e-10	-2.2968e-09	-1.4665e-09	1.80901e-41	1.18519e-25	-1.18519e-25	0.51175	0.134021	0	0.1	0.0215454
2.4037	-4.38412	0.590291	-1.9085e-12	6.50526e-13	6.04545e-12	-1.70748e-41	-2.48764e-41	-9.38934e-42	0.511328	0.13369	0	0.1	0.0210272
-0.996166	0.0817672	0.317678	1.49588e-10	1.50913e-10	8.08516e-10	-1.1986e-25	5.98858e-26	-1.58402e-29	0.510397	0.132961	0	0.1	0.0248822
1.81616	-3.16776	2.11489	-1.9085e-12	6.50526e-13	6.04545e-12	-1.06673e-29	-2.98479e-28	-6.05779e-29	0.509973	0.13263	0	0.1	0.0259418
-0.5132	1.70272	1.25632	-1.9085e-12	6.50526e-13	6.04545e-12	-8.18762e-41	2.79132e-41	-2.14954e-42	0.509383	0.13217	0	0.1	0.0176454
2.47524	-3.18596	-1.80387	-1.9085e-12	6.50526e-13	6.04545e-12	-1.415e-40	1.09596e-40	-1.13947e-40	0.509347	0.132142	0	0.1	0.0270945
-1.18143	-3.43724	-0.391497	-1.9085e-12	6.50526e-13	6.04545e-12	-5.57404e-42	-3.01174e-42	-7.0806e-42	0.509054	0.131914	0	0.1	0.0195239
1.45226	-2.49311	-2.21362	-1.9085e-12	6.50526e-13	6.04545e-12	5.20745e-41	-6.15934e-41	6.2925e-41	0.509023	0.13189	0	0.1	0.0252015
0.741632	1.59306	2.37991	-7.41963e-11	1.43916e-11	3.86876e-12	-9.17221e-28	1.58928e-27	1.66743e-26	0.508934	0.131821	0	0.1	0.0164433
-0.673253	1.43407	2.22537	-1.9085e-12	6.50526e-13	6.04545e-12	-7.48061e-42	-3.8189e-41	-3.21015e-41	0.508766	0.131691	0	0.1	0.0259336
-2.23277	-0.136487	2.48097	-5.53411e-12	1.26478e-11	3.86023e-12	7.07611e-31	-5.7726e-28	-4.29322e-28	0.508406	0.131411	0	0.1	0.0207348
-0.0913498	-1.31884	1.89027	5.36787e-09	1.43673e-09	-1.50922e-08	-2.82578e-13	2.20199e-15	-9.07516e-14	0.508337	0.131357	0	0.1	0.0202267
-1.77501	-2.42254	-2.47726	-1.9085e-12	6.50526e-13	6.04545e-12	1.50831e-41	-5.80896e-41	-1.96643e-42	0.508294	0.131324	0	0.1	0.0305609
1.10046	-3.88858	1.21992	-1.9085e-12	6.50526e-13	6.04545e-12	1.80046e-41	4.79796e-42	-7.27856e-41	0.50781	0.13095	0	0.1	0.0202277
2.25824	-3.96137	-2.42572	-1.9085e-12	6.50526e-13	6.04545e-12	4.22391e-42	-4.70932e-41	1.65418e-42	0.507753	0.130905	0	0.1	0.0222297
2.18554	0.72083	-1.126	-1.9085e-12	6.50526e-13	6.04545e-12	-5.45533e-42	-6.06005e-42	3.45945e-41	0.507742	0.130897	0	0.1	0.0222202
-0.933404	2.04547	-0.164856	-1.9085e-12	6.50526e-13	6.04545e-12	3.98733e-42	-1.02837e-42	3.83798e-41	0.507637	0.130816	0	0.1	0.0225784
-1.83064	-1.64615	0.390684	-1.9085e-12	6.50526e-13	6.04545e-12	-9.6022e-42	2.20806e-41	1.33664e-41	0.507412	0.130642	0	0.1	0.0178998
-2.2149	2.8163	-0.960447	-1.9085e-12	6.50526e-13	6.04545e-12	1.88246e-41	-9.43435e-41	-1.2782e-40	0.507009	0.13033	0	0.1	0.0211578
1.99231	3.76699	-2.48486	-1.9085e-12	6.50526e-13	6.04545e-12	-8.43048e-41	-3.69562e-41	-2.23724e-41	0.506882	0.130233	0	0.1	0.021901
1.70271	-1.84424	-0.347918	-1.9085e-12	6.50526e-13	6.04545e-12	6.43093e-42	-6.74158e-41	-3.19377e-41	0.506866	0.130221	0	0.1	0.0225662
0.49874	0.614465	2.25685	-1.9085e-12	6.50526e-13	6.04545e-12	1.06563e-41	4.98306e-42	-4.42084e-41	0.50679	0.130162	0	0.1	0.0209614
-2.42116	-1.9084	-1.8871	-1.9085e-12	6.50526e-13	6.04545e-12	2.77468e-41	-1.97828e-41	2.35636e-41	0.5066	0.130015	0	0.1	0.0266234
1.88104	-1.77453	1.71838	2.75114e-09	5.56625e-09	6.95128e-09	-8.54349e-28	4.54095e-28	-5.02589e-25	0.505811	0.129409	0	0.1	0.0278737
-2.1553	1.49391	-0.986738	-1.9085e-12	6.50526e-13	6.04545e-12	4.67342e-41	5.1641e-41	-1.70648e-41	0.505626	0.129267	0	0.1	0.0213433
0.0712772	-0.165187	1.43846	-1.9085e-12	6.50526e-13	6.04545e-12	-1.09496e-40	1.81962e-41	-8.08465e-41	0.505592	0.129241	0	0.1	0.0241892
1.55334	0.789071	0.80722	-1.9085e-12	6.50526e-13	6.04545e-12	6.82892e-41	-1.30085e-41	-3.54095e-41	0.505452	0.129134	0	0.1	0.0199694
2.45604	2.32313	0.395151	2.13087e-10	-1.41061e-09	-7.41827e-10	-2.52466e-25	-3.15583e-26	-1.26233e-25	0.505336	0.129045	0	0.1	0.0196198
-0.474983	0.46263	2.01229	-1.9085e-12	6.50526e-13	6.04545e-12	-7.8855e-41	-2.40925e-41	1.88105e-41	0.505116	0.128877	0	0.1	0.0221222
-1.54975	2.84818	-0.197956	-4.70627e-09	1.41052e-09	-4.37475e-09	-5.07466e-25	-1.18133e-28	2.28027e-28	0.504879	0.128695	0	0.1	0.020801
1.80352	2.2904	-0.375158	-1.9085e-12	6.50526e-13	6.04545e-12	5.91308e-41	-2.32515e-41	-2.48829e-41	0.504584	0.12847	0	0.1	0.0220804
1.68342	-4.40389	1.86789	-1.9085e-12	6.50526e-13	6.04545e-12	1.81028e-41	-5.57905e-42	-3.07491e-41	0.504566	0.128456	0	0.1	0.021785
-1.00702	0.818195	1.23177	-1.9085e-12	6.50526e-13	6.04545e-12	-4.71073e-42	2.29803e-41	7.79162e-42	0.503757	0.127839	0	0.1	0.0269952
-0.665283	-2.02339	-1.07159	-1.9085e-12	6.50526e-13	6.04545e-12	3.72214e-41	-1.7832e-40	-2.40537e-41	0.503666	0.12777	0	0.1	0.0209351
-1.6978	-1.17725	1.27616	7.41477e-09	-5.16299e-11	-8.10389e-09	-1.61042e-26	-2.06134e-24	-1.93299e-42	0.503279	0.127476	0	0.1	0.0278441
2.27744	3.15226	-0.154474	4.61186e-11	-4.21531e-11	-7.75441e-13	-5.7209e-15	-6.5458e-15	7.95501e-16	0.502994	0.127259	0	0.1	0.0203772
1.94396	2.43443	-1.36879	-1.9085e-12	6.50526e-13	6.04545e-12	1.5895e-40	-1.71759e-42	2.36751e-40	0.502964	0.127236	0	0.1	0.0211301
-0.0940428	0.620726	-1.13194	-1.9085e-12	6.50526e-13	6.04545e-12	-2.33569e-41	-2.90574e-41	-2.02404e-41	0.502714	0.127046	0	0.1	0.0257001
-0.00122482	3.7621	0.531897	-1.9085e-12	6.50526e-13	6.04545e-12	3.25987e-41	-9.64788e-42	1.56817e-40	0.50255	0.126922	0	0.1	0.0267425
0.733034	-3.62224	-0.420643	-1.9085e-12	6.50526e-13	6.04545e-12	-4.57825e-29	5.41392e-29	-1.61393e-27	0.502442	0.12684	0	0.1	0.0206956
-2.33402	0.656444	0.786305	-1.9085e-12	6.50526e-13	6.04545e-12	-3.53278e-28	-5.11851e-28	-9.06222e-29	0.50229	0.126726	0	0.1	0.020515
-0.728264	3.61245	1.6803	-1.9085e-12	6.50526e-13	6.04545e-12	1.16242e-40	2.83063e-43	-5.57329e-43	0.501803	0.126357	0	0.1	0.027335
0.33778	2.24708	1.20985	-1.9085e-12	6.50526e-13	6.04545e-12	5.27053e-41	-5.73258e-41	-1.23364e-41	0.501655	0.126246	0	0.1	0.0234434
0.437475	-3.06394	1.61391	-1.9085e-12	6.50526e-13	6.04545e-12	9.69438e-42	-5.1616e-41	6.59871e-41	0.501502	0.12613	0	0.1	0.0257904
-0.428827	-1.05552	-2.19511	-3.88596e-09	3.14122e-09	1.06484e-08	1.75165e-14	-1.65636e-15	6.94012e-15	0.501498	0.126127	0	0.1	0.0224382
0.130819	-3.33963	0.330322	-1.34279e-10	8.57067e-09	-8.18448e-09	-4.23303e-24	-3.32571e-26	5.86093e-28	0.500645	0.125485	0	0.1	0.0173698
1.62111	2.12992	2.12527	-1.9085e-12	6.50526e-13	6.04545e-12	6.35144e-41	7.89816e-41	8.11855e-41	0.500505	0.125379	0	0.1	0.0174463
-1.81016	2.63241	-1.86474	4.67815e-09	-1.26059e-08	3.22841e-09	1.06035e-24	5.30242e-25	2.1504e-28	0.500425	0.125319	0	0.1	0.0191955
-0.0599525	1.68679	-1.59852	-1.9085e-12	6.50526e-13	6.04545e-12	3.17666e-41	-1.28006e-41	1.81173e-41	0.500152	0.125114	0	0.1	0.0289695
-0.241816	-1.00243	-0.506238	6.99865e-12	2.22554e-10	-9.3735e-10	5.6408e-16	6.12291e-17	1.59743e-17	0.50005	0.125037	0	0.1	0.0170514
-0.720632	-3.927	0.55215	-1.9085e-12	6.50526e-13	6.04545e-12	-1.53479e-40	4.07281e-41	-5.89732e-41	0.499913	0.124935	0	0.1	0.0202865
-1.7504	-0.379646	-0.195534	-1.9085e-12	6.50526e-13	6.04545e-12	-8.05054e-41	-3.31168e-41	-6.15967e-43	0.499909	0.124931	0	0.1	0.0206183
-0.847744	4.18326	0.865716	-1.9085e-12	6.50526e-13	6.04545e-12	-2.38435e-41	2.09027e-41	-1.58595e-40	0.499869	0.124902	0	0.1	0.0208106
-1.91352	2.73829	1.91083	-1.9085e-12	6.50526e-13	6.04545e-12	-1.63183e-42	1.03086e-41	-9.4521e-42	0.498933	0.124202	0	0.1	0.0237832
1.01577	-1.84516	-1.57702	-1.9085e-12	6.50526e-13	6.04545e-12	-6.0741e-41	1.22495e-40	1.98202e-41	0.498754	0.124068	0	0.1	0.0220343
0.566619	-0.650941	-0.0328886	2.49262e-10	-1.02649e-10	4.90628e-11	-8.53194e-27	-3.64162e-28	-2.63869e-28	0.498719	0.124042	0	0.1	0.023987
-2.37307	-1.17249	2.01455	-7.69021e-09	5.48456e-11	8.413e-09	-3.41779e-26	-4.37477e-24	-2.41371e-41	0.497341	0.123016	0	0.1	0.0264233
0.000726084	0.981079	0.778551	-1.9085e-12	6.50526e-13	6.04545e-12	-5.90109e-41	4.79725e-41	-2.02922e-41	0.49708	0.122823	0	0.1	0.0208779
1.28654	-4.01435	-1.1549	9.23075e-09	-6.15823e-09	-1.07822e-09	-9.53842e-16	-3.49707e-15	1.17421e-14	0.49698	0.122749	0	0.1	0.0197176
0.550811	-1.27121	-2.24499	1.91375e-10	3.02447e-10	2.1903e-10	-6.71112e-26	6.80692e-26	-5.98885e-28	0.496954	0.122729	0	0.1	0.0252877
-1.23722	-0.195665	1.25484	-8.36613e-10	-2.28666e-09	-5.69878e-09	-1.10431e-24	2.76211e-25	-1.38369e-25	0.496238	0.122199	0	0.1	0.0298312
-1.13804	-2.00103	1.87025	-1.9085e-12	6.50526e-13	6.04545e-12	-5.02651e-42	-4.0436e-41	4.05904e-43	0.496087	0.122088	0	0.1	0.0307297
-1.47814	-4.15515	1.15959	7.48315e-10	-2.93247e-10	3.12016e-10	-1.34847e-14	2.64448e-14	5.84651e-14	0.49558	0.121714	0	0.1	0.0236717
1.07723	-0.673436	0.835794	-1.9085e-12	6.50526e-13	6.04545e-12	5.78135e-41	1.91598e-41	2.03966e-42	0.495221	0.12145	0	0.1	0.020265
-0.230964	0.841834	-2.09525	1.22854e-09	3.94484e-10	4.7826e-10	-7.01343e-26	1.40269e-25	1.40269e-25	0.494792	0.121135	0	0.1	0.026015
-1.05156	3.2111	0.821948	-1.9085e-12	6.50526e-13	6.04545e-12	-2.33528e-40	-3.66278e-40	1.16064e-40	0.494194	0.120696	0	0.1	0.0175933
-1.49928	3.82115	-1.65354	-1.9085e-12	6.50526e-13	6.04545e-12	6.35619e-42	-3.16642e-42	-1.66375e-43	0.494182	0.120687	0	0.1	0.0210717
-1.83351	-3.42399	-2.49149	-1.9085e-12	6.50526e-13	6.04545e-12	1.02283e-41	3.48351e-41	5.5494e-42	0.494105	0.120631	0	0.1	0.0193726
-0.269546	-3.85383	-0.421238	-1.9085e-12	6.50526e-13	6.04545e-12	2.53074e-41	8.22252e-42	-3.1733e-41	0.493902	0.120482	0	0.1	0.0158644
1.64219	1.7466	0.457347	-1.34917e-09	1.26312e-09	-3.78064e-10	1.54667e-40	2.06361e-36	-7.64984e-41	0.493897	0.120478	0	0.1	0.020579
0.822551	2.5847	-2.49362	-1.9085e-12	6.50526e-13	6.04545e-12	-9.88871e-44	2.75675e-41	1.40623e-41	0.493667	0.12031	0	0.1	0.0156379
-0.0797804	-1.9395	-1.87473	-1.9085e-12	6.50526e-13	6.04545e-12	-6.27076e-28	-7.09501e-28	1.86371e-28	0.49365	0.120297	0	0.1	0.0226731
1.00014	-1.32884	1.87407	-1.9085e-12	6.50526e-13	6.04545e-12	2.03357e-41	3.69646e-41	-3.50945e-41	0.493612	0.12027	0	0.1	0.0181963
-0.678501	-0.515267	2.00735	-1.9085e-12	6.50526e-13	6.04545e-12	8.67014e-41	-6.38587e-42	-3.3158e-41	0.493572	0.120241	0	0.1	0.0210795
-0.13957	-4.48628	-2.37978	-1.9085e-12	6.50526e-13	6.04545e-12	2.1917e-42	-5.59095e-41	-7.89109e-41	0.493515	0.120199	0	0.1	0.0171563
-1.41025	-2.07313	-0.410889	-1.9085e-12	6.50526e-13	6.04545e-12	2.13545e-40	-6.89132e-41	-2.32052e-42	0.493297	0.12004	0	0.1	0.0276941
0.855305	0.189363	0.40805	-1.9085e-12	6.50526e-13	6.04545e-12	1.00127e-40	-4.57732e-41	-3.63497e-41	0.492972	0.119803	0	0.1	0.0213973
-0.802344	3.83465	-2.35261	-1.9085e-12	6.50526e-13	6.04545e-12	6.60807e-41	-9.55217e-42	6.97273e-41	0.492872	0.11973	0	0.1	0.0204915
1.63733	1.55178	-1.02451	-1.9085e-12	6.50526e-13	6.04545e-12	8.39381e-41	-6.76974e-42	5.1226e-41	0.492758	0.119647	0	0.1	0.0199213
-1.24499	2.24351	0.836621	-1.9085e-12	6.50526e-13	6.04545e-12	6.78754e-41	1.23067e-40	8.8139e-41	0.4926	0.119532	0	0.1	0.0168797
1.54998	3.51152	1.03274	-1.9085e-12	6.50526e-13	6.04545e-12	-8.33124e-41	-8.36775e-41	-6.04051e-41	0.492534	0.119484	0	0.1	0.0217679
-0.948965	-4.39802	-1.82382	-1.9085e-12	6.50526e-13	6.04545e-12	1.13931e-40	1.16807e-40	-3.71595e-41	0.492295	0.11931	0	0.1	0.0174824
1.2413	2.63479	1.35852	-1.9085e-12	6.50526e-13	6.04545e-12	-6.59874e-41	1.5192e-41	1.62686e-41	0.492272	0.119293	0	0.1	0.0228097
-1.15118	3.10061	-1.07656	-1.9085e-12	6.50526e-13	6.04545e-12	1.43851e-41	5.42053e-42	3.99681e-41	0.491925	0.119041	0	0.1	0.0218053
-0.771125	-2.64213	0.0771425	-1.9085e-12	6.50526e-13	6.04545e-12	4.0088e-42	4.12993e-41	3.96393e-41	0.491617	0.118818	0	0.1	0.0286275
-0.91198	0.613234	-0.566735	-1.9085e-12	6.50526e-13	6.04545e-12	2.38585e-41	1.11263e-41	5.47737e-41	0.491485	0.118722	0	0.1	0.0256253
-1.32636	-0.833682	-1.83314	-1.9085e-12	6.50526e-13	6.04545e-12	-2.44915e-42	-6.09581e-41	2.40196e-41	0.491288	0.118579	0	0.1	0.020966
1.71941	3.79065	-1.29956	-1.9085e-12	6.50526e-13	6.04545e-12	-7.02703e-29	-5.19908e-29	4.57107e-29	0.491145	0.118475	0	0.1	0.0151806
-1.5135	-1.74147	-1.50807	-1.9085e-12	6.50526e-13	6.04545e-12	-9.17081e-42	-7.32158e-41	1.0897e-41	0.490831	0.118248	0	0.1	0.0241826
-1.86181	1.7163	-0.00308517	-1.9085e-12	6.50526e-13	6.04545e-12	1.30018e-41	-2.46255e-42	-4.90753e-41	0.490352	0.117903	0	0.1	0.0185913
1.67387	-0.825748	-0.607443	-1.9085e-12	6.50526e-13	6.04545e-12	1.84832e-41	-5.60305e-41	-6.89103e-42	0.490022	0.117665	0	0.1	0.021689
0.866309	-2.99751	-1.58075	-1.9085e-12	6.50526e-13	6.04545e-12	-4.57641e-41	-1.02625e-40	-8.38807e-41	0.490019	0.117663	0	0.1	0.0224982
-0.413951	-4.49808	1.67606	-1.9085e-12	6.50526e-13	6.04545e-12	1.6997e-28	1.72461e-27	-6.93242e-28	0.489751	0.11747	0	0.1	0.0233133
0.810419	-2.28902	0.953652	-1.48535e-09	-9.18373e-09	8.63713e-09	2.36223e-24	-2.95278e-25	2.88375e-41	0.489751	0.117469	0	0.1	0.0185208
1.30735	-4.05593	-2.14028	-2.10062e-09	8.81718e-09	-8.16082e-09	-1.20376e-15	-6.25621e-16	-3.66048e-16	0.489355	0.117185	0	0.1	0.0171773
-1.41254	-1.12789	2.23538	-1.9085e-12	6.50526e-13	6.04545e-12	-5.79741e-42	-3.08712e-41	7.53111e-41	0.48916	0.117045	0	0.1	0.0235671
-0.0639951	2.16174	-2.46604	-1.9085e-12	6.50526e-13	6.04545e-12	-7.88023e-41	-1.00132e-40	2.63863e-40	0.488799	0.116786	0	0.1	0.0176967
1.07378	-3.14438	0.557541	-1.9085e-12	6.50526e-13	6.04545e-12	3.69828e-42	-2.08431e-42	-4.50406e-41	0.488716	0.116726	0	0.1	0.0147991
2.30025	-3.04752	1.24946	-1.9085e-12	6.50526e-13	6.04545e-12	-1.00694e-40	2.59949e-41	1.04127e-40	0.488661	0.116687	0	0.1	0.0261525
-1.00887	-0.212411	-1.08549	-1.9085e-12	6.50526e-13	6.04545e-12	3.2508e-41	1.44735e-41	-5.80768e-42	0.488379	0.116485	0	0.1	0.0209183
0.0223496	-2.73808	-1.05456	1.98191e-10	1.10613e-11	-1.91627e-11	-1.87385e-29	9.49128e-29	-4.79529e-27	0.488246	0.11639	0	0.1	0.0145382
-1.32319	3.82598	-0.353045	-1.9085e-12	6.50526e-13	6.04545e-12	4.08277e-41	-5.04531e-41	1.23338e-41	0.487898	0.116141	0	0.1	0.0217965
-2.29235	1.74	2.14196	-1.9085e-12	6.50526e-13	6.04545e-12	2.33987e-41	-1.0668e-41	-1.47279e-42	0.487754	0.116039	0	0.1	0.036947
1.77933	-1.5144	-2.32745	-1.9085e-12	6.50526e-13	6.04545e-12	2.8563e-41	-3.26537e-41	-1.80272e-42	0.487422	0.115802	0	0.1	0.0215229
-2.37453	-3.79161	-0.222694	1.06422e-10	7.09893e-12	-7.23493e-11	-2.45233e-27	3.88249e-26	-3.90302e-29	0.487408	0.115792	0	0.1	0.0172106
0.967905	4.01556	2.17093	-1.9085e-12	6.50526e-13	6.04545e-12	-5.00702e-41	-4.6002e-42	2.30916e-41	0.486733	0.115312	0	0.1	0.0179267
1.91694	-1.51095	-1.25993	-1.9085e-12	6.50526e-13	6.04545e-12	-6.42753e-41	-2.95882e-41	-5.50346e-41	0.48673	0.115309	0	0.1	0.0180565
0.0628506	2.26141	-0.776911	-1.9085e-12	6.50526e-13	6.04545e-12	-1.31036e-41	-2.8528e-41	7.10941e-42	0.486549	0.115181	0	0.1	0.0219864
-0.259549	-0.166708	-1.70762	-1.9085e-12	6.50526e-13	6.04545e-12	1.75779e-41	2.09021e-40	6.53261e-42	0.486527	0.115165	0	0.1	0.0247777
2.2999	4.50957	-1.61926	-1.9085e-12	6.50526e-13	6.04545e-12	-2.50638e-42	-4.23535e-41	-1.35739e-41	0.486408	0.115081	0	0.1	0.0190064
2.40733	4.12853	-0.249625	-1.9085e-12	6.50526e-13	6.04545e-12	1.43332e-41	-1.82033e-41	-4.64534e-41	0.486326	0.115022	0	0.1	0.0157559
-0.114134	-2.31156	1.93694	4.26458e-09	-1.4041e-08	-1.36447e-08	1.77059e-13	-1.39467e-15	5.67739e-14	0.485665	0.114554	0	0.1	0.0178416
0.598556	0.277769	-1.81507	-1.9085e-12	6.50526e-13	6.04545e-12	-1.0979e-41	1.93211e-41	4.31128e-42	0.485233	0.114249	0	0.1	0.0186162
0.485862	-4.29131	-1.65257	-1.9085e-12	6.50526e-13	6.04545e-12	-3.97643e-41	5.41609e-42	3.93308e-41	0.485122	0.11417	0	0.1	0.0166386
-2.18508	-0.699159	-1.3881	-1.9085e-12	6.50526e-13	6.04545e-12	1.01712e-41	-8.26204e-41	-1.52213e-41	0.485118	0.114168	0	0.1	0.0266485
-0.800455	1.4914	-0.978868	-1.9085e-12	6.50526e-13	6.04545e-12	2.97418e-41	-7.32216e-42	5.26616e-42	0.484966	0.11406	0	0.1	0.0299095
0.141821	-4.05193	1.01108	1.42908e-10	-9.37515e-09	8.96667e-09	-2.48753e-24	7.49115e-38	7.99141e-38	0.484714	0.113882	0	0.1	0.0240621
-0.0623147	0.311482	0.0638782	-9.83067e-11	-1.74191e-10	2.2397e-10	7.81376e-26	3.90688e-26	1.95344e-26	0.484214	0.11353	0	0.1	0.0192867
0.148673	3.21117	1.90501	-1.9085e-12	6.50526e-13	6.04545e-12	-4.15919e-42	-3.7561e-41	6.51951e-42	0.484031	0.113401	0	0.1	0.0236252
0.368783	-3.98752	1.95056	4.98966e-09	-1.30027e-09	-2.39794e-09	5.05946e-15	1.89493e-14	2.50845e-16	0.483887	0.1133	0	0.1	0.0195821
-0.516153	2.67932	1.44405	-1.9085e-12	6.50526e-13	6.04545e-12	-8.17772e-41	-1.16628e-40	-7.21301e-41	0.483483	0.113017	0	0.1	0.0185302
-2.4642	3.68249	0.644897	-3.23316e-10	-2.43593e-10	2.93601e-10	4.58132e-28	9.41708e-28	8.00361e-26	0.48346	0.113001	0	0.1	0.0184521
-0.547543	4.33177	-0.0588542	-1.9085e-12	6.50526e-13	6.04545e-12	6.32946e-41	2.91346e-40	5.69243e-41	0.483335	0.112913	0	0.1	0.0194464
1.31667	-4.06796	0.268365	-1.9085e-12	6.50526e-13	6.04545e-12	-8.42588e-42	-1.1909e-41	2.50503e-42	0.483107	0.112753	0	0.1	0.0198937
-2.36991	-2.18038	-0.268423	1.06815e-09	-2.10478e-09	-9.36995e-10	3.18702e-25	4.78053e-25	-6.37405e-25	0.48233	0.11221	0	0.1	0.0168433
2.23004	0.439959	1.87805	-1.9085e-12	6.50526e-13	6.04545e-12	8.34865e-28	-1.70734e-27	2.81586e-28	0.482189	0.112112	0	0.1	0.0253721
0.343543	2.59798	-1.64082	-1.9085e-12	6.50526e-13	6.04545e-12	7.27341e-42	-3.62365e-43	5.04383e-42	0.482074	0.112032	0	0.1	0.0184791
-0.964431	-1.00302	0.2402	-1.9085e-12	6.50526e-13	6.04545e-12	1.24129e-41	-1.48098e-41	-4.13419e-41	0.481799	0.11184	0	0.1	0.0229474
1.43793	2.77698	0.400948	-1.9085e-12	6.50526e-13	6.04545e-12	-9.30502e-41	-2.27625e-41	-3.56478e-41	0.48163	0.111723	0	0.1	0.0213092
1.36813	0.950504	1.89013	-1.9085e-12	6.50526e-13	6.04545e-12	-3.60967e-43	-1.00566e-42	1.06138e-41	0.481265	0.111469	0	0.1	0.0185969
2.31815	3.74772	1.58242	-1.9085e-12	6.50526e-13	6.04545e-12	3.8826e-41	6.68926e-41	2.60891e-41	0.481099	0.111353	0	0.1	0.0232413
1.18098	-2.46036	1.83463	-1.9085e-12	6.50526e-13	6.04545e-12	-2.32235e-41	-8.16951e-41	5.98017e-41	0.480964	0.11126	0	0.1	0.0194868
1.26141	-2.6867	-0.750718	-1.9085e-12	6.50526e-13	6.04545e-12	1.43287e-41	-1.22191e-41	-3.86058e-41	0.480226	0.110748	0	0.1	0.0197954
0.718332	0.564839	1.29542	-1.9085e-12	6.50526e-13	6.04545e-12	1.93431e-41	4.71418e-41	8.04507e-41	0.480221	0.110745	0	0.1	0.0149685
-0.201995	-0.508958	0.556038	4.87588e-12	1.05895e-10	5.76369e-11	-3.75881e-15	2.24313e-16	3.67016e-17	0.479907	0.110528	0	0.1	0.0231486
-2.27922	-2.2899	1.68321	-1.9085e-12	6.50526e-13	6.04545e-12	6.6535e-42	-1.85425e-41	-5.03701e-41	0.479792	0.110448	0	0.1	0.0273476
-1.88294	-4.30391	-2.07736	1.76975e-09	6.91208e-09	-9.24041e-09	-2.42606e-28	-1.13358e-27	3.28909e-25	0.479539	0.110274	0	0.1	0.0213092
1.27517	0.903029	-2.15502	-4.64239e-10	8.95172e-10	3.3183e-10	-1.06258e-13	-5.67683e-14	5.07721e-15	0.479243	0.11007	0	0.1	0.0179812
0.492918	2.91417	0.507776	-1.9085e-12	6.50526e-13	6.04545e-12	-5.72457e-42	-4.16903e-41	-7.56544e-41	0.478999	0.109902	0	0.1	0.0230658
0.356831	3.53611	-1.43365	-6.39958e-10	-6.822e-10	-4.40278e-10	-1.64939e-25	2.48003e-25	-1.65906e-25	0.478694	0.109692	0	0.1	0.017016
2.17088	-0.637017	1.33799	-9.80965e-09	-3.53004e-09	2.89519e-09	-1.07636e-14	4.54559e-14	1.90103e-14	0.478583	0.109615	0	0.1	0.0206621
-0.643034	2.91833	2.36724	-1.9085e-12	6.50526e-13	6.04545e-12	1.96458e-41	-9.3254e-41	3.49585e-41	0.478314	0.109431	0	0.1	0.0187639
-1.87726	-2.8466	-0.767394	-1.9085e-12	6.50526e-13	6.04545e-12	-4.75178e-41	1.64386e-42	3.20096e-41	0.477951	0.109182	0	0.1	0.0215856
-0.86598	2.40954	-1.73879	-1.9085e-12	6.50526e-13	6.04545e-12	-2.62567e-28	2.19476e-27	-5.67696e-28	0.477727	0.109028	0	0.1	0.0257516
-0.732956	-1.02581	1.1828	-1.9085e-12	6.50526e-13	6.04545e-12	6.55142e-41	-1.12037e-42	2.92312e-41	0.477721	0.109024	0	0.1	0.0260879
1.19078	-0.480561	-1.86742	-7.19483e-10	1.44876e-09	-1.39628e-09	-6.68311e-25	2.05794e-28	3.34732e-25	0.477683	0.108998	0	0.1	0.0218376
-0.405541	-3.50186	-1.46262	-6.70143e-11	2.22338e-12	5.59219e-12	5.11077e-30	3.67885e-28	7.92613e-28	0.477452	0.10884	0	0.1	0.0205342
0.144659	-0.993015	-1.40408	-1.9085e-12	6.50526e-13	6.04545e-12	-1.61047e-41	1.20926e-41	3.64829e-41	0.477429	0.108825	0	0.1	0.0190178
1.85157	-0.123498	0.597989	-1.9085e-12	6.50526e-13	6.04545e-12	4.9558e-41	2.17815e-41	2.98066e-40	0.477005	0.108535	0	0.1	0.0211129
-0.341001	2.43522	0.528703	-1.9085e-12	6.50526e-13	6.04545e-12	-3.08763e-42	5.59691e-42	-2.02297e-42	0.476943	0.108493	0	0.1	0.0177019
1.3443	0.0640162	-0.420367	-1.9085e-12	6.50526e-13	6.04545e-12	6.59985e-42	-2.5829e-41	-5.81075e-41	0.476921	0.108477	0	0.1	0.0252581
0.83864	1.44829	0.947633	-1.9085e-12	6.50526e-13	6.04545e-12	-3.61551e-41	-1.30844e-41	3.13376e-41	0.476739	0.108353	0	0.1	0.0238362
1.47901	0.00926272	1.46566	-1.9085e-12	6.50526e-13	6.04545e-12	-2.218e-41	1.31371e-41	4.25439e-41	0.476537	0.108216	0	0.1	0.0191972
1.9691	-2.46809	-1.35598	-1.9085e-12	6.50526e-13	6.04545e-12	-1.47708e-40	1.26142e-40	2.03286e-40	0.476304	0.108057	0	0.1	0.0214035
-2.08133	-4.42008	-0.891866	-3.28505e-09	-1.78718e-10	-2.21861e-10	-1.83708e-38	1.92022e-37	-8.499e-26	0.476141	0.107946	0	0.1	0.0167839
2.35696	2.51333	-2.36007	-1.9085e-12	6.50526e-13	6.04545e-12	-2.68715e-43	-1.0312e-42	7.87506e-42	0.475741	0.107674	0	0.1	0.020634
-1.95799	2.88984	0.949	-1.9085e-12	6.50526e-13	6.04545e-12	-1.40141e-41	2.81383e-41	-4.0705e-41	0.475658	0.107618	0	0.1	0.0195042
-1.46156	2.18743	-1.00275	-1.9085e-12	6.50526e-13	6.04545e-12	1.58967e-41	1.30788e-42	-1.31488e-41	0.475209	0.107314	0	0.1	0.0216766
-2.28336	-3.04111	2.0158	-1.57901e-09	-2.19917e-10	2.83453e-10	4.19009e-26	-3.37157e-25	-1.67387e-25	0.274983	0.0207931	0	0.1	0.0120255
0.346136	-2.22272	0.349699	-3.93373e-09	-3.85523e-09	1.24707e-08	5.4046e-16	2.50469e-15	9.45297e-16	0.27481	0.0207537	0	0.1	0.00947498
1.43737	4.44451	-1.62671	1.15866e-08	-4.90791e-08	4.578e-08	1.01894e-15	5.29563e-16	3.09846e-16	0.274774	0.0207457	0	0.1	0.00994387
1.22847	3.0218	-0.283611	-1.9085e-12	6.50526e-13	6.04545e-12	-4.12338e-40	-3.26469e-41	8.48093e-41	0.274686	0.0207258	0	0.1	0.0160505
-1.31051	-3.09595	-1.1949	-1.9085e-12	6.50526e-13	6.04545e-12	-2.38514e-41	-2.98878e-40	-3.47464e-40	0.274441	0.0206704	0	0.1	0.0132243
-2.38858	-0.0327394	1.42682	-1.28216e-08	-2.50142e-08	-2.69124e-09	2.67734e-24	-9.47551e-28	-4.26094e-27	0.274388	0.0206583	0	0.1	0.00675193
0.568399	-1.98868	2.05777	-1.9085e-12	6.50526e-13	6.04545e-12	3.12903e-41	-9.90076e-41	3.87335e-41	0.274318	0.0206425	0	0.1	0.00925939
1.61855	2.38064	-2.07426	-1.9085e-12	6.50526e-13	6.04545e-12	9.11368e-41	-8.59969e-42	-2.61719e-41	0.274256	0.0206286	0	0.1	0.00911799
0.132857	1.73264	0.666176	-1.9085e-12	6.50526e-13	6.04545e-12	3.88706e-41	1.1434e-41	-1.14607e-41	0.274189	0.0206135	0	0.1	0.0187209
0.18396	0.231872	0.776826	-1.9085e-12	6.50526e-13	6.04545e-12	-2.6527e-40	-7.11883e-41	-1.7729e-40	0.274166	0.0206082	0	0.1	0.0139933
1.94348	-3.77922	0.788086	-1.9085e-12	6.50526e-13	6.04545e-12	4.7644e-27	8.54913e-28	-2.1656e-27	0.274031	0.0205778	0	0.1	0.0138895
1.16903	-1.36268	-0.989057	-1.9085e-12	6.50526e-13	6.04545e-12	-4.65748e-41	3.73631e-41	-2.9146e-42	0.273922	0.0205532	0	0.1	0.0104999
0.875533	3.22152	1.68998	-1.9085e-12	6.50526e-13	6.04545e-12	-2.44315e-40	-3.54085e-40	3.5389e-40	0.273902	0.0205487	0	0.1	0.0108313
-1.52898	1.06423	-0.603416	-9.82511e-09	-4.95528e-08	-9.3979e-10	6.77165e-25	-5.47662e-29	-1.08348e-23	0.273648	0.0204916	0	0.1	0.0112723
1.70088	3.66611	-0.072611	1.73326e-08	-1.81643e-08	-2.48021e-08	2.75507e-13	-4.78425e-13	5.4999e-13	0.273643	0.0204905	0	0.1	0.0128174
-1.11394	-3.26101	0.534284	-1.9085e-12	6.50526e-13	6.04545e-12	8.54575e-43	5.34723e-43	7.19269e-42	0.27359	0.0204785	0	0.1	0.00996178
0.0556604	-2.75066	-0.167081	-1.9085e-12	6.50526e-13	6.04545e-12	2.35981e-27	-1.05009e-26	-7.56679e-27	0.273547	0.020469	0	0.1	0.0114574
0.655452	3.56596	0.168215	-3.32243e-08	-2.50085e-08	1.56685e-08	3.64016e-27	2.33959e-27	1.09257e-23	0.273295	0.0204123	0	0.1	0.0105681
0.384422	3.69588	-2.46151	-1.9085e-12	6.50526e-13	6.04545e-12	-7.03251e-41	4.72081e-41	-1.15565e-40	0.273241	0.0204004	0	0.1	0.00937965
0.444021	-2.44352	2.43403	-1.9085e-12	6.50526e-13	6.04545e-12	1.92755e-40	8.57297e-41	-1.93565e-40	0.273196	0.0203902	0	0.1	0.0113177
0.199048	-1.3639	0.0164622	-1.9085e-12	6.50526e-13	6.04545e-12	7.8862e-41	2.45666e-40	-2.47739e-40	0.273079	0.0203641	0	0.1	0.00899474
-0.564505	-0.0416359	-0.379426	-1.9085e-12	6.50526e-13	6.04545e-12	1.39758e-40	1.48616e-40	-3.17749e-41	0.273018	0.0203505	0	0.1	0.00831502
0.10015	3.1833	-2.05116	-1.9085e-12	6.50526e-13	6.04545e-12	4.29011e-41	5.5129e-42	-3.21249e-41	0.272897	0.0203234	0	0.1	0.0108102
1.25987	0.714721	-0.801475	1.07666e-08	2.43882e-08	1.52839e-08	-1.78474e-13	4.59486e-13	-6.07663e-13	0.272697	0.0202787	0	0.1	0.0128227
-1.02433	1.30605	0.627279	-1.9085e-12	6.50526e-13	6.04545e-12	-2.91688e-42	-4.27348e-41	3.33178e-42	0.272615	0.0202605	0	0.1	0.0101973
1.08032	3.26412	2.19483	-1.9085e-12	6.50526e-13	6.04545e-12	5.04584e-41	-9.5065e-42	-3.50001e-42	0.272555	0.0202472	0	0.1	0.011596
-1.51254	-3.63901	-1.82825	-1.9085e-12	6.50526e-13	6.04545e-12	1.7096e-41	2.73857e-41	-7.26784e-41	0.271744	0.0200669	0	0.1	0.00900079
0.617922	1.17239	1.72729	-1.9085e-12	6.50526e-13	6.04545e-12	-4.38208e-40	2.86837e-41	2.90081e-40	0.271606	0.0200363	0	0.1	0.00949643
-0.643594	-1.65066	-0.392086	-3.4085e-11	-5.12632e-11	1.51871e-11	-1.97227e-15	1.27183e-15	2.80536e-16	0.271091	0.0199226	0	0.1	0.0126558
1.6029	0.268935	-2.38594	1.06607e-08	-1.08991e-08	1.02235e-07	-1.17427e-12	-9.17168e-14	1.1293e-13	0.270962	0.0198941	0	0.1	0.0102203
0.861119	-4.4827	1.66352	-1.9085e-12	6.50526e-13	6.04545e-12	3.86477e-40	-1.32673e-40	9.13456e-41	0.270951	0.0198918	0	0.1	0.00864971
2.29437	3.07392	1.24926	-1.9085e-12	6.50526e-13	6.04545e-12	-4.01412e-42	-1.76861e-40	-1.00834e-40	0.270899	0.0198803	0	0.1	0.00844171
1.845	3.04345	-2.24034	-1.9085e-12	6.50526e-13	6.04545e-12	-2.68493e-40	-2.92526e-41	1.63718e-40	0.27089	0.0198782	0	0.1	0.00572147
-1.12739	-0.310976	-2.36356	-1.9085e-12	6.50526e-13	6.04545e-12	-5.4669e-41	-1.3802e-41	-9.43867e-42	0.270139	0.0197134	0	0.1	0.0108546
0.445166	2.18689	1.97184	-1.9085e-12	6.50526e-13	6.04545e-12	-1.74879e-40	-8.86835e-40	1.26065e-40	0.270026	0.0196887	0	0.1	0.00705615
-0.673319	-0.794955	-1.44443	-1.9085e-12	6.50526e-13	6.04545e-12	-4.74899e-42	5.5053e-41	-1.82592e-42	0.269606	0.0195969	0	0.1	0.0107385
-2.31343	-3.73485	-1.07384	-1.9085e-12	6.50526e-13	6.04545e-12	1.22513e-40	-9.61377e-42	-1.43089e-40	0.269573	0.0195898	0	0.1	0.0107819
0.397287	1.13967	-0.630658	-1.9085e-12	6.50526e-13	6.04545e-12	3.91997e-26	-4.83392e-27	-5.57405e-27	0.26954	0.0195826	0	0.1	0.00741938
-1.33839	2.80361	1.40066	-1.9085e-12	6.50526e-13	6.04545e-12	1.49417e-40	-4.06923e-41	4.19868e-41	0.269436	0.01956	0	0.1	0.0135358
2.02872	3.09365	-0.974031	-1.9085e-12	6.50526e-13	6.04545e-12	1.00677e-41	-8.16782e-42	1.68897e-41	0.269359	0.0195432	0	0.1	0.0121917
-1.71055	-4.07749	0.00162766	-1.9085e-12	6.50526e-13	6.04545e-12	-1.29272e-41	-6.93382e-41	-1.44813e-40	0.269354	0.0195421	0	0.1	0.012098
0.792278	-2.86192	2.33635	-3.72265e-09	8.5784e-09	-4.72024e-09	-2.93138e-24	-1.47039e-24	2.92933e-24	0.269297	0.0195296	0	0.1	0.0103751
2.39518	-2.67719	-0.781086	-1.9085e-12	6.50526e-13	6.04545e-12	5.22858e-40	2.25268e-40	-1.16786e-40	0.269185	0.0195053	0	0.1	0.00739475
-1.57236	-3.66397	1.73965	-1.9085e-12	6.50526e-13	6.04545e-12	-1.49884e-41	3.5935e-41	2.73147e-41	0.26915	0.0194976	0	0.1	0.0108856
0.548292	3.28877	1.18018	-1.9085e-12	6.50526e-13	6.04545e-12	-3.19809e-51	1.0206e-50	3.65031e-52	0.269063	0.0194788	0	0.1	0.0197518
-1.95712	3.9085	-0.758638	-1.9085e-12	6.50526e-13	6.04545e-12	-6.5699e-28	2.53074e-28	-7.79076e-27	0.268983	0.0194614	0	0.1	0.00956566
-0.226838	-3.22503	2.00728	-1.9085e-12	6.50526e-13	6.04545e-12	-6.07234e-41	-1.4161e-40	5.56119e-41	0.268693	0.0193986	0	0.1	0.0113394
1.60165	-1.1891	0.0543408	-1.9085e-12	6.50526e-13	6.04545e-12	-1.15989e-39	6.51374e-41	1.14489e-41	0.268242	0.019301	0	0.1	0.00879831
-1.41552	-3.73169	0.28872	-1.9085e-12	6.50526e-13	6.04545e-12	2.37424e-40	4.73241e-41	1.33791e-40	0.268158	0.019283	0	0.1	0.0104228
0.899648	3.76452	-0.673598	-1.9085e-12	6.50526e-13	6.04545e-12	1.81215e-41	1.3868e-40	-4.30474e-41	0.267955	0.0192392	0	0.1	0.0102943
1.31476	-0.710655	1.55997	-1.9085e-12	6.50526e-13	6.04545e-12	-1.3023e-40	1.77172e-40	-1.30669e-40	0.267723	0.0191892	0	0.1	0.007916
0.602723	-1.08061	1.27317	-1.9085e-12	6.50526e-13	6.04545e-12	-8.99824e-41	3.60065e-41	-2.7399e-43	0.267685	0.019181	0	0.1	0.00763213
-0.528839	-1.60782	0.157466	-1.9085e-12	6.50526e-13	6.04545e-12	1.95758e-42	4.29393e-41	2.45373e-41	0.26763	0.0191692	0	0.1	0.0157243
-1.65654	-0.900309	0.507991	-1.9085e-12	6.50526e-13	6.04545e-12	3.07622e-40	1.46933e-40	-2.75941e-40	0.267337	0.0191064	0	0.1	0.0113995
0.788359	-0.0476793	1.75621	-1.87523e-10	3.99031e-09	1.95975e-08	-3.03838e-24	2.76455e-28	2.38476e-26	0.267309	0.0191003	0	0.1	0.00986042
-0.608763	2.59944	-0.834699	-1.9085e-12	6.50526e-13	6.04545e-12	-7.1077e-42	1.8636e-42	-2.5776e-41	0.26724	0.0190856	0	0.1	0.0155213
-1.79434	-2.3925	0.163056	-1.9085e-12	6.50526e-13	6.04545e-12	-5.81508e-41	-1.71873e-40	-1.22306e-40	0.267193	0.0190754	0	0.1	0.00879477
-1.33748	4.44936	0.33877	-1.9085e-12	6.50526e-13	6.04545e-12	1.90214e-41	-1.30079e-40	-4.31846e-42	0.267078	0.0190509	0	0.1	0.0179599
-2.33266	3.77838	-2.10646	-1.9085e-12	6.50526e-13	6.04545e-12	-1.33641e-41	-1.11092e-40	8.072e-42	0.26703	0.0190406	0	0.1	0.0126262
-1.96083	-0.167838	0.544741	-1.9085e-12	6.50526e-13	6.04545e-12	4.48196e-40	2.15339e-41	4.40176e-41	0.266964	0.0190265	0	0.1	0.0114189
0.153868	4.18814	-0.571832	3.06393e-11	-6.61845e-09	1.47437e-09	-1.71427e-26	-6.32819e-28	4.76574e-26	0.266851	0.0190022	0	0.1	0.00887427
-0.727026	0.783749	0.514555	-1.9085e-12	6.50526e-13	6.04545e-12	-1.27691e-41	-3.57633e-42	-1.16555e-41	0.266755	0.0189818	0	0.1	0.014574
-1.40694	-3.39616	1.30599	-1.9085e-12	6.50526e-13	6.04545e-12	-8.49805e-42	2.23932e-41	9.23997e-42	0.266597	0.0189481	0	0.1	0.011856
1.79769	0.199352	-1.55803	-1.9085e-12	6.50526e-13	6.04545e-12	2.16918e-42	1.03247e-41	3.39548e-41	0.266271	0.0188786	0	0.1	0.00885875
0.756667	2.31908	-1.06352	4.00932e-08	8.98027e-08	9.90629e-09	-6.21777e-24	3.10963e-24	-4.97541e-23	0.266247	0.0188736	0	0.1	0.00963422
-2.01202	-0.86696	-2.38598	2.2749e-11	-8.09423e-11	2.0907e-11	-1.21547e-26	2.58764e-40	2.43095e-26	0.266206	0.0188649	0	0.1	0.00762492
0.174893	1.34891	1.43572	-1.9085e-12	6.50526e-13	6.04545e-12	1.06908e-41	2.9895e-42	5.93901e-41	0.266175	0.0188583	0	0.1	0.00915156
-0.755479	0.12891	-2.35139	-1.9085e-12	6.50526e-13	6.04545e-12	-6.84763e-41	3.05914e-40	-8.54914e-41	0.26616	0.0188551	0	0.1	0.0144238
-0.497782	-2.80515	1.5201	-3.57689e-08	7.83771e-08	5.79276e-09	6.28795e-24	4.71688e-24	-2.51642e-23	0.265648	0.0187465	0	0.1	0.0100321
-0.03192	4.17074	-1.45209	-1.9085e-12	6.50526e-13	6.04545e-12	-2.40567e-40	-9.50607e-41	-2.78898e-41	0.265532	0.0187219	0	0.1	0.00599341
1.57077	4.39659	1.07842	-1.9085e-12	6.50526e-13	6.04545e-12	1.63351e-41	-2.62807e-41	4.96562e-40	0.265244	0.0186611	0	0.1	0.01322
0.163069	-0.199763	-1.02095	-1.9085e-12	6.50526e-13	6.04545e-12	-1.1394e-41	-2.08638e-41	-2.42093e-41	0.265225	0.018657	0	0.1	0.0122084
0.449798	-0.457849	-1.81901	-1.9085e-12	6.50526e-13	6.04545e-12	-1.66617e-40	-1.59461e-40	4.8686e-41	0.265201	0.018652	0	0.1	0.00981863
-0.112717	-2.89425	2.41035	-1.9085e-12	6.50526e-13	6.04545e-12	6.5253e-41	2.58527e-41	7.80465e-42	0.265035	0.018617	0	0.1	0.0099283
-1.07228	-3.57723	-1.14487	-1.9085e-12	6.50526e-13	6.04545e-12	-2.49531e-40	2.57779e-40	-1.05215e-40	0.264844	0.0185768	0	0.1	0.0109739
-2.23571	0.772196	2.28051	-1.9085e-12	6.50526e-13	6.04545e-12	9.14951e-27	-1.88754e-26	3.27609e-27	0.264656	0.0185373	0	0.1	0.0153187
-1.94226	0.0667678	1.1411	-1.9085e-12	6.50526e-13	6.04545e-12	1.89546e-41	-1.05275e-41	1.35871e-41	0.264587	0.0185227	0	0.1	0.00711522
-0.484588	-3.86945	-2.1022	-1.9085e-12	6.50526e-13	6.04545e-12	-6.89447e-41	1.46472e-41	-8.07336e-41	0.264317	0.0184661	0	0.1	0.00961478
2.18385	1.23903	0.611776	8.47648e-09	-7.94414e-09	2.42326e-09	-1.61252e-24	-4.70174e-35	1.36617e-40	0.264307	0.0184639	0	0.1	0.0100776
2.02885	4.13819	1.01657	-1.9085e-12	6.50526e-13	6.04545e-12	-3.38964e-40	1.14729e-40	5.07047e-40	0.2643	0.0184626	0	0.1	0.0100437
-1.37732	3.03001	2.36905	-1.9085e-12	6.50526e-13	6.04545e-12	3.95229e-40	4.53019e-41	-1.38495e-40	0.26429	0.0184605	0	0.1	0.0125428
1.00411	-4.28641	2.20942	-1.9085e-12	6.50526e-13	6.04545e-12	2.93275e-40	5.91902e-41	3.30455e-40	0.264247	0.0184515	0	0.1	0.0066987
1.33896	4.18909	-2.19831	-1.9085e-12	6.50526e-13	6.04545e-12	2.50639e-41	-3.52713e-41	-7.48051e-43	0.263866	0.0183717	0	0.1	0.0109165
0.984776	0.664228	-0.166437	-1.9085e-12	6.50526e-13	6.04545e-12	-2.34944e-40	-9.90273e-41	3.80525e-40	0.263471	0.0182894	0	0.1	0.00895364
2.47513	-1.23308	-2.24245	-1.9085e-12	6.50526e-13	6.04545e-12	4.20909e-27	6.258e-27	1.3701e-27	0.263412	0.0182771	0	0.1	0.00698361
-1.49256	0.380598	0.830415	-1.9085e-12	6.50526e-13	6.04545e-12	-3.77128e-41	-1.01217e-40	-3.91339e-41	0.263263	0.0182461	0	0.1	0.00735815
2.12296	4.30298	-0.920786	-1.9085e-12	6.50526e-13	6.04545e-12	-1.20994e-40	1.56993e-40	7.34975e-41	0.263009	0.0181932	0	0.1	0.00737272
1.07085	0.224974	-2.39293	-1.9085e-12	6.50526e-13	6.04545e-12	-1.81251e-41	4.81665e-41	-6.64159e-42	0.262944	0.0181798	0	0.1	0.00963972
-2.43465	-1.39631	0.925346	-1.9085e-12	6.50526e-13	6.04545e-12	-3.31203e-41	-3.04971e-42	4.08558e-42	0.262929	0.0181768	0	0.1	0.0102876
2.04931	-0.0372808	-1.14838	-1.9085e-12	6.50526e-13	6.04545e-12	-8.65197e-43	-1.20969e-43	1.70637e-41	0.262806	0.0181512	0	0.1	0.0176367
0.691534	-3.79778	0.572844	-1.9085e-12	6.50526e-13	6.04545e-12	-1.99872e-40	-3.77168e-40	-2.64385e-40	0.262794	0.0181487	0	0.1	0.00919674
-2.32057	-1.60776	1.39286	-1.9085e-12	6.50526e-13	6.04545e-12	-1.12731e-40	3.84549e-42	-2.0454e-41	0.262705	0.0181303	0	0.1	0.0110367
-1.83008	1.89444	-1.57084	-1.9085e-12	6.50526e-13	6.04545e-12	2.59279e-41	8.19055e-41	-6.43036e-41	0.262544	0.0180969	0	0.1	0.0173947
0.765237	-1.58005	1.20074	-1.9085e-12	6.50526e-13	6.04545e-12	1.56603e-40	2.50573e-40	-2.05125e-40	0.262357	0.0180583	0	0.1	0.00704522
1.89009	2.95344	1.57548	-1.9085e-12	6.50526e-13	6.04545e-12	-5.25381e-41	-8.36267e-41	1.09292e-40	0.262296	0.0180457	0	0.1	0.0111059
1.92697	2.81412	0.960397	-1.9085e-12	6.50526e-13	6.04545e-12	5.69535e-42	-1.89585e-40	8.09977e-41	0.26228	0.0180425	0	0.1	0.0065327
1.76614	-3.70104	1.55862	-1.9085e-12	6.50526e-13	6.04545e-12	-8.83101e-28	8.07586e-28	-6.98751e-28	0.262244	0.018035	0	0.1	0.014357
-1.96187	0.634414	-2.2336	-1.9085e-12	6.50526e-13	6.04545e-12	-1.44417e-40	-1.11085e-40	1.56126e-40	0.261857	0.0179553	0	0.1	0.00894198
-0.0195637	-4.46295	-1.13011	-1.9085e-12	6.50526e-13	6.04545e-12	1.02497e-40	4.87878e-40	1.76841e-40	0.261759	0.0179351	0	0.1	0.00503163
2.462	-3.65353	0.83694	-1.9085e-12	6.50526e-13	6.04545e-12	-3.52204e-40	-2.95343e-40	-1.56135e-40	0.261723	0.0179277	0	0.1	0.0070481
2.01951	-3.82768	0.215817	-6.90736e-10	-4.03522e-11	5.04525e-10	-1.44302e-26	4.39485e-25	-2.69855e-26	0.261445	0.0178707	0	0.1	0.00610319
-0.314094	-0.0550918	-0.851263	-1.9085e-12	6.50526e-13	6.04545e-12	4.94428e-41	2.24905e-40	8.31109e-41	0.261318	0.0178447	0	0.1	0.00937388
-1.19012	-1.60579	-2.22994	-1.9085e-12	6.50526e-13	6.04545e-12	-2.23801e-41	-7.70837e-41	-5.14338e-41	0.261301	0.0178412	0	0.1	0.0161867
-0.995742	-2.24163	-1.72613	-1.9085e-12	6.50526e-13	6.04545e-12	-2.13231e-41	-3.64234e-40	3.14085e-40	0.261288	0.0178386	0	0.1	0.0088856
1.24619	-1.89388	2.3094	-1.9085e-12	6.50526e-13	6.04545e-12	3.82525e-40	-1.52492e-40	-7.33548e-41	0.26087	0.017753	0	0.1	0.0108716
-0.26964	-2.4247	-0.440003	-1.9085e-12	6.50526e-13	6.04545e-12	-3.14749e-41	1.62354e-40	4.00617e-41	0.260821	0.017743	0	0.1	0.0137977
0.980524	-3.2959	-2.42453	4.1117e-09	-9.48282e-09	5.23137e-09	6.27097e-27	-2.04357e-27	-8.93475e-27	0.260755	0.0177296	0	0.1	0.00873252
1.28403	3.54466	-0.384668	-1.9085e-12	6.50526e-13	6.04545e-12	8.97232e-41	-2.91319e-41	1.69382e-40	0.260623	0.0177027	0	0.1	0.0104649
1.82984	2.8603	2.08582	-1.9085e-12	6.50526e-13	6.04545e-12	-8.1694e-41	-8.99706e-41	1.9889e-41	0.259915	0.0175588	0	0.1	0.0112102
0.640606	-4.43352	-2.41131	-1.9085e-12	6.50526e-13	6.04545e-12	-2.0596e-41	2.76891e-42	-1.66897e-41	0.259858	0.0175473	0	0.1	0.0108959
-1.661	0.663603	0.329442	-4.74237e-10	-2.8875e-10	1.25707e-09	3.43961e-15	-6.21967e-16	1.15475e-15	0.259736	0.0175226	0	0.1	0.00639583
1.0733	0.292198	-1.06617	-4.20421e-08	-8.89522e-10	1.16804e-08	-4.74189e-14	1.22081e-13	-1.61451e-13	0.259657	0.0175066	0	0.1	0.0107539
-0.807362	2.09584	-2.40355	-1.9085e-12	6.50526e-13	6.04545e-12	2.9663e-41	2.94387e-41	-9.02689e-42	0.259599	0.0174947	0	0.1	0.0106285
-0.280277	-3.28177	1.48491	3.81162e-08	-8.35278e-08	-6.16106e-09	3.53793e-24	2.42184e-28	-2.83211e-23	0.259442	0.0174631	0	0.1	0.0106845
0.500263	-2.07157	-0.138913	4.41799e-09	4.58646e-09	-1.46717e-08	-1.07328e-14	-4.97397e-14	-1.87723e-14	0.259367	0.0174479	0	0.1	0.00903903
-1.13556	0.0829109	1.94964	5.73352e-09	1.57173e-08	3.92051e-08	1.42376e-23	-2.00883e-27	-1.82379e-26	0.259203	0.0174149	0	0.1	0.00803446
2.06093	-0.0725862	-1.97739	-1.9085e-12	6.50526e-13	6.04545e-12	4.00513e-41	4.49091e-42	4.64938e-41	0.259199	0.0174141	0	0.1	0.0140239
1.37167	1.66409	-0.310852	-1.9085e-12	6.50526e-13	6.04545e-12	-2.44251e-40	-3.45722e-40	3.45056e-40	0.258884	0.0173506	0	0.1	0.00850932
0.398479	-2.46663	-0.458876	6.97059e-09	-4.88201e-08	2.76002e-08	1.43565e-23	-1.34671e-26	7.15999e-24	0.258748	0.0173234	0	0.1	0.0085572
1.59706	-0.986187	2.17791	-1.9085e-12	6.50526e-13	6.04545e-12	5.97435e-42	5.79268e-41	-4.46018e-40	0.258703	0.0173143	0	0.1	0.0174551
-2.06704	3.32436	-2.04161	-3.30805e-08	8.91034e-08	-2.27696e-08	-2.69144e-27	-7.19779e-24	4.62147e-27	0.25857	0.0172876	0	0.1	0.00714491
-1.4779	0.831967	-0.125266	4.95481e-10	4.5801e-10	-1.22917e-09	-1.15872e-15	2.09526e-16	-3.89008e-16	0.258561	0.0172857	0	0.1	0.0082857
1.24236	-3.2445	1.60985	-1.9085e-12	6.50526e-13	6.04545e-12	8.90101e-28	-4.09322e-27	-3.44854e-28	0.258271	0.0172278	0	0.1	0.00877051
2.26242	4.47094	1.40367	-1.9085e-12	6.50526e-13	6.04545e-12	2.92304e-42	-8.40095e-41	3.32891e-41	0.258195	0.0172125	0	0.1	0.0120201
-0.471806	2.10359	1.90995	-1.9085e-12	6.50526e-13	6.04545e-12	2.52327e-39	4.3412e-40	-4.86425e-41	0.25797	0.0171674	0	0.1	0.00709063
1.07225	4.28516	0.224222	-1.9085e-12	6.50526e-13	6.04545e-12	-4.43416e-27	-1.63015e-27	3.74545e-27	0.25774	0.0171216	0	0.1	0.0065275
-0.281618	-3.81801	2.2638	-1.99792e-08	5.05987e-09	2.04774e-08	-1.00417e-13	-3.82646e-13	-1.35055e-14	0.257651	0.0171038	0	0.1	0.00900001
-1.73213	0.586156	1.24476	-1.9085e-12	6.50526e-13	6.04545e-12	-3.11597e-27	4.95157e-27	4.6997e-27	0.257562	0.0170861	0	0.1	0.010438
-1.95485	-2.77641	-1.49511	-1.9085e-12	6.50526e-13	6.04545e-12	-8.99813e-41	-1.03042e-40	5.21863e-41	0.257219	0.017018	0	0.1	0.0145865
1.35704	4.06482	1.50075	-1.9085e-12	6.50526e-13	6.04545e-12	-7.97255e-41	-1.33221e-40	-2.98013e-40	0.25711	0.0169964	0	0.1	0.0111719
-0.244582	-1.1696	0.232192	-7.0307e-11	-2.19339e-09	6.41052e-09	-3.51375e-14	2.02815e-15	3.27526e-16	0.257072	0.0169889	0	0.1	0.00741269
2.14359	1.63151	-0.199899	-1.9085e-12	6.50526e-13	6.04545e-12	1.52905e-40	2.4941e-41	-9.02762e-41	0.256952	0.0169651	0	0.1	0.00848939
1.03305	-1.13407	-0.379377	-1.9085e-12	6.50526e-13	6.04545e-12	8.15656e-40	-7.10352e-40	9.12704e-40	0.256761	0.0169272	0	0.1	0.00743025
0.245716	1.55293	-0.919101	-1.9085e-12	6.50526e-13	6.04545e-12	2.43435e-26	-1.4283e-27	-1.47321e-26	0.256727	0.0169206	0	0.1	0.00881011
1.65573	-2.23002	1.14998	-1.94553e-08	-3.93266e-08	-4.90699e-08	-1.33427e-26	-1.49411e-23	7.47383e-24	0.256633	0.016902	0	0.1	0.0180645
0.899596	1.00755	-0.547582	-1.9085e-12	6.50526e-13	6.04545e-12	9.28479e-28	5.60209e-27	3.019e-27	0.256455	0.0168668	0	0.1	0.00866026
-1.2366	2.32048	1.58171	-1.9085e-12	6.50526e-13	6.04545e-12	1.57829e-44	6.27811e-41	5.32255e-41	0.256447	0.0168652	0	0.1	0.00981763
2.08504	3.16923	-1.49846	-1.36266e-09	-1.34562e-09	-1.02656e-09	5.02678e-13	-1.2107e-12	9.16042e-13	0.256305	0.0168373	0	0.1	0.006254
1.34857	-3.30288	-2.06149	-1.9085e-12	6.50526e-13	6.04545e-12	-1.63967e-41	1.77559e-40	8.81157e-41	0.256222	0.0168209	0	0.1	0.013576
-1.8044	-3.71958	-1.38786	3.30975e-08	-3.77248e-08	-1.18894e-08	2.23523e-13	-1.10095e-12	3.2198e-13	0.256074	0.0167918	0	0.1	0.00783512
0.622254	2.65152	1.78705	-1.9085e-12	6.50526e-13	6.04545e-12	-6.3795e-42	-5.04911e-41	-5.63357e-42	0.256001	0.0167774	0	0.1	0.00830259
-1.02563	-3.73546	1.58857	-1.89393e-08	2.20091e-09	-1.2559e-08	8.39358e-15	6.4362e-14	-1.38004e-15	0.255956	0.0167685	0	0.1	0.00571924
2.33023	-0.612196	-0.302844	-1.9085e-12	6.50526e-13	6.04545e-12	-3.63886e-41	2.72367e-40	-8.88386e-41	0.255888	0.0167552	0	0.1	0.0127365
0.775399	1.70245	-0.717416	-1.9085e-12	6.50526e-13	6.04545e-12	2.93476e-41	1.09068e-40	3.02347e-41	0.255513	0.0166816	0	0.1	0.00868421
1.38113	-0.191187	2.48643	-1.9085e-12	6.50526e-13	6.04545e-12	7.03548e-27	2.25354e-27	3.00083e-27	0.255447	0.0166686	0	0.1	0.0199066
-2.24207	-3.86861	-1.60655	1.31193e-07	-1.42002e-08	-4.92288e-08	2.6789e-13	-8.21127e-13	2.34353e-14	0.255386	0.0166569	0	0.1	0.00917836
-1.42613	1.58306	-0.593513	1.2068e-08	6.08878e-08	1.16821e-09	-9.58235e-25	2.39295e-25	-7.64799e-24	0.255375	0.0166546	0	0.1	0.00940043
0.892625	-2.6543	0.027906	-1.9085e-12	6.50526e-13	6.04545e-12	2.45919e-41	-1.27689e-40	-3.06419e-40	0.255265	0.0166331	0	0.1	0.00880972
2.3198	-1.56986	0.00503384	-6.95864e-09	1.36886e-08	6.13697e-09	7.70182e-24	3.85091e-24	-1.34802e-35	0.255095	0.0166	0	0.1	0.00918876
-0.633325	-3.89295	1.30134	-1.9085e-12	6.50526e-13	6.04545e-12	1.67022e-40	1.89947e-40	2.24155e-41	0.255029	0.0165869	0	0.1	0.00936372
-0.286417	2.7665	-2.01002	-1.9085e-12	6.50526e-13	6.04545e-12	-3.18867e-42	1.43102e-41	-2.75505e-41	0.254988	0.016579	0	0.1	0.0086079
0.062282	1.55469	1.95258	-1.9085e-12	6.50526e-13	6.04545e-12	7.59428e-42	2.1791e-43	-2.40669e-42	0.254817	0.0165457	0	0.1	0.0108314
-2.3997	3.26448	-1.65532	4.91885e-08	-1.0203e-07	-1.28705e-07	1.11276e-12	-2.02618e-12	2.04778e-12	0.254714	0.0165256	0	0.1	0.00479581
-1.01122	-3.72212	-2.13575	-1.9085e-12	6.50526e-13	6.04545e-12	1.40286e-40	-2.22069e-40	-1.04908e-40	0.254677	0.0165185	0	0.1	0.00936257
-2.14626	-0.58493	1.60008	1.22524e-09	-5.99626e-09	1.50402e-08	3.247e-13	-1.37124e-12	-5.7347e-13	0.254607	0.0165049	0	0.1	0.00886154
2.07893	0.520836	0.328277	-1.9085e-12	6.50526e-13	6.04545e-12	2.91098e-41	-1.31345e-40	1.11511e-40	0.254518	0.0164876	0	0.1	0.0121947
-0.960349	-0.504685	-0.394078	-1.9085e-12	6.50526e-13	6.04545e-12	1.53528e-39	5.37079e-40	-8.08639e-40	0.254475	0.0164791	0	0.1	0.0084466
-0.578512	-3.3629	0.0714565	-1.9085e-12	6.50526e-13	6.04545e-12	-3.87079e-40	4.50455e-40	-5.95709e-41	0.254459	0.0164761	0	0.1	0.0080587
-2.11499	0.508856	-1.70828	-1.9085e-12	6.50526e-13	6.04545e-12	-4.62046e-41	-4.29922e-41	-1.1798e-41	0.254379	0.0164605	0	0.1	0.0103137
-2.30586	3.75876	-1.57882	7.16745e-09	3.77627e-08	5.85023e-09	2.64137e-12	-7.49781e-13	1.60439e-12	0.254181	0.0164222	0	0.1	0.0068522
-0.00973048	0.589846	1.41989	-1.9085e-12	6.50526e-13	6.04545e-12	3.1081e-27	-2.09141e-28	7.38469e-27	0.253994	0.0163859	0	0.1	0.0114312
0.781194	-0.569232	1.51614	-1.9085e-12	6.50526e-13	6.04545e-12	-2.08106e-27	1.25577e-27	9.88976e-28	0.253973	0.0163818	0	0.1	0.00646639
-2.05078	3.35515	0.129466	-1.9085e-12	6.50526e-13	6.04545e-12	2.16083e-40	2.21422e-40	-1.86717e-40	0.253904	0.0163685	0	0.1	0.00897975
0.549944	1.02108	-2.10187	-1.9085e-12	6.50526e-13	6.04545e-12	-8.9487e-43	-1.42243e-43	2.4019e-43	0.253737	0.0163362	0	0.1	0.011062
-1.86146	-4.03862	0.503133	-1.9085e-12	6.50526e-13	6.04545e-12	2.71358e-43	2.97936e-42	-8.53607e-44	0.253624	0.0163144	0	0.1	0.0111248
1.4807	1.61346	1.5942	-1.9085e-12	6.50526e-13	6.04545e-12	-6.2294e-41	-5.57849e-40	-1.06798e-39	0.253364	0.0162643	0	0.1	0.00608017
0.541724	0.778992	0.075005	-1.9085e-12	6.50526e-13	6.04545e-12	-5.2796e-42	-3.74831e-41	-5.50965e-41	0.253199	0.0162325	0	0.1	0.0091661
-1.81855	-0.554818	0.862011	-1.9085e-12	6.50526e-13	6.04545e-12	6.18627e-40	3.27437e-40	-8.4413e-41	0.253173	0.0162275	0	0.1	0.00819013
-2.12869	-1.94782	-1.14251	-1.9085e-12	6.50526e-13	6.04545e-12	-3.65477e-41	-1.50601e-41	-6.76522e-41	0.253138	0.0162208	0	0.1	0.0167072
-0.60346	-3.78451	1.86868	1.22318e-08	-1.50565e-09	4.16245e-09	-9.03781e-14	-4.99723e-13	3.12481e-14	0.25306	0.0162057	0	0.1	0.00849513
2.03414	-4.29742	-0.120913	-1.9085e-12	6.50526e-13	6.04545e-12	1.69893e-41	7.83595e-42	1.27029e-41	0.252994	0.0161931	0	0.1	0.010211
1.02461	3.41712	0.512387	-1.9085e-12	6.50526e-13	6.04545e-12	1.12531e-40	1.07954e-40	-1.37407e-40	0.252875	0.0161702	0	0.1	0.013034
0.565379	0.468488	-0.395837	-1.9085e-12	6.50526e-13	6.04545e-12	-1.54091e-40	-1.94644e-40	5.15911e-40	0.252828	0.0161614	0	0.1	0.0127804
1.44034	3.93847	0.294822	-2.61035e-08	-3.02162e-08	-6.4006e-09	1.14244e-13	-1.28679e-13	1.76392e-13	0.252733	0.0161431	0	0.1	0.0111693
-0.560487	-3.15923	0.569485	-1.9085e-12	6.50526e-13	6.04545e-12	6.90473e-41	6.12183e-40	6.07638e-41	0.252648	0.0161269	0	0.1	0.00706963
1.08452	-2.90715	1.25981	-1.9085e-12	6.50526e-13	6.04545e-12	-4.07355e-41	3.99872e-40	-1.75331e-40	0.252486	0.0160957	0	0.1	0.00696131
2.44345	-2.66327	2.26241	-1.9085e-12	6.50526e-13	6.04545e-12	-2.29111e-41	-2.8337e-41	2.21138e-41	0.252467	0.0160921	0	0.1	0.0113383
0.807245	4.01815	-1.11858	4.20218e-09	4.49993e-09	2.94686e-09	2.03476e-24	-2.20591e-27	-2.03672e-24	0.252405	0.0160802	0	0.1	0.00825886
-0.712345	-1.73113	-2.37213	-2.67343e-10	-6.31859e-10	-1.59675e-10	6.2502e-14	-3.49044e-14	3.3111e-14	0.252271	0.0160547	0	0.1	0.00762449
1.73243	-3.45832	0.42832	-1.9085e-12	6.50526e-13	6.04545e-12	7.77279e-27	1.00289e-27	-3.45796e-27	0.252227	0.0160462	0	0.1	0.00879559
0.401254	4.24631	1.65192	-1.9085e-12	6.50526e-13	6.04545e-12	-1.60299e-41	-1.2738e-40	-2.28047e-41	0.25213	0.0160277	0	0.1	0.0111478
1.78816	4.49327	-2.39864	-1.9085e-12	6.50526e-13	6.04545e-12	-3.65441e-40	1.90565e-40	-7.04823e-40	0.252103	0.0160226	0	0.1	0.00899688
-0.735934	3.786	-1.61083	-1.9085e-12	6.50526e-13	6.04545e-12	-9.55936e-43	3.39652e-42	2.72392e-43	0.252085	0.0160192	0	0.1	0.0104629
0.533946	1.2658	-0.143214	-1.9085e-12	6.50526e-13	6.04545e-12	4.54103e-41	-9.65058e-41	1.59423e-40	0.252071	0.0160166	0	0.1	0.0130866
2.12688	-1.1113	-0.0940722	-1.9085e-12	6.50526e-13	6.04545e-12	-3.83582e-41	-1.15767e-40	2.95395e-41	0.251448	0.0158981	0	0.1	0.00736351
1.00644	3.69621	1.50647	-1.9085e-12	6.50526e-13	6.04545e-12	3.4914e-40	-7.10041e-40	7.48391e-41	0.251402	0.0158893	0	0.1	0.00790608
1.47738	-3.50535	-0.372093	-1.9085e-12	6.50526e-13	6.04545e-12	8.5366e-41	7.64175e-41	4.25411e-42	0.251261	0.0158626	0	0.1	0.0127086
1.74532	2.33726	0.900102	-1.9085e-12	6.50526e-13	6.04545e-12	5.71499e-40	3.78314e-40	-3.28158e-40	0.251168	0.0158451	0	0.1	0.00711133
0.987314	-0.588284	1.97688	-1.9085e-12	6.50526e-13	6.04545e-12	-2.2211e-27	9.17043e-28	1.02129e-27	0.251129	0.0158376	0	0.1	0.0167444
-0.410489	-4.13228	-1.09791	-1.9085e-12	6.50526e-13	6.04545e-12	-1.10302e-40	6.77417e-42	-3.63933e-42	0.250874	0.0157895	0	0.1	0.00776031
-2.31721	3.53414	-0.740193	-1.9085e-12	6.50526e-13	6.04545e-12	-8.84648e-28	3.30826e-28	-1.06145e-26	0.250776	0.015771	0	0.1	0.0066687
-1.21745	3.09545	-1.81602	-1.9085e-12	6.50526e-13	6.04545e-12	-2.93172e-40	2.28145e-40	-3.41616e-41	0.250488	0.0157167	0	0.1	0.00698403
-1.58036	-4.37246	-1.41643	-1.9085e-12	6.50526e-13	6.04545e-12	1.69668e-40	2.50314e-42	-1.02933e-40	0.250471	0.0157136	0	0.1	0.00794948
-1.93075	-3.20845	-0.136428	-8.12427e-09	-5.83652e-09	-3.26171e-09	-3.30194e-27	2.10959e-24	9.53663e-27	0.250458	0.015711	0	0.1	0.00843796
-1.34426	-3.93034	-1.40376	1.46914e-10	-6.75225e-11	8.99452e-13	-1.27239e-14	-3.29952e-14	6.91375e-14	0.250287	0.0156788	0	0.1	0.00667432
-0.57527	-0.463455	-0.0700412	-1.9085e-12	6.50526e-13	6.04545e-12	2.4266e-41	2.48756e-40	-8.10654e-41	0.250205	0.0156635	0	0.1	0.00576037
0.282607	-1.85986	1.51233	-1.9085e-12	6.50526e-13	6.04545e-12	-2.61029e-40	1.56106e-40	-4.65913e-40	0.250134	0.0156501	0	0.1	0.00998156
0.280624	3.9208	-0.147942	-1.9085e-12	6.50526e-13	6.04545e-12	-1.75823e-26	-8.63258e-27	-2.56449e-28	0.250082	0.0156404	0	0.1	0.00874655
1.23223	-3.12075	-0.163894	-1.9085e-12	6.50526e-13	6.04545e-12	-1.19803e-39	-4.22242e-40	-2.09748e-39	0.250067	0.0156376	0	0.1	0.00762681
-2.46381	-3.08121	-0.404924	-1.9085e-12	6.50526e-13	6.04545e-12	7.52693e-40	1.53235e-40	-6.39082e-41	0.250041	0.0156327	0	0.1	0.0073093
1.5683	-3.00076	1.16112	-1.9085e-12	6.50526e-13	6.04545e-12	-1.3424e-40	1.67272e-40	-1.30126e-40	0.249964	0.0156183	0	0.1	0.0107816
-1.66642	0.927125	-1.08984	-1.9085e-12	6.50526e-13	6.04545e-12	-6.14905e-41	7.32247e-41	1.30851e-40	0.249932	0.0156122	0	0.1	0.0115134
1.94987	-0.562708	0.0269863	-1.9085e-12	6.50526e-13	6.04545e-12	9.77765e-41	2.47975e-40	-4.68538e-41	0.249886	0.0156037	0	0.1	0.0100019
-1.77621	-3.21416	-1.67996	-1.9085e-12	6.50526e-13	6.04545e-12	-9.10158e-41	-5.42714e-41	-1.85412e-41	0.24978	0.0155838	0	0.1	0.00831073
-1.5129	4.41569	1.73168	-1.9085e-12	6.50526e-13	6.04545e-12	6.03287e-40	-2.53527e-40	-4.64482e-40	0.249775	0.0155829	0	0.1	0.00745311
2.44626	1.43093	0.153563	-1.9085e-12	6.50526e-13	6.04545e-12	-1.74309e-41	-9.47679e-41	-3.83658e-41	0.24966	0.0155613	0	0.1	0.0123583
-1.47073	0.0233982	2.39196	-1.9085e-12	6.50526e-13	6.04545e-12	-1.23107e-40	2.83547e-42	-6.33322e-41	0.249327	0.0154992	0	0.1	0.00668464
1.78874	4.42589	0.212844	-1.9085e-12	6.50526e-13	6.04545e-12	3.51975e-42	-1.58922e-40	1.87771e-40	0.249293	0.0154927	0	0.1	0.0087807
1.37551	0.220541	-1.92052	-1.9085e-12	6.50526e-13	6.04545e-12	9.05056e-42	-4.66743e-41	-2.19663e-41	0.249284	0.0154911	0	0.1	0.00674245
1.97359	-4.26596	-1.00829	-1.9085e-12	6.50526e-13	6.04545e-12	3.9255e-41	3.08788e-40	-2.87188e-41	0.249204	0.0154762	0	0.1	0.0117926
-0.394821	-1.85703	1.43235	-1.9085e-12	6.50526e-13	6.04545e-12	1.26705e-26	-1.03482e-27	-8.01583e-27	0.249177	0.0154712	0	0.1	0.0150475
0.472116	-1.04504	-0.731297	-1.9085e-12	6.50526e-13	6.04545e-12	1.22648e-40	1.35419e-40	4.18664e-41	0.249145	0.0154652	0	0.1	0.0089498
1.83456	-0.680935	-1.33938	-1.9085e-12	6.50526e-13	6.04545e-12	2.38564e-42	-7.04929e-42	-2.01366e-42	0.249053	0.0154482	0	0.1	0.0134357
-1.49131	0.324778	-0.206293	-1.9085e-12	6.50526e-13	6.04545e-12	8.12427e-42	1.35643e-40	1.32703e-40	0.248992	0.0154368	0	0.1	0.00863597
2.28153	-3.82658	-1.44636	-1.49125e-07	1.31569e-08	5.01488e-08	-1.63167e-14	1.93706e-13	-9.9349e-14	0.248987	0.0154359	0	0.1	0.00747879
0.162396	-2.83262	-1.80005	-2.44974e-09	1.9135e-08	1.22701e-08	-2.91622e-41	3.66736e-36	-2.17492e-24	0.248955	0.0154298	0	0.1	0.00920712
-1.2031	4.09303	2.00817	-1.9085e-12	6.50526e-13	6.04545e-12	-3.60374e-41	-8.03676e-41	4.31769e-41	0.248895	0.0154187	0	0.1	0.00959355
-1.80092	2.45297	0.392777	-1.9085e-12	6.50526e-13	6.04545e-12	-4.69824e-40	9.43502e-40	-2.63947e-41	0.248817	0.0154043	0	0.1	0.0113885
-1.02326	-2.46286	2.44325	-1.9085e-12	6.50526e-13	6.04545e-12	3.02685e-41	3.47385e-41	4.87254e-42	0.248702	0.0153828	0	0.1	0.00648256
-0.336293	3.0337	-0.777378	-1.9085e-12	6.50526e-13	6.04545e-12	-1.3497e-41	-2.48792e-41	-2.64242e-41	0.248571	0.0153587	0	0.1	0.00815336
-1.60772	-1.10677	-0.0899942	-1.9085e-12	6.50526e-13	6.04545e-12	2.9406e-40	3.42607e-40	2.95668e-42	0.248548	0.0153544	0	0.1	0.00807794
0.345641	1.66051	-0.435434	-1.9085e-12	6.50526e-13	6.04545e-12	1.55856e-39	-8.34911e-41	6.71897e-40	0.248548	0.0153543	0	0.1	0.00655587
1.43432	-0.972041	-1.39148	4.96104e-09	-1.00149e-08	9.70492e-09	-8.77272e-24	-4.38654e-24	-3.08833e-28	0.24853	0.0153511	0	0.1	0.00724276
-2.3494	3.32667	2.0774	-5.43549e-08	-3.58418e-08	-2.66753e-08	1.24231e-27	1.75788e-23	-1.75804e-23	0.248434	0.0153333	0	0.1	0.00823627
-1.92501	-2.60036	1.12781	-1.9085e-12	6.50526e-13	6.04545e-12	9.10419e-41	-6.87647e-41	2.11079e-41	0.248359	0.0153193	0	0.1	0.00759736
0.672284	-0.536852	-1.20211	-1.9085e-12	6.50526e-13	6.04545e-12	-1.49708e-40	4.70161e-41	-1.79475e-40	0.248141	0.0152789	0	0.1	0.0101728
-0.69204	0.988069	-1.50327	-1.9085e-12	6.50526e-13	6.04545e-12	1.61978e-41	1.74853e-41	-1.3252e-41	0.248002	0.0152534	0	0.1	0.0213038
0.49908	1.67473	1.66714	-1.9085e-12	6.50526e-13	6.04545e-12	-7.51448e-40	3.95952e-40	5.37661e-40	0.247923	0.0152388	0	0.1	0.00665911
-1.02092	-1.69787	1.19573	-1.9085e-12	6.50526e-13	6.04545e-12	-4.99872e-42	-1.16028e-41	1.13626e-41	0.24791	0.0152364	0	0.1	0.0163835
-2.38439	1.32121	-2.26031	-1.9085e-12	6.50526e-13	6.04545e-12	2.885e-41	-1.4527e-40	1.9489e-40	0.247861	0.0152273	0	0.1	0.0116816
-0.323334	2.49039	-0.195727	-1.9085e-12	6.50526e-13	6.04545e-12	1.19594e-40	6.66967e-41	2.64229e-40	0.247815	0.0152188	0	0.1	0.00721454
-0.336983	-0.515955	-1.06633	-1.9085e-12	6.50526e-13	6.04545e-12	-3.35604e-40	1.63566e-41	4.69325e-41	0.24777	0.0152105	0	0.1	0.00729095
0.676299	1.86904	-1.57196	-1.9085e-12	6.50526e-13	6.04545e-12	5.87907e-27	-1.36704e-26	-6.85186e-27	0.247718	0.015201	0	0.1	0.0076685
0.67538	4.06742	-1.81321	-1.9085e-12	6.50526e-13	6.04545e-12	-4.55916e-42	3.99389e-41	2.05328e-41	0.247653	0.015189	0	0.1	0.00854062
1.63459	-0.770678	0.354498	-1.9085e-12	6.50526e-13	6.04545e-12	-1.2053e-39	2.16624e-40	4.05505e-40	0.247552	0.0151705	0	0.1	0.0114287
1.04086	-1.99658	-0.819837	-1.9085e-12	6.50526e-13	6.04545e-12	-4.02162e-28	3.2993e-27	-1.59727e-27	0.247417	0.0151457	0	0.1	0.00593912
0.356	-0.713968	1.0085	-1.9085e-12	6.50526e-13	6.04545e-12	-8.62249e-41	2.48508e-41	7.57404e-41	0.247413	0.0151449	0	0.1	0.00997332
1.67304	1.93991	1.2277	-1.9085e-12	6.50526e-13	6.04545e-12	2.52175e-41	-2.82668e-41	-1.47303e-40	0.247374	0.0151378	0	0.1	0.00677007
-0.220665	1.03298	1.52236	-1.9085e-12	6.50526e-13	6.04545e-12	3.20732e-27	-3.9993e-29	7.01276e-27	0.247362	0.0151356	0	0.1	0.0108232
0.636153	-4.5093	-0.60318	-1.9085e-12	6.50526e-13	6.04545e-12	5.2356e-41	-3.97084e-40	6.61751e-41	0.247199	0.0151056	0	0.1	0.00834398
-2.15189	0.429111	1.47662	1.70245e-08	3.32242e-08	3.58844e-09	6.80793e-24	-1.13359e-24	-1.8121e-23	0.246967	0.0150632	0	0.1	0.00999364
0.702659	4.11909	-0.356079	-1.9085e-12	6.50526e-13	6.04545e-12	-1.74895e-40	1.64217e-40	-3.25473e-40	0.246927	0.0150559	0	0.1	0.0068142
-0.684363	-3.62321	2.49688	-5.98975e-09	2.89685e-09	3.47139e-09	-8.44193e-14	-1.07674e-13	-5.58799e-14	0.246807	0.0150339	0	0.1	0.00984884
2.24205	-0.545204	2.1241	-1.9085e-12	6.50526e-13	6.04545e-12	2.51187e-41	4.58297e-41	-2.5177e-40	0.246693	0.015013	0	0.1	0.0148038
-0.517947	-3.23667	-0.746669	-1.9085e-12	6.50526e-13	6.04545e-12	9.91045e-41	-1.72875e-41	-1.04339e-40	0.246676	0.01501	0	0.1	0.0122469
0.301205	4.18839	-1.06366	-1.9085e-12	6.50526e-13	6.04545e-12	2.7018e-42	-1.28993e-40	3.47603e-43	0.246457	0.01497	0	0.1	0.00798017
-0.55421	-2.63184	2.42641	-1.9085e-12	6.50526e-13	6.04545e-12	-6.07644e-27	-3.80817e-27	-7.48551e-27	0.246336	0.014948	0	0.1	0.00611511
-0.77843	1.74956	0.516885	-1.9085e-12	6.50526e-13	6.04545e-12	3.10435e-41	-2.8445e-41	-4.9161e-41	0.24629	0.0149396	0	0.1	0.0113755
2.35577	2.98132	0.743946	-1.80534e-09	1.18387e-08	6.27938e-09	-4.59111e-24	5.73889e-25	-2.29556e-24	0.246281	0.0149381	0	0.1	0.00679838
2.27094	3.61207	-1.80253	-1.9085e-12	6.50526e-13	6.04545e-12	-6.62391e-27	-3.58278e-27	6.2107e-27	0.246247	0.0149319	0	0.1	0.0060285
0.985538	-2.12695	-0.269625	2.66291e-10	-2.99542e-11	-6.62022e-11	-1.4048e-14	-6.51036e-14	-2.45708e-14	0.246246	0.0149317	0	0.1	0.00773993
1.10961	1.95883	-1.3525	-1.9085e-12	6.50526e-13	6.04545e-12	5.93622e-27	-1.14078e-26	-7.04502e-27	0.246225	0.0149279	0	0.1	0.010853
-1.77505	-2.97002	1.92639	2.19827e-09	3.08358e-10	-3.80958e-10	3.69702e-26	-1.02627e-26	-3.06086e-27	0.246004	0.0148876	0	0.1	0.00879064
2.3974	-1.99624	-0.993542	-1.9085e-12	6.50526e-13	6.04545e-12	1.91862e-41	-4.44757e-41	-6.38818e-41	0.245876	0.0148645	0	0.1	0.0102364
2.16444	1.11083	1.10515	-2.91772e-08	-4.26879e-08	-4.23583e-08	-1.85457e-23	-1.85118e-23	1.85168e-23	0.245817	0.0148537	0	0.1	0.00708445
-1.25127	1.60597	1.38458	-1.9085e-12	6.50526e-13	6.04545e-12	-3.53685e-43	-3.51111e-43	-3.14863e-42	0.245568	0.0148087	0	0.1	0.0201469
-0.0815513	-2.01699	0.13661	-1.9085e-12	6.50526e-13	6.04545e-12	-5.92578e-41	5.84494e-41	3.83462e-41	0.245289	0.0147582	0	0.1	0.0139183
-0.233627	-4.45356	-1.64733	-1.9085e-12	6.50526e-13	6.04545e-12	-3.29225e-41	8.81116e-42	-1.17689e-41	0.245158	0.0147346	0	0.1	0.00771948
1.69493	-0.995963	-1.81693	-1.9085e-12	6.50526e-13	6.04545e-12	3.06852e-27	-1.97987e-28	1.50175e-26	0.245057	0.0147163	0	0.1	0.00712394
-1.60677	-2.55881	1.71693	-7.51585e-08	1.88281e-08	1.02809e-07	-2.82602e-23	3.7648e-23	-1.8836e-23	0.245035	0.0147124	0	0.1	0.00865139
0.529987	3.76678	1.62685	-1.9085e-12	6.50526e-13	6.04545e-12	9.55232e-41	6.30789e-41	1.03644e-40	0.244981	0.0147027	0	0.1	0.0112422
0.5629	2.02189	-2.02634	-1.9085e-12	6.50526e-13	6.04545e-12	7.24238e-40	8.15264e-41	7.50387e-41	0.244911	0.0146901	0	0.1	0.00764794
1.21815	-1.77831	1.32934	-1.9085e-12	6.50526e-13	6.04545e-12	2.89729e-41	3.40055e-41	-1.67391e-41	0.244869	0.0146825	0	0.1	0.00844612
-2.38458	-0.0883036	0.821164	-1.9085e-12	6.50526e-13	6.04545e-12	-2.05161e-41	-4.67634e-41	-1.00524e-44	0.244864	0.0146816	0	0.1	0.00860107
1.84333	-3.96263	-1.64218	-1.9085e-12	6.50526e-13	6.04545e-12	1.35521e-27	1.93984e-27	1.81028e-27	0.244722	0.0146562	0	0.1	0.00963258
1.46975	4.34407	0.581288	4.33018e-09	5.97464e-08	4.22032e-08	-4.02969e-13	4.84876e-13	-6.45152e-13	0.244704	0.0146528	0	0.1	0.00788792
0.583861	-3.77753	-1.14145	-9.61293e-08	3.23979e-08	1.84602e-09	9.42853e-15	3.45678e-14	-1.16068e-13	0.24466	0.0146449	0	0.1	0.00533127
-0.345621	-4.51304	-0.745915	-1.9085e-12	6.50526e-13	6.04545e-12	1.03109e-39	6.97873e-40	-1.85865e-40	0.244608	0.0146356	0	0.1	0.00520586
-0.0291626	-0.890661	1.2739	-1.9085e-12	6.50526e-13	6.04545e-12	2.48815e-39	1.71902e-40	-2.55783e-40	0.244579	0.0146305	0	0.1	0.00667046
1.48155	1.45241	2.40219	6.23752e-10	-1.1828e-10	2.4885e-11	4.44565e-27	1.97165e-26	1.34838e-26	0.244563	0.0146276	0	0.1	0.00792769
2.47295	0.130949	-1.49402	-1.9085e-12	6.50526e-13	6.04545e-12	-1.615e-40	-3.20278e-41	-2.16713e-41	0.244538	0.0146231	0	0.1	0.0122539
2.24357	3.10263	2.24197	-1.9085e-12	6.50526e-13	6.04545e-12	-2.58413e-41	-4.50767e-41	-5.78795e-42	0.244316	0.0145832	0	0.1	0.00787559
-1.81633	1.12816	0.448191	3.72899e-09	-8.93159e-09	-1.06586e-08	-4.78199e-24	4.78199e-24	-4.78199e-24	0.244283	0.0145774	0	0.1	0.00686419
1.16813	2.59081	-1.84175	-1.9085e-12	6.50526e-13	6.04545e-12	1.44355e-42	-4.34073e-41	-4.3165e-41	0.244002	0.0145271	0	0.1	0.0118451
0.315534	-3.51928	-1.4576	4.72742e-10	-1.08163e-11	9.34988e-12	8.24627e-27	1.53763e-26	1.32165e-26	0.243851	0.0145002	0	0.1	0.00710563
-1.43479	-2.67366	0.393031	-1.9085e-12	6.50526e-13	6.04545e-12	4.69427e-41	1.39574e-40	1.58826e-40	0.243848	0.0144996	0	0.1	0.00820647
0.537328	-2.95123	-0.158144	-1.9085e-12	6.50526e-13	6.04545e-12	-1.58751e-40	1.34948e-40	-1.60203e-41	0.243706	0.0144744	0	0.1	0.00599286
-1.90453	-2.45679	0.657688	-1.9085e-12	6.50526e-13	6.04545e-12	1.94484e-40	-1.80354e-40	-1.98001e-41	0.243422	0.0144237	0	0.1	0.00624285
1.47909	-2.04981	-1.03417	-1.9085e-12	6.50526e-13	6.04545e-12	-4.31598e-28	3.53333e-27	-1.82095e-27	0.243314	0.0144046	0	0.1	0.00634508
-0.984212	1.35006	0.114779	-1.9085e-12	6.50526e-13	6.04545e-12	-3.67722e-41	4.90177e-42	-1.11534e-40	0.243223	0.0143885	0	0.1	0.0117587
-2.3456	2.42981	-0.318685	-1.9085e-12	6.50526e-13	6.04545e-12	4.64147e-41	1.90244e-40	5.96293e-41	0.243011	0.0143509	0	0.1	0.00992552
1.58773	-1.13242	1.46876	-1.9085e-12	6.50526e-13	6.04545e-12	-6.15632e-41	-1.18996e-40	2.59358e-40	0.242882	0.0143279	0	0.1	0.00810234
0.474802	-3.31207	-1.04717	-1.9085e-12	6.50526e-13	6.04545e-12	1.14192e-26	2.06037e-27	2.83746e-27	0.242612	0.0142803	0	0.1	0.00651625
-0.890467	0.630745	-2.34835	-9.8423e-09	-3.14899e-09	-3.77044e-09	-1.24072e-24	4.96288e-24	2.48144e-24	0.242476	0.0142562	0	0.1	0.012159
-1.9316	1.13753	-2.22145	-1.9085e-12	6.50526e-13	6.04545e-12	-1.21113e-41	-1.66984e-42	2.47501e-40	0.242265	0.0142191	0	0.1	0.013003
0.746482	-0.160624	-0.751013	-1.9085e-12	6.50526e-13	6.04545e-12	-3.17076e-40	-3.3273e-40	1.30339e-40	0.242052	0.0141816	0	0.1	0.00943506
-0.324828	3.123	0.738054	-1.9085e-12	6.50526e-13	6.04545e-12	3.20986e-42	-1.46221e-41	-3.79471e-41	0.24203	0.0141777	0	0.1	0.00912062
1.23722	1.61613	-1.70274	-1.9085e-12	6.50526e-13	6.04545e-12	5.32323e-43	-6.51794e-43	-2.41175e-43	0.241911	0.0141568	0	0.1	0.0109014
-0.701107	-2.77572	-0.96342	-1.50563e-09	-7.7585e-11	1.95482e-10	-3.09261e-28	-1.55654e-25	-1.94951e-27	0.2419	0.0141549	0	0.1	0.015265
-0.742321	3.15519	-1.69881	-1.9085e-12	6.50526e-13	6.04545e-12	-1.1258e-41	2.53018e-42	-1.22254e-41	0.241847	0.0141456	0	0.1	0.0125156
2.30016	4.35737	2.17253	-1.9085e-12	6.50526e-13	6.04545e-12	-6.95267e-40	4.36382e-40	-7.83438e-40	0.241827	0.0141421	0	0.1	0.0141213
-1.58888	-3.80185	-0.930736	-1.9085e-12	6.50526e-13	6.04545e-12	5.82587e-41	2.35866e-42	-3.07321e-41	0.241789	0.0141354	0	0.1	0.00900084
-0.169486	-1.67351	-0.197605	-1.9085e-12	6.50526e-13	6.04545e-12	-4.01065e-41	4.63009e-41	4.06485e-42	0.24175	0.0141286	0	0.1	0.00745199
-1.60562	-0.0898251	1.9335	-1.9085e-12	6.50526e-13	6.04545e-12	1.53368e-40	8.22744e-41	-7.88592e-41	0.241745	0.0141278	0	0.1	0.00622137
2.23849	1.95473	-0.880392	-1.9085e-12	6.50526e-13	6.04545e-12	1.54812e-41	-3.70426e-42	1.75015e-41	0.241636	0.0141087	0	0.1	0.0100932
-0.410021	3.24932	-2.03726	-1.9085e-12	6.50526e-13	6.04545e-12	5.09529e-42	7.83244e-42	-6.39905e-41	0.241631	0.0141078	0	0.1	0.00782346
0.489902	0.190309	-0.962998	-1.9085e-12	6.50526e-13	6.04545e-12	-3.23972e-40	-1.08708e-40	1.58383e-40	0.241573	0.0140975	0	0.1	0.0097573
-2.47111	1.25653	-1.71941	-1.9085e-12	6.50526e-13	6.04545e-12	-5.61031e-41	-7.09243e-42	1.47166e-40	0.241415	0.01407	0	0.1	0.0137609
-2.49553	-0.152871	-0.113373	-1.9085e-12	6.50526e-13	6.04545e-12	0	0	0	0.241399	0.0140672	0	0.1	0.020964
0.416623	-2.25577	-1.4345	-5.22853e-09	4.48578e-09	1.40893e-08	-2.55061e-24	-1.24737e-26	-1.26607e-24	0.241363	0.0140609	0	0.1	0.00609551
-1.12214	-1.70367	0.155349	-1.9085e-12	6.50526e-13	6.04545e-12	-1.62463e-40	-6.34864e-41	2.32775e-41	0.241326	0.0140545	0	0.1	0.0145488
-0.29587	4.05897	-1.87014	-1.9085e-12	6.50526e-13	6.04545e-12	-5.56615e-42	2.789e-41	-4.06954e-41	0.241273	0.0140452	0	0.1	0.00661378
0.518809	4.15319	-2.26822	-1.9085e-12	6.50526e-13	6.04545e-12	-7.35869e-41	1.68543e-41	1.21468e-41	0.241068	0.0140094	0	0.1	0.00656453
0.208693	-1.8054	2.37802	-1.63875e-09	-2.55515e-09	-1.79764e-09	-2.53211e-24	1.27021e-24	1.26884e-24	0.240966	0.0139916	0	0.1	0.00799247
-1.7992	4.46121	2.26673	-1.9085e-12	6.50526e-13	6.04545e-12	-5.35737e-41	-2.5974e-40	-4.21211e-41	0.24084	0.0139696	0	0.1	0.00881934
-1.01674	2.68844	0.298394	4.18869e-08	-1.25532e-08	3.90138e-08	-6.14594e-27	-5.12279e-27	-1.02784e-23	0.240765	0.0139566	0	0.1	0.00730206
1.53451	1.46326	1.12653	-1.9085e-12	6.50526e-13	6.04545e-12	-5.78386e-40	-1.96783e-40	3.80736e-41	0.240672	0.0139404	0	0.1	0.00587662
-1.84438	-0.321826	-1.906	-1.9085e-12	6.50526e-13	6.04545e-12	-1.87856e-40	-3.25396e-40	-3.45035e-40	0.240565	0.0139219	0	0.1	0.0106137
1.20821	4.3021	-1.18781	-1.92851e-10	-3.02288e-12	-5.92373e-10	-5.05754e-27	-1.61841e-25	-4.53182e-42	0.240418	0.0138964	0	0.1	0.00552035
1.31348	-2.40032	-0.0354808	3.57942e-10	4.74588e-10	-3.33304e-09	-3.49325e-27	6.44324e-25	8.01011e-26	0.240356	0.0138857	0	0.1	0.00725245
-0.315766	2.58731	-1.31336	-1.9085e-12	6.50526e-13	6.04545e-12	-1.63096e-26	3.41529e-26	1.77755e-26	0.240135	0.0138473	0	0.1	0.0103684
-2.40845	4.38228	1.7894	-1.9085e-12	6.50526e-13	6.04545e-12	2.10566e-40	1.61035e-40	1.11467e-39	0.240113	0.0138436	0	0.1	0.00907657
-0.966512	-2.12113	-2.2119	-1.9085e-12	6.50526e-13	6.04545e-12	2.66305e-40	-9.14593e-41	1.64092e-40	0.239897	0.0138063	0	0.1	0.00885321
1.55857	3.17957	2.35819	-1.9085e-12	6.50526e-13	6.04545e-12	4.79973e-41	8.32342e-41	-4.40997e-41	0.239791	0.0137879	0	0.1	0.00934239
-2.49707	1.96933	-0.259104	-1.9085e-12	6.50526e-13	6.04545e-12	3.16191e-41	-7.18685e-41	-8.40046e-41	0.239773	0.0137847	0	0.1	0.00838864
2.21314	1.36408	-0.612471	-1.9085e-12	6.50526e-13	6.04545e-12	2.84879e-40	-3.36715e-41	-2.05157e-41	0.239506	0.0137389	0	0.1	0.00786458
1.36892	0.0179741	-1.36035	3.63594e-08	-3.3729e-08	-3.61782e-08	2.34539e-13	-6.03827e-13	7.98553e-13	0.239478	0.013734	0	0.1	0.0136479
1.99245	3.22028	0.527641	-1.9085e-12	6.50526e-13	6.04545e-12	-3.02642e-27	-8.33983e-27	-4.30475e-28	0.239384	0.0137179	0	0.1	0.00801489
-1.65928	3.25826	0.413641	-1.9085e-12	6.50526e-13	6.04545e-12	1.60701e-40	1.28195e-40	-4.37837e-40	0.239357	0.0137132	0	0.1	0.00822671
-0.357637	-3.52999	1.0593	-1.9085e-12	6.50526e-13	6.04545e-12	-6.16954e-40	2.57129e-40	4.46939e-40	0.239202	0.0136866	0	0.1	0.00896058
-0.388945	-2.79198	-2.14129	-1.9085e-12	6.50526e-13	6.04545e-12	-5.96565e-41	8.09568e-41	-1.42307e-40	0.239196	0.0136856	0	0.1	0.00881418
0.512938	-2.76908	-2.17632	-1.9085e-12	6.50526e-13	6.04545e-12	1.22486e-41	-3.96507e-40	-2.2232e-40	0.239094	0.013668	0	0.1	0.00779968
0.247354	4.08078	2.22935	-1.9085e-12	6.50526e-13	6.04545e-12	8.61354e-41	2.09073e-40	-5.64746e-41	0.239092	0.0136677	0	0.1	0.0112803
-0.906298	2.34249	1.95044	-1.9085e-12	6.50526e-13	6.04545e-12	9.05931e-41	3.9579e-40	4.42847e-41	0.23907	0.013664	0	0.1	0.00772722
-0.268382	-1.80391	2.43046	-4.97711e-08	7.36193e-08	1.57029e-07	-3.02822e-12	1.00739e-14	-9.83367e-13	0.238954	0.0136441	0	0.1	0.00611956
-1.71038	-3.95658	-0.491917	-1.9085e-12	6.50526e-13	6.04545e-12	-1.0372e-41	7.62217e-42	3.82971e-41	0.238781	0.0136145	0	0.1	0.00777756
-1.67459	0.267682	1.62051	-1.9085e-12	6.50526e-13	6.04545e-12	-4.52026e-27	6.75656e-27	6.36605e-27	0.238342	0.0135395	0	0.1	0.00584104
-1.08325	4.25103	1.56272	-1.9085e-12	6.50526e-13	6.04545e-12	2.31087e-41	2.80011e-41	-5.19888e-41	0.238076	0.0134942	0	0.1	0.00688105
-0.905998	-4.08637	-0.144435	-1.9085e-12	6.50526e-13	6.04545e-12	-1.9529e-39	4.76662e-40	5.38521e-40	0.23804	0.0134881	0	0.1	0.00873782
-0.910183	-1.33796	-1.4129	3.90325e-09	-2.49846e-09	-8.29116e-09	-8.83094e-27	-2.71356e-24	-6.57535e-27	0.238038	0.0134877	0	0.1	0.0119484
0.576447	-2.39292	-1.86515	5.28716e-09	-4.53807e-09	-1.42455e-08	-2.72216e-24	-2.1313e-37	-2.72216e-24	0.238027	0.0134859	0	0.1	0.0101133
0.975404	-1.59047	-0.561897	-1.9085e-12	6.50526e-13	6.04545e-12	-2.44696e-40	8.63022e-41	2.25247e-41	0.238018	0.0134843	0	0.1	0.00641035
0.793048	-0.148466	1.26129	2.6127e-10	-5.65619e-09	-2.77723e-08	1.56715e-26	-1.7053e-25	4.28016e-26	0.237793	0.0134461	0	0.1	0.00720398
-0.062532	2.9687	-1.17613	-1.9085e-12	6.50526e-13	6.04545e-12	-1.21993e-26	-1.39398e-27	2.72841e-26	0.237793	0.0134461	0	0.1	0.011106
-1.73544	3.35813	-0.723782	4.89112e-09	-5.22767e-09	1.18236e-08	-8.28738e-24	-2.97499e-26	1.3769e-24	0.237532	0.0134018	0	0.1	0.00524492
-1.56248	4.15947	0.685122	-1.9085e-12	6.50526e-13	6.04545e-12	1.88537e-40	-5.04397e-41	7.92136e-41	0.237433	0.0133851	0	0.1	0.00684919
2.23398	-1.16168	-1.80953	-1.9085e-12	6.50526e-13	6.04545e-12	6.50485e-27	9.18923e-27	2.04496e-27	0.237255	0.0133551	0	0.1	0.0105141
-1.95977	-1.24684	-1.80158	-1.9085e-12	6.50526e-13	6.04545e-12	1.09129e-26	1.00836e-26	-5.42889e-27	0.237142	0.013336	0	0.1	0.0101675
1.06423	1.97406	-2.06594	-1.9085e-12	6.50526e-13	6.04545e-12	-1.69718e-26	-7.98751e-27	1.4983e-26	0.236928	0.0132999	0	0.1	0.0118392
1.79547	-0.595871	1.94568	-1.9085e-12	6.50526e-13	6.04545e-12	-1.86875e-40	-1.31967e-40	-3.01313e-40	0.236852	0.0132872	0	0.1	0.0132959
-2.11936	2.99159	-2.42967	-1.9085e-12	6.50526e-13	6.04545e-12	1.00534e-40	-1.11606e-40	1.11007e-39	0.236803	0.0132788	0	0.1	0.00714403
0.131488	-3.94898	-1.11807	-1.9085e-12	6.50526e-13	6.04545e-12	-2.92291e-45	1.37425e-44	6.31393e-45	0.236802	0.0132787	0	0.1	0.00675512
-1.33142	3.80701	0.456452	-1.9085e-12	6.50526e-13	6.04545e-12	-2.53986e-28	-9.56289e-27	7.53402e-29	0.236724	0.0132655	0	0.1	0.00760356
-1.6951	2.2335	1.42249	-1.9085e-12	6.50526e-13	6.04545e-12	-2.5505e-40	-2.30521e-41	-3.53937e-41	0.236581	0.0132416	0	0.1	0.0136252
2.0681	0.361784	-0.48457	-1.9085e-12	6.50526e-13	6.04545e-12	-3.21709e-27	-1.63238e-26	3.02255e-26	0.236557	0.0132376	0	0.1	0.0129549
1.00741	-0.536338	-0.61019	-1.9085e-12	6.50526e-13	6.04545e-12	7.93274e-41	-3.17487e-40	-3.41765e-40	0.236548	0.013236	0	0.1	0.008414
0.190879	4.00554	-1.94732	-1.9085e-12	6.50526e-13	6.04545e-12	-1.1896e-40	-3.10218e-41	1.13989e-41	0.236448	0.0132192	0	0.1	0.00638285
0.449249	-2.96869	0.881943	-1.9085e-12	6.50526e-13	6.04545e-12	-1.7622e-26	-3.1628e-27	1.23569e-26	0.236428	0.013216	0	0.1	0.00913086
-1.74256	1.40372	-1.59668	-1.9085e-12	6.50526e-13	6.04545e-12	2.34331e-41	1.11538e-40	-2.03652e-41	0.236339	0.0132009	0	0.1	0.0109522
-2.05484	0.346657	1.94284	-1.9085e-12	6.50526e-13	6.04545e-12	2.07179e-26	1.02854e-26	-2.48807e-27	0.236332	0.0131998	0	0.1	0.00615302
-0.189451	3.26467	1.17421	-1.9085e-12	6.50526e-13	6.04545e-12	-1.91011e-43	1.40267e-41	-4.23153e-42	0.236114	0.0131634	0	0.1	0.0153641
1.03628	3.85264	-0.011324	5.12295e-08	3.85666e-08	-2.41467e-08	1.13472e-23	1.97726e-27	4.54155e-23	0.236071	0.0131561	0	0.1	0.00766131
-1.99765	4.03703	0.227485	2.62598e-09	1.99763e-09	-2.34506e-09	1.42896e-24	-1.40321e-24	1.44453e-24	0.235985	0.0131418	0	0.1	0.00904637
2.32185	-2.26171	-2.48754	-1.9085e-12	6.50526e-13	6.04545e-12	1.57859e-40	-4.57334e-41	-9.63318e-42	0.235952	0.0131362	0	0.1	0.0187934
-1.93576	3.25742	-1.4959	9.79189e-09	-1.48561e-10	3.37116e-09	-6.71039e-13	-2.63773e-12	1.83603e-12	0.235904	0.0131283	0	0.1	0.00645369
0.00696189	1.44005	-2.46978	-1.9085e-12	6.50526e-13	6.04545e-12	1.42664e-42	-4.24774e-41	-4.32697e-42	0.235895	0.0131268	0	0.1	0.0106097
-1.22987	-1.95479	0.843059	-1.9085e-12	6.50526e-13	6.04545e-12	-4.34694e-42	-1.5344e-41	1.17572e-41	0.235839	0.0131174	0	0.1	0.017994
-1.63258	0.893863	-1.57321	-3.76811e-08	-3.02333e-08	-3.42056e-09	2.8572e-24	-2.8572e-24	-2.66187e-33	0.235733	0.0130998	0	0.1	0.0092885
-1.66361	-2.13797	0.922163	1.61451e-10	-9.6996e-11	-4.66477e-11	-2.03457e-27	-1.74906e-26	1.15494e-25	0.235687	0.013092	0	0.1	0.00895005
0.882694	2.69565	-0.469505	-2.80024e-12	-3.86788e-13	8.24517e-12	1.86011e-26	-7.71378e-27	-5.22272e-27	0.235674	0.0130899	0	0.1	0.0110234
2.25533	1.76487	-1.34591	-1.9085e-12	6.50526e-13	6.04545e-12	6.10025e-40	1.39768e-40	-3.15052e-40	0.235637	0.0130837	0	0.1	0.0113835
2.48328	3.9758	-1.16909	-1.48287e-07	-3.87967e-09	2.15999e-08	-7.17563e-25	4.59424e-23	2.87326e-24	0.235489	0.013059	0	0.1	0.00740341
1.87002	1.44456	2.02536	-1.9085e-12	6.50526e-13	6.04545e-12	2.74403e-26	-5.6685e-27	2.03924e-26	0.235458	0.0130539	0	0.1	0.0133821
-0.103965	-0.375149	-0.147738	-2.33672e-09	9.60891e-10	-3.93832e-10	-1.81906e-27	3.52054e-25	7.12041e-25	0.235403	0.0130448	0	0.1	0.00557236
2.48655	2.79218	-1.71896	-1.9085e-12	6.50526e-13	6.04545e-12	-5.35877e-41	-3.52291e-40	4.18875e-40	0.235218	0.013014	0	0.1	0.00719365
-2.0676	0.880732	-1.39328	-1.9085e-12	6.50526e-13	6.04545e-12	2.03656e-40	-3.24315e-41	3.55085e-41	0.235211	0.0130128	0	0.1	0.00738206
-0.752344	-1.42641	2.24949	-1.9085e-12	6.50526e-13	6.04545e-12	4.77777e-41	-1.0294e-41	-4.92025e-41	0.235173	0.0130065	0	0.1	0.00957827
1.57569	2.8419	-1.86224	-1.9085e-12	6.50526e-13	6.04545e-12	-3.61912e-40	2.42729e-40	1.99549e-40	0.235071	0.0129896	0	0.1	0.00684292
-2.11414	-3.90601	0.900209	-2.51792e-08	-5.91365e-08	2.09477e-08	-2.03396e-13	3.98879e-13	8.81856e-13	0.235068	0.0129891	0	0.1	0.00619569
0.796762	4.50151	-1.05627	-1.9085e-12	6.50526e-13	6.04545e-12	-2.83267e-27	9.82947e-29	-1.22405e-27	0.235066	0.0129887	0	0.1	0.00555447
-1.98405	2.27848	-2.48688	-1.9085e-12	6.50526e-13	6.04545e-12	8.21019e-41	-2.33235e-41	-1.22569e-40	0.235014	0.0129802	0	0.1	0.00744654
1.06082	3.98816	-1.53368	-1.9085e-12	6.50526e-13	6.04545e-12	2.8523e-42	1.01709e-40	6.19513e-41	0.234906	0.0129623	0	0.1	0.00754961
1.23273	-1.18077	-1.99329	-1.9085e-12	6.50526e-13	6.04545e-12	2.17508e-40	5.29787e-41	1.51311e-40	0.234887	0.0129591	0	0.1	0.009364
0.587339	-2.89404	-0.630746	-1.9085e-12	6.50526e-13	6.04545e-12	-7.8066e-41	-2.68648e-40	-6.16247e-41	0.234874	0.012957	0	0.1	0.00741042
1.56138	0.2973	2.11083	-1.30127e-08	8.88916e-09	-1.57687e-07	2.47662e-13	1.0934e-13	-1.42708e-14	0.234781	0.0129416	0	0.1	0.00868697
-0.611987	-2.73517	-1.42999	-2.41853e-09	-7.73994e-10	1.94053e-09	-3.58441e-25	1.46411e-24	-7.19704e-25	0.23474	0.0129349	0	0.1	0.00773122
0.504472	-2.70627	0.322379	-1.9085e-12	6.50526e-13	6.04545e-12	5.41653e-42	-3.05426e-41	3.71236e-40	0.234707	0.0129295	0	0.1	0.00728461
-1.55637	-2.9394	0.0141911	9.71552e-09	6.98413e-09	3.91553e-09	-1.46961e-24	5.85901e-24	1.28238e-26	0.234553	0.012904	0	0.1	0.009334
2.36551	0.102713	-0.75636	-1.9085e-12	6.50526e-13	6.04545e-12	4.02636e-41	6.16583e-42	-1.93652e-41	0.234546	0.0129028	0	0.1	0.0140793
-0.0946312	3.8524	2.47736	-1.9085e-12	6.50526e-13	6.04545e-12	2.86288e-41	6.42099e-42	9.67117e-41	0.234417	0.0128816	0	0.1	0.0116151
1.99809	1.57366	1.1596	-1.9085e-12	6.50526e-13	6.04545e-12	-1.0448e-40	9.00184e-41	-1.31281e-41	0.234416	0.0128814	0	0.1	0.00508731
1.89765	-0.563195	-1.85199	-1.9085e-12	6.50526e-13	6.04545e-12	3.65924e-27	-2.64639e-28	1.80051e-26	0.234121	0.0128328	0	0.1	0.00978732
1.56206	-2.65166	0.760453	-1.9085e-12	6.50526e-13	6.04545e-12	3.75407e-41	-2.84431e-41	5.30134e-42	0.234027	0.0128173	0	0.1	0.0122604
-2.18318	-0.404485	1.14771	8.00816e-08	3.71794e-08	-4.35494e-08	2.67571e-13	-1.12998e-12	-4.72572e-13	0.233823	0.0127839	0	0.1	0.00627095
2.39163	3.47259	-1.26576	-8.02468e-08	8.35694e-08	1.54491e-07	-7.01222e-13	-8.21952e-13	6.34877e-14	0.233771	0.0127752	0	0.1	0.00562411
0.0468023	2.19376	-0.015891	-1.9085e-12	6.50526e-13	6.04545e-12	1.28067e-41	9.67385e-41	-3.60692e-41	0.233759	0.0127733	0	0.1	0.012568
-2.01998	4.23083	0.773096	-1.9085e-12	6.50526e-13	6.04545e-12	2.74588e-41	2.86207e-41	-8.34104e-40	0.233739	0.01277	0	0.1	0.0122022
-1.95444	4.26782	1.8621	-1.9085e-12	6.50526e-13	6.04545e-12	1.31356e-40	-3.43517e-40	3.86163e-40	0.233693	0.0127626	0	0.1	0.00935461
2.2056	3.54005	-0.824024	-1.9085e-12	6.50526e-13	6.04545e-12	-1.33851e-27	-1.12966e-27	6.18585e-28	0.233641	0.012754	0	0.1	0.00580767
-0.910512	3.79392	0.246911	-1.9085e-12	6.50526e-13	6.04545e-12	-2.61159e-28	-7.69033e-27	-3.52982e-30	0.233637	0.0127534	0	0.1	0.00735734
-2.05079	3.36191	-0.373783	-1.9085e-12	6.50526e-13	6.04545e-12	3.01665e-40	2.00959e-40	1.51012e-40	0.233588	0.0127454	0	0.1	0.00517074
-2.25331	-2.69767	0.21309	-1.9085e-12	6.50526e-13	6.04545e-12	-1.77156e-40	1.79947e-40	1.08217e-40	0.233503	0.0127314	0	0.1	0.00832769
0.937856	2.2242	1.87429	-1.9085e-12	6.50526e-13	6.04545e-12	1.83489e-40	-2.16095e-40	-6.55934e-43	0.233321	0.0127016	0	0.1	0.00586866
-1.37175	-0.407439	2.19822	-1.9085e-12	6.50526e-13	6.04545e-12	-1.30041e-41	3.73613e-40	-2.63842e-40	0.23328	0.0126951	0	0.1	0.00597054
-1.01198	1.91164	1.7658	-1.9085e-12	6.50526e-13	6.04545e-12	-1.98181e-42	-9.66668e-41	-5.89684e-42	0.233259	0.0126916	0	0.1	0.0121429
2.13743	-0.890272	-2.36495	-1.9085e-12	6.50526e-13	6.04545e-12	-4.83029e-41	3.26029e-41	1.83583e-40	0.233106	0.0126666	0	0.1	0.01403
-0.129912	3.62129	-1.94597	-1.9085e-12	6.50526e-13	6.04545e-12	-1.42166e-41	-2.84447e-41	-1.10365e-40	0.232841	0.0126235	0	0.1	0.00781495
-2.14062	-4.2611	2.25963	-1.9085e-12	6.50526e-13	6.04545e-12	-5.77693e-40	3.37942e-40	-5.3625e-40	0.232681	0.0125974	0	0.1	0.0103967
1.61176	-3.42957	0.944189	-1.9085e-12	6.50526e-13	6.04545e-12	-1.80475e-40	3.28664e-40	-3.92417e-40	0.232555	0.0125769	0	0.1	0.00779374
0.0130286	2.77011	0.00271787	-1.9085e-12	6.50526e-13	6.04545e-12	1.09953e-40	2.28978e-40	4.47436e-40	0.232387	0.0125497	0	0.1	0.00775475
-1.63106	-0.527813	-0.902564	-1.9085e-12	6.50526e-13	6.04545e-12	-4.61004e-41	-5.1667e-42	-3.35955e-41	0.232202	0.0125198	0	0.1	0.0093901
-1.93597	2.25257	-0.481778	-1.9085e-12	6.50526e-13	6.04545e-12	2.9708e-40	2.09033e-40	6.33252e-41	0.232182	0.0125166	0	0.1	0.0090441
1.83444	3.67597	-0.577368	-1.9085e-12	6.50526e-13	6.04545e-12	-1.39975e-41	8.07024e-41	-2.12635e-40	0.232173	0.0125152	0	0.1	0.00844388
-2.32207	-2.38805	-1.07738	-1.9085e-12	6.50526e-13	6.04545e-12	-1.06687e-40	6.08447e-42	1.54345e-41	0.232073	0.0124989	0	0.1	0.00934423
1.25085	-3.61486	2.29168	-1.83056e-10	1.41478e-09	-1.81516e-09	-2.58167e-14	-1.34175e-14	-7.85052e-15	0.232036	0.012493	0	0.1	0.00721745
0.750806	-1.94799	1.58717	-1.9085e-12	6.50526e-13	6.04545e-12	-4.29996e-40	-3.07883e-41	-3.48368e-40	0.231892	0.0124697	0	0.1	0.00575678
2.3502	3.04682	1.74819	-1.9085e-12	6.50526e-13	6.04545e-12	3.10614e-42	2.20363e-42	4.70407e-43	0.231874	0.0124668	0	0.1	0.00807483
-2.38554	3.37636	-2.41022	-1.9085e-12	6.50526e-13	6.04545e-12	-1.80275e-40	-8.33167e-40	1.43149e-39	0.231344	0.0123816	0	0.1	0.00573491
-0.750419	-3.38584	1.38951	-1.9085e-12	6.50526e-13	6.04545e-12	-1.93148e-40	-2.3041e-40	4.10236e-40	0.231199	0.0123583	0	0.1	0.00602099
0.934105	-0.947928	-0.82007	-1.9085e-12	6.50526e-13	6.04545e-12	1.88378e-40	-5.51266e-41	1.06312e-42	0.231144	0.0123494	0	0.1	0.00586327
-1.72977	0.180748	0.274211	-3.4531e-11	-2.284e-10	-2.01537e-11	7.30279e-15	-1.32053e-15	2.45171e-15	0.231109	0.0123439	0	0.1	0.00878484
-1.61203	-0.526438	-2.42177	-1.9085e-12	6.50526e-13	6.04545e-12	2.02933e-29	-7.80231e-27	-3.22578e-26	0.231077	0.0123387	0	0.1	0.00530411
1.96024	-2.46907	-0.644871	-1.9085e-12	6.50526e-13	6.04545e-12	-1.74627e-40	4.43929e-41	-1.68766e-40	0.23103	0.0123312	0	0.1	0.00684662
-0.413018	-1.33622	-1.13376	-1.9085e-12	6.50526e-13	6.04545e-12	-8.29107e-41	1.9112e-41	-4.76317e-41	0.230978	0.0123228	0	0.1	0.0106878
2.24108	0.224015	1.19844	-1.9085e-12	6.50526e-13	6.04545e-12	1.18116e-41	1.82451e-41	1.18711e-40	0.230773	0.0122902	0	0.1	0.00998617
-0.516805	-2.17815	-2.43082	-1.9085e-12	6.50526e-13	6.04545e-12	1.51665e-41	-5.94366e-43	6.43222e-43	0.23074	0.0122848	0	0.1	0.00533559
0.374774	-0.810283	1.62442	-1.9085e-12	6.50526e-13	6.04545e-12	8.36615e-41	-4.96368e-41	1.22189e-40	0.230721	0.0122818	0	0.1	0.00826977
-0.259528	-2.62219	-1.71213	2.56945e-09	8.24893e-10	-2.0523e-09	4.05083e-25	1.59758e-24	4.08514e-25	0.230658	0.0122717	0	0.1	0.00611455
-1.60726	0.860611	0.810519	-1.9085e-12	6.50526e-13	6.04545e-12	7.08052e-42	1.48358e-40	-1.82061e-41	0.23065	0.0122704	0	0.1	0.0064405
1.74444	4.16616	-1.91616	-1.9085e-12	6.50526e-13	6.04545e-12	-6.7045e-40	-7.96284e-40	2.17867e-40	0.230594	0.0122616	0	0.1	0.00657398
-2.10642	-4.42951	-0.0299077	-1.9085e-12	6.50526e-13	6.04545e-12	9.23325e-42	1.52861e-41	1.0605e-40	0.23028	0.0122115	0	0.1	0.00853347
-1.89272	-0.626962	2.04593	-1.9085e-12	6.50526e-13	6.04545e-12	7.4949e-41	1.71639e-40	-8.43236e-41	0.230137	0.0121888	0	0.1	0.00789338
-2.06547	-3.33562	-1.2438	-3.6641e-08	5.38864e-08	2.02237e-08	-6.82481e-14	-1.30986e-13	2.25433e-13	0.230074	0.0121787	0	0.1	0.00826759
1.49798	-3.53834	-1.66281	-1.9085e-12	6.50526e-13	6.04545e-12	-1.27358e-40	-9.46581e-42	-2.14322e-41	0.230022	0.0121704	0	0.1	0.0138907
-1.27026	1.18459	-1.54026	3.7077e-08	2.97529e-08	3.37806e-09	3.23306e-24	-1.91307e-42	-5.1729e-23	0.229978	0.0121635	0	0.1	0.0209226
0.48753	-4.18764	-0.922806	-1.9085e-12	6.50526e-13	6.04545e-12	1.29042e-26	-3.98993e-27	-1.66513e-27	0.229971	0.0121624	0	0.1	0.00548655
2.2663	-4.33558	-0.635481	-1.9085e-12	6.50526e-13	6.04545e-12	2.2934e-40	6.6836e-40	-4.63224e-41	0.229821	0.0121387	0	0.1	0.00854001
-1.90093	3.53496	-1.12347	-5.32709e-09	5.69074e-09	-1.28552e-08	-3.28515e-24	-6.52356e-24	1.6242e-24	0.229809	0.0121367	0	0.1	0.00659439
1.20774	1.91401	1.33041	-1.9085e-12	6.50526e-13	6.04545e-12	-3.39872e-40	-3.83138e-40	-4.38666e-40	0.229766	0.0121298	0	0.1	0.00834153
-1.87313	4.24984	-0.167945	-1.9085e-12	6.50526e-13	6.04545e-12	-6.16937e-41	-2.62408e-41	5.19845e-42	0.229731	0.0121244	0	0.1	0.00970693
0.785361	-0.0725317	-1.21989	-1.9085e-12	6.50526e-13	6.04545e-12	-6.1886e-41	6.04987e-43	-1.09095e-40	0.229708	0.0121207	0	0.1	0.00722074
0.687018	0.874449	0.564627	-1.9085e-12	6.50526e-13	6.04545e-12	8.07326e-41	-6.49691e-41	8.45551e-41	0.229632	0.0121088	0	0.1	0.0111914
1.9174	-3.56704	-0.188396	-1.9085e-12	6.50526e-13	6.04545e-12	1.28798e-40	-1.46388e-40	-2.46698e-41	0.229528	0.0120922	0	0.1	0.00835494
0.936131	1.4449	-0.339143	-1.9085e-12	6.50526e-13	6.04545e-12	-1.13124e-40	1.57009e-40	3.06163e-40	0.229389	0.0120703	0	0.1	0.00869914
2.46296	-3.26069	2.46115	-1.9085e-12	6.50526e-13	6.04545e-12	-4.79459e-41	6.79731e-40	1.03621e-41	0.229385	0.0120697	0	0.1	0.00767146
2.27018	1.76574	0.83655	-1.9085e-12	6.50526e-13	6.04545e-12	-4.99217e-41	7.1634e-41	-5.06631e-41	0.229369	0.0120672	0	0.1	0.0067944
1.17353	-1.30759	1.17262	-1.9085e-12	6.50526e-13	6.04545e-12	8.22041e-40	5.59033e-40	-1.10549e-39	0.229259	0.0120497	0	0.1	0.0064002
1.1496	2.07069	-0.892095	-1.9085e-12	6.50526e-13	6.04545e-12	1.61922e-41	3.71424e-42	7.31081e-42	0.229194	0.0120396	0	0.1	0.0109642
-1.38419	-2.53951	-1.33447	-1.9085e-12	6.50526e-13	6.04545e-12	-2.38559e-51	2.9519e-51	-1.74848e-51	0.229172	0.0120361	0	0.1	0.0143022
2.24802	3.11482	-1.95299	-1.9085e-12	6.50526e-13	6.04545e-12	-2.61856e-40	-6.92427e-41	2.33888e-42	0.229117	0.0120275	0	0.1	0.0059757
-1.13108	-0.0520479	-0.396954	-1.63586e-09	-1.61999e-09	-8.64889e-09	1.65515e-24	-4.17754e-27	-3.98213e-28	0.229068	0.0120196	0	0.1	0.00539012
0.130853	4.33105	1.263	-1.9085e-12	6.50526e-13	6.04545e-12	2.9678e-27	3.42108e-26	-1.46702e-26	0.229065	0.0120193	0	0.1	0.0140093
-0.507229	4.42321	-1.30149	-1.9085e-12	6.50526e-13	6.04545e-12	2.94792e-41	4.18019e-41	-8.78657e-42	0.229019	0.012012	0	0.1	0.00553976
0.117434	-3.22837	-0.390979	-1.9085e-12	6.50526e-13	6.04545e-12	-1.03668e-27	1.27155e-27	-3.79051e-26	0.228976	0.0120053	0	0.1	0.00784967
2.4157	-3.47178	0.383019	-1.9085e-12	6.50526e-13	6.04545e-12	-7.90349e-40	-4.14981e-40	3.9788e-41	0.228953	0.0120016	0	0.1	0.00952404
0.756194	-2.32849	-1.09899	-1.9085e-12	6.50526e-13	6.04545e-12	-4.38023e-41	1.15615e-40	-3.81348e-40	0.228804	0.0119781	0	0.1	0.00750305
-1.42144	1.60354	0.554347	-1.9085e-12	6.50526e-13	6.04545e-12	-7.15396e-41	-1.60782e-40	-2.29279e-42	0.228768	0.0119725	0	0.1	0.00783133
1.08156	-3.2399	2.08336	-1.9085e-12	6.50526e-13	6.04545e-12	1.38448e-41	-2.53094e-41	-2.47907e-41	0.228747	0.0119692	0	0.1	0.00762512
-0.823248	-3.31865	0.940164	-1.9085e-12	6.50526e-13	6.04545e-12	-1.78262e-39	-2.16764e-41	-3.14825e-40	0.228687	0.0119598	0	0.1	0.00667371
2.26136	-0.937804	-1.00588	-1.9085e-12	6.50526e-13	6.04545e-12	7.01514e-40	-1.18927e-39	6.2897e-40	0.228552	0.0119387	0	0.1	0.00993974
-1.11712	2.39352	2.36471	-1.9085e-12	6.50526e-13	6.04545e-12	1.90309e-40	3.79116e-40	9.19417e-41	0.228486	0.0119283	0	0.1	0.00912114
1.53189	2.71112	-2.44313	-1.9085e-12	6.50526e-13	6.04545e-12	-4.31515e-40	3.61005e-41	5.09077e-40	0.228441	0.0119212	0	0.1	0.00626027
0.634114	3.27663	2.42233	-1.9085e-12	6.50526e-13	6.04545e-12	-9.36958e-41	-2.1939e-40	-2.69576e-40	0.228345	0.0119063	0	0.1	0.0066497
-1.55624	2.45254	2.47607	-1.9085e-12	6.50526e-13	6.04545e-12	-9.76451e-41	-2.57347e-40	-7.3923e-42	0.228247	0.011891	0	0.1	0.00733044
1.26377	-2.46579	0.425783	-4.03995e-10	-5.28914e-10	3.73705e-09	4.15897e-25	4.15514e-25	5.14011e-26	0.228176	0.0118798	0	0.1	0.0119637
2.13864	-2.73229	-2.33621	-1.9085e-12	6.50526e-13	6.04545e-12	-4.67199e-42	-3.58835e-41	4.48735e-41	0.228087	0.011866	0	0.1	0.0114706
1.06427	1.7983	1.74978	-1.9085e-12	6.50526e-13	6.04545e-12	-5.59985e-40	1.08394e-39	-2.99825e-40	0.228051	0.0118603	0	0.1	0.00724396
-1.41868	1.18861	0.200466	-1.9085e-12	6.50526e-13	6.04545e-12	-1.3772e-40	-4.23626e-40	-6.95313e-40	0.227993	0.0118513	0	0.1	0.00613551
1.86288	3.38084	-1.87315	-1.9085e-12	6.50526e-13	6.04545e-12	-3.52763e-40	1.4699e-40	-1.91789e-40	0.227935	0.0118422	0	0.1	0.00447188
1.07087	-3.87077	1.95472	-1.9085e-12	6.50526e-13	6.04545e-12	2.84589e-40	2.01294e-42	2.01456e-40	0.227766	0.0118159	0	0.1	0.00780224
0.151494	-4.38017	-0.67893	-5.4233e-11	1.06417e-08	-2.35446e-09	-7.69958e-27	-9.71476e-29	5.28446e-26	0.227682	0.0118028	0	0.1	0.00569289
-1.75471	3.67716	0.597294	-1.9085e-12	6.50526e-13	6.04545e-12	-1.22706e-40	-1.63728e-40	1.47548e-41	0.227633	0.0117953	0	0.1	0.00641544
0.574503	-1.30659	-0.34602	-1.9085e-12	6.50526e-13	6.04545e-12	2.09729e-40	-3.48287e-41	-7.86586e-41	0.227494	0.0117735	0	0.1	0.00484927
-1.28293	3.31032	-2.23802	-1.9085e-12	6.50526e-13	6.04545e-12	8.22147e-40	-6.30637e-41	-1.04599e-40	0.22746	0.0117684	0	0.1	0.00720091
-1.54077	-2.40613	-1.77964	-1.9085e-12	6.50526e-13	6.04545e-12	-2.27562e-41	-1.93159e-40	-3.60736e-41	0.227458	0.011768	0	0.1	0.00883825
1.5241	0.353629	0.196061	-1.9085e-12	6.50526e-13	6.04545e-12	3.138e-40	1.14008e-40	-1.37144e-40	0.227364	0.0117535	0	0.1	0.00678698
1.87052	1.33552	1.53412	-1.9085e-12	6.50526e-13	6.04545e-12	-9.52058e-41	1.4065e-41	-7.98277e-41	0.227272	0.0117392	0	0.1	0.00522318
1.71401	-1.96281	-1.77474	-1.9085e-12	6.50526e-13	6.04545e-12	1.95811e-39	-8.06647e-41	-5.15335e-40	0.227267	0.0117384	0	0.1	0.00658254
-2.04657	-1.90906	1.04569	-1.83581e-10	1.09243e-10	6.46454e-11	-2.91346e-26	-2.02215e-26	-7.65788e-26	0.227257	0.0117368	0	0.1	0.00840333
0.830326	-3.73699	2.43035	-1.9085e-12	6.50526e-13	6.04545e-12	-5.57472e-40	-1.44114e-39	9.94762e-40	0.227235	0.0117334	0	0.1	0.00666864
0.169693	0.732285	-0.460616	8.95416e-10	1.62817e-09	-2.02251e-09	-1.68495e-24	-4.46526e-25	-8.51992e-25	0.227121	0.0117158	0	0.1	0.00687751
-2.04175	-0.146793	1.77078	-1.9085e-12	6.50526e-13	6.04545e-12	-8.65896e-41	1.73848e-40	2.16163e-41	0.227041	0.0117034	0	0.1	0.00672565
-0.608689	-2.42088	-1.9639	-1.9085e-12	6.50526e-13	6.04545e-12	1.82726e-41	-2.03542e-40	7.10179e-41	0.227022	0.0117005	0	0.1	0.00524589
-2.05521	-1.37722	-2.23663	-1.9085e-12	6.50526e-13	6.04545e-12	1.28118e-26	1.2492e-26	-6.56522e-27	0.22694	0.0116877	0	0.1	0.0133232
-1.20506	2.83361	-2.21499	-1.9085e-12	6.50526e-13	6.04545e-12	1.58042e-39	6.42041e-41	-1.18537e-39	0.226875	0.0116778	0	0.1	0.00555735
0.556723	1.87126	-1.11289	-6.55284e-08	-1.46761e-07	-1.61737e-08	1.39063e-23	-2.21926e-27	-1.11251e-22	0.226667	0.0116456	0	0.1	0.00492498
-1.95443	-2.99366	1.39256	-1.9085e-12	6.50526e-13	6.04545e-12	-1.53065e-40	6.72888e-44	-1.86807e-41	0.226615	0.0116377	0	0.1	0.0114301
-1.23779	0.834576	0.538904	-1.9085e-12	6.50526e-13	6.04545e-12	-1.57529e-42	-4.41344e-41	-3.16179e-43	0.226596	0.0116348	0	0.1	0.00622757
2.14242	1.65087	1.71454	-1.9085e-12	6.50526e-13	6.04545e-12	3.41056e-26	-2.94803e-27	2.15814e-26	0.226464	0.0116144	0	0.1	0.00617703
0.182346	-0.132328	-0.434636	-1.9085e-12	6.50526e-13	6.04545e-12	1.70389e-40	1.99165e-41	6.03503e-41	0.226461	0.0116139	0	0.1	0.0115833
-2.38373	-3.13143	0.0624539	-1.9085e-12	6.50526e-13	6.04545e-12	9.45955e-41	-3.72425e-39	-6.97243e-40	0.226445	0.0116114	0	0.1	0.00497592
1.90951	0.893502	1.43797	-1.9085e-12	6.50526e-13	6.04545e-12	1.19702e-40	-1.83176e-40	-1.96918e-40	0.2264	0.0116046	0	0.1	0.00792595
2.37054	1.41239	1.40442	3.51286e-08	5.14027e-08	5.10177e-08	-7.53011e-27	4.16504e-26	-3.20512e-26	0.226393	0.0116035	0	0.1	0.013206
0.0411961	-3.4401	-0.922391	-1.9085e-12	6.50526e-13	6.04545e-12	2.25899e-40	-7.14774e-40	5.28468e-40	0.226276	0.0115855	0	0.1	0.00607603
1.10241	0.301303	1.98235	-1.9085e-12	6.50526e-13	6.04545e-12	1.20892e-40	1.26192e-40	5.00355e-40	0.226241	0.0115802	0	0.1	0.00712755
-0.157039	-2.45826	-2.36788	-1.9085e-12	6.50526e-13	6.04545e-12	6.54509e-40	4.51946e-41	-2.97197e-41	0.226081	0.0115556	0	0.1	0.00598935
0.932873	-1.12804	-1.64729	-1.9085e-12	6.50526e-13	6.04545e-12	-1.42007e-40	-3.67899e-40	8.24191e-41	0.225946	0.0115349	0	0.1	0.00703262
2.34321	-0.448572	-1.85757	-1.9085e-12	6.50526e-13	6.04545e-12	-1.81437e-40	-2.2274e-40	-5.03593e-41	0.225943	0.0115345	0	0.1	0.00943794
0.173138	2.8923	-2.454	-1.9085e-12	6.50526e-13	6.04545e-12	-4.15337e-42	1.4788e-41	-6.10054e-42	0.225919	0.0115307	0	0.1	0.00866501
-1.99911	3.75169	-0.135742	-1.9085e-12	6.50526e-13	6.04545e-12	2.0928e-40	-3.66638e-41	9.42927e-40	0.225909	0.0115292	0	0.1	0.00568296
2.45118	-1.5172	0.464764	-1.9085e-12	6.50526e-13	6.04545e-12	2.0059e-39	-1.70638e-40	-1.33479e-39	0.225904	0.0115285	0	0.1	0.00476262
0.000975085	2.00942	1.80972	-1.9085e-12	6.50526e-13	6.04545e-12	-6.90377e-42	-2.33392e-41	-2.38424e-41	0.22567	0.0114927	0	0.1	0.00707761
-2.36076	-0.709714	-2.07686	-1.9085e-12	6.50526e-13	6.04545e-12	-9.71562e-40	-8.93971e-40	-3.70267e-40	0.225613	0.011484	0	0.1	0.00713659
-0.951508	4.14431	-1.31585	-1.9085e-12	6.50526e-13	6.04545e-12	1.04683e-40	3.06957e-40	9.19687e-41	0.225601	0.0114821	0	0.1	0.00745426
0.888174	-3.70603	-1.67876	-1.9085e-12	6.50526e-13	6.04545e-12	7.88731e-41	5.89001e-42	-2.41436e-40	0.225545	0.0114736	0	0.1	0.00737502
-2.06082	3.98773	-1.23548	1.71481e-07	4.48802e-09	-2.4966e-08	-8.93583e-25	5.72111e-23	-3.57506e-24	0.225381	0.0114486	0	0.1	0.00483982
0.984482	-0.886523	-1.26951	-1.9085e-12	6.50526e-13	6.04545e-12	-1.74172e-41	-1.03442e-40	-5.01142e-40	0.225173	0.0114169	0	0.1	0.00781779
-1.98983	4.3302	-1.51949	-1.65121e-08	-6.44073e-08	8.61743e-08	-4.04353e-38	-1.86434e-37	7.196e-24	0.225111	0.0114075	0	0.1	0.00654333
0.869099	-2.18486	2.40609	-1.9085e-12	6.50526e-13	6.04545e-12	-3.06618e-41	-1.81715e-42	-1.35552e-40	0.225109	0.0114072	0	0.1	0.00964589
1.44854	0.544727	-1.574	-1.9085e-12	6.50526e-13	6.04545e-12	5.58143e-41	3.55134e-41	1.16348e-41	0.225014	0.0113927	0	0.1	0.0133358
