-1.39025	1.22243	-1.02815	6.69731e-05	-0.000143781	-1.04376e-05	-4.08792e-05	-5.0622e-05	-8.88931e-05	0.55482	1.32612	0.549327	0.1	0.0187469
2.15392	3.64099	2.23964	-2.09936e-06	-0.00030906	1.70973e-05	-0.000104275	5.84657e-05	9.5291e-05	0.554711	1.32533	0.549219	0.1	0.0180198
-0.830147	-1.2804	-0.9096	4.20391e-05	0.000198854	-9.13455e-05	-1.5065e-05	-5.61338e-06	-0.000256199	0.554426	1.32329	0.548937	0.1	0.0215906
-0.0770986	1.23244	-1.9762	5.52627e-06	-0.000243911	-0.000105906	0.00032809	-6.85639e-05	7.73396e-05	0.552434	1.30908	0.546964	0.1	0.0190681
2.4751	-3.36418	1.09793	1.04307e-05	0.00036265	-7.67879e-06	-0.000173353	0.000194747	-0.000287743	0.551275	1.30086	0.545817	0.1	0.0253148
-0.319089	-3.45046	-0.67628	-6.33426e-05	0.000399184	1.67861e-05	0.000113315	8.25512e-05	-1.66658e-05	0.548893	1.28407	0.543458	0.1	0.0197045
-2.00947	0.743912	-1.78945	6.07207e-05	-7.38304e-05	-1.42328e-05	3.57797e-05	-2.42246e-05	-0.000112842	0.548822	1.28357	0.543388	0.1	0.0209576
1.80338	-4.03001	-0.354745	1.77265e-05	0.00033251	-5.15838e-05	0.000119616	-6.90164e-05	5.11747e-05	0.547774	1.27623	0.54235	0.1	0.0198287
-1.92753	-0.413626	0.672275	-7.71663e-05	3.24695e-05	-1.66826e-06	-0.000188687	-5.14826e-07	7.662e-05	0.547358	1.27333	0.541939	0.1	0.0243921
-0.85943	-0.136628	0.727836	-7.3408e-05	-5.24844e-05	-7.14612e-06	3.6036e-05	-2.35156e-05	-8.75966e-05	0.546952	1.2705	0.541537	0.1	0.0202666
2.09908	0.37136	-1.24915	3.22905e-05	-4.97447e-05	-1.73962e-05	-1.74445e-05	-8.09297e-07	-6.57874e-05	0.546649	1.26839	0.541237	0.1	0.0243178
1.20428	2.62276	-1.8214	-1.97931e-05	-0.000198604	3.72468e-05	-9.93354e-05	5.35268e-05	0.000174233	0.545348	1.25936	0.539949	0.1	0.0207309
-2.42164	-2.41658	0.435599	-2.71606e-05	0.000219868	7.81987e-07	8.28556e-05	-3.01961e-05	-6.32412e-05	0.545169	1.25811	0.539771	0.1	0.0219023
-0.0560937	-3.16289	-2.02918	1.05007e-07	0.000322234	2.29257e-05	-1.80714e-05	-0.000147136	-7.4944e-05	0.544719	1.255	0.539326	0.1	0.0184871
-0.627576	3.381	1.30301	1.95357e-05	-0.000333988	-2.27024e-05	6.05051e-05	0.000128352	-8.5204e-05	0.543689	1.24789	0.538306	0.1	0.0188165
2.17895	-2.53467	2.16596	8.86322e-05	0.000314744	4.50627e-05	-3.26083e-05	-4.51648e-05	5.56669e-05	0.541854	1.2353	0.536489	0.1	0.030029
1.50089	-2.03774	-1.29908	-1.93822e-05	0.000219799	4.32698e-05	8.84987e-06	4.65588e-05	-2.37669e-05	0.540595	1.22671	0.535243	0.1	0.0265346
2.11533	2.86729	-1.30217	-2.95169e-05	-0.000319653	5.75765e-06	-0.000239238	-5.63791e-05	0.000150932	0.540372	1.22519	0.535022	0.1	0.0195945
0.242374	2.25269	-2.12213	1.25769e-05	-0.000259811	6.19712e-05	-8.29376e-05	-8.4449e-05	-9.00142e-05	0.540364	1.22514	0.535014	0.1	0.0175728
1.53285	1.89594	1.5375	-1.61621e-05	-8.39799e-05	3.75217e-05	-7.05925e-05	3.13521e-05	0.000132252	0.537534	1.20599	0.532212	0.1	0.0220846
1.81555	-3.01488	-0.0136319	-2.954e-05	0.000274763	1.49711e-05	2.56178e-05	0.000101143	5.87979e-05	0.536704	1.20041	0.53139	0.1	0.022505
-1.68219	1.62655	0.941026	-1.52013e-05	-8.42601e-05	9.53346e-05	0.000160261	-2.47332e-05	5.39753e-05	0.536645	1.20002	0.531332	0.1	0.0215188
0.661358	-1.89547	0.210564	1.4583e-05	0.000215131	5.59775e-05	5.74606e-05	-3.70434e-06	3.48956e-05	0.536462	1.19879	0.53115	0.1	0.021184
0.369378	3.53283	1.65344	-3.84904e-06	-0.000380626	8.52597e-06	-7.5842e-06	-0.000165775	5.37947e-05	0.53632	1.19784	0.53101	0.1	0.0235297
-1.13645	-2.6116	0.0581838	-4.04969e-05	0.000291838	-1.44262e-06	-3.76791e-05	1.9272e-06	-0.00017893	0.535344	1.19131	0.530044	0.1	0.0187435
-0.265216	-2.51967	-1.20057	-3.3702e-05	0.000349345	2.17996e-05	-0.000140745	7.74657e-05	-0.000136257	0.534798	1.18767	0.529503	0.1	0.0178352
1.35468	3.90818	1.56882	-3.44363e-05	-0.000379929	5.86624e-05	-3.34535e-05	5.89543e-05	-5.19461e-05	0.534761	1.18742	0.529466	0.1	0.0189444
0.799426	1.54524	-0.446892	-4.2431e-05	-0.000243928	-5.46064e-05	0.000286895	-0.000345624	-0.000282992	0.534328	1.18454	0.529038	0.1	0.019737
-1.44441	3.80539	0.0641181	-7.33413e-05	-0.000308547	1.42776e-05	7.87394e-05	0.000104863	1.64799e-05	0.533494	1.179	0.528212	0.1	0.0190392
-0.509463	1.96884	-1.32058	-3.18981e-05	-0.000289356	-1.39957e-05	0.000113903	6.39023e-05	0.000132368	0.533315	1.17782	0.528035	0.1	0.0179796
-0.363567	3.56316	-0.828226	-5.37804e-05	-0.000343613	-3.1528e-05	-2.85422e-05	6.13406e-06	3.54466e-05	0.533292	1.17767	0.528012	0.1	0.0182667
-2.01882	-1.19989	-2.14097	2.32891e-05	4.21666e-05	-0.000187867	-0.000191522	-8.80441e-05	-6.0567e-05	0.533023	1.17589	0.527746	0.1	0.022887
-1.75694	-3.14368	-2.20635	-2.22496e-05	0.000317594	-1.15573e-05	-5.8582e-06	0.0001089	0.000108233	0.53279	1.17434	0.527515	0.1	0.0261296
-0.0118104	-2.53873	1.01917	5.18573e-05	0.000276929	-2.77744e-05	-8.00909e-06	-4.05479e-05	-8.54929e-05	0.532572	1.1729	0.527299	0.1	0.0263124
-1.45113	3.60178	-1.71267	-2.26503e-05	-0.000326086	1.25642e-05	-0.000158228	8.51302e-05	-5.39594e-05	0.532055	1.16949	0.526787	0.1	0.0216271
0.455762	3.26841	-2.32784	-1.67835e-05	-0.000302371	1.92561e-05	-1.93137e-05	2.33233e-05	0.000141444	0.531483	1.16572	0.526221	0.1	0.0259207
2.41536	0.169686	-2.48157	2.67872e-05	1.50728e-06	-3.27347e-06	-4.5651e-05	7.61045e-06	-7.13049e-05	0.530981	1.16242	0.525724	0.1	0.0212188
-0.176115	-1.2046	-1.7566	2.57272e-05	0.000166015	-8.0883e-05	8.92786e-05	6.00881e-05	5.74278e-05	0.53052	1.15939	0.525267	0.1	0.0207847
-0.932735	-3.50758	0.584579	6.44766e-06	0.000415193	1.44541e-05	4.95604e-05	6.91102e-05	-0.000142867	0.529592	1.15332	0.524349	0.1	0.0188584
-0.0727412	-3.62143	1.378	-2.77944e-05	0.000381739	-2.29422e-05	5.24344e-06	-2.13263e-05	7.56003e-05	0.528499	1.14619	0.523266	0.1	0.0225728
2.04852	0.788047	-0.241481	-2.2812e-05	2.14125e-05	6.93061e-05	5.04e-05	0.000168678	0.00012735	0.527475	1.13954	0.522252	0.1	0.0244564
0.558063	3.56046	-1.32774	-5.25324e-05	-0.00032453	1.68918e-05	7.99923e-05	-7.69324e-05	-1.54712e-05	0.527182	1.13765	0.521962	0.1	0.0197423
-2.41672	0.790559	0.654733	8.74354e-06	-4.48233e-05	4.90528e-05	0.000201588	-9.67395e-05	4.46801e-05	0.527004	1.1365	0.521786	0.1	0.0275882
2.41508	-1.16761	1.7617	-7.36787e-05	0.000294729	6.7229e-05	0.000111306	0.00019892	-0.000184509	0.526785	1.13507	0.521569	0.1	0.0205271
0.0800738	-3.36224	0.378882	-1.444e-05	0.000290958	-2.53956e-05	1.62506e-06	2.83662e-05	-8.57734e-05	0.526637	1.13412	0.521423	0.1	0.0179694
0.543929	2.76366	0.961208	2.00161e-05	-0.000333912	-1.80272e-05	0.000118705	0.000118688	-5.24829e-06	0.524764	1.12206	0.519568	0.1	0.0171445
-2.43649	3.92034	0.37352	-5.45433e-05	-0.000328763	1.57298e-05	-0.000311358	-9.92522e-05	0.000116346	0.523709	1.11531	0.518524	0.1	0.0240218
-2.48698	3.72618	-1.76034	-2.0903e-05	-0.000340353	1.37405e-05	0.000176316	-9.01006e-05	-0.000112323	0.523479	1.11384	0.518296	0.1	0.0186824
1.49483	0.94138	2.04486	8.40728e-05	-8.17546e-05	-3.16572e-05	-2.13002e-05	-0.000192874	2.00594e-05	0.521989	1.10436	0.516821	0.1	0.0192694
-1.84011	-1.89647	-0.275012	-5.04496e-05	0.000231548	7.52996e-07	0.000248939	0.000336436	-0.000281896	0.521432	1.10083	0.516269	0.1	0.0214806
-0.404741	1.81366	1.46748	4.17542e-06	-0.000275538	-6.07926e-05	1.20994e-05	1.59777e-05	-3.21905e-05	0.521217	1.09946	0.516056	0.1	0.0235751
-2.00556	-3.90802	1.84261	3.70907e-05	0.00038465	-1.99815e-05	-5.36127e-05	6.92812e-05	4.68818e-05	0.518617	1.08309	0.513482	0.1	0.0167655
2.09013	-0.0956546	0.465704	-5.07532e-05	4.59402e-05	1.40844e-05	-0.000109504	0.000111161	-0.000207184	0.517898	1.07859	0.51277	0.1	0.021955
2.33674	-1.07439	-0.933223	-9.8452e-06	8.70934e-05	5.07213e-05	0.000283629	0.000180965	0.000157978	0.517716	1.07746	0.51259	0.1	0.0241266
1.57197	3.75924	-1.34287	-5.53793e-05	-0.000374189	-4.29781e-05	4.25455e-05	0.000214413	-9.4699e-05	0.5171	1.07361	0.51198	0.1	0.0169481
-1.86992	2.68363	-1.4766	-2.9509e-05	-0.000267012	6.84293e-05	6.2625e-05	-2.07767e-05	-6.23416e-06	0.516716	1.07123	0.5116	0.1	0.0211599
-1.94473	0.346236	-0.816205	5.83495e-06	-6.22908e-05	-1.8082e-05	-5.45619e-05	-2.66286e-05	-2.11573e-05	0.515931	1.06635	0.510823	0.1	0.0246162
1.15238	3.2361	-0.548321	-6.48999e-05	-0.000394844	-6.99774e-06	-0.000133765	0.000178223	-0.00026584	0.515901	1.06617	0.510793	0.1	0.0142504
1.54207	2.07289	-0.943402	5.36064e-05	-0.000297964	9.13595e-05	0.000226402	0.000362949	-0.000142437	0.51576	1.06529	0.510653	0.1	0.0169132
-1.90998	-2.07065	1.95505	6.59305e-05	0.000264734	-1.38401e-05	-9.31456e-05	0.000110192	-0.000118766	0.514995	1.06056	0.509896	0.1	0.0266459
-0.427629	3.53231	-1.86139	-3.40462e-05	-0.000390389	-1.23405e-05	-6.60173e-05	-4.67447e-05	4.9956e-05	0.514003	1.05444	0.508914	0.1	0.0208911
0.732448	0.111454	2.46289	4.51781e-05	2.28971e-07	-3.44003e-06	4.30453e-05	5.38546e-05	-5.49018e-05	0.512599	1.04583	0.507524	0.1	0.0190005
0.541566	-0.345427	1.57912	-1.44046e-05	0.000114374	-2.9867e-05	0.000100882	2.54032e-05	-3.90411e-05	0.51184	1.04118	0.506772	0.1	0.0185873
-2.05746	-3.53609	-1.29987	4.33308e-05	0.000407025	3.27651e-05	-0.000166695	9.68729e-07	-0.000109075	0.511673	1.04017	0.506607	0.1	0.0217948
-0.449758	0.825254	0.698559	7.14272e-06	-0.000116816	-9.18746e-06	1.29208e-05	0.000203203	-0.000108974	0.511494	1.03908	0.50643	0.1	0.0240562
0.878895	-3.22926	-1.51275	1.238e-05	0.000330272	6.30341e-05	1.03367e-05	-9.18616e-05	0.000103256	0.510448	1.03272	0.505394	0.1	0.0178952
-1.24432	3.50732	2.137	-6.57322e-05	-0.000365097	-7.66027e-05	-1.94876e-05	-0.000180922	-0.000227973	0.509646	1.02785	0.5046	0.1	0.0220173
0.830219	-2.76872	-2.40765	1.07108e-05	0.000272922	5.14351e-05	-0.000114022	3.7119e-05	5.65814e-05	0.508542	1.02119	0.503507	0.1	0.020562
-0.638144	-0.435351	-2.25439	7.21125e-06	0.000136473	-4.00658e-05	-0.000200469	0.000218221	-0.000145329	0.508425	1.02048	0.503391	0.1	0.0186028
1.44188	-0.431395	-1.34091	9.46329e-05	-8.34938e-05	5.17032e-05	-0.000158025	2.80218e-05	0.000219332	0.506867	1.01114	0.501849	0.1	0.0196047
1.37345	1.81251	-2.4475	3.47711e-05	-0.000141946	2.34478e-05	0.000171011	5.2375e-05	3.0464e-05	0.505037	1.00022	0.500037	0.1	0.0188611
-1.19928	2.72202	-2.23883	-0.000110491	-0.000292465	6.47081e-06	-0.000204769	0.000380872	-3.88783e-05	0.504957	0.999745	0.499957	0.1	0.0228797
-2.29784	-3.42856	-0.330366	-2.66966e-05	0.000410649	-5.08299e-06	0.000162048	-0.000142579	7.51774e-05	0.504939	0.999642	0.49994	0.1	0.0191905
-0.176909	-0.439314	-1.07882	6.43846e-05	5.21898e-05	-8.99757e-06	0.000151134	3.83002e-05	-6.08538e-05	0.504901	0.999415	0.499902	0.1	0.0174817
0.426892	-0.353077	-0.287566	3.99236e-05	3.36471e-06	2.69449e-06	9.49413e-05	-0.000118111	-0.0001058	0.504788	0.998742	0.49979	0.1	0.0157747
0.692064	-0.698661	-1.94357	9.53881e-05	4.46601e-05	3.42571e-05	0.000322796	-7.42664e-05	-0.000391693	0.503937	0.993701	0.498948	0.1	0.0201416
-1.00652	-2.25653	1.41677	1.21371e-05	0.000310925	2.3457e-05	-0.000107553	-5.33586e-05	-0.000128436	0.503345	0.990196	0.498361	0.1	0.0187401
-1.03385	0.372933	-1.80112	7.69079e-05	-6.07491e-05	-0.000101323	-0.000110812	-8.66335e-05	0.000104534	0.503196	0.989325	0.498214	0.1	0.0188151
1.33115	-1.47776	-0.448699	-4.27936e-07	0.000191181	5.25388e-05	5.03826e-05	2.54623e-06	-1.89489e-05	0.502585	0.985721	0.497609	0.1	0.0203857
-0.919073	0.81915	-0.186673	-1.28989e-05	-0.000142299	2.1337e-05	-0.000130127	-0.000139768	-6.8914e-05	0.501771	0.98094	0.496803	0.1	0.0191801
0.271514	-2.6686	-0.338164	-9.32848e-06	0.000298236	1.69951e-05	9.98854e-05	0.000100083	-8.85839e-05	0.501401	0.978774	0.496437	0.1	0.0209366
2.33424	-1.47583	0.789841	-1.61076e-05	0.000180062	3.7389e-05	-2.40939e-05	4.17431e-05	2.54047e-05	0.501352	0.978484	0.496388	0.1	0.0174334
-1.54692	1.41595	2.25443	1.83115e-05	-0.000110191	6.44751e-06	3.4505e-05	0.00014606	8.90614e-05	0.501333	0.978374	0.496369	0.1	0.019416
-0.42791	2.79502	2.129	5.27163e-05	-0.00022236	1.58153e-05	-0.000340133	0.000116934	-0.000171228	0.500305	0.972365	0.495351	0.1	0.0228634
1.75199	-1.93655	1.44403	1.52417e-05	0.000214442	4.08173e-05	-3.6042e-05	1.59442e-06	1.54387e-05	0.500134	0.971369	0.495182	0.1	0.0141002
-0.33722	-2.13173	-2.14458	2.72993e-05	0.000180314	-3.29936e-05	-0.000184037	-0.000118205	-9.29528e-05	0.500114	0.971254	0.495162	0.1	0.0228932
1.21033	3.94481	-2.42001	-4.83679e-05	-0.000319413	3.50892e-05	-7.26917e-05	-9.57476e-05	-0.000101815	0.499003	0.964792	0.494062	0.1	0.0201628
0.502123	-1.91938	-1.50708	1.86994e-05	0.000225512	-2.30289e-05	-0.00016695	-0.000183258	-8.47675e-06	0.49838	0.96119	0.493446	0.1	0.0175884
-0.117788	-1.24322	0.107769	4.91043e-05	0.000191189	-8.98514e-06	-0.000117453	-0.000140808	-5.15143e-05	0.498014	0.959069	0.493083	0.1	0.0158483
-1.11347	-1.58463	-1.86386	1.63074e-05	0.000216115	-8.05542e-05	-0.000100785	-7.25522e-05	-0.000162813	0.49782	0.957951	0.492891	0.1	0.0209002
1.51199	-3.31224	2.11282	6.92943e-05	0.000394665	2.6085e-05	-7.63146e-06	-3.37546e-05	-0.000172484	0.497807	0.957872	0.492878	0.1	0.0175965
-2.27534	2.69861	-0.492703	-2.21804e-05	-0.000247247	8.52283e-06	4.23315e-05	0.000100858	-0.000194247	0.497805	0.957862	0.492876	0.1	0.0226615
-1.62494	-2.84868	0.922152	-8.55528e-06	0.00035461	2.03989e-05	-0.000164474	2.2465e-05	0.000314738	0.496356	0.949524	0.491442	0.1	0.0159141
-1.29671	2.68114	0.961296	-4.28856e-06	-0.000297402	2.80616e-05	-7.61841e-05	-2.95838e-05	3.8618e-05	0.495653	0.945496	0.490746	0.1	0.0182364
-0.918784	-3.7132	-2.13542	-9.22338e-06	0.00038535	-5.42742e-05	-8.94181e-06	-2.52924e-05	-4.85441e-05	0.495534	0.944815	0.490628	0.1	0.0199503
-1.34844	-3.43691	-0.604896	-3.50583e-05	0.000421484	5.97137e-05	-0.000152732	1.59264e-05	-3.97523e-05	0.49547	0.944444	0.490564	0.1	0.0171818
-1.26466	2.29824	1.86862	-7.61152e-05	-0.000293573	1.51429e-05	0.000196902	-0.000478259	1.8983e-05	0.495413	0.94412	0.490508	0.1	0.0203572
2.4243	1.89594	-1.37839	6.87449e-05	-0.000271927	9.89067e-05	0.000111865	-5.24473e-05	7.0883e-05	0.493724	0.934499	0.488836	0.1	0.016837
-1.72388	1.76723	-1.84364	4.585e-05	-0.000189618	1.02743e-05	5.94156e-05	5.18364e-05	0.000179344	0.493582	0.933695	0.488695	0.1	0.015565
0.806457	1.65985	-1.50866	-8.53444e-06	-0.000204684	0.000108027	0.000125188	-0.000119768	0.000302888	0.493482	0.933124	0.488596	0.1	0.0209828
0.884726	0.522605	-0.428369	-6.74445e-05	-7.86488e-05	-2.41313e-05	-0.000193533	0.000259891	-0.000349224	0.49325	0.93181	0.488366	0.1	0.0218029
0.684489	4.0271	0.814055	-2.32301e-05	-0.000470179	4.3405e-05	-0.00017282	-8.51733e-05	9.65172e-05	0.492733	0.92888	0.487854	0.1	0.0185765
0.153198	0.0426327	0.596985	2.68776e-05	-8.31753e-05	-1.6233e-05	-7.4104e-05	-9.43663e-05	0.00020395	0.492579	0.928012	0.487702	0.1	0.0178715
1.26823	2.6763	0.267571	1.73429e-05	-0.00034966	-1.45987e-05	5.86769e-05	4.89377e-05	0.000242355	0.492206	0.925909	0.487333	0.1	0.0147722
0.757192	0.246184	-1.55314	5.51841e-05	-0.000158942	1.70311e-05	0.000552539	-0.000502019	7.26961e-05	0.490982	0.919016	0.486121	0.1	0.0218174
-1.21404	-2.23701	-0.978796	-5.31752e-05	0.000256616	-5.84742e-06	-0.000272815	-0.000312721	4.22286e-05	0.490889	0.918492	0.486029	0.1	0.021046
-0.400816	-0.642917	1.49181	3.35508e-05	-1.85985e-05	-8.6179e-05	4.44908e-06	0.000212215	0.000264998	0.490378	0.915628	0.485523	0.1	0.0211577
1.57801	-2.87769	1.23815	-5.32643e-05	0.000296789	-0.000218084	0.000676031	0.000499444	-5.42993e-05	0.489482	0.910617	0.484636	0.1	0.0202972
-2.19535	2.79581	1.31946	1.62323e-05	-0.000223981	2.47833e-05	-0.000214366	5.52355e-05	-9.80124e-05	0.489469	0.910544	0.484623	0.1	0.015432
2.26499	-2.46413	-1.8205	-5.53302e-06	0.000254733	4.26174e-05	0.000162739	-0.000110567	2.54415e-05	0.489084	0.908401	0.484242	0.1	0.0170782
-2.1561	1.00517	1.60225	1.63731e-05	-0.000134814	6.35784e-05	1.39537e-05	0.000164653	0.000142986	0.488971	0.907768	0.48413	0.1	0.0223642
0.972393	-1.96956	2.03392	1.3331e-05	0.000209872	8.23945e-06	-1.36993e-05	-6.09524e-06	-0.000105346	0.4888	0.906812	0.48396	0.1	0.0192187
1.58844	-2.1758	0.506284	8.20506e-06	0.000245867	2.78438e-05	-9.15855e-06	6.76863e-05	4.49394e-06	0.488326	0.904178	0.483491	0.1	0.0196114
-0.719023	-0.541886	-0.200764	6.34204e-06	9.94784e-05	-3.06513e-05	0.000236868	-5.96131e-05	0.000338552	0.48828	0.903926	0.483446	0.1	0.015919
-2.01437	3.01399	0.39487	1.30626e-05	-0.000259766	4.76416e-05	0.000252744	-6.17737e-06	2.67223e-05	0.488206	0.903513	0.483372	0.1	0.0231364
1.58343	-3.69101	0.703407	8.47165e-06	0.000324995	3.92046e-05	-0.000227085	-0.000275291	0.000223461	0.488125	0.903063	0.483292	0.1	0.0202011
0.0489207	1.66885	0.590592	5.56633e-05	-0.000187705	-3.9515e-05	-1.71302e-05	-3.27876e-05	-4.10281e-05	0.486774	0.895587	0.481954	0.1	0.0176842
1.40955	-0.443332	1.09886	-2.66743e-05	0.00014756	5.95774e-05	3.91479e-05	-2.07334e-05	5.93948e-05	0.486222	0.892545	0.481408	0.1	0.0155194
2.32445	-0.524113	-1.75988	8.15915e-05	6.41633e-05	3.2573e-05	-6.34024e-05	6.47778e-05	0.000168484	0.485931	0.890944	0.48112	0.1	0.0222482
-1.06641	-3.79952	1.53576	3.16744e-05	0.000452196	8.19674e-06	-7.11569e-05	-1.12429e-05	9.87191e-05	0.485684	0.889585	0.480875	0.1	0.0159223
2.10464	2.50708	0.721811	4.50783e-05	-0.000162113	-3.48937e-05	-0.000224941	7.52888e-06	9.08213e-05	0.485546	0.888831	0.480739	0.1	0.021132
-1.77888	-0.240455	-1.94938	5.29996e-05	1.62133e-06	-5.96359e-05	1.34278e-05	0.000115936	-0.000256151	0.484993	0.885791	0.480191	0.1	0.0209253
-0.643677	1.05525	2.18778	1.19813e-05	-5.90458e-05	-0.000138924	0.000171511	8.19628e-05	2.46367e-05	0.484263	0.881798	0.479468	0.1	0.0164889
-1.83076	-1.5337	-1.21059	-7.4366e-06	0.00023478	-0.000123061	0.000226907	-1.89346e-05	-2.2404e-05	0.483863	0.879615	0.479072	0.1	0.0223959
-1.7914	-1.85279	0.999788	-1.61586e-05	0.000175463	-1.75089e-05	-5.5766e-05	8.29022e-05	2.89953e-05	0.48386	0.879599	0.479069	0.1	0.0166566
1.71538	-0.131756	-0.449569	-1.6737e-05	4.19417e-05	2.45559e-05	2.17875e-05	-0.000171392	8.94945e-05	0.483476	0.877508	0.478689	0.1	0.0172666
0.515345	2.57924	1.94537	-4.0036e-05	-0.000346511	7.31011e-05	-0.00011858	6.5656e-05	-0.000103763	0.483004	0.874942	0.478222	0.1	0.0169798
0.295302	0.93853	-1.06959	-3.85881e-05	-0.00017129	-8.85822e-05	-0.000521084	-8.12417e-06	-0.000133651	0.482785	0.873753	0.478005	0.1	0.0189721
-1.2829	-1.21088	0.508644	-2.5648e-05	8.97329e-05	-9.39329e-05	2.06479e-07	0.000188804	-0.000246402	0.482566	0.872562	0.477788	0.1	0.0153902
-0.0226226	0.667925	1.56897	7.60206e-05	-0.000144935	-7.19412e-05	1.2567e-05	-0.000149952	-0.000130656	0.482132	0.870207	0.477358	0.1	0.0216173
1.94012	2.53957	2.19937	-8.97871e-05	-0.000133414	0.00012839	0.000278807	-0.000186726	-6.86072e-05	0.48194	0.869166	0.477168	0.1	0.0201555
-0.587757	2.65374	-0.477396	-4.75657e-06	-0.000259684	2.87441e-05	-0.000112391	5.24069e-05	1.84708e-05	0.481933	0.86913	0.477161	0.1	0.0223615
-1.42414	0.702951	0.63595	-1.26394e-05	-3.91143e-05	2.26105e-05	-3.80585e-05	0.000140081	-2.96559e-05	0.481479	0.866677	0.476712	0.1	0.0223102
1.03175	-3.3799	-0.529115	-5.24793e-05	0.000323533	3.48835e-05	2.72641e-05	-4.62717e-05	-0.000131312	0.480917	0.863644	0.476155	0.1	0.015163
-0.91788	-1.5638	2.18314	8.04788e-05	0.000176125	-6.68532e-05	4.43782e-05	0.000131956	-8.92154e-05	0.480468	0.861231	0.475711	0.1	0.018052
1.53838	0.451043	-2.09211	3.29427e-05	-2.89968e-05	3.57022e-06	0.000123307	-7.21808e-06	0.000119054	0.47986	0.857968	0.475109	0.1	0.0155151
0.475666	2.64203	-0.944692	-0.000142489	-0.000333827	6.67495e-05	-0.00011284	-0.000219099	-2.75926e-05	0.478966	0.853181	0.474224	0.1	0.0189435
1.21973	0.501677	1.20211	6.63555e-05	-1.41369e-05	-5.25643e-05	0.000124579	0.00016759	-0.00023071	0.478473	0.850548	0.473736	0.1	0.019226
-2.4562	0.0148547	1.50331	-5.31449e-05	0.000187756	5.07614e-05	0.0003285	0.000202955	-9.47165e-05	0.478412	0.850219	0.473675	0.1	0.0236483
-1.6926	1.38897	-0.0662376	-1.02634e-05	-0.00016934	-3.15917e-05	0.000108444	3.90843e-05	0.000116976	0.47793	0.847656	0.473198	0.1	0.0189529
-1.07542	-3.05973	-1.44749	1.49542e-05	0.000279136	2.13297e-05	0.000295136	-2.73806e-05	-6.97649e-05	0.477808	0.847007	0.473077	0.1	0.0273343
2.2234	3.54874	1.22513	-2.97082e-05	-0.000289825	1.98787e-05	0.000131078	1.14695e-05	0.000231991	0.477733	0.846607	0.473003	0.1	0.0217859
-2.03982	2.7376	2.26247	-9.10117e-05	-0.000294717	3.50746e-05	-5.5421e-05	-7.69388e-05	0.000168994	0.477694	0.846395	0.472964	0.1	0.0171742
-0.64823	1.94286	-2.47232	1.1476e-05	-0.000164453	5.58233e-05	0.000281083	9.76612e-05	-9.61273e-06	0.477155	0.843541	0.472431	0.1	0.0178915
-0.742721	3.14142	0.322081	-5.34662e-05	-0.000264754	1.43273e-05	-5.90159e-05	-9.2916e-05	-5.45752e-06	0.47715	0.843513	0.472426	0.1	0.0207233
-0.702847	0.135243	1.95924	-8.305e-06	-3.3887e-05	-0.000126833	-0.000179524	-5.22513e-05	-5.32655e-05	0.477062	0.843044	0.472339	0.1	0.0204642
-1.51101	0.0203114	1.48647	-5.71308e-05	2.84252e-06	-2.9626e-05	0.000155232	-2.92983e-05	-0.000284984	0.476857	0.841959	0.472136	0.1	0.0206477
1.23917	-1.11193	0.443947	1.40311e-05	0.000179321	5.7021e-05	-2.63591e-05	-3.56086e-05	-5.85258e-05	0.476785	0.841575	0.472064	0.1	0.0149084
-0.35926	3.90623	2.22729	-3.95054e-05	-0.000430393	-4.61454e-05	-4.73317e-05	9.53519e-05	8.54403e-05	0.475355	0.834028	0.470649	0.1	0.0198105
-1.67565	-0.812	1.93478	1.30398e-05	0.0001324	-9.98783e-05	0.000125019	0.000140553	0.000249967	0.475269	0.83357	0.470563	0.1	0.0187787
-1.65779	0.459504	2.30462	2.73378e-05	-7.51142e-05	-9.72365e-06	3.88346e-05	1.91228e-05	-9.41194e-05	0.474862	0.83143	0.47016	0.1	0.0183621
2.02499	-2.82955	-0.973331	-9.75806e-06	0.000284112	5.21368e-05	-4.98143e-06	-0.000177855	0.000143936	0.474508	0.829578	0.46981	0.1	0.0206672
-2.17447	1.94712	1.75074	-3.19619e-05	-0.000142284	9.94618e-05	-1.16626e-05	2.67297e-05	-4.25306e-05	0.474403	0.829024	0.469706	0.1	0.0194975
-2.37843	-0.371202	-0.311788	-2.30845e-05	6.43982e-05	5.14848e-05	-0.000219053	-9.46322e-05	-3.53127e-05	0.473731	0.82551	0.469041	0.1	0.02298
-1.07279	-0.073896	-0.946899	1.61616e-05	1.63565e-05	-6.81461e-05	-0.00038872	7.85348e-06	-0.000268773	0.47183	0.815609	0.467158	0.1	0.0189576
0.692791	-3.07078	1.67729	3.70875e-05	0.000258424	2.30506e-05	-0.00027697	0.000106371	0.000354736	0.471086	0.811759	0.466422	0.1	0.0164279
-0.44084	-2.0245	-0.342543	-2.91965e-05	0.000243668	-1.28224e-05	-0.000166654	-0.000119761	0.000199234	0.470528	0.808876	0.465869	0.1	0.0230599
-2.14489	-2.41147	-1.06738	-3.89987e-05	0.000278692	-4.20543e-05	-0.000347017	0.000216902	-9.19588e-05	0.470355	0.807987	0.465698	0.1	0.0167837
0.474291	3.36143	0.141755	2.65594e-05	-0.000384489	6.59001e-05	2.79103e-05	7.24404e-05	0.000361338	0.470211	0.807242	0.465555	0.1	0.0178013
-1.15779	-2.42929	2.45753	3.00308e-05	0.000227849	-3.92465e-05	-7.83057e-05	-1.99495e-06	-0.000118227	0.47002	0.806259	0.465366	0.1	0.0201248
0.539728	1.03799	2.24662	8.91407e-05	-2.96584e-05	-7.90022e-05	-0.000236432	0.000107057	-7.51099e-05	0.46956	0.803896	0.464911	0.1	0.0163457
-0.101827	-1.10678	2.26259	8.12767e-05	0.000123276	-5.68195e-05	-0.000198755	-0.000223868	1.56197e-05	0.469458	0.803373	0.46481	0.1	0.0188378
-0.626735	-1.87701	0.613465	1.36678e-05	0.000160351	-9.80982e-05	6.03528e-06	-0.00021412	0.000421304	0.469446	0.803307	0.464798	0.1	0.020918
-0.793926	1.74353	-0.397808	2.95267e-05	-0.000205758	2.22594e-05	9.84404e-05	-7.12579e-05	2.32056e-05	0.468782	0.799905	0.464141	0.1	0.0173027
1.13343	-0.0485461	0.288314	-3.78448e-05	4.89832e-05	4.04772e-05	-0.000177392	-4.65137e-05	0.000179152	0.467379	0.792743	0.462751	0.1	0.0171336
1.80966	-0.359536	1.94752	-2.62636e-06	6.72257e-05	2.3829e-05	0.000157612	0.000112228	1.08348e-05	0.467217	0.791923	0.462591	0.1	0.018787
-0.189806	-2.15264	1.91123	4.89718e-05	0.000196183	-1.14134e-05	0.000195713	7.11155e-05	0.00019347	0.466675	0.789165	0.462054	0.1	0.0167515
1.63977	1.2078	-1.55127	4.55379e-05	-5.71881e-05	2.3948e-05	-2.78466e-05	0.000253921	9.87493e-08	0.466232	0.786924	0.461616	0.1	0.0145485
-0.695324	2.21212	0.392752	1.24778e-05	-0.000247245	2.38023e-05	1.93937e-05	0.000153478	0.000171805	0.466205	0.786785	0.461589	0.1	0.0179037
-0.90292	2.87456	-1.33218	-4.32108e-05	-0.000317637	3.68173e-05	-7.41178e-05	9.81309e-05	-0.000124035	0.466076	0.786131	0.461461	0.1	0.0154927
0.911956	-2.8431	0.353967	-3.36518e-06	0.000231584	2.20587e-05	4.39424e-05	-0.000109614	-2.67451e-05	0.465707	0.784266	0.461096	0.1	0.0222626
-1.8402	-2.19371	-1.9528	-3.1178e-05	0.000286929	2.16003e-06	2.15302e-05	0.000241445	1.47219e-05	0.465684	0.784148	0.461073	0.1	0.0216467
-1.43046	2.377	-0.177819	-1.94565e-06	-0.000258348	4.04557e-06	4.21346e-05	-0.000122084	1.53713e-05	0.46529	0.782163	0.460683	0.1	0.0158986
1.96861	1.77441	0.0508119	7.96607e-06	-0.000129445	-0.000138638	-0.000359205	-0.000625516	-0.000252734	0.464712	0.779251	0.460111	0.1	0.0166182
0.814859	-1.05284	2.17638	5.0407e-05	0.000183032	-2.71401e-06	-1.94412e-05	8.65639e-05	0.00010216	0.464331	0.777336	0.459734	0.1	0.0135153
1.79341	-1.63869	2.35401	-3.25806e-05	0.000234635	4.89834e-05	0.000117837	-7.069e-05	0.000210367	0.463321	0.772277	0.458734	0.1	0.0145527
-2.19776	2.10432	0.244193	-8.58342e-07	-0.000219779	3.02705e-06	-0.000109468	0.000115796	-5.15683e-05	0.462664	0.768994	0.458083	0.1	0.0172103
0.561301	1.85646	1.35452	5.88483e-06	-0.000254102	-6.59505e-06	0.000359407	-3.20247e-05	0.00026063	0.462514	0.768246	0.457935	0.1	0.0131803
2.05233	-1.03411	-0.00632727	-3.60146e-05	0.000138219	5.83997e-05	1.25181e-05	-2.05067e-05	3.21353e-06	0.462457	0.767963	0.457878	0.1	0.0160606
1.00377	-1.34697	1.33113	2.04088e-05	0.000187693	-3.422e-07	-1.7691e-05	2.10986e-05	6.13735e-05	0.460448	0.757998	0.455889	0.1	0.0150537
2.02908	-3.50114	-1.60705	3.26215e-05	0.000370479	-1.47083e-06	0.000187846	-6.61338e-06	-0.000217688	0.4597	0.75431	0.455149	0.1	0.0132212
2.05395	3.15332	0.0477925	-4.57356e-06	-0.00034154	-0.000198661	-0.00027387	-0.000109332	0.000168215	0.459434	0.752999	0.454885	0.1	0.0218294
-1.54578	-3.05691	1.84003	-1.94981e-05	0.000403085	1.43207e-05	0.000132949	-0.00013963	7.00917e-05	0.45935	0.752587	0.454802	0.1	0.0225759
0.156993	-1.53978	0.97801	2.93238e-05	0.000164921	7.32698e-05	9.34404e-05	-6.29399e-06	-0.000148695	0.459269	0.752192	0.454722	0.1	0.0156534
-2.48058	1.94206	-2.37799	2.48431e-05	-8.25623e-05	9.87868e-05	5.99201e-05	0.000107299	-0.000346286	0.459266	0.752174	0.454719	0.1	0.0185062
-0.176587	0.341245	-0.5338	2.18506e-05	-4.00414e-05	6.58624e-05	7.70034e-05	9.40778e-05	0.000271364	0.459194	0.751823	0.454648	0.1	0.0189167
1.46068	3.02584	1.15279	-6.78722e-06	-0.000293827	-2.90849e-05	0.000288306	1.21576e-05	0.000195371	0.459118	0.751448	0.454572	0.1	0.019465
2.18447	1.10189	-2.29192	-1.07692e-05	-4.01055e-05	3.92331e-05	0.000135027	3.23471e-05	0.000194203	0.459006	0.750894	0.454461	0.1	0.0146029
2.08134	-1.42318	-1.80864	1.86476e-05	0.000122877	3.749e-05	9.87666e-05	0.000152888	-0.000327866	0.458587	0.748846	0.454047	0.1	0.0224914
-1.46297	3.14977	-0.664824	-1.90712e-05	-0.000288384	1.017e-05	-4.2777e-05	-8.61646e-05	0.000157701	0.458044	0.746189	0.453509	0.1	0.0187
2.33802	1.65675	1.0241	-4.71398e-06	-0.000102172	9.07239e-05	-3.03298e-05	-0.000134051	-0.000132513	0.458039	0.746161	0.453504	0.1	0.0160068
-2.13953	3.75023	-0.625362	-1.727e-05	-0.000342023	-6.5992e-05	6.95324e-05	-0.00017443	-0.00013469	0.457054	0.74136	0.452529	0.1	0.0204107
-1.43684	0.0379928	-0.0612576	-7.23256e-05	-5.61575e-05	-3.65048e-06	9.28433e-06	-9.14152e-05	-6.31726e-05	0.456744	0.739852	0.452222	0.1	0.0180645
1.17563	-2.41204	-0.447376	-2.33686e-05	0.000233456	2.7393e-05	-2.33703e-05	-9.46365e-05	-2.65104e-05	0.456538	0.738849	0.452018	0.1	0.0150872
2.3846	-3.46082	2.44137	5.10211e-05	0.000313638	3.05846e-05	0.000180306	5.83966e-06	4.07824e-05	0.456295	0.737671	0.451777	0.1	0.0176675
-1.66138	-0.747433	-0.74714	-2.06442e-05	0.000111869	3.8954e-05	0.000218367	0.000150596	0.000116384	0.4556	0.734306	0.451089	0.1	0.0196279
-0.642024	-3.00475	1.86969	1.81301e-06	0.000337452	2.90203e-05	-1.38721e-05	0.000257972	2.32903e-05	0.45547	0.733674	0.45096	0.1	0.0137614
0.164476	2.2266	-0.146207	2.46569e-05	-0.000208961	-3.47237e-05	7.83983e-06	0.000130734	3.19258e-05	0.455436	0.733515	0.450927	0.1	0.0146111
1.67099	1.14856	0.64066	-8.95525e-05	1.19622e-05	-5.1672e-05	-3.37648e-05	0.000398452	0.000141197	0.45531	0.732903	0.450802	0.1	0.0144183
0.907285	-2.23305	1.14103	3.38941e-05	0.000223664	1.9223e-05	4.27564e-05	-5.91066e-05	1.04801e-06	0.455197	0.732356	0.45069	0.1	0.0147314
1.08116	3.98284	-0.772114	-1.1089e-05	-0.000432482	-4.67599e-06	0.000178483	-0.000168156	0.000256302	0.277675	0.16624	0.274926	0.1	0.00634936
1.4897	2.01241	0.568507	0.000131392	-0.000223223	0.000177194	-0.000931693	2.43614e-05	-9.99342e-06	0.277411	0.165765	0.274664	0.1	0.00878783
1.83784	-2.23314	-0.207957	-2.91722e-05	0.000280483	1.80396e-05	-2.48819e-05	-4.31413e-05	-0.000159942	0.277355	0.165667	0.274609	0.1	0.0134133
-1.11677	1.6102	0.355697	1.42402e-06	-0.000245232	8.5022e-07	0.00020321	-5.53447e-05	-0.000296876	0.277213	0.165412	0.274468	0.1	0.0144336
0.92772	3.88902	-0.176707	9.10456e-05	-0.000363704	-2.15404e-05	0.000168439	-0.000107274	9.35429e-07	0.276217	0.163635	0.273482	0.1	0.00844938
-0.754992	-3.02872	-2.41764	2.97982e-05	0.000321925	3.11278e-06	4.94311e-05	-0.000311044	0.000237172	0.275638	0.162608	0.272909	0.1	0.00936476
0.689282	-3.79734	1.83076	-0.000149944	0.00022598	5.51592e-05	0.000251102	-0.000232681	0.000937812	0.275408	0.162201	0.272681	0.1	0.0105414
1.63056	-0.825636	-0.707964	4.75012e-05	7.42753e-05	8.40103e-05	-0.000232269	-0.000279683	-0.000244548	0.275341	0.162083	0.272615	0.1	0.00696285
-1.92742	-0.229346	2.31352	-2.31642e-05	-7.25584e-06	-1.98394e-05	6.89081e-05	0.000109303	-5.58389e-07	0.275341	0.162083	0.272615	0.1	0.0116216
-1.33714	-3.79706	2.23585	1.53141e-05	0.00042671	-3.60143e-05	0.000164047	-5.34872e-05	9.20693e-05	0.275089	0.161637	0.272365	0.1	0.00877159
0.234644	-3.85007	-1.69803	0.0001003	0.000245468	-5.27499e-05	-0.000590259	-4.02373e-05	-0.000594261	0.275056	0.161582	0.272333	0.1	0.010526
1.97388	1.71167	-1.96203	2.08745e-05	-3.49914e-05	7.16361e-05	0.00073767	0.000234109	-0.000457886	0.274446	0.160509	0.271729	0.1	0.00589672
-0.722397	0.964276	-1.42721	1.94698e-05	-0.000129006	-5.64448e-05	0.000455036	0.000173881	2.55673e-05	0.274411	0.160446	0.271694	0.1	0.00675711
-1.28191	0.694077	1.70006	-2.86296e-05	-6.04841e-05	0.000101318	0.000191815	-8.65429e-05	0.000322318	0.274202	0.16008	0.271487	0.1	0.0107064
1.41427	-1.98547	-2.12969	-2.96301e-05	0.000279968	5.8536e-05	-0.000391773	-0.000112268	0.000234384	0.274042	0.159801	0.271329	0.1	0.0120675
2.07615	-1.76289	-0.0673338	2.27212e-05	0.000241314	6.56093e-05	0.000306521	0.000225935	6.51091e-06	0.273887	0.159529	0.271175	0.1	0.0150435
1.43169	2.98222	1.87607	-0.000168101	-0.000347895	-4.18498e-05	-0.000349089	-0.000714146	0.00136919	0.273679	0.159166	0.270969	0.1	0.0137461
1.47755	-3.57281	-1.09619	-5.18273e-06	0.000421498	3.60238e-05	0.00017212	-8.09058e-05	8.91246e-05	0.273477	0.158813	0.270769	0.1	0.0121031
0.656985	1.58547	-2.28282	5.52668e-05	-0.000164906	8.49431e-06	0.000865412	-0.000334185	0.00023113	0.273324	0.158548	0.270618	0.1	0.00777556
-1.83888	3.34304	-2.3576	2.70048e-05	-0.000311642	-9.87578e-06	0.000237905	-0.00040373	-8.14101e-05	0.272973	0.157937	0.27027	0.1	0.0107007
0.477874	-1.4541	-2.13402	1.07384e-05	1.05665e-05	-6.05664e-06	1.80217e-05	-2.56503e-05	2.9197e-06	0.272675	0.15742	0.269975	0.1	0.0109564
0.281719	2.88593	-1.63087	-1.09022e-05	-0.000278177	3.7854e-06	-5.41142e-06	5.73034e-05	0.000137393	0.272585	0.157264	0.269886	0.1	0.00900986
0.667039	0.470242	1.7767	9.05064e-05	-4.84919e-05	-2.99994e-05	-0.000194527	-7.36236e-06	0.000437057	0.27236	0.156875	0.269663	0.1	0.0104104
0.57717	2.17677	0.440624	2.78455e-05	-0.000227709	-5.85544e-05	4.06471e-05	1.06992e-05	0.000117816	0.272313	0.156795	0.269617	0.1	0.00626879
1.32315	0.232869	-0.971545	-0.000119159	-0.000117926	-7.67355e-06	0.000197951	-0.000370376	0.000394206	0.271845	0.155987	0.269153	0.1	0.00662031
1.22099	0.954565	0.11381	-0.000112534	-7.72191e-05	1.27173e-06	-7.63708e-05	-0.000422363	8.41823e-05	0.271451	0.15531	0.268763	0.1	0.0117551
1.86073	3.11058	-2.02449	-0.000105936	-0.000322565	3.61053e-05	-4.79412e-06	-0.000618516	0.000255169	0.271375	0.155179	0.268688	0.1	0.00829349
0.224437	-0.666201	0.916727	-1.61836e-05	5.13697e-05	-4.60106e-05	5.1878e-06	9.31661e-05	9.9804e-05	0.270927	0.154413	0.268245	0.1	0.00943062
1.79504	3.72885	0.395587	3.94977e-05	-0.000410087	-7.45759e-05	0.000879406	0.000568192	-0.000231717	0.2707	0.154024	0.26802	0.1	0.00852112
0.405495	-3.84604	-2.21029	2.58092e-05	0.00022596	-7.76268e-05	0.000604742	0.000330408	0.000366754	0.270558	0.153782	0.267879	0.1	0.011541
-0.12622	3.10478	0.729469	-8.14136e-06	-0.00041045	-4.901e-05	-0.000452574	-0.000276472	0.000302666	0.270297	0.153339	0.267621	0.1	0.00613008
1.43759	1.30837	-0.859426	1.27946e-05	-0.000272511	3.97224e-05	-0.000242092	-8.06676e-05	2.41736e-05	0.270287	0.153322	0.267611	0.1	0.00781598
-2.37346	-1.84351	-1.61066	1.43436e-06	0.000197539	6.69182e-06	-0.000541033	0.00023272	0.000408341	0.270186	0.153149	0.267511	0.1	0.012136
-0.924475	1.39372	-1.67422	-1.10445e-05	-0.000219899	-5.85116e-05	5.87176e-05	5.8168e-05	-0.000117288	0.270182	0.153142	0.267507	0.1	0.00849416
-2.22641	1.47693	-0.855056	0.000429468	-9.76131e-05	-3.43211e-06	0.000242537	0.000540438	0.00139262	0.270017	0.152863	0.267344	0.1	0.010507
1.41571	-1.0733	-2.39217	-7.63502e-05	0.000191632	7.67669e-05	-0.000376562	0.000582951	3.60569e-05	0.26995	0.152747	0.267277	0.1	0.00861038
1.55152	1.91023	-1.7009	3.95157e-05	-0.000101361	7.13903e-05	0.000260038	-0.000632508	8.69997e-05	0.269181	0.151447	0.266516	0.1	0.00700393
0.747583	1.68236	0.331588	-1.09321e-05	-0.000220371	-9.95704e-05	-0.000605031	0.000560587	0.000156425	0.269098	0.151308	0.266434	0.1	0.00573793
0.380199	3.31477	-0.600417	-3.4773e-05	-0.00010728	9.51024e-05	-0.000626951	0.000124297	-9.53435e-05	0.268805	0.150813	0.266144	0.1	0.00582836
-0.583408	-3.072	1.13979	6.42234e-06	0.000380749	-1.53243e-05	-0.000227889	-0.000181919	-0.000115778	0.268767	0.150749	0.266106	0.1	0.00987305
0.850946	-1.88541	-2.20239	1.79619e-05	0.000170339	-4.00781e-05	-0.000188202	-0.000973829	0.000771412	0.268522	0.150336	0.265863	0.1	0.00816849
0.669213	1.93451	2.2808	1.81036e-05	-0.000280028	0.000104838	-0.000109208	0.000158587	0.000423272	0.268425	0.150173	0.265767	0.1	0.00709143
1.37486	-2.5906	1.93721	6.27999e-05	0.000320126	1.02309e-06	-4.77665e-05	5.53868e-05	0.00048873	0.268352	0.150052	0.265695	0.1	0.0118975
-0.61912	3.83158	0.638585	-7.46131e-05	-0.000363181	-2.34293e-05	-0.000202777	0.000316931	-0.000140759	0.268323	0.150002	0.265666	0.1	0.00805822
2.34757	-0.720853	0.842729	-7.83633e-05	0.000118728	4.8147e-05	-1.62651e-05	-2.35914e-05	0.000174839	0.268231	0.149848	0.265575	0.1	0.00719655
-1.18461	2.27181	-1.62178	-3.83753e-05	-0.000250322	-8.41695e-06	0.000228488	-0.000385745	7.62467e-05	0.26816	0.14973	0.265505	0.1	0.00653792
-2.42685	1.35569	-0.103998	1.33232e-05	-4.2183e-05	3.20516e-06	-3.16921e-05	5.75113e-05	-0.000559571	0.268094	0.149619	0.26544	0.1	0.00891552
0.184991	-3.87903	-0.202807	-7.33153e-06	0.000287948	-4.85461e-06	-7.47174e-05	8.4112e-05	0.00038694	0.267672	0.148914	0.265022	0.1	0.00593932
0.0973918	0.097499	2.02453	6.52799e-06	-9.53754e-06	7.07135e-05	0.000110669	0.000293304	0.000421459	0.267644	0.148867	0.264994	0.1	0.00887878
0.0993135	0.241591	-1.91155	0.000118588	-5.29991e-05	-6.01123e-05	0.000540519	0.000547194	0.000334532	0.267399	0.148458	0.264751	0.1	0.00818641
-0.858927	0.620346	-0.922092	7.38498e-05	-7.25229e-05	-4.67227e-05	0.000623534	-0.00031185	0.000275183	0.26738	0.148428	0.264733	0.1	0.00935117
-0.623212	-0.875654	0.527589	-2.84221e-05	4.92372e-05	-8.1943e-05	0.000427252	-0.000175683	0.000398011	0.267164	0.148068	0.264519	0.1	0.00758024
1.86785	2.22819	-2.03981	3.84572e-06	-9.14099e-05	1.47026e-05	-0.00115886	0.000793906	0.000476843	0.266747	0.147375	0.264106	0.1	0.00852681
-2.1819	3.96753	1.1114	-6.15613e-05	-0.00028079	-5.51291e-06	0.000506613	0.000227257	-0.000353509	0.266696	0.14729	0.264055	0.1	0.00661532
-0.494469	0.22337	-1.27206	1.34145e-05	-2.96536e-05	-2.00823e-06	5.13578e-06	-0.000585136	0.000620355	0.266657	0.147227	0.264017	0.1	0.00591657
-0.506559	-2.85342	0.490716	4.76097e-05	0.000345966	-2.02585e-05	-4.23227e-05	6.12617e-05	-9.03131e-05	0.266646	0.147208	0.264006	0.1	0.0148036
-0.855495	1.0516	-2.08604	3.13317e-05	-0.000124916	-0.00011439	0.000147528	0.000372532	-0.000257559	0.266512	0.146986	0.263873	0.1	0.00718126
-0.0215103	2.86156	1.49284	4.46117e-05	-0.000383335	-4.96741e-06	-7.12046e-06	-0.000106838	5.15957e-05	0.266395	0.146792	0.263757	0.1	0.0061096
2.48056	-2.58312	-0.454012	4.6285e-05	9.75602e-05	9.27734e-05	0.000361433	0.000236815	-0.000427776	0.26634	0.146702	0.263703	0.1	0.0148096
-1.97193	-1.40478	0.315684	-4.90667e-05	1.42674e-05	0.0001566	-9.60598e-05	-0.000260164	0.000467794	0.266286	0.146613	0.26365	0.1	0.0109697
-1.59446	3.78298	1.30228	9.2441e-06	-0.000266709	-0.000157114	0.00083736	0.000151198	9.17773e-05	0.266192	0.146457	0.263556	0.1	0.00747716
-0.940708	-0.680735	-1.44129	0.000168266	0.000102571	-0.000157912	-0.000337054	-0.000190278	-3.37784e-05	0.266027	0.146186	0.263393	0.1	0.0141641
-2.05796	3.46347	2.17158	-3.33217e-05	-0.000353389	1.13379e-05	-5.6163e-05	-3.23932e-05	-0.000440223	0.265875	0.145936	0.263243	0.1	0.00648333
1.26806	1.61415	0.283555	7.34324e-06	3.97263e-05	-9.07258e-05	0.000391685	-0.00136875	-0.000196299	0.265741	0.145715	0.26311	0.1	0.0055174
1.29395	-2.86233	-0.985422	-6.77019e-06	0.000282477	4.18717e-05	0.000130762	0.000149257	-0.00010939	0.265638	0.145545	0.263008	0.1	0.00859499
-0.282108	0.665273	-1.44184	-2.48099e-05	-0.000153369	-9.33695e-05	-0.00085837	4.28245e-05	-0.000342223	0.265491	0.145302	0.262862	0.1	0.0061498
1.91698	-0.932995	2.37013	-4.56528e-05	0.000167173	5.11293e-05	-0.000422363	-0.000179297	-0.000279797	0.265259	0.144924	0.262633	0.1	0.00995163
1.30592	2.36176	0.941666	4.95711e-06	-0.000251913	-2.66601e-05	-0.000468866	-0.000121106	-0.000324779	0.264796	0.144165	0.262174	0.1	0.00717421
0.646971	-3.7734	0.0288528	1.69146e-05	0.000357395	-1.42495e-05	0.000164266	-0.000207407	0.000314101	0.264249	0.143274	0.261633	0.1	0.00915079
-1.79412	2.08851	2.48615	-3.86967e-06	-0.000188377	5.22855e-05	2.5301e-05	1.02577e-06	0.00014414	0.264167	0.14314	0.261551	0.1	0.0102634
-0.366306	-1.48305	1.70105	4.09595e-05	0.00021116	-9.59146e-05	0.000607339	0.000367231	-0.000375041	0.264016	0.142895	0.261402	0.1	0.00729437
0.0460774	2.77201	0.356415	9.52717e-05	-0.000262101	-0.000129729	0.00097715	0.000238361	0.000253907	0.263903	0.142711	0.26129	0.1	0.0106265
0.509976	-1.13112	0.510028	3.65642e-05	4.1486e-05	2.02392e-05	-0.000721589	-0.000108749	0.000375232	0.263737	0.142442	0.261126	0.1	0.00766909
1.37917	-3.72474	-1.80445	7.50978e-06	0.000441344	1.12291e-05	0.00021915	0.000208094	-7.74556e-05	0.263591	0.142206	0.260981	0.1	0.00902932
-0.0407874	-1.19741	-0.749312	3.86284e-05	-0.000141311	0.000263651	-0.00101158	-0.0012577	-0.00107969	0.263502	0.142062	0.260893	0.1	0.0102941
1.41146	-2.6051	-1.90809	0.000117793	0.000349606	9.94031e-05	-0.00140879	0.000718682	0.000549643	0.263392	0.141884	0.260784	0.1	0.00831162
1.32022	-0.835927	1.7178	-9.74972e-06	0.000155955	6.07582e-06	3.63749e-05	-2.06481e-05	-0.000139699	0.263362	0.141834	0.260754	0.1	0.00628756
0.811704	-0.0408703	0.933079	-2.41133e-05	8.2451e-05	6.89823e-06	-0.000205819	-6.99202e-06	6.61157e-05	0.263318	0.141765	0.260711	0.1	0.00706445
-1.09624	3.84711	0.859216	-3.27912e-05	-0.000359016	3.88399e-05	-0.000194183	0.000135258	7.10302e-05	0.262863	0.14103	0.26026	0.1	0.00965012
-1.61276	4.03429	-2.36888	5.63765e-05	-0.000405329	-4.25195e-05	0.000248582	-8.08112e-06	0.000346188	0.262474	0.140406	0.259875	0.1	0.00978939
-0.862976	1.66859	0.858442	-4.40877e-05	-5.12098e-05	-7.79149e-05	0.000334619	6.8283e-05	-0.000277447	0.262445	0.140359	0.259847	0.1	0.00987616
2.0397	1.04718	1.23801	-0.000308647	4.72088e-05	8.67295e-05	-0.000625403	-0.00119791	-0.000604052	0.262382	0.140258	0.259784	0.1	0.00770266
0.455342	-2.38602	1.69093	6.56304e-05	0.000244031	4.92869e-05	0.000839353	-0.000799101	-0.000659994	0.262307	0.140138	0.25971	0.1	0.00815139
2.30353	3.31008	-0.600709	-3.1991e-05	-0.000303401	-0.000189582	0.000458747	0.000187012	0.000135017	0.261855	0.139414	0.259262	0.1	0.00827672
-0.317707	-0.00132669	-1.71141	0.000147447	3.35954e-05	5.12376e-05	-0.000126549	0.000223727	-0.000643462	0.261739	0.13923	0.259148	0.1	0.00520096
0.349332	-0.650432	0.404839	1.33159e-05	-5.19061e-05	-5.02441e-05	0.000217498	0.000366559	-0.00033379	0.261522	0.138883	0.258933	0.1	0.00565421
0.393461	-2.65231	-1.61364	-7.77757e-06	0.000264941	4.77166e-05	1.3532e-05	6.20862e-05	-6.90406e-05	0.261188	0.138352	0.258602	0.1	0.0100895
-0.129084	3.56798	0.483677	-8.29051e-05	-0.000456461	-9.69685e-05	0.000209186	-0.000343733	0.000335762	0.260995	0.138045	0.258411	0.1	0.00650585
1.64192	-1.23905	1.70313	-4.56633e-05	0.000182884	4.32866e-05	0.000158098	-0.000405169	0.000122593	0.26082	0.137768	0.258238	0.1	0.00738416
0.0205802	-0.377532	-1.81083	0.000107429	3.56372e-05	3.04543e-05	0.000389789	-0.000360883	0.000522427	0.260716	0.137603	0.258135	0.1	0.00799806
2.10667	-0.618807	1.29621	-6.87522e-05	4.92041e-05	9.03687e-05	0.000212312	0.000149292	8.37341e-05	0.260608	0.137432	0.258028	0.1	0.00914697
1.56557	0.456167	0.561999	4.39692e-06	3.89564e-05	-4.29896e-05	6.93697e-05	-0.000189379	0.000206489	0.260419	0.137134	0.257841	0.1	0.0108974
-0.140698	2.65925	-1.33371	-6.85864e-05	-0.000297359	-5.39122e-06	-4.5326e-05	4.09863e-05	-0.00022602	0.25964	0.135906	0.257069	0.1	0.00910923
2.43769	-1.67772	-0.442334	-5.32511e-05	0.000195576	-1.64797e-05	-0.000732817	-0.000171921	0.000345245	0.259308	0.135386	0.256741	0.1	0.0113769
0.781363	-2.79634	-0.893461	6.21558e-05	0.000351068	3.3568e-05	0.000115586	-0.000538595	3.03024e-05	0.259076	0.135023	0.256511	0.1	0.00432874
1.29991	2.00467	-0.0550295	4.10249e-05	-0.000159737	-0.000288877	-0.0015149	0.00120997	0.000274263	0.25907	0.135014	0.256505	0.1	0.00689375
-1.12914	-0.578494	1.33289	-6.4226e-05	5.21935e-06	1.26438e-05	-0.00032932	-0.000141501	0.000437193	0.258949	0.134824	0.256385	0.1	0.00852343
2.34801	1.46135	2.0013	4.78998e-05	-0.000148145	0.000233318	-0.000241293	-0.000348536	0.00030021	0.258858	0.134682	0.256295	0.1	0.015591
-0.287086	2.83627	-2.13589	3.87697e-05	-0.000307124	-1.01733e-05	0.0003449	-0.000352989	0.000152714	0.258625	0.134319	0.256064	0.1	0.0099878
0.359567	3.98395	2.32577	-2.38047e-05	-0.000237445	-0.000252448	0.000923871	4.30999e-05	-5.07074e-05	0.25855	0.134202	0.25599	0.1	0.00865062
0.216058	-1.73121	-0.417181	1.07015e-06	0.0002286	6.22684e-05	0.000192247	-2.9345e-05	0.000287028	0.258498	0.134122	0.255939	0.1	0.00652086
-1.11797	3.66498	-1.00875	-2.56494e-05	-0.000317103	-1.53853e-05	0.000186355	-6.57882e-05	-0.000137461	0.258358	0.133903	0.2558	0.1	0.00720502
-1.70933	-3.47535	0.525667	2.05162e-05	0.000369539	2.97255e-05	0.000361674	0.000484038	-7.83475e-05	0.258082	0.133476	0.255527	0.1	0.0114048
-0.845119	-3.7421	-0.151314	-5.13749e-05	0.000425528	2.87924e-05	2.41506e-05	7.63475e-05	-0.000158148	0.257965	0.133294	0.255411	0.1	0.00772521
-1.50652	-1.80231	-2.45738	7.18369e-05	0.000237181	-6.5808e-05	-1.45157e-05	-0.000183503	-0.000103092	0.25795	0.133271	0.255396	0.1	0.0057627
1.15891	-0.608356	-0.60677	1.95148e-07	2.77483e-07	-4.2722e-08	-6.67942e-25	-3.96603e-25	-1.31765e-24	0.257891	0.13318	0.255338	0.1	0.00741375
-0.0780071	2.38172	0.711234	7.47814e-06	-0.000234919	-2.47593e-05	0.000243911	-4.87224e-05	-4.42453e-05	0.25788	0.133161	0.255327	0.1	0.00855845
-0.396598	-1.83432	1.30385	1.86206e-05	0.000232714	3.36928e-05	-8.33651e-05	-9.97967e-05	8.18095e-07	0.257497	0.13257	0.254948	0.1	0.00615521
-1.83747	3.43174	1.67038	5.09499e-05	-0.00037713	-0.000216859	0.000830581	-0.000362535	8.92064e-05	0.257171	0.132066	0.254625	0.1	0.00489226
1.70176	2.36289	-0.253766	0.000256005	9.03692e-06	-8.46846e-05	0.00013045	0.000230746	-0.000632557	0.257045	0.131872	0.2545	0.1	0.011138
0.569704	0.594496	0.300437	2.64335e-05	-0.000234124	-0.000131642	0.000577224	3.18091e-05	4.15307e-05	0.257002	0.131805	0.254457	0.1	0.0132084
0.0250714	-2.81439	1.74863	2.02257e-05	0.000211268	-4.69421e-05	-0.000211888	-0.000185712	-0.000441807	0.2563	0.130728	0.253762	0.1	0.00706692
1.96215	1.20999	-0.886696	-9.10943e-06	-0.00032605	-0.000156962	0.00017867	-0.000212817	-0.00027046	0.256161	0.130517	0.253625	0.1	0.00764233
1.53797	3.01997	-2.42474	-0.000117333	-4.09725e-05	-1.89296e-05	3.51986e-05	-4.32073e-05	-0.000467813	0.256037	0.130326	0.253502	0.1	0.00945203
0.351921	-0.52614	2.30115	-4.89471e-05	7.83435e-05	-1.21674e-05	8.95234e-05	0.000130329	-0.000265896	0.255995	0.130262	0.25346	0.1	0.0066134
1.07051	2.4782	-0.496348	-8.73139e-05	-0.000388131	4.0009e-05	0.000124841	4.24155e-05	0.000416563	0.25592	0.130148	0.253386	0.1	0.00908729
-2.1455	-0.562562	-1.25303	6.66565e-05	3.1722e-05	4.37657e-05	0.000239211	-0.000143677	-0.000260469	0.255837	0.130021	0.253304	0.1	0.0137277
0.358562	1.22791	1.09097	-1.14006e-05	-0.0002065	-0.000102861	-0.00015555	0.000250331	-0.000465636	0.255747	0.129885	0.253215	0.1	0.00804135
-0.0231895	1.31503	1.90442	6.20035e-05	-0.000165689	-6.56069e-05	-0.000269771	0.000123369	0.00031336	0.255291	0.129191	0.252763	0.1	0.00676844
0.432955	-3.43718	-0.938051	-3.66757e-05	0.000401147	3.19812e-05	-0.000306163	-3.19357e-05	-0.000283408	0.255224	0.129089	0.252697	0.1	0.00422265
-1.10855	1.49309	-2.14714	2.1241e-05	-0.000163879	-2.13626e-05	6.71827e-05	-7.03835e-05	-0.000205308	0.255101	0.128903	0.252575	0.1	0.0066227
-1.02618	1.13144	1.5712	-9.8867e-05	-8.12446e-05	-3.55216e-05	-0.000577326	0.000500548	-0.000178627	0.254823	0.128482	0.2523	0.1	0.0154281
1.58742	-2.8142	-2.34092	2.87909e-05	0.000279507	0.000110471	0.00061108	0.000161958	0.000584814	0.254506	0.128002	0.251986	0.1	0.00735129
-0.304435	1.2087	-0.374096	-1.63877e-06	-4.61505e-07	-5.50526e-07	-1.1813e-06	-1.11725e-07	-4.94145e-07	0.254402	0.127845	0.251883	0.1	0.0125069
1.66186	-3.57019	-2.20625	-7.39609e-06	0.000460281	3.82003e-05	-0.000391959	0.000112753	-0.000433975	0.254272	0.127649	0.251754	0.1	0.00614927
-0.949076	-1.11486	1.61484	-8.25346e-05	0.000195038	-9.12728e-06	0.000111466	0.000525351	6.01127e-05	0.254252	0.127621	0.251735	0.1	0.00791871
-1.70297	0.676723	-0.176373	2.0523e-06	-9.36257e-05	-4.28808e-05	-5.32687e-05	-5.13994e-05	-0.000154949	0.254212	0.12756	0.251695	0.1	0.00983695
1.03743	-2.25702	-1.89502	2.52272e-05	0.000240726	4.06243e-05	0.000317953	7.43123e-05	2.01555e-05	0.254199	0.127539	0.251682	0.1	0.00662285
1.2196	1.63185	0.870993	-8.85559e-05	-0.000116917	0.000112538	0.000140398	0.000340198	0.0003524	0.254057	0.127328	0.251542	0.1	0.00608083
1.34512	3.38192	-1.95998	-0.000128475	-0.000271726	1.46155e-06	0.000107993	-5.61161e-05	1.20364e-05	0.253567	0.126591	0.251056	0.1	0.00966608
-1.37231	-0.865911	-0.122766	1.41718e-05	8.28919e-05	-4.20331e-05	5.2853e-05	-0.000167209	9.76345e-05	0.253456	0.126426	0.250947	0.1	0.00624604
1.03621	1.3323	1.31985	0.000100751	-0.000142683	8.85181e-06	-0.000223653	-0.000592901	3.52057e-05	0.253434	0.126392	0.250925	0.1	0.0064285
-2.38326	2.79471	-2.02687	1.79104e-06	-0.000220152	7.73459e-05	9.94166e-05	-7.56282e-06	-1.09671e-05	0.253312	0.12621	0.250804	0.1	0.0118484
1.23289	-0.591421	-2.48163	7.30004e-05	0.000130601	4.11682e-05	0.000362484	-0.000105825	-0.000287005	0.253184	0.126018	0.250677	0.1	0.00890302
0.845797	0.969247	1.60536	9.94967e-05	-9.81679e-05	-1.78628e-05	-2.81127e-05	-0.000184057	0.00050798	0.253182	0.126015	0.250675	0.1	0.00537843
-0.607876	2.43056	1.0639	8.27894e-07	-0.00025568	1.4628e-05	0.00024524	3.72135e-05	6.00717e-05	0.253176	0.126006	0.250669	0.1	0.0074007
1.87093	-0.894499	0.718776	7.5748e-06	0.00019035	5.25369e-05	-2.13763e-05	5.29034e-05	-0.00011428	0.253012	0.125762	0.250507	0.1	0.00770516
-2.14766	1.32311	-2.31387	1.04748e-05	-0.000103443	1.25543e-06	0.000157344	-0.000280224	-0.000366731	0.252518	0.125027	0.250018	0.1	0.00716744
0.409185	0.218094	-0.905278	-6.50932e-05	-0.000146067	-3.97376e-05	-0.000967384	0.000477535	-0.000469416	0.252479	0.124968	0.249979	0.1	0.00924326
2.26337	2.98188	-2.32423	-3.33062e-06	-0.000214104	0.000133337	-0.000452457	0.000359038	-0.000447003	0.25247	0.124955	0.24997	0.1	0.00658273
1.25613	-1.13802	-1.1128	-6.81507e-05	0.000188929	1.90147e-05	6.12929e-05	0.000253738	6.44554e-06	0.252451	0.124927	0.249951	0.1	0.0110033
1.05002	-1.41365	-2.25992	-0.000105581	0.000232189	9.20601e-05	-0.000134062	-0.00104283	-4.141e-05	0.252394	0.124843	0.249895	0.1	0.0148893
-1.72747	-2.76055	-1.53103	3.04593e-05	0.000309764	-5.50549e-06	0.000665193	-0.00063061	0.000160936	0.251969	0.124213	0.249474	0.1	0.0087056
0.743062	-3.81268	-1.05982	3.86101e-06	0.00040051	6.57263e-05	-1.93522e-05	0.000202111	-0.000297054	0.251672	0.123775	0.24918	0.1	0.00696765
0.300545	-1.67374	2.10057	0.000119692	0.00011268	4.90574e-05	0.000184113	0.000105148	-0.000555228	0.251598	0.123666	0.249107	0.1	0.0100888
-1.37454	-1.64355	1.62486	4.97782e-05	0.000316914	-5.22245e-05	-0.000242528	0.000122944	0.000192921	0.251461	0.123464	0.248971	0.1	0.00647387
0.151263	-2.87185	2.23507	1.52831e-05	0.000117123	-4.49465e-05	-0.000234377	-0.000119466	-0.000911123	0.251337	0.123281	0.248849	0.1	0.00983109
-1.98949	-1.17604	0.843316	-3.10721e-05	0.000119531	3.69624e-05	0.00020752	2.74034e-05	-5.68545e-05	0.251292	0.123215	0.248804	0.1	0.00781097
1.99771	-3.93595	-2.15555	-1.81755e-05	0.000468111	-2.03894e-05	8.17889e-05	0.000249984	0.000361026	0.251252	0.123155	0.248764	0.1	0.00696067
0.328962	-1.00449	-1.05555	-4.81476e-05	3.15749e-05	1.38039e-05	0.000140665	0.000135418	0.000183799	0.251159	0.123019	0.248672	0.1	0.0104783
0.449585	-3.8347	-0.63752	-4.79487e-05	0.000417149	1.46915e-05	0.000287184	-2.54251e-05	0.000238681	0.250885	0.122618	0.248401	0.1	0.00559689
-1.07756	-1.03325	-2.35305	7.09373e-05	0.000162253	-6.05956e-05	0.000227189	-0.000551136	0.000446108	0.250767	0.122444	0.248284	0.1	0.0109106
1.97899	-3.0534	-2.14583	8.8758e-05	0.000286747	-6.25269e-05	5.84056e-05	-0.000131814	0.000146816	0.250701	0.122347	0.248219	0.1	0.00706455
0.903083	-1.48523	-1.05919	-2.83668e-06	0.000122737	7.78138e-05	2.40031e-05	0.000154359	0.000264042	0.250676	0.122311	0.248194	0.1	0.0106378
1.77631	3.6188	-2.05994	-7.08006e-05	-0.000322749	-3.96989e-05	0.000201863	-0.000462705	-6.73178e-05	0.250667	0.122297	0.248185	0.1	0.00575349
0.218976	-3.86565	-1.07872	-6.31806e-05	0.000441976	2.48869e-05	0.000214036	-0.000443408	-8.66718e-05	0.250642	0.12226	0.24816	0.1	0.00526379
-1.46042	-0.723641	-2.38731	1.50046e-05	4.75011e-05	-0.000113685	0.000353969	-0.000196609	0.000241046	0.250299	0.12176	0.247821	0.1	0.00828766
0.564316	-1.37242	-0.358206	9.81153e-05	0.000148233	-1.79204e-05	-0.000206766	0.000501348	-0.000754332	0.25018	0.121585	0.247703	0.1	0.00971247
-0.289323	-2.69767	2.38335	7.44884e-05	0.000249443	-3.1612e-05	0.000494973	0.000100079	0.000232628	0.250152	0.121546	0.247675	0.1	0.00718959
-2.48625	-3.13585	-1.95422	3.69358e-05	0.000293451	3.10657e-05	-0.00022613	2.53055e-05	4.42298e-05	0.250067	0.121421	0.247591	0.1	0.00638315
-0.0399651	1.63448	2.29684	3.43931e-05	-5.64902e-05	-2.52324e-05	5.7565e-05	-0.000103067	0.000299737	0.250057	0.121407	0.247581	0.1	0.00845347
-2.20307	1.00983	-1.06923	6.57265e-05	-9.64444e-05	-5.49896e-05	-1.0381e-05	-0.00035642	-0.000117796	0.249982	0.121297	0.247507	0.1	0.00572496
-1.70722	-0.243525	-1.22652	3.34306e-05	-3.59744e-07	-6.89265e-05	-5.85205e-05	-0.000274768	0.000151461	0.249805	0.121041	0.247332	0.1	0.0106348
-1.30876	0.907346	-2.26063	2.38405e-05	-9.05978e-05	-1.27147e-05	-0.000127455	-0.000101882	7.6154e-05	0.249501	0.120599	0.247031	0.1	0.00953315
1.1869	-3.81585	0.0903821	8.83976e-05	0.00041511	3.2969e-05	4.7059e-06	-2.23494e-05	-0.000131085	0.249491	0.120585	0.247021	0.1	0.0089654
0.958863	2.03923	0.757868	-7.40376e-05	-0.000171252	3.82015e-05	-0.000513337	-0.000430235	-0.00033577	0.249466	0.120547	0.246996	0.1	0.00699118
0.0262618	0.264915	-1.37616	1.98558e-05	-9.38083e-05	2.76729e-05	9.01951e-05	0.000151245	0.000421487	0.249265	0.120257	0.246797	0.1	0.0074232
0.744206	-1.09058	-1.31154	-5.89478e-05	2.07659e-05	2.07135e-06	-0.000559037	-1.53817e-05	-3.63846e-05	0.24919	0.120149	0.246723	0.1	0.0123768
0.618641	-0.613654	-0.962991	7.09183e-08	6.54626e-07	9.15179e-08	-1.19907e-07	3.57069e-07	-1.13185e-06	0.249006	0.119884	0.246541	0.1	0.014523
-1.42938	2.34337	-0.963983	3.02268e-05	-0.000194735	3.56786e-05	-0.000114819	0.000168414	0.000388221	0.248917	0.119754	0.246452	0.1	0.0109247
2.19065	0.64237	1.95082	0.00010798	-1.60347e-05	-4.93892e-05	0.00010708	0.000212149	0.000100276	0.24891	0.119744	0.246446	0.1	0.0106142
1.83203	0.0943677	1.37447	-4.84961e-05	-0.0003969	-0.00019316	-0.00016647	9.0524e-05	-6.22668e-07	0.248903	0.119734	0.246439	0.1	0.0079984
-1.26167	-0.0663927	-2.42625	2.38453e-05	1.13554e-05	-3.10428e-05	2.0736e-05	-0.000233061	0.000536735	0.248902	0.119733	0.246438	0.1	0.00772971
-1.58764	2.99817	1.67209	0.000136983	-0.000326908	-8.98018e-05	-0.000910579	-0.000562206	0.000312658	0.248378	0.118978	0.245919	0.1	0.00832479
1.49967	1.1534	1.31448	0.000117067	-5.76202e-05	-6.98552e-06	0.000207943	0.000147289	0.000312771	0.248178	0.11869	0.245721	0.1	0.00587746
-0.333069	0.487191	-2.01128	7.39258e-05	-0.00022136	-6.55145e-05	-0.00108863	-0.000260246	-4.37779e-06	0.24787	0.118249	0.245416	0.1	0.00713062
-1.28973	-0.241029	2.11548	-1.4332e-05	7.91195e-05	-4.91823e-05	0.000293147	0.000361256	-0.000289709	0.247827	0.118187	0.245373	0.1	0.00722006
-1.61363	-1.27964	1.40041	-5.76231e-07	0.000177683	-9.39944e-05	-0.000146818	0.000235025	6.18982e-05	0.247767	0.118102	0.245314	0.1	0.00799411
-1.68677	-3.54446	1.25815	3.03107e-05	0.000452784	1.9942e-05	0.000131251	6.26816e-05	-0.000186884	0.247735	0.118056	0.245282	0.1	0.0088198
1.03881	-3.44937	1.15378	1.84048e-09	3.66588e-07	-1.31199e-09	-2.11942e-28	2.87757e-28	3.18204e-28	0.247707	0.118015	0.245254	0.1	0.00980952
-0.0475232	3.79299	0.979788	8.59069e-07	-0.000376566	-5.4532e-05	0.000138872	5.97315e-05	-6.802e-05	0.247608	0.117873	0.245156	0.1	0.00813025
-1.6858	3.32971	0.974331	6.59862e-05	-9.91951e-05	-0.000136234	0.000103173	-0.00058915	0.000487526	0.247575	0.117828	0.245124	0.1	0.00800033
1.47408	0.797598	-0.873674	1.87154e-05	-0.00026889	2.50066e-05	0.000315974	9.99263e-06	4.55302e-06	0.247232	0.117337	0.244784	0.1	0.00925428
0.123597	-3.45371	-1.32646	-5.17691e-05	0.000410576	4.09827e-05	-0.000227092	2.58173e-06	0.000346185	0.247018	0.117033	0.244572	0.1	0.0074536
0.24681	2.10437	-1.35801	-6.82066e-05	-0.000298944	4.24232e-05	0.000105493	-0.000326843	-0.000265912	0.246945	0.11693	0.2445	0.1	0.00760517
-1.91788	3.35819	-1.15023	-3.21345e-06	-0.000310915	4.6026e-06	-0.00011209	-4.238e-05	-9.16151e-05	0.246862	0.116812	0.244418	0.1	0.0101962
-0.16976	0.512771	2.25887	2.33239e-05	-3.32274e-05	-4.24242e-05	-0.000190417	-6.81988e-05	2.86464e-05	0.24683	0.116767	0.244386	0.1	0.00781004
-0.79409	-1.54803	1.4404	-1.67451e-06	0.000288012	-4.49134e-05	-9.14863e-05	-0.000111029	0.00037631	0.246791	0.116712	0.244348	0.1	0.00672458
0.245799	3.44556	0.80653	-4.92402e-05	-0.000403852	1.85851e-05	-6.58266e-05	-0.000469645	-0.000295066	0.246746	0.116648	0.244303	0.1	0.00576226
-0.263882	4.02607	0.331821	-8.43908e-05	-0.000456465	-4.82343e-05	0.000108762	-8.98029e-05	-0.000188685	0.246741	0.11664	0.244298	0.1	0.00728398
-0.148172	1.43304	-0.788276	-2.44123e-06	-9.8984e-05	-0.000160345	0.000169584	0.000496376	0.000322578	0.246625	0.116476	0.244183	0.1	0.00664698
1.34528	3.69947	0.815275	-7.95154e-05	-0.000447631	7.9854e-05	2.52394e-05	-0.000146719	-0.000721763	0.246618	0.116465	0.244176	0.1	0.00905992
-0.352028	0.330213	0.142984	1.63683e-05	-5.36479e-05	-6.36344e-05	0.000286568	-0.00031198	8.68889e-05	0.246595	0.116433	0.244153	0.1	0.0063484
1.72505	2.74542	-0.571932	0.000205167	-6.84507e-05	-0.000175023	-0.000615167	-0.000127461	0.000843928	0.246366	0.11611	0.243927	0.1	0.0108895
-0.834705	-1.3889	-0.0281903	8.52496e-06	-6.10859e-06	-3.59805e-05	-4.14593e-05	-0.000168048	1.9268e-05	0.246308	0.116027	0.243869	0.1	0.00979436
0.0643037	1.13322	0.101098	-2.4401e-05	-0.000199993	-2.90505e-05	-3.87065e-05	0.000455675	-1.7601e-05	0.246304	0.116021	0.243865	0.1	0.0129852
-1.2279	-1.04958	1.21205	2.24305e-05	6.21922e-05	-8.21465e-05	0.000586631	-0.000246311	-0.000219483	0.24629	0.116001	0.243851	0.1	0.00626301
-1.08318	2.02925	1.21094	1.91634e-05	-0.000219178	5.06752e-05	-6.81489e-05	0.000442779	-0.00026237	0.246171	0.115834	0.243734	0.1	0.00832442
0.63634	3.78243	-0.599921	-1.77151e-05	-0.00036323	1.769e-05	-0.000347179	0.000230691	-6.49719e-05	0.246104	0.115739	0.243667	0.1	0.00468595
0.679511	-3.29594	0.856301	-2.98472e-08	3.62949e-07	-2.65418e-08	2.20375e-26	8.84932e-25	-1.19997e-25	0.245924	0.115485	0.243489	0.1	0.00990338
-2.30164	0.849712	2.2977	7.88049e-05	1.10923e-05	0.000106039	-0.0003013	-0.000194816	-5.75241e-05	0.245818	0.115336	0.243384	0.1	0.00960105
1.35105	0.607111	-1.32202	-2.97615e-07	-4.03588e-05	2.65277e-05	9.72635e-05	-0.000106541	-0.00016634	0.24563	0.115072	0.243198	0.1	0.0100636
-0.614914	0.452829	-2.40685	0.000106323	-0.000132866	-9.5361e-05	0.000609954	-4.35558e-05	-0.00126635	0.245492	0.114877	0.243061	0.1	0.0095248
2.17009	2.40546	1.43555	-1.79347e-08	3.97437e-07	-2.17977e-07	-7.768e-16	-1.00271e-16	5.79101e-17	0.245444	0.114812	0.243014	0.1	0.0107191
2.48399	-3.18385	0.332259	-5.67176e-05	0.000269498	-1.44727e-05	4.63442e-05	1.61208e-05	-5.83267e-05	0.245374	0.114714	0.242945	0.1	0.0112252
-0.721696	-0.241664	-1.54097	0.00012763	6.53236e-05	-3.62542e-05	0.000287072	-0.000534036	0.000425875	0.245244	0.114531	0.242816	0.1	0.00542327
0.760639	-3.49749	2.24368	-3.38431e-05	0.000213962	4.40891e-05	-0.000276429	0.000767636	-4.71719e-05	0.245189	0.114453	0.242761	0.1	0.00642803
1.44037	3.36595	0.427448	-1.93271e-05	-0.000339917	-3.39856e-05	-3.81892e-05	0.000553634	-0.000191543	0.244966	0.114142	0.242541	0.1	0.011986
-0.408038	0.840268	-0.960205	2.06723e-05	-8.72292e-05	9.55289e-06	-0.000546785	0.000170133	-0.000133219	0.244953	0.114123	0.242528	0.1	0.00535819
-1.96738	-0.977389	0.0449397	-5.76875e-05	-6.2178e-05	4.80826e-05	-0.000316646	3.58425e-05	-0.000380446	0.244934	0.114096	0.242509	0.1	0.00856777
0.208779	-1.01268	1.63682	8.42183e-05	8.65244e-05	-2.24474e-05	-1.50811e-05	0.000239412	0.000521376	0.244844	0.113972	0.24242	0.1	0.00703886
-0.730587	-2.74333	-1.98948	-1.23108e-05	0.000162082	0.000108815	0.000721618	0.000182681	-0.000161516	0.244741	0.113827	0.242318	0.1	0.0112659
-0.211491	2.71953	1.04859	1.71584e-05	-0.000319809	1.96869e-05	0.000109023	0.000211659	-0.000231953	0.244734	0.113818	0.242311	0.1	0.00616731
2.45552	-2.12121	1.15207	0.000109666	0.000130761	-2.37394e-06	0.000133359	-0.000111465	0.000179808	0.244542	0.11355	0.242121	0.1	0.00989502
0.138077	-1.49474	1.67304	1.29127e-05	6.4872e-05	7.50619e-05	0.000238624	-7.86601e-05	9.55293e-05	0.244486	0.113471	0.242065	0.1	0.00678405
0.873544	-2.51575	-1.29401	3.71922e-05	0.000305601	3.26709e-05	-0.000198984	0.000796127	-4.73532e-05	0.244454	0.113428	0.242034	0.1	0.00722293
0.688482	2.68217	-0.249122	7.43365e-06	-6.97644e-06	-1.49306e-05	7.58081e-05	2.45337e-05	2.28678e-05	0.2444	0.113351	0.24198	0.1	0.00660303
1.24783	2.73898	2.28767	-0.000140079	-0.00023115	3.24263e-05	-0.000815941	8.90729e-05	-0.000121728	0.244162	0.113022	0.241745	0.1	0.0111561
-2.34625	-0.985537	0.345199	-3.58752e-05	6.68944e-05	2.13488e-05	2.51201e-05	-7.14518e-05	-0.00030308	0.24414	0.112991	0.241723	0.1	0.00774686
-0.0954612	-3.93075	-2.14712	-2.09299e-05	0.000368187	-5.75509e-06	6.35475e-05	-0.000146284	-7.85509e-05	0.244103	0.112939	0.241686	0.1	0.00834429
0.344347	-2.96885	-1.06117	-2.37417e-05	0.000374303	-2.34322e-06	0.0001569	3.91781e-05	0.000322108	0.244062	0.112883	0.241646	0.1	0.00690803
-0.336188	1.22992	-1.23248	1.28702e-05	-0.00021635	-0.00010778	-2.29178e-05	0.000316691	-2.74746e-05	0.243921	0.112687	0.241506	0.1	0.0042822
-1.38608	3.04193	0.0319855	-4.19567e-05	-0.000283347	-5.58759e-07	-9.43684e-05	6.65557e-05	7.8032e-05	0.243692	0.112369	0.241279	0.1	0.00828222
0.911613	1.6584	1.93191	2.3721e-05	-0.00017435	3.65457e-05	0.000454514	6.95133e-05	-3.3811e-05	0.24367	0.112339	0.241257	0.1	0.00948387
-1.41882	-1.27903	-0.378642	5.91623e-05	0.000112659	-3.53119e-05	-0.000155722	5.93514e-05	-8.44387e-05	0.243648	0.11231	0.241236	0.1	0.00964544
-2.0543	2.17533	-0.954372	3.28256e-05	-0.000255182	8.80532e-05	-0.000156801	8.70821e-05	0.000190989	0.243387	0.111948	0.240977	0.1	0.00713261
-2.29807	0.975373	-0.590522	-7.45153e-07	-9.47722e-07	-8.75379e-07	-5.83246e-18	-2.82449e-17	-3.77302e-18	0.243111	0.111568	0.240704	0.1	0.0085708
-2.35186	-2.6045	1.20355	2.5202e-05	0.000366097	-3.48122e-05	0.000275867	-0.000420552	0.000601415	0.242966	0.111368	0.24056	0.1	0.00935314
0.757104	1.48695	0.796895	-2.61475e-05	-0.00012294	-8.4371e-05	0.000219871	-0.000275857	-0.00108588	0.242842	0.111198	0.240438	0.1	0.00455883
-1.64488	3.9583	-1.06284	4.23195e-05	-0.000367039	1.82318e-05	0.000358219	9.48111e-05	0.000235334	0.242774	0.111104	0.24037	0.1	0.00968303
1.51366	-0.688015	-2.07757	0.000205343	7.33718e-05	0.000123433	0.000802499	-0.000190949	-0.0012007	0.242496	0.110724	0.240095	0.1	0.0124123
1.77774	-1.24039	1.21017	-2.82307e-05	0.00019895	7.93417e-06	-0.000112301	-5.61697e-05	0.000216205	0.242131	0.110225	0.239734	0.1	0.00816053
1.11374	-0.42987	2.06545	2.99778e-06	6.61155e-06	-1.11297e-06	3.42172e-23	-6.16657e-24	7.02607e-23	0.241931	0.109952	0.239536	0.1	0.00904698
-0.893211	-3.95578	-0.908119	-0.000173414	0.000341075	-9.76298e-05	-0.000454666	0.000127428	0.000582377	0.24193	0.10995	0.239535	0.1	0.0077032
-2.15957	0.832923	-0.0794784	7.13167e-07	1.23386e-07	-1.52086e-07	-9.17532e-25	7.93964e-24	-3.76629e-24	0.241739	0.109691	0.239346	0.1	0.0117349
-1.21473	-0.725632	-1.86357	-3.15726e-07	3.14575e-07	-4.91265e-07	1.88153e-25	-2.47007e-24	-3.88001e-25	0.241738	0.109688	0.239345	0.1	0.013589
-1.8779	-3.7763	0.878577	2.91782e-05	0.000430436	3.98495e-05	-0.000457714	-0.000299923	-0.000235343	0.241731	0.109679	0.239338	0.1	0.0087378
-1.11101	-1.81306	-0.0878569	-4.40512e-07	3.1587e-07	-1.15365e-07	-3.12838e-26	3.99212e-24	-1.36007e-24	0.241723	0.109668	0.23933	0.1	0.00917938
-1.55198	-2.73741	-0.578563	-0.000110842	0.000368098	2.56092e-05	-3.01304e-05	-2.47679e-06	0.000237408	0.241715	0.109657	0.239322	0.1	0.00825242
-1.40029	3.32383	1.36539	8.4514e-06	-0.000259463	-9.35861e-05	-0.0010167	-0.000633517	-4.69447e-05	0.241502	0.109368	0.239111	0.1	0.00641401
-1.24231	-2.21745	0.709949	-1.19091e-05	0.000146138	9.20057e-05	0.000803906	-1.86761e-05	0.00013493	0.241393	0.109219	0.239003	0.1	0.00647423
-1.90687	-3.01157	-0.794649	-2.0023e-05	0.000395342	5.06089e-05	-0.000177528	0.000225309	-5.09554e-05	0.241283	0.10907	0.238894	0.1	0.00819074
2.33581	1.15195	-1.6174	0.000135385	-0.000196029	1.52056e-05	0.000475753	0.000597694	4.57916e-07	0.241125	0.108856	0.238738	0.1	0.00637058
0.835675	2.1586	0.00809063	3.32697e-05	-0.000328973	-3.10628e-06	-0.000269581	-0.00018029	-0.000523146	0.241121	0.108851	0.238734	0.1	0.00549806
2.40849	2.98519	1.89125	-9.34708e-06	-0.000244698	-2.75939e-05	0.000693181	-0.000451187	-0.000269188	0.241078	0.108793	0.238691	0.1	0.00646259
1.08708	1.25898	-2.05099	2.69844e-06	-0.000129289	2.19217e-05	-0.000321009	-5.67678e-05	-0.000263288	0.241066	0.108776	0.238679	0.1	0.00635591
-2.21291	2.1832	0.937045	-0.000106983	-0.000204393	4.15713e-05	0.000340379	-6.40771e-05	-0.000215299	0.241027	0.108724	0.238641	0.1	0.00882123
-2.36257	1.43051	-1.88991	3.47361e-05	-0.00013764	2.56732e-05	0.000347273	0.000242515	-0.000316229	0.24097	0.108646	0.238584	0.1	0.00400243
2.02437	1.31476	1.65729	0.000105942	3.31752e-05	0.000111035	0.00119766	0.000363067	-0.000212452	0.240966	0.108641	0.23858	0.1	0.00815776
1.19309	-0.161966	-1.98566	0.000172306	-6.36208e-05	6.18788e-05	-0.000305456	0.000408172	0.000271738	0.24074	0.108335	0.238356	0.1	0.00558839
0.548496	2.66839	0.209871	6.32576e-05	-0.000345527	-7.10203e-06	0.000289669	-0.000159166	-0.000489033	0.240483	0.107989	0.238102	0.1	0.00436868
-2.05574	3.49894	1.23491	-2.26066e-05	-0.000265319	-0.00015592	-0.000186413	0.000696005	0.000286538	0.240458	0.107956	0.238077	0.1	0.00644453
2.49783	-0.463046	2.03301	4.01533e-05	0.000269403	0.000108012	-3.63894e-05	-1.20529e-05	8.2615e-05	0.240401	0.107879	0.238021	0.1	0.00815757
0.465471	0.294007	1.20372	0.000104313	-0.00010982	-7.06476e-05	0.000260582	7.06317e-05	0.000254313	0.240234	0.107654	0.237855	0.1	0.00695471
-1.84681	1.97773	-0.571283	8.13206e-06	-0.000338841	6.73746e-05	-5.73306e-05	0.000115493	-0.000199026	0.240234	0.107654	0.237855	0.1	0.0110531
2.15801	1.77976	-0.637219	0.000196789	-0.000410949	-0.000286996	0.00187897	1.15549e-05	0.000923714	0.240084	0.107453	0.237707	0.1	0.00840582
0.429621	1.21647	1.57908	9.28941e-05	-0.000234466	-0.000100057	-0.000414528	-7.36065e-05	-7.35388e-05	0.239985	0.107319	0.237609	0.1	0.00598288
0.251344	0.689609	0.909277	9.29666e-05	-6.82718e-05	-6.40412e-05	0.000553079	0.000241967	-0.000298767	0.239931	0.107246	0.237555	0.1	0.00594905
2.0383	2.87651	1.50331	3.42266e-05	-2.93231e-05	1.54732e-05	-0.000121631	-4.76784e-05	0.000186877	0.239786	0.107053	0.237412	0.1	0.00943786
-0.846396	-0.880837	0.975598	3.09885e-05	-1.1666e-05	-7.27001e-05	-0.000196893	0.00041101	-0.000365382	0.239696	0.106933	0.237323	0.1	0.0057278
0.244787	-1.56647	-0.92179	8.20391e-06	-0.000136892	0.000198728	0.00198941	0.000740203	0.000611626	0.239588	0.106787	0.237216	0.1	0.00959012
-0.295372	-3.45943	2.27852	1.89218e-06	0.000374761	-1.30894e-06	0.00029649	-1.97976e-07	-0.000332324	0.239483	0.106648	0.237112	0.1	0.00974631
-1.84198	-2.89223	0.22902	-4.07381e-05	0.000321698	4.48923e-05	0.000450758	0.000132995	0.000201759	0.239239	0.106322	0.23687	0.1	0.0098737
1.27427	3.84321	0.332696	-1.66231e-05	-0.000439053	6.85812e-07	8.52377e-05	0.00017053	-0.000453325	0.239237	0.106319	0.236868	0.1	0.00808237
-2.23971	-1.26234	-0.344629	1.15024e-05	0.000282257	0.000102779	-0.000379499	-0.000187243	0.000256886	0.239205	0.106277	0.236837	0.1	0.0110562
-2.38062	-0.645432	1.25702	-8.27451e-05	0.000204228	2.35644e-05	-0.000569368	-0.000170783	9.14097e-05	0.239191	0.106258	0.236823	0.1	0.00765472
-2.48728	-0.79267	2.41324	-2.79153e-05	0.000272826	7.62334e-05	-6.96096e-06	-0.000125687	0.000339426	0.238965	0.105957	0.236599	0.1	0.0111355
-1.6697	-3.53145	0.0396936	-5.58196e-05	0.00046236	4.0424e-05	-4.9523e-06	-0.000176545	0.00032692	0.238904	0.105876	0.236539	0.1	0.00911205
-0.686905	-1.90636	-1.37096	-1.66711e-05	0.000310121	-3.33078e-05	-0.000302731	0.000139206	0.000225466	0.238867	0.105826	0.236502	0.1	0.00807576
-1.29031	-0.556683	0.239633	-4.37402e-05	2.14359e-05	-4.27585e-05	0.000104148	0.000122354	0.000324902	0.238847	0.105799	0.236482	0.1	0.00442739
-0.784769	-3.60497	2.16229	6.74755e-06	0.000387179	-1.82594e-06	0.000204184	-2.28183e-05	-0.00034206	0.23868	0.105579	0.236317	0.1	0.00711601
0.340878	-1.93864	1.51111	0.000116811	0.000267162	0.000110798	-0.000483977	0.000106961	0.000837943	0.238578	0.105443	0.236216	0.1	0.00713887
-1.39211	1.00391	1.27945	-7.53723e-05	-0.000115109	2.93579e-05	0.00027163	-0.000564253	3.2602e-05	0.238575	0.105439	0.236213	0.1	0.0085947
-2.18552	-2.88593	-1.63046	2.71022e-05	0.000336112	-1.19325e-05	-4.31052e-05	0.000226395	0.000285722	0.238558	0.105416	0.236196	0.1	0.00655785
0.263044	1.86027	1.99484	9.42047e-06	3.74176e-06	-4.97119e-06	6.12122e-06	2.25007e-05	2.38505e-05	0.238531	0.105381	0.236169	0.1	0.0072174
0.100788	-0.137179	-2.23493	8.28193e-05	-3.9243e-05	4.39362e-06	-0.000852845	0.000172204	0.000201513	0.238467	0.105296	0.236106	0.1	0.00710837
-0.706133	3.97453	0.158094	-6.65957e-05	-0.000387673	-2.77271e-05	0.000124184	7.35049e-05	2.06367e-05	0.238429	0.105245	0.236068	0.1	0.00539548
-0.850398	-2.78571	-0.636994	-4.34446e-07	6.31725e-07	1.05949e-06	6.42792e-24	-3.84938e-24	1.41348e-24	0.238392	0.105197	0.236032	0.1	0.0120331
2.18859	-2.51576	1.11573	1.42419e-05	0.000202677	-0.000135983	0.000181133	-0.000465317	-0.000693285	0.238069	0.10477	0.235712	0.1	0.00976422
0.179367	-2.06467	-0.77595	4.43496e-05	0.0002871	2.48045e-07	0.000117901	-0.000234583	-0.000321366	0.2379	0.104547	0.235545	0.1	0.00570565
-0.0902398	-0.522162	0.206712	-8.32687e-06	0.000191124	2.54196e-05	0.000394252	-2.18831e-05	0.000358229	0.237677	0.104254	0.235324	0.1	0.00483821
0.800873	-0.578942	0.590229	-5.00497e-05	0.000102699	3.89615e-05	-3.79835e-05	-0.000338745	-0.000136351	0.237634	0.104196	0.235281	0.1	0.00693912
1.71031	0.2558	2.25012	4.05493e-05	-3.63401e-06	3.60693e-05	-0.000211014	7.05334e-05	-1.72972e-05	0.237512	0.104035	0.23516	0.1	0.0116568
-2.33148	3.24626	-2.32078	4.23066e-05	-0.000305416	-4.44984e-05	0.000283768	0.000392332	2.98576e-05	0.237463	0.103972	0.235112	0.1	0.00592467
0.0802925	2.38116	1.41368	4.35935e-05	-0.000343059	-2.94923e-05	0.000127278	-3.34359e-06	-0.000205775	0.237431	0.103929	0.23508	0.1	0.00728257
0.355062	-1.92853	-2.25608	4.5817e-05	3.76686e-05	-0.00014882	-0.000151364	0.000614305	-0.000338032	0.237431	0.103929	0.23508	0.1	0.0132299
1.66685	-0.24295	-2.01659	0.000280055	3.69644e-05	0.000146318	-0.000835886	-0.000163285	0.000840327	0.237278	0.103729	0.234929	0.1	0.0106554
-2.47505	1.48981	0.383797	-1.9837e-05	-0.000106408	0.000101567	-0.000249834	0.000105835	-5.13478e-05	0.237254	0.103697	0.234905	0.1	0.00744915
0.576078	-2.33694	-0.914337	3.33712e-05	0.000103431	-6.8863e-05	-0.000530826	-1.6721e-05	-0.000298569	0.237202	0.103628	0.234853	0.1	0.00661162
-1.61564	-1.44695	2.22639	0.000111139	0.00021222	-8.33275e-05	-0.000258658	-0.000322841	-3.68205e-05	0.237135	0.103541	0.234787	0.1	0.00806674
0.958205	2.41095	2.47513	-7.58358e-05	-0.000236136	0.000107124	0.000119544	-0.000354286	0.000639708	0.237122	0.103524	0.234774	0.1	0.00757984
-0.907311	3.95297	-0.462069	-6.73213e-05	-0.000328227	-4.05881e-05	0.000372263	-6.31102e-05	0.000107916	0.236892	0.103224	0.234547	0.1	0.00741284
0.108608	0.473721	-2.35343	-1.22695e-05	3.47951e-05	-1.57908e-05	-0.000189327	-0.00010388	-9.07672e-05	0.236865	0.103189	0.23452	0.1	0.00939602
-1.38509	1.93818	-0.712966	7.97876e-05	-0.00017914	-9.79158e-06	0.000207211	-0.00022404	-2.48492e-05	0.236787	0.103086	0.234443	0.1	0.00592056
1.05068	-0.649097	-0.0499955	1.26789e-05	7.72232e-05	1.95715e-05	-0.00022334	5.89014e-05	0.000401977	0.236379	0.102554	0.234039	0.1	0.00583209
1.69475	-1.29581	-1.24264	-4.47304e-05	0.000231975	1.78395e-05	-0.000144562	-0.000170613	0.000187458	0.23636	0.10253	0.23402	0.1	0.0108858
2.35799	-2.09452	-0.690643	-6.85915e-05	0.000115413	4.95333e-05	0.000416071	3.21186e-05	0.000547292	0.236341	0.102504	0.234001	0.1	0.0174008
-0.627251	1.24646	-0.855889	5.56947e-05	-0.000110762	-4.1074e-05	0.000175994	0.000256629	0.000270216	0.236281	0.102428	0.233942	0.1	0.00573999
0.851774	1.04888	0.947582	-5.28896e-05	-0.000110297	-6.96355e-05	-0.000162034	-0.000569303	0.00127717	0.236277	0.102422	0.233938	0.1	0.00539035
0.781043	-0.780908	1.00894	-4.85797e-05	0.000147685	8.00977e-06	-3.25623e-05	0.000171008	0.000211497	0.236117	0.102213	0.233779	0.1	0.00566843
-1.27257	1.96426	-1.24274	4.47462e-05	-0.000197491	-4.45873e-05	-0.000147687	0.000627456	0.000115575	0.236076	0.102161	0.233739	0.1	0.00589663
-1.75034	-0.570431	-0.0699639	-8.15834e-05	-4.6401e-05	2.45812e-05	-6.78602e-06	0.000427514	-6.0142e-05	0.235915	0.101951	0.233579	0.1	0.00468502
-1.06814	0.502568	1.22051	-2.3911e-07	-5.65584e-07	1.0526e-06	-9.16967e-24	1.22228e-23	6.63914e-24	0.235774	0.10177	0.23344	0.1	0.0120396
1.45066	-0.790777	-0.236099	8.40138e-06	0.000167107	4.30841e-05	-4.26461e-05	-7.5249e-05	-8.18188e-05	0.235702	0.101675	0.233368	0.1	0.0039401
1.7713	-3.54572	1.40437	-2.5766e-05	0.000339131	-0.000208446	-0.00160804	-0.000536474	0.000149547	0.235632	0.101585	0.233299	0.1	0.00668052
0.524062	0.951497	0.629313	6.88247e-05	-0.000172708	-0.000189355	-0.00101304	0.000244598	-1.76769e-05	0.235543	0.10147	0.233211	0.1	0.0073649
-2.31767	3.37035	1.73091	2.00719e-05	-0.000212269	-2.62934e-06	0.000291985	-6.62503e-06	0.000301017	0.235542	0.101468	0.23321	0.1	0.00501232
1.85026	3.36207	-0.779411	-9.87121e-05	-0.000349307	-8.73871e-06	0.00031176	0.000455734	0.000413679	0.235326	0.10119	0.232996	0.1	0.00634956
-2.08374	1.37519	-1.35032	0.000103418	-0.000141791	1.39048e-05	0.00015707	0.000157396	0.00021163	0.235264	0.101109	0.232935	0.1	0.00460323
-0.158172	1.88567	-0.642525	-1.69591e-05	-0.000145976	-2.56875e-05	0.000405384	0.000447992	4.04213e-05	0.235177	0.100998	0.232849	0.1	0.00702043
-1.99145	-3.88533	-2.09131	6.80858e-05	0.0003643	-3.52261e-06	-0.00046598	0.000233555	-0.000400205	0.235106	0.100905	0.232778	0.1	0.00782131
1.37244	1.04889	-0.440757	-4.49878e-05	-0.000172295	3.89887e-05	0.000382038	-0.00073093	0.00068128	0.23501	0.100782	0.232683	0.1	0.00458054
1.61198	-1.54876	0.847032	-5.17522e-06	0.000204445	6.22147e-05	0.000136133	-6.84395e-05	0.000151966	0.234827	0.100547	0.232502	0.1	0.00578925
0.152026	1.66599	-1.09914	1.22299e-05	-0.000271466	-0.000124941	0.000723124	0.000219047	-0.000369456	0.234781	0.100487	0.232456	0.1	0.00691594
2.28099	-1.20211	-2.43106	-5.33337e-06	0.000182442	-2.6783e-05	0.000178542	0.000866342	-0.000501193	0.234742	0.100438	0.232418	0.1	0.00520155
0.0536418	2.96284	-0.466272	-7.08611e-05	-7.50405e-05	9.02934e-05	0.000462881	-0.000447323	6.72412e-06	0.234729	0.100422	0.232405	0.1	0.0112417
0.855988	-0.932225	-0.389925	9.62447e-07	7.86027e-05	3.31628e-05	-3.72176e-06	-0.00017826	0.000267029	0.234723	0.100413	0.232399	0.1	0.00727296
-0.732042	2.63951	1.48505	-3.26134e-05	-0.000311445	3.97699e-05	-0.000372102	4.17567e-05	-0.00011651	0.234716	0.100404	0.232392	0.1	0.00806199
-0.458509	-3.82128	-1.43548	-0.000166601	0.00023635	-4.74304e-05	1.9309e-07	0.000202981	0.00109693	0.234391	0.0999882	0.23207	0.1	0.0127894
-0.410255	-1.15319	0.987736	-8.67252e-05	5.15811e-06	-0.000110086	-5.71404e-05	0.000196555	9.28827e-05	0.234228	0.0997805	0.231909	0.1	0.0109934
-1.01503	1.88007	-1.87634	5.93072e-06	-0.00021251	5.99035e-06	1.97442e-05	-0.000193636	-0.000412809	0.234163	0.0996969	0.231845	0.1	0.00623629
-0.198901	-0.096609	-0.00989753	3.05399e-05	-2.99938e-05	2.23785e-05	9.23122e-06	0.00018605	-0.00102394	0.233947	0.0994212	0.231631	0.1	0.00528163
2.4098	-1.99407	-2.3402	-3.37671e-06	0.000312202	9.42287e-05	-8.52913e-05	-4.963e-05	0.000246101	0.233696	0.0991015	0.231382	0.1	0.0110385
-1.19497	-1.51999	1.18851	3.44546e-05	9.28856e-05	-9.9023e-05	-0.000494945	-0.000127802	0.000167053	0.23369	0.0990929	0.231376	0.1	0.00631809
-0.0314843	2.1837	2.16412	-0.000149385	-0.000182511	9.17866e-05	-5.06587e-05	-0.000245652	-0.000572138	0.233609	0.0989904	0.231296	0.1	0.00647427
-0.070005	3.79956	-0.0375304	-4.56374e-05	-0.000473241	4.31399e-07	-0.000194845	-0.000408439	-0.000594227	0.233569	0.0989397	0.231256	0.1	0.0063486
-1.2738	-1.90501	0.343754	-1.07151e-07	1.61952e-06	2.59651e-07	-9.86342e-25	-1.20013e-24	-1.91392e-25	0.233337	0.0986457	0.231027	0.1	0.00567508
0.264811	-3.65988	2.06422	-0.000200498	3.52343e-05	7.73299e-05	-6.36283e-05	0.00030779	-0.000265659	0.233285	0.0985791	0.230975	0.1	0.00767396
0.362749	-3.42605	-0.313301	-4.87856e-05	0.000342214	-1.85055e-05	0.000288906	-2.61149e-05	6.4567e-05	0.233155	0.0984158	0.230847	0.1	0.00535779
-1.56261	2.21808	0.479946	-7.1869e-06	-0.00021175	-2.56689e-05	-0.000275864	-2.49264e-06	-7.45385e-05	0.233116	0.0983655	0.230808	0.1	0.00893112
1.44393	1.34949	-0.0954603	-3.10046e-05	-0.000126955	-7.61666e-06	-0.000680165	0.000856306	9.12995e-05	0.233102	0.0983481	0.230794	0.1	0.00522632
-1.86004	-0.903022	1.26224	-3.49409e-05	0.000121454	2.01585e-05	0.000174654	0.000208504	-1.8717e-07	0.233037	0.0982664	0.23073	0.1	0.00917524
-0.215622	-0.571107	0.654737	-5.33984e-06	-6.87023e-05	3.12362e-06	-3.33426e-05	-1.70582e-05	-0.0003372	0.232987	0.0982018	0.23068	0.1	0.00720613
2.49354	-1.59845	2.4367	-6.7048e-05	0.000161735	-0.000195896	-0.000678428	0.00021121	-0.000402888	0.23297	0.0981807	0.230663	0.1	0.00864385
-1.74214	-2.97239	-0.219325	-7.53542e-05	0.00039384	4.5222e-05	-0.000173735	6.31878e-05	-0.000111413	0.232853	0.0980333	0.230548	0.1	0.00768938
1.13947	2.54923	1.52549	-0.000123883	-0.000147102	5.66063e-05	-0.000592778	0.000104477	-0.00051629	0.232841	0.0980185	0.230536	0.1	0.0111314
2.29466	-3.66127	1.79631	5.46415e-05	0.000415277	9.19454e-06	6.48381e-05	-4.31229e-05	-0.000224891	0.232838	0.0980137	0.230533	0.1	0.0101245
-1.37386	3.91627	-0.681898	-1.15756e-05	-0.000375907	2.86009e-05	-7.42992e-05	-0.000423629	4.33084e-05	0.232645	0.0977704	0.230342	0.1	0.00561321
2.25433	2.21973	-0.75963	-4.641e-05	-0.000255417	5.81624e-05	-0.000429723	-0.000248614	0.000247184	0.232529	0.0976247	0.230227	0.1	0.00978764
-0.0993043	-0.275333	2.27767	4.1548e-05	-4.18821e-05	-2.46435e-05	0.000118873	-0.00056826	-0.000319033	0.232356	0.0974063	0.230055	0.1	0.00907155
2.38512	1.37947	-0.560979	0.000346908	-0.000318448	-0.000170095	-0.0015739	-0.00160813	5.77192e-05	0.232305	0.0973426	0.230005	0.1	0.00607449
-1.03487	1.21642	0.934513	-2.92269e-05	-4.58468e-05	-1.41561e-05	-0.000221277	0.000111681	0.000131689	0.232166	0.097167	0.229867	0.1	0.00833288
-2.23111	4.03429	-2.45834	6.04755e-07	-0.00040669	-4.03298e-07	2.47663e-22	1.0528e-23	-1.53287e-22	0.232017	0.0969806	0.22972	0.1	0.00774679
0.581943	-2.04492	-0.542184	7.82037e-05	0.000230524	-3.66749e-05	-0.000347057	7.84202e-05	-0.000339593	0.231839	0.0967586	0.229544	0.1	0.00741932
1.68915	-2.90863	-1.64316	0.000258675	0.000513458	0.000146538	0.000143772	0.000415393	-0.000736498	0.231804	0.0967136	0.229509	0.1	0.0099138
-0.59505	-3.14232	-0.0235352	-5.65082e-05	0.000154611	0.000134176	0.000821751	-3.13474e-06	0.000375345	0.231661	0.0965346	0.229367	0.1	0.0111447
0.265753	1.9895	-0.790394	5.29638e-05	-0.000410521	1.56507e-07	2.84441e-05	-0.000331967	3.62919e-05	0.231371	0.0961726	0.22908	0.1	0.00712459
1.88437	0.527178	1.56382	-0.000271685	-0.000455904	2.92367e-06	0.00103996	-0.000662123	0.000828002	0.231332	0.0961243	0.229042	0.1	0.00757936
-1.57547	3.76185	0.81065	-6.1606e-05	-5.68906e-05	-0.000167914	-4.12473e-05	0.000108093	-0.00045353	0.231276	0.0960544	0.228986	0.1	0.00913438
0.680346	1.07754	-1.90847	-7.31515e-06	-0.000127189	-3.25569e-06	0.000243933	0.000141986	-0.000464378	0.231257	0.0960307	0.228967	0.1	0.0106496
1.77307	1.49465	-0.546359	0.000130444	-0.000357922	-5.94638e-05	-0.000250313	0.000521277	-0.000168678	0.231228	0.0959953	0.228939	0.1	0.00545031
0.581563	0.804156	1.231	8.90584e-05	-0.000215209	-5.42699e-05	-0.000510643	0.000150569	0.000212819	0.231098	0.0958324	0.22881	0.1	0.00424937
-0.4123	2.59913	-1.73201	-5.63752e-05	-0.00026603	-1.64334e-05	1.96331e-05	-0.000148301	-4.45048e-05	0.231097	0.0958312	0.228809	0.1	0.0089283
1.39721	3.40691	2.13545	-0.000279535	-0.000411377	4.63587e-05	0.000216386	-0.000171397	-0.00143376	0.230968	0.0956712	0.228681	0.1	0.0104427
1.50707	1.13605	-2.22773	5.60452e-06	-9.22845e-05	4.99454e-06	-0.000315713	-0.000194832	-0.000110759	0.230925	0.0956178	0.228639	0.1	0.00451779
-1.00462	-0.625428	1.8743	4.72151e-05	3.86743e-05	-1.90513e-05	1.91436e-05	-0.000150882	-0.000271347	0.230853	0.0955284	0.228567	0.1	0.0111479
2.43023	-0.273852	-0.976017	8.93717e-07	-5.723e-07	2.20232e-06	6.62609e-14	5.69302e-14	-1.0926e-14	0.230603	0.0952189	0.22832	0.1	0.0114876
0.0746929	-0.591448	-2.31194	7.53702e-05	2.76246e-06	4.18303e-05	0.000911551	0.000273075	-0.000211123	0.230371	0.0949306	0.22809	0.1	0.00464014
-0.250151	-1.77036	-1.27196	5.66984e-05	0.000265524	-7.13776e-05	-0.000299498	5.39989e-05	-0.000133164	0.230367	0.0949265	0.228086	0.1	0.00888012
-0.080052	3.99137	-1.38276	-2.16049e-05	-0.000356918	-2.36102e-05	-6.11108e-05	-0.000296014	2.92936e-05	0.230224	0.0947498	0.227945	0.1	0.00492385
0.642594	1.20477	0.263439	1.10799e-05	-0.000206044	-0.000231679	0.000853958	6.55925e-05	2.57841e-05	0.22985	0.0942887	0.227574	0.1	0.00807144
-1.68217	-2.21483	0.402466	-3.22269e-05	0.00026221	5.19723e-05	0.000505641	1.73473e-05	0.000320287	0.22984	0.0942757	0.227564	0.1	0.00612681
0.201795	3.97771	0.283936	-9.30443e-05	-0.000490808	3.32202e-05	-0.000197917	-0.000149481	-7.21524e-05	0.229772	0.0941929	0.227497	0.1	0.0047017
-0.0587631	3.13294	-1.3674	-2.48757e-05	-0.000330677	-2.22162e-07	1.18738e-05	-2.76856e-05	0.000110058	0.229716	0.0941249	0.227442	0.1	0.00635624
2.35215	3.58005	-1.04357	-7.35528e-05	-9.5908e-05	-9.50284e-05	0.000373789	0.000316504	-0.000596626	0.229675	0.0940734	0.227401	0.1	0.0087809
0.896422	-2.90264	1.03763	-8.54708e-05	0.00022795	-3.8414e-06	-6.1307e-05	-0.000125618	0.000835033	0.229635	0.094024	0.227361	0.1	0.00616128
0.793736	-3.5494	-2.29037	-0.000108781	0.000440515	7.47982e-05	0.000662901	-0.000179533	0.000471506	0.229633	0.0940217	0.227359	0.1	0.00721766
-0.496773	3.64771	-0.0908474	-6.16755e-05	-0.000337556	-4.65904e-05	-8.98537e-05	5.38576e-05	6.56038e-05	0.229597	0.0939779	0.227324	0.1	0.00937748
1.88241	0.402864	0.995915	5.95387e-05	-3.2546e-05	-5.03939e-05	3.14023e-05	-0.000335758	0.000251082	0.229587	0.0939654	0.227314	0.1	0.00848847
0.552919	-1.02352	-0.0363368	0.000122985	5.23143e-05	9.21646e-05	-2.84612e-05	-0.000328018	0.000666368	0.229559	0.093931	0.227286	0.1	0.00687672
-0.758595	0.138063	0.00190139	-7.28053e-05	8.39845e-05	9.41485e-06	-0.000331477	0.000363521	-0.000288637	0.229502	0.0938617	0.22723	0.1	0.00678495
-0.107106	-0.809727	-0.461521	6.69305e-05	5.45448e-05	-5.08991e-05	-0.000250176	1.15457e-05	0.000140493	0.229294	0.0936058	0.227024	0.1	0.00628842
-1.04181	-3.01231	1.31132	-3.24977e-05	2.18342e-05	7.73012e-06	6.84419e-05	2.67695e-05	0.000175908	0.229262	0.0935673	0.226992	0.1	0.00740554
2.35869	1.21861	-1.1574	0.000111441	-0.000298215	2.75071e-05	-4.93416e-06	-0.000700764	0.000319427	0.229043	0.0932983	0.226775	0.1	0.00667105
2.27596	0.645287	1.36681	-0.000293536	0.00013801	0.000312893	0.000561629	-0.00040144	0.0013503	0.229023	0.0932736	0.226755	0.1	0.0056961
2.05792	-3.89298	1.48367	-4.5601e-05	0.000456553	9.17423e-05	-7.35077e-05	0.000556472	-9.92864e-05	0.22902	0.0932701	0.226752	0.1	0.0070148
2.18199	2.60201	-2.01282	-2.13828e-05	-0.000104771	-7.67477e-05	0.0015905	2.68748e-05	-0.000494037	0.228994	0.0932399	0.226727	0.1	0.00821439
0.347126	-3.29401	2.33243	-7.87746e-05	0.000104413	8.27234e-05	-0.000104323	-0.000435628	0.000675103	0.228978	0.0932202	0.226711	0.1	0.00619868
1.17858	2.71374	-1.06376	-0.000112778	-0.000333732	3.70823e-07	0.000622754	-0.000455122	0.00025715	0.228925	0.093155	0.226658	0.1	0.0069583
0.105097	0.676922	0.207382	3.63603e-06	-0.000187568	1.58486e-05	-0.000206158	4.10078e-05	2.15973e-05	0.228769	0.0929649	0.226504	0.1	0.0100992
1.50435	-1.04063	2.12328	-7.80638e-05	8.02054e-05	7.47089e-05	0.00029686	0.000347409	-0.000105956	0.228681	0.0928573	0.226417	0.1	0.00515286
0.126602	1.55181	-0.103637	-3.89649e-05	-0.000207142	-4.80358e-05	9.6746e-05	0.000501423	-0.000390808	0.228633	0.0927983	0.226369	0.1	0.00894835
-0.82841	3.96031	-1.35822	1.95459e-09	3.6654e-07	-1.21751e-09	0	0	0	0.228527	0.09267	0.226264	0.1	0.00967259
0.953706	0.831957	-2.17685	-1.74917e-05	-0.000112683	-2.62815e-05	0.00032247	-0.000365512	4.72871e-05	0.228372	0.0924815	0.226111	0.1	0.0093217
1.2085	-3.42964	-2.1521	-4.89839e-05	0.000356642	-3.30399e-05	-0.000781285	9.59021e-05	9.25138e-05	0.228275	0.0923635	0.226015	0.1	0.00674574
0.43738	-0.979641	1.23393	2.99703e-05	0.00012862	1.4639e-05	-0.00035058	-0.000124999	0.000209916	0.228269	0.0923562	0.226009	0.1	0.00468938
2.38631	-1.91153	1.78345	-1.52534e-05	0.000318307	3.34792e-05	-7.67569e-05	-5.67769e-05	0.000547162	0.228148	0.0922089	0.225889	0.1	0.00855343
0.221468	3.73632	-0.386081	-1.40675e-05	-0.000525037	-1.09573e-05	8.94094e-05	-7.88218e-05	-0.000459772	0.227891	0.0918988	0.225635	0.1	0.00522703
1.06658	-0.112224	-0.727119	-8.05876e-05	-0.000127706	2.34173e-05	-0.000534875	0.000319334	-8.68966e-05	0.2278	0.0917882	0.225545	0.1	0.00831842
-2.00681	-2.68453	1.50623	-2.86748e-06	0.000422454	1.1209e-05	-3.23388e-05	0.000105959	-9.20613e-05	0.227735	0.0917093	0.22548	0.1	0.0121566
1.00457	1.19174	0.535413	-0.000101551	-0.000196309	-7.6767e-05	4.38634e-07	-0.000906229	0.000641631	0.227721	0.0916929	0.225466	0.1	0.00577685
1.70896	-2.36437	-2.2479	-4.68361e-05	0.000275581	0.0001237	-0.000326411	0.00065317	-0.00014964	0.227719	0.0916894	0.225464	0.1	0.007947
1.60492	-0.534433	0.123805	-0.000105173	9.30644e-05	3.81446e-05	7.1584e-05	-0.000287033	0.000292384	0.227657	0.0916158	0.225403	0.1	0.00550481
2.14637	-3.50021	-0.791789	9.08406e-05	0.000240918	-0.000105663	-0.000706698	5.3534e-05	-0.000494021	0.227655	0.0916129	0.225401	0.1	0.00869887
-1.71709	1.91493	-1.14159	6.5273e-05	-0.000146277	3.44412e-05	0.000344578	9.2904e-05	0.000251013	0.227637	0.0915917	0.225383	0.1	0.00596798
2.32508	-3.86057	-1.00739	1.95205e-09	3.66545e-07	-1.21444e-09	-6.79292e-29	-3.82254e-29	7.76192e-29	0.227625	0.0915767	0.225371	0.1	0.0104707
-2.39192	-3.62932	-1.94346	6.83868e-05	0.000438026	3.11332e-05	-0.000438599	-3.71128e-05	-7.95197e-05	0.227598	0.0915445	0.225345	0.1	0.00461964
1.12803	-1.71239	0.774718	1.75137e-05	0.000207426	3.70555e-05	-9.50962e-06	7.38031e-05	0.000101222	0.227427	0.0913378	0.225175	0.1	0.0051399
-0.935294	1.6516	1.95615	-4.72641e-05	-7.35276e-05	-7.09629e-05	-0.00024925	4.14074e-05	6.60776e-05	0.227288	0.0911706	0.225038	0.1	0.00666261
1.17375	3.14641	-1.27375	-9.59222e-05	-0.000308017	3.31813e-05	0.000545682	-0.000296007	-8.21987e-06	0.227272	0.0911519	0.225022	0.1	0.00672917
