-1.39274	1.22787	-1.02772	6.90311e-05	-9.98649e-05	3.73154e-06	-0.000226335	-8.51989e-05	-0.000116519	0.55482	1.32612	0.549327	0.1	0.0190792
2.15428	3.65369	2.2393	-2.51082e-05	-0.000324354	2.11055e-05	-1.3575e-05	5.58222e-05	0.000109382	0.554711	1.32533	0.549219	0.1	0.0181034
-0.831513	-1.28796	-0.905966	2.11312e-05	0.000185846	-8.93612e-05	2.33385e-06	-5.26016e-05	-0.000216284	0.554426	1.32329	0.548937	0.1	0.0217788
-0.0771517	1.24238	-1.97225	6.28793e-06	-0.000269732	-8.60983e-05	0.000163261	-6.68991e-05	-1.12524e-05	0.552434	1.30908	0.546964	0.1	0.0192228
2.4749	-3.37775	1.09864	1.34118e-05	0.000329768	-3.5753e-05	-0.000147316	9.95579e-05	-3.81221e-05	0.551275	1.30086	0.545817	0.1	0.0257238
-0.317268	-3.46672	-0.677572	-4.13219e-05	0.000407185	3.44252e-05	0.000217513	0.000147165	2.37741e-05	0.548893	1.28407	0.543458	0.1	0.0198757
-2.01254	0.746248	-1.78934	0.000117675	-6.27755e-06	4.11105e-06	-7.70395e-06	-2.19333e-05	-9.69485e-05	0.548822	1.28357	0.543388	0.1	0.0210889
1.8027	-4.04332	-0.352721	-4.01543e-06	0.000317423	-3.53409e-05	0.000145559	2.38191e-05	2.6873e-05	0.547774	1.27623	0.54235	0.1	0.0201005
-1.92453	-0.414172	0.671842	-7.07746e-05	3.58161e-05	2.52772e-05	-0.000227205	-6.29091e-05	0.000148451	0.547358	1.27333	0.541939	0.1	0.0245443
-0.856458	-0.13441	0.72812	-7.97081e-05	-5.4077e-05	1.52781e-06	3.47564e-05	-6.14745e-05	-0.000117799	0.546952	1.2705	0.541537	0.1	0.0203616
2.09808	0.373351	-1.24924	3.29551e-05	-2.74096e-05	-1.17e-05	-6.07096e-05	0.000138346	-9.93727e-05	0.546649	1.26839	0.541237	0.1	0.0244999
1.20508	2.6307	-1.82296	-4.4378e-05	-0.000199553	6.52076e-05	-8.44548e-05	0.00021732	0.000132456	0.545348	1.25936	0.539949	0.1	0.020937
-2.42122	-2.42521	0.43555	2.77069e-06	0.000201119	3.68702e-06	8.67606e-05	-6.95427e-05	-9.52029e-05	0.545169	1.25811	0.539771	0.1	0.0222122
-0.0555891	-3.17565	-2.0305	-2.83335e-05	0.000317665	5.68804e-05	-6.33622e-05	-0.000142707	-2.3426e-05	0.544719	1.255	0.539326	0.1	0.0185929
-0.62815	3.39454	1.30451	1.48119e-05	-0.000350968	-4.42657e-05	0.000171661	9.56533e-05	-0.000116004	0.543689	1.24789	0.538306	0.1	0.0190628
2.17523	-2.547	2.16413	0.00010007	0.00029699	4.84073e-05	-5.58521e-06	6.82949e-06	-5.44236e-05	0.541854	1.2353	0.536489	0.1	0.0301118
1.50045	-2.04635	-1.30145	3.3602e-05	0.000218138	6.02041e-05	4.42105e-05	9.64087e-05	-7.83955e-05	0.540595	1.22671	0.535243	0.1	0.0268595
2.11676	2.87989	-1.30183	-3.78733e-05	-0.000320122	-2.21758e-05	-9.76005e-05	-7.95505e-05	0.000108639	0.540372	1.22519	0.535022	0.1	0.0198262
0.241598	2.26344	-2.12429	2.28722e-05	-0.000300669	2.03993e-05	-0.00012265	-0.000414783	2.85274e-05	0.540364	1.22514	0.535014	0.1	0.0177781
1.53394	1.8998	1.53612	-4.66221e-05	-9.6392e-05	4.30326e-05	-0.000157783	4.81527e-05	0.000200427	0.537534	1.20599	0.532212	0.1	0.0221749
1.81641	-3.02583	-0.0144178	-1.41008e-05	0.000264713	1.85715e-05	-1.01551e-05	0.000120764	3.09533e-05	0.536704	1.20041	0.53139	0.1	0.022762
-1.68103	1.63027	0.936959	-4.58445e-05	-9.57725e-05	0.000137115	0.000177633	1.47656e-05	0.000175803	0.536645	1.20002	0.531332	0.1	0.0216511
0.659928	-1.90498	0.20832	5.65839e-05	0.000249487	4.39306e-05	5.08086e-05	-1.51139e-05	-1.39311e-05	0.536462	1.19879	0.53115	0.1	0.0214494
0.36996	3.5485	1.65327	-1.53521e-05	-0.000389511	1.01009e-06	-4.82256e-05	-0.000170916	0.000104474	0.53632	1.19784	0.53101	0.1	0.0239615
-1.13528	-2.62292	0.0579239	-2.97638e-05	0.000277579	-5.83818e-06	4.4798e-06	2.57176e-06	-0.00021114	0.535344	1.19131	0.530044	0.1	0.0190544
-0.264716	-2.53385	-1.20182	-1.01555e-06	0.00035599	3.68765e-05	-0.000255993	1.1161e-05	-0.000203161	0.534798	1.18767	0.529503	0.1	0.0179567
1.35661	3.92353	1.56643	-5.13894e-05	-0.000373222	6.5272e-05	-3.02259e-05	3.75912e-05	-5.87478e-05	0.534761	1.18742	0.529466	0.1	0.0192292
0.800896	1.55491	-0.444768	-8.99812e-06	-0.000254674	-4.05931e-05	0.000199423	-0.000429643	-0.000334062	0.534328	1.18454	0.529038	0.1	0.0201745
-1.44195	3.81801	0.0627912	-5.55387e-05	-0.000339565	3.90643e-05	0.000142248	0.000124766	0.000100808	0.533494	1.179	0.528212	0.1	0.0192371
-0.507961	1.98037	-1.31975	-5.1972e-05	-0.000293328	-5.29912e-05	0.000269808	0.000127899	0.000100353	0.533315	1.17782	0.528035	0.1	0.018117
-0.361295	3.57667	-0.827202	-6.10774e-05	-0.000337972	-3.59044e-05	-9.40265e-05	4.38155e-05	-3.76501e-05	0.533292	1.17767	0.528012	0.1	0.0184563
-2.02048	-1.20148	-2.13345	4.71595e-05	3.61929e-05	-0.000198085	-0.000268602	-0.00018085	-2.00999e-05	0.533023	1.17589	0.527746	0.1	0.0231848
-1.7561	-3.15656	-2.20592	-1.43473e-05	0.000332149	3.9953e-07	-6.80172e-06	0.000117077	5.30876e-05	0.53279	1.17434	0.527515	0.1	0.0263888
-0.0142797	-2.55033	1.02036	6.61581e-05	0.000281597	-2.24227e-05	-7.4398e-05	-1.96018e-05	-0.000116433	0.532572	1.1729	0.527299	0.1	0.0265986
-1.4492	3.61558	-1.71301	-7.72855e-05	-0.000361551	-1.34488e-05	-0.000111328	0.00017169	-0.000150897	0.532055	1.16949	0.526787	0.1	0.0216847
0.456963	3.28068	-2.32855	-3.56993e-05	-0.00033063	7.82372e-06	-4.96426e-06	4.79578e-05	0.000153208	0.531483	1.16572	0.526221	0.1	0.0262955
2.41381	0.168713	-2.4818	7.44792e-05	6.20725e-05	1.13187e-05	-3.43984e-05	-1.71949e-05	-0.000102394	0.530981	1.16242	0.525724	0.1	0.0215073
-0.177866	-1.21088	-1.75396	5.22878e-05	0.000153674	-5.17938e-05	4.78859e-05	-7.82231e-06	5.24832e-05	0.53052	1.15939	0.525267	0.1	0.0210755
-0.933589	-3.52416	0.583753	2.57499e-05	0.000396966	2.68081e-05	1.47747e-05	0.000117339	-0.00016256	0.529592	1.15332	0.524349	0.1	0.0192024
-0.0719817	-3.63671	1.37894	-3.20474e-05	0.000381245	-2.46559e-05	7.55635e-05	-3.26233e-05	1.70456e-05	0.528499	1.14619	0.523266	0.1	0.0228564
2.04888	0.787394	-0.243606	3.45259e-05	1.97077e-05	3.4877e-05	-6.59207e-05	0.000230966	9.22564e-05	0.527475	1.13954	0.522252	0.1	0.0246862
0.560397	3.57368	-1.32831	-6.40353e-05	-0.000362967	6.51935e-06	7.85551e-05	-9.07356e-05	-7.35214e-06	0.527182	1.13765	0.521962	0.1	0.020019
-2.41729	0.793007	0.653276	1.41623e-05	-5.90673e-05	4.11147e-05	0.000333174	-0.000264352	7.9812e-05	0.527004	1.1365	0.521786	0.1	0.0275943
2.41783	-1.17858	1.75914	-7.32541e-05	0.000287355	6.69103e-05	8.12202e-05	0.000161796	-0.000211887	0.526785	1.13507	0.521569	0.1	0.020727
0.0800632	-3.37428	0.379872	5.96006e-06	0.000299175	-2.52959e-05	9.42788e-05	7.76611e-06	-4.2144e-05	0.526637	1.13412	0.521423	0.1	0.0181847
0.543557	2.77756	0.961964	-3.30175e-06	-0.000353809	-1.81714e-05	0.000142483	9.12205e-05	6.63685e-05	0.524764	1.12206	0.519568	0.1	0.0173522
-2.43448	3.93371	0.372891	-5.62834e-05	-0.000384782	1.72068e-05	-0.0003449	-0.000150497	4.79261e-05	0.523709	1.11531	0.518524	0.1	0.0242624
-2.48535	3.73937	-1.76052	-6.21358e-05	-0.00031923	1.09395e-05	5.94289e-05	-0.00011873	4.12594e-05	0.523479	1.11384	0.518296	0.1	0.0188914
1.49192	0.944358	2.04666	7.44644e-05	-4.20277e-05	-6.60365e-05	5.56891e-05	-9.64377e-05	-1.04169e-05	0.521989	1.10436	0.516821	0.1	0.0194026
-1.83895	-1.90526	-0.27509	-3.26081e-05	0.000209693	-1.28641e-05	0.000302442	0.000485491	-0.000337576	0.521432	1.10083	0.516269	0.1	0.0215293
-0.404441	1.82555	1.47091	-1.1324e-05	-0.000316942	-9.92348e-05	-0.000117586	2.60575e-05	-1.3293e-05	0.521217	1.09946	0.516056	0.1	0.0236413
-2.00698	-3.92409	1.84281	2.85369e-05	0.0004153	-2.99014e-06	-0.000126411	2.20132e-05	-3.00699e-05	0.518617	1.08309	0.513482	0.1	0.0169827
2.09211	-0.096596	0.465242	-4.27881e-05	2.37486e-05	-5.83777e-06	-0.000278129	0.000165111	-0.000262889	0.517898	1.07859	0.51277	0.1	0.0222559
2.335	-1.07975	-0.93591	7.93306e-05	0.000166991	8.71837e-05	0.000101335	0.000179066	2.45344e-05	0.517716	1.07746	0.51259	0.1	0.0244365
1.57451	3.77376	-1.34111	-7.42036e-05	-0.000367854	-3.1367e-05	6.27069e-05	0.000116237	-3.71689e-05	0.5171	1.07361	0.51198	0.1	0.0171067
-1.86739	2.69533	-1.47881	-0.00011073	-0.000307543	2.71196e-05	6.90312e-05	-7.16285e-05	4.74304e-05	0.516716	1.07123	0.5116	0.1	0.0213167
-1.94474	0.348678	-0.815871	1.23016e-05	-4.01696e-05	-1.50935e-05	9.35583e-05	-0.000157047	7.38018e-05	0.515931	1.06635	0.510823	0.1	0.0248111
1.15509	3.25189	-0.548067	-8.25632e-05	-0.000413791	3.2735e-06	-0.00010853	0.000140687	-0.000206909	0.515901	1.06617	0.510793	0.1	0.014407
1.53979	2.08484	-0.946766	6.98374e-05	-0.000324492	6.07125e-05	0.00016765	0.000470918	-5.66933e-05	0.51576	1.06529	0.510653	0.1	0.0170634
-1.91276	-2.08125	1.95507	7.28575e-05	0.000263118	-4.16321e-06	-7.37236e-05	7.06964e-05	2.01758e-05	0.514995	1.06056	0.509896	0.1	0.026825
-0.425677	3.54857	-1.86104	-5.6181e-05	-0.000428543	-2.19785e-05	-7.03181e-05	-7.17653e-05	6.01554e-05	0.514003	1.05444	0.508914	0.1	0.0209579
0.730219	0.111127	2.46274	7.15161e-05	9.4369e-06	-1.33227e-05	-0.000112328	0.000228685	-7.21734e-05	0.512599	1.04583	0.507524	0.1	0.0191069
0.542369	-0.350166	1.57987	-1.95094e-05	0.000105167	-2.36019e-05	2.32218e-05	-6.29615e-05	5.01794e-05	0.51184	1.04118	0.506772	0.1	0.0187958
-2.05864	-3.55248	-1.30082	2.45952e-05	0.000412838	2.46399e-05	-5.27986e-05	4.15566e-05	-0.000317075	0.511673	1.04017	0.506607	0.1	0.0219302
-0.450623	0.830157	0.69925	4.02316e-05	-0.000133004	-2.45073e-05	2.04752e-05	0.000367034	-0.000157663	0.511494	1.03908	0.50643	0.1	0.0241397
0.87888	-3.24287	-1.51549	-1.64598e-05	0.000342686	7.45425e-05	5.91232e-05	-0.000100051	0.000159329	0.510448	1.03272	0.505394	0.1	0.0178947
-1.24112	3.52137	2.14314	-7.46375e-05	-0.000354855	-0.000184885	-0.000473442	-0.000584321	-0.000235672	0.509646	1.02785	0.5046	0.1	0.0222985
0.830455	-2.77959	-2.40966	-3.14601e-05	0.000279707	5.97384e-05	-0.000177501	3.79539e-05	7.10096e-05	0.508542	1.02119	0.503507	0.1	0.0206064
-0.639814	-0.441003	-2.25376	6.71528e-05	0.000160464	8.68037e-06	-2.18005e-05	0.000162285	-0.000151963	0.508425	1.02048	0.503391	0.1	0.018848
1.43821	-0.42794	-1.34298	8.80661e-05	-5.77722e-05	3.22781e-05	3.96615e-06	-7.33545e-05	0.000249649	0.506867	1.01114	0.501849	0.1	0.0199571
1.37247	1.81805	-2.44831	-6.40062e-07	-0.000127038	3.01517e-05	0.000181922	7.45528e-06	0.000137674	0.505037	1.00022	0.500037	0.1	0.0189839
-1.19616	2.73327	-2.23588	-6.32511e-05	-0.000282292	-0.000101211	0.00027175	0.000366954	0.000440301	0.504957	0.999745	0.499957	0.1	0.0229341
-2.29724	-3.44481	-0.330022	-1.10632e-05	0.000368989	-3.40681e-06	0.000191808	-0.000136686	9.54489e-05	0.504939	0.999642	0.49994	0.1	0.0195137
-0.179585	-0.441182	-1.07891	6.64387e-05	5.24596e-05	8.07287e-06	0.000161352	5.2084e-05	-4.34458e-05	0.504901	0.999415	0.499902	0.1	0.0177425
0.425603	-0.352838	-0.288514	3.62885e-05	-1.86392e-05	2.69532e-05	0.000109317	-0.000135699	-0.000122259	0.504788	0.998742	0.49979	0.1	0.0160484
0.688034	-0.700475	-1.9447	9.48629e-05	5.44913e-05	1.39973e-05	0.000249869	5.6858e-05	-0.00031029	0.503937	0.993701	0.498948	0.1	0.0204221
-1.00741	-2.26911	1.41575	2.72057e-05	0.000320441	3.88854e-05	-0.000106188	-7.04081e-05	-8.85289e-06	0.503345	0.990196	0.498361	0.1	0.0188904
-1.03722	0.375424	-1.79737	7.96536e-05	-6.17917e-05	-8.03908e-05	-0.000169115	-9.58148e-05	0.00017841	0.503196	0.989325	0.498214	0.1	0.0190826
1.32818	-1.48562	-0.45182	0.000117421	0.000194692	8.12321e-05	5.22969e-05	-7.4415e-05	-0.000165227	0.502585	0.985721	0.497609	0.1	0.0207564
-0.918187	0.824812	-0.187644	-3.13942e-05	-0.000138286	2.98671e-05	-0.000129517	-0.000193326	-7.69769e-05	0.501771	0.98094	0.496803	0.1	0.0193953
0.271316	-2.68124	-0.339171	1.16547e-05	0.000320032	3.11337e-05	3.21025e-05	0.000104303	-9.04118e-05	0.501401	0.978774	0.496437	0.1	0.0210696
2.33422	-1.48319	0.788894	8.29568e-06	0.000167363	2.12982e-05	-6.12532e-05	5.67429e-05	7.13404e-05	0.501352	0.978484	0.496388	0.1	0.0175534
-1.54748	1.41973	2.25416	1.72568e-05	-5.52782e-05	2.96713e-05	5.81267e-05	0.000337724	0.000245614	0.501333	0.978374	0.496369	0.1	0.0196707
-0.429132	2.8043	2.12882	-1.53324e-05	-0.000357249	-6.08822e-05	-0.000121494	-0.000188305	0.000134177	0.500305	0.972365	0.495351	0.1	0.0230895
1.75076	-1.94542	1.44252	3.91341e-05	0.000214983	4.39445e-05	-4.0695e-05	-2.31692e-07	-4.77984e-05	0.500134	0.971369	0.495182	0.1	0.0141211
-0.339037	-2.13879	-2.14335	5.91463e-05	0.000174066	-2.62735e-05	-9.68572e-05	-2.14601e-05	-6.13998e-05	0.500114	0.971254	0.495162	0.1	0.0230648
1.21318	3.95723	-2.42135	-7.58063e-05	-0.000327727	3.84037e-05	-4.43478e-05	-0.000114509	-8.88611e-05	0.499003	0.964792	0.494062	0.1	0.0205073
0.500203	-1.92837	-1.50681	6.37133e-05	0.000227857	1.61416e-05	-6.94876e-05	-0.0002007	6.18105e-05	0.49838	0.96119	0.493446	0.1	0.0176788
-0.120076	-1.25111	0.108101	6.73709e-05	0.000198217	-1.02772e-05	-0.00016326	-5.94412e-05	6.4584e-05	0.498014	0.959069	0.493083	0.1	0.0160524
-1.11486	-1.59313	-1.86046	3.66288e-05	0.000241605	-0.000102401	-3.28929e-05	-0.000104006	-0.0002227	0.49782	0.957951	0.492891	0.1	0.0210976
1.50978	-3.32828	2.11214	3.68956e-05	0.000404086	4.22824e-05	1.70826e-06	-1.54457e-05	-0.000149018	0.497807	0.957872	0.492878	0.1	0.0176534
-2.27337	2.70834	-0.492892	-6.70277e-05	-0.000234066	4.29602e-06	-4.71673e-05	1.92382e-05	9.9334e-06	0.497805	0.957862	0.492876	0.1	0.0229005
-1.62514	-2.86273	0.920979	2.41419e-05	0.000346313	3.2481e-05	-0.000222314	7.43342e-05	0.000349207	0.496356	0.949524	0.491442	0.1	0.0161887
-1.29639	2.69318	0.960815	-6.4881e-06	-0.0003207	1.13168e-05	-0.000318922	-7.74619e-05	3.9679e-05	0.495653	0.945496	0.490746	0.1	0.0184876
-0.918024	-3.72805	-2.13335	-2.52504e-05	0.000357378	-4.78767e-05	7.39471e-05	-7.25696e-05	-5.80037e-05	0.495534	0.944815	0.490628	0.1	0.020279
-1.34777	-3.45382	-0.607891	-1.24888e-05	0.000391209	8.64355e-05	-0.000325067	-3.6047e-05	-6.87658e-06	0.49547	0.944444	0.490564	0.1	0.01751
-1.26383	2.3036	1.86996	5.14512e-07	-7.35409e-07	-1.25421e-07	-2.40752e-11	-2.21667e-11	2.19324e-12	0.495413	0.94412	0.490508	0.1	0.0205924
2.42207	1.90669	-1.38121	5.31379e-05	-0.000275255	7.11836e-05	2.88823e-05	-0.000294161	6.78398e-05	0.493724	0.934499	0.488836	0.1	0.017101
-1.72539	1.77572	-1.84303	1.27929e-05	-0.000230645	-3.21572e-05	4.76128e-05	0.000165982	0.000248175	0.493582	0.933695	0.488695	0.1	0.0158695
0.807294	1.66807	-1.51366	-5.40624e-05	-0.000208476	0.000154524	0.0001231	-5.01342e-05	0.000263921	0.493482	0.933124	0.488596	0.1	0.021044
0.887389	0.525967	-0.427675	-7.06657e-05	-9.909e-05	-1.17604e-05	-0.000113262	0.000168609	-0.000224756	0.49325	0.93181	0.488366	0.1	0.0222223
0.685367	4.0461	0.812643	-1.70865e-05	-0.000469358	3.74002e-05	-0.000237986	-9.86957e-05	4.23344e-05	0.492733	0.92888	0.487854	0.1	0.0190278
0.152036	0.0465188	0.597969	3.88859e-05	-0.000120777	-2.68415e-05	-0.000184565	-0.00014658	0.000206747	0.492579	0.928012	0.487702	0.1	0.0181642
1.26794	2.69033	0.268158	3.34025e-06	-0.000358143	8.49174e-07	2.07113e-05	3.14468e-05	0.000271895	0.492206	0.925909	0.487333	0.1	0.0148807
0.75608	0.253578	-1.55436	5.75013e-06	-0.000166184	2.12543e-05	0.000465917	-0.000388698	0.000163216	0.490982	0.919016	0.486121	0.1	0.0220483
-1.21238	-2.24652	-0.978544	-3.89281e-05	0.000229208	-2.2128e-05	-0.00033805	-0.00048822	5.81543e-05	0.490889	0.918492	0.486029	0.1	0.0210086
-0.401781	-0.642516	1.49459	1.2311e-05	2.08093e-05	-3.97719e-05	-0.00020285	0.000335839	0.000111763	0.490378	0.915628	0.485523	0.1	0.02127
1.57972	-2.88867	1.24223	-1.67397e-05	0.00025788	-3.4543e-05	0.000220168	6.10982e-05	-3.83118e-05	0.489482	0.910617	0.484636	0.1	0.0204563
-2.19586	2.80445	1.31943	2.04475e-05	-0.000207732	5.27472e-06	-0.000108105	0.000123269	-0.000100374	0.489469	0.910544	0.484623	0.1	0.0156248
2.26448	-2.47436	-1.82222	2.75053e-05	0.000259238	4.19915e-05	8.407e-05	-0.000129656	6.37995e-05	0.489084	0.908401	0.484242	0.1	0.0174706
-2.15692	1.0103	1.60023	2.75804e-05	-0.000117662	4.86798e-05	-0.000157874	0.000385264	0.000200004	0.488971	0.907768	0.48413	0.1	0.0226518
0.971517	-1.97782	2.03361	2.99495e-05	0.000198231	1.70956e-06	1.74871e-05	-2.80246e-05	-0.000246947	0.4888	0.906812	0.48396	0.1	0.0194448
1.58737	-2.18609	0.505533	4.06256e-05	0.000252554	1.7883e-05	-1.88953e-05	7.79952e-05	-4.68213e-06	0.488326	0.904178	0.483491	0.1	0.0198269
-0.718764	-0.545457	-0.199555	-1.4557e-05	8.26329e-05	-2.13334e-05	0.000218618	-3.43104e-05	0.000273937	0.48828	0.903926	0.483446	0.1	0.015996
-2.01413	3.02514	0.393113	-2.21635e-05	-0.00035762	3.11139e-05	0.000346385	0.000109444	4.98877e-05	0.488206	0.903513	0.483372	0.1	0.0233831
1.58396	-3.70435	0.701655	-1.52282e-05	0.000338351	4.84424e-05	-0.000128784	-5.14544e-05	-0.000112676	0.488125	0.903063	0.483292	0.1	0.0205401
0.0465472	1.67632	0.593025	7.39723e-05	-0.000195484	-0.000104497	-5.71737e-05	-6.51285e-05	2.70535e-05	0.486774	0.895587	0.481954	0.1	0.0178649
1.41065	-0.449744	1.09576	-4.8285e-06	0.000166587	8.2352e-05	4.99848e-05	-3.40453e-05	0.00013363	0.486222	0.892545	0.481408	0.1	0.0159589
2.3212	-0.527472	-1.7614	8.48562e-05	0.000109117	4.02995e-05	-4.75035e-05	9.50286e-05	8.93248e-05	0.485931	0.890944	0.48112	0.1	0.0225264
-1.06759	-3.81731	1.5353	2.7435e-05	0.000430206	2.11142e-05	-4.19509e-05	-9.73324e-05	0.000111018	0.485684	0.889585	0.480875	0.1	0.0162799
2.10356	2.51424	0.722812	1.87331e-05	-0.000176019	9.11572e-06	-7.65316e-05	-6.39237e-05	0.000109622	0.485546	0.888831	0.480739	0.1	0.021261
-1.78128	-0.240497	-1.94719	6.61027e-05	-5.01709e-06	-4.79915e-05	0.000101574	0.000116354	-0.000313284	0.484993	0.885791	0.480191	0.1	0.0211239
-0.643901	1.05736	2.19316	1.82186e-05	-2.9087e-06	-0.000130476	0.000211682	-2.56458e-05	-0.000350027	0.484263	0.881798	0.479468	0.1	0.0166093
-1.83105	-1.54239	-1.20554	1.99457e-05	0.000214338	-0.000137532	0.000329656	0.000138102	-5.36165e-05	0.483863	0.879615	0.479072	0.1	0.0223974
-1.79086	-1.8598	0.999989	-5.94292e-06	0.000172732	-8.11074e-06	-0.000103365	6.86105e-05	7.83118e-05	0.48386	0.879599	0.479069	0.1	0.0169469
1.71666	-0.133327	-0.450721	-2.78928e-05	6.00103e-05	1.06477e-05	0.000148341	-0.00019943	-0.000211366	0.483476	0.877508	0.478689	0.1	0.0173788
0.517215	2.59335	1.94248	-5.09455e-05	-0.000354469	4.92323e-05	-6.5844e-05	1.2996e-05	-0.000131072	0.483004	0.874942	0.478222	0.1	0.0172421
0.296708	0.945459	-1.06632	-4.22188e-05	-0.000167029	-5.85621e-05	-0.000484652	6.0076e-05	-0.00022511	0.482785	0.873753	0.478005	0.1	0.0192983
-1.28165	-1.21434	0.512361	-2.46394e-05	8.26189e-05	-0.000100243	9.33448e-06	0.000218888	-0.000274108	0.482566	0.872562	0.477788	0.1	0.0154879
-0.0249539	0.673853	1.57155	5.79898e-05	-0.00013155	-5.28267e-05	-0.00018313	-0.000400325	-0.000314369	0.482132	0.870207	0.477358	0.1	0.0217492
1.94199	2.54519	2.19589	-8.40548e-05	-0.000117994	8.47602e-05	0.00033823	-2.4359e-05	-7.23198e-05	0.48194	0.869166	0.477168	0.1	0.0202876
-0.587067	2.66405	-0.4785	-2.53381e-05	-0.000265889	1.01045e-06	4.87206e-05	0.000150703	1.24681e-05	0.481933	0.86913	0.477161	0.1	0.0224956
-1.42388	0.704522	0.634773	-6.66567e-06	-3.17114e-05	4.41263e-05	-5.13494e-05	0.000252466	-2.80864e-05	0.481479	0.866677	0.476712	0.1	0.0225131
1.03354	-3.39301	-0.530655	-3.85507e-05	0.000319	3.71691e-05	2.19746e-05	-8.44671e-05	-0.000150276	0.480917	0.863644	0.476155	0.1	0.0152906
-0.921147	-1.57137	2.1851	7.67913e-05	0.000205626	-4.53994e-05	-3.97834e-05	7.46374e-06	5.0849e-05	0.480468	0.861231	0.475711	0.1	0.0182669
1.53676	0.451482	-2.09241	5.47078e-05	-8.60858e-06	-1.69255e-05	0.00028223	-0.000161881	0.000158863	0.47986	0.857968	0.475109	0.1	0.015546
0.481385	2.65531	-0.9472	-0.00016061	-0.000343278	6.31758e-05	0.000102522	-8.14712e-06	1.902e-05	0.478966	0.853181	0.474224	0.1	0.0189163
1.21767	0.502378	1.2044	3.93791e-05	8.53196e-07	-6.46802e-05	-7.36365e-05	5.08398e-05	-0.000300803	0.478473	0.850548	0.473736	0.1	0.0197072
-2.45432	0.00913653	1.50149	-4.62748e-05	0.000172091	3.46634e-05	0.000223101	3.28436e-05	2.57449e-05	0.478412	0.850219	0.473675	0.1	0.0239407
-1.69245	1.39489	-0.0648555	9.82193e-07	-0.000109343	-2.5396e-05	0.000300792	-7.34758e-05	-2.39807e-05	0.47793	0.847656	0.473198	0.1	0.019192
-1.07661	-3.07014	-1.44869	3.36511e-05	0.000234313	4.66876e-05	0.000276548	2.6207e-05	-0.000154716	0.477808	0.847007	0.473077	0.1	0.027605
2.22528	3.56023	1.22465	-4.8378e-05	-0.000287327	3.36327e-05	4.8813e-05	3.06511e-05	0.000273698	0.477733	0.846607	0.473003	0.1	0.0220834
-2.0352	2.74962	2.26232	-0.000158359	-0.000304918	-1.38695e-06	-0.000334046	0.000185228	4.93853e-05	0.477694	0.846395	0.472964	0.1	0.0173984
-0.6491	1.95007	-2.47435	4.01532e-05	-0.000311729	2.16676e-05	-5.73392e-05	0.000385473	-9.46789e-05	0.477155	0.843541	0.472431	0.1	0.0179928
-0.741483	3.15217	0.32118	-3.36219e-06	-0.000286052	1.41104e-05	-0.000211067	0.00013287	-0.00021073	0.47715	0.843513	0.472426	0.1	0.0209407
-0.702067	0.136494	1.96315	-3.0625e-05	7.29237e-06	-6.71465e-05	-0.000324918	2.90339e-05	0.00023559	0.477062	0.843044	0.472339	0.1	0.0205723
-1.50892	0.0200316	1.48746	-4.80307e-05	1.96292e-05	-6.53907e-06	0.000174985	5.67014e-05	-0.000350266	0.476857	0.841959	0.472136	0.1	0.0209239
1.23721	-1.11951	0.441131	7.87613e-05	0.000194868	6.94143e-05	-3.59899e-05	-0.000123427	-9.16229e-05	0.476785	0.841575	0.472064	0.1	0.0151988
-0.357166	3.92367	2.22946	-5.34025e-05	-0.000435132	-5.53667e-05	-3.18033e-06	9.45885e-05	2.53574e-05	0.475355	0.834028	0.470649	0.1	0.0201331
-1.6759	-0.817581	1.93859	2.48665e-06	0.000156365	-0.000101119	8.44923e-05	0.000215761	0.0002598	0.475269	0.83357	0.470563	0.1	0.0190965
-1.6595	0.462057	2.30471	8.86542e-05	-3.86544e-05	1.81968e-05	1.42011e-05	5.07403e-06	-0.000122091	0.474862	0.83143	0.47016	0.1	0.0186997
2.02601	-2.84179	-0.975236	-3.5749e-05	0.000321868	3.98918e-05	0.000114754	-0.000132412	7.62231e-05	0.474508	0.829578	0.46981	0.1	0.0209769
-2.17249	1.95257	1.74694	-7.81322e-05	-0.000129392	0.000113316	-0.000151567	-8.17346e-05	-0.000141979	0.474403	0.829024	0.469706	0.1	0.0196767
-2.37678	-0.372498	-0.312804	-2.7762e-05	5.90639e-05	8.9257e-06	-0.00026869	-5.38824e-05	-0.000125799	0.473731	0.82551	0.469041	0.1	0.0232019
-1.07325	-0.0747084	-0.944463	1.40403e-05	2.45028e-05	-4.6151e-05	-0.000330018	-3.49303e-06	-0.000286474	0.47183	0.815609	0.467158	0.1	0.0189409
0.691452	-3.08211	1.67692	2.83547e-05	0.00028008	2.30418e-06	-0.000279483	-8.44976e-06	0.000302198	0.471086	0.811759	0.466422	0.1	0.0162971
-0.439705	-2.03434	-0.342398	-2.64892e-05	0.000247197	-8.43529e-06	-0.000163398	-0.000106066	0.000260237	0.470528	0.808876	0.465869	0.1	0.0233285
-2.14346	-2.42214	-1.06557	-3.48119e-05	0.000258628	-7.28867e-05	-0.000341936	0.000286975	-0.000169736	0.470355	0.807987	0.465698	0.1	0.0169112
0.473351	3.37685	0.139014	1.34846e-05	-0.000400546	8.22216e-05	-5.68074e-05	0.000136201	0.000345319	0.470211	0.807242	0.465555	0.1	0.0181741
-1.15927	-2.43873	2.45849	4.38961e-05	0.00024761	-1.85155e-05	-3.04807e-05	-2.1804e-05	-0.000161333	0.47002	0.806259	0.465366	0.1	0.0203166
0.536616	1.03913	2.24991	7.96417e-05	-2.91369e-05	-7.75479e-05	-6.41835e-05	6.51025e-05	-4.23115e-06	0.46956	0.803896	0.464911	0.1	0.0164982
-0.10526	-1.1119	2.26439	8.9168e-05	0.000136751	-3.21682e-05	-7.03318e-05	-7.42337e-05	-0.000179769	0.469458	0.803373	0.46481	0.1	0.0190199
-0.627285	-1.88337	0.617971	2.43853e-05	0.000157167	-0.000113755	3.79297e-05	-0.000257168	0.000471475	0.469446	0.803307	0.464798	0.1	0.0210662
-0.794509	1.75176	-0.398191	4.43212e-06	-0.000214997	-2.15059e-05	-2.12169e-05	-7.71652e-05	3.49257e-05	0.468782	0.799905	0.464141	0.1	0.017552
1.135	-0.0503896	0.286305	-3.52179e-05	3.30457e-05	5.545e-05	-0.000232967	-2.50844e-05	0.00017984	0.467379	0.792743	0.462751	0.1	0.0174022
1.80935	-0.362801	1.94606	4.95589e-05	0.000104229	3.53577e-05	0.00021099	0.000214803	0.000156736	0.467217	0.791923	0.462591	0.1	0.0190658
-0.191815	-2.16129	1.91181	5.69407e-05	0.000232029	-1.48207e-05	0.000196485	1.93475e-05	0.000173539	0.466675	0.789165	0.462054	0.1	0.0169063
1.63838	1.21013	-1.55337	3.17291e-06	-5.76837e-05	3.59695e-05	-0.000101306	0.000314648	5.93214e-05	0.466232	0.786924	0.461616	0.1	0.0147539
-0.695617	2.22234	0.392235	2.262e-06	-0.000277879	2.6056e-06	0.000206482	0.000235341	0.000213599	0.466205	0.786785	0.461589	0.1	0.0180103
-0.900237	2.88754	-1.33392	-9.60457e-05	-0.000335413	2.55377e-05	-0.000192244	1.35901e-05	-2.09968e-06	0.466076	0.786131	0.461461	0.1	0.015584
0.911675	-2.85307	0.352737	1.4215e-05	0.000257049	3.48656e-05	-3.22554e-06	-8.85426e-05	-3.71368e-05	0.465707	0.784266	0.461096	0.1	0.0224293
-1.83938	-2.20555	-1.95239	-1.2683e-05	0.00031498	-1.90909e-05	-5.3668e-05	0.00027221	6.3752e-05	0.465684	0.784148	0.461073	0.1	0.0219501
-1.43003	2.3867	-0.178047	-8.57917e-06	-0.000227294	1.26404e-05	0.000162961	-2.61166e-05	-0.000181315	0.46529	0.782163	0.460683	0.1	0.0159941
1.96802	1.78007	0.0559894	4.81372e-05	-0.000121589	-0.000123209	-4.23438e-05	-0.000572051	-0.000133639	0.464712	0.779251	0.460111	0.1	0.0165918
0.812664	-1.06002	2.17655	6.15432e-05	0.000170285	-9.14905e-06	-3.1343e-05	1.30348e-07	0.000242366	0.464331	0.777336	0.459734	0.1	0.0137216
1.79445	-1.64781	2.3518	-2.00001e-05	0.000222669	5.42415e-05	6.03119e-05	-8.31275e-05	0.000347681	0.463321	0.772277	0.458734	0.1	0.0146503
-2.1976	2.11258	0.24388	1.1523e-05	-0.000159544	4.21549e-05	-0.000127272	0.000129058	2.91912e-05	0.462664	0.768994	0.458083	0.1	0.0174497
0.561491	1.86667	1.35518	-1.55958e-05	-0.000253703	-4.31117e-05	0.000346737	-0.000132134	0.000140781	0.462514	0.768246	0.457935	0.1	0.0133791
2.05595	-1.03852	-0.00771004	-5.63585e-05	0.000134644	4.57927e-05	8.81634e-05	1.47359e-05	5.68772e-05	0.462457	0.767963	0.457878	0.1	0.0164118
1.002	-1.35457	1.33105	7.1002e-05	0.000187007	2.91581e-07	-1.81413e-05	7.80003e-05	7.37246e-05	0.460448	0.757998	0.455889	0.1	0.0152379
2.02865	-3.51677	-1.60656	-1.06489e-05	0.000392458	-1.10842e-05	4.7518e-05	-1.58381e-05	-0.000174769	0.4597	0.75431	0.455149	0.1	0.0132808
2.05393	3.16548	0.0532292	-1.8241e-05	-0.000305575	-0.000105437	0.000107518	9.0124e-06	0.000249524	0.459434	0.752999	0.454885	0.1	0.0221931
-1.54587	-3.07321	1.83913	1.48353e-05	0.000411243	3.13876e-05	0.000148168	-0.000202692	5.06765e-05	0.45935	0.752587	0.454802	0.1	0.0229851
0.155823	-1.54701	0.975576	1.43969e-05	0.000194607	2.3053e-05	3.58893e-05	-8.27146e-05	5.31664e-05	0.459269	0.752192	0.454722	0.1	0.0157571
-2.48023	1.94672	-2.38181	-5.21551e-05	-9.78383e-05	0.000113502	0.000275383	0.00014096	-0.000377565	0.459266	0.752174	0.454719	0.1	0.0187746
-0.177319	0.342952	-0.536697	1.77468e-05	-4.49414e-05	9.54095e-05	9.78671e-05	9.06594e-05	0.000278701	0.459194	0.751823	0.454648	0.1	0.0191288
1.46156	3.03806	1.1535	-4.19198e-05	-0.000306357	2.56323e-06	0.00022899	-3.57495e-05	0.000120074	0.459118	0.751448	0.454572	0.1	0.0196729
2.18448	1.10189	-2.2917	4.86511e-08	3.65147e-05	-2.71898e-05	-2.49734e-05	-2.66255e-05	0.000290663	0.459006	0.750894	0.454461	0.1	0.0147762
2.0804	-1.42867	-1.81026	2.53279e-05	0.000160178	3.66978e-05	0.000129374	0.000221437	-0.000217911	0.458587	0.748846	0.454047	0.1	0.0226138
-1.46102	3.16081	-0.665426	-7.49541e-05	-0.000262417	-9.41467e-06	1.93076e-05	-4.90182e-06	-4.7859e-05	0.458044	0.746189	0.453509	0.1	0.0189024
2.33874	1.66164	1.02054	-3.50078e-05	-0.000129837	0.000102937	-8.81519e-05	-0.00011947	-0.000148351	0.458039	0.746161	0.453504	0.1	0.0160717
-2.13989	3.76493	-0.623837	1.84578e-05	-0.000410723	-2.08328e-05	-4.71761e-05	-0.000388738	-0.000190937	0.457054	0.74136	0.452529	0.1	0.0206641
-1.43364	0.0402767	-0.0615445	-8.25034e-05	-5.10388e-05	1.10293e-05	-2.01868e-05	-4.95363e-05	-3.82936e-05	0.456744	0.739852	0.452222	0.1	0.0182036
1.17583	-2.42179	-0.449	9.15174e-06	0.000241072	3.67341e-05	-8.17305e-06	-0.000109888	-6.75322e-05	0.456538	0.738849	0.452018	0.1	0.0153151
2.38305	-3.47488	2.44067	3.70035e-05	0.000387097	1.43526e-05	0.000113181	6.67701e-05	0.000152644	0.456295	0.737671	0.451777	0.1	0.0180144
-1.66085	-0.751386	-0.748564	-4.78124e-06	8.57634e-05	3.22858e-05	0.000159717	7.24831e-05	0.000226492	0.4556	0.734306	0.451089	0.1	0.0198636
-0.642328	-3.0182	1.86862	1.38426e-05	0.000342479	4.08541e-05	5.04e-05	0.000164819	-5.18375e-05	0.45547	0.733674	0.45096	0.1	0.0138994
0.163631	2.23489	-0.143907	2.815e-05	-0.000214168	-0.000105383	9.20945e-06	6.37518e-05	0.00012321	0.455436	0.733515	0.450927	0.1	0.0147226
1.67444	1.14873	0.642578	-6.27457e-05	-1.20165e-05	-7.63812e-05	-0.000242512	0.000292886	1.31803e-05	0.45531	0.732903	0.450802	0.1	0.0144986
0.905361	-2.24247	1.1404	5.57171e-05	0.000231701	8.04489e-06	3.67616e-05	-8.34555e-05	3.17656e-05	0.455197	0.732356	0.45069	0.1	0.0149775
1.08178	4.00003	-0.771898	-4.06082e-05	-0.00044557	3.23612e-06	0.000149578	-4.71325e-05	0.000177445	0.277675	0.16624	0.274926	0.1	0.00644717
1.48505	2.02216	0.562947	0.00010157	-0.000289485	8.285e-05	-0.000344301	-0.000138536	-4.48997e-05	0.277411	0.165765	0.274664	0.1	0.0087399
1.83973	-2.2438	-0.207543	-5.92245e-05	0.000255534	-2.63311e-05	-0.000143452	-0.000178543	9.69563e-05	0.277355	0.165667	0.274609	0.1	0.0135191
-1.11698	1.62056	0.354929	1.10555e-05	-0.000269085	2.17051e-05	-8.9946e-05	4.09054e-05	-0.000348551	0.277213	0.165412	0.274468	0.1	0.0145116
0.926574	3.90375	-0.173442	1.63888e-05	-0.000384164	-0.000128889	0.00062849	-4.35507e-05	0.000124347	0.276217	0.163635	0.273482	0.1	0.00856758
-0.756017	-3.04123	-2.4178	1.69213e-05	0.00030842	1.80769e-05	-6.86198e-06	-0.000232912	0.000187053	0.275638	0.162608	0.272909	0.1	0.00950096
0.69578	-3.80642	1.82854	-0.000167246	0.00023467	5.50404e-05	0.000261659	-0.000226108	0.000927101	0.275408	0.162201	0.272681	0.1	0.0108165
1.62738	-0.828977	-0.711314	9.17776e-05	9.90837e-05	6.59833e-05	-0.000436686	-0.000311715	0.000411243	0.275341	0.162083	0.272615	0.1	0.00717495
-1.92665	-0.229616	2.31431	7.90676e-06	3.02007e-05	-4.86299e-06	0.000146498	0.000122234	-8.2229e-05	0.275341	0.162083	0.272615	0.1	0.0118284
-1.33757	-3.81409	2.23712	3.87595e-06	0.000419771	-2.69043e-05	4.62437e-05	2.72007e-05	-1.50414e-05	0.275089	0.161637	0.272365	0.1	0.00890063
0.230741	-3.86013	-1.69581	9.98979e-05	0.000261976	-5.57276e-05	-0.000570012	-4.83764e-06	-0.000655606	0.275056	0.161582	0.272333	0.1	0.0104907
1.97358	1.71412	-1.9655	-4.18092e-05	-5.69094e-05	6.97393e-05	0.000552549	5.31742e-05	-0.000330424	0.274446	0.160509	0.271729	0.1	0.00598964
-0.723295	0.96949	-1.42559	2.09439e-05	-0.00013734	-1.64805e-05	0.000653828	0.000150619	-0.000142002	0.274411	0.160446	0.271694	0.1	0.00686492
-1.27981	0.696176	1.69506	3.75025e-06	-6.43027e-05	0.000181623	0.000340753	-0.000406189	0.000295039	0.274202	0.16008	0.271487	0.1	0.0109189
1.41469	-1.99588	-2.13209	9.03928e-06	0.000258637	6.9638e-05	-0.000360627	-0.000137228	0.000331241	0.274042	0.159801	0.271329	0.1	0.0121351
2.07588	-1.77179	-0.0691392	-1.22127e-05	0.000213876	3.70252e-05	0.000432989	0.000212964	-0.000286382	0.273887	0.159529	0.271175	0.1	0.0152756
1.43936	2.99759	1.87699	-0.000222041	-0.000344287	-1.20117e-05	-0.000331015	-0.000699527	0.00148427	0.273679	0.159166	0.270969	0.1	0.0138719
1.47759	-3.59027	-1.09744	-5.32098e-07	0.000431997	2.99516e-05	9.0551e-05	1.48241e-05	-0.000132763	0.273477	0.158813	0.270769	0.1	0.0121503
0.654691	1.59255	-2.28328	8.79928e-05	-0.000208809	3.54229e-05	0.000771794	9.84613e-05	9.20908e-05	0.273324	0.158548	0.270618	0.1	0.00788473
-1.83961	3.35617	-2.35649	-4.44974e-05	-0.000321737	-3.82147e-05	0.000575288	-0.000282279	0.000618457	0.272973	0.157937	0.27027	0.1	0.0107457
0.476655	-1.45558	-2.1336	4.31242e-05	5.14808e-05	-9.10573e-06	0.000123489	-8.91639e-05	0.000157737	0.272675	0.15742	0.269975	0.1	0.0110777
0.282659	2.89732	-1.63094	-7.85991e-05	-0.000306646	-2.32218e-05	8.12941e-05	0.000231333	-5.39863e-05	0.272585	0.157264	0.269886	0.1	0.00906922
0.663966	0.472006	1.77774	7.99353e-05	-4.33017e-05	-4.25963e-05	9.06043e-06	-1.2252e-05	0.000279882	0.27236	0.156875	0.269663	0.1	0.010493
0.576134	2.18582	0.443727	9.05221e-06	-0.000208573	-0.000110054	0.000219465	0.00019353	0.000119398	0.272313	0.156795	0.269617	0.1	0.00643394
1.3284	0.237716	-0.971078	-0.000138962	-0.00010321	-2.0202e-05	-0.000109715	8.18794e-05	0.000563987	0.271845	0.155987	0.269153	0.1	0.00667557
1.22497	0.957235	0.114356	-8.29106e-05	-4.44732e-05	-3.5156e-05	0.000190474	-0.000361962	-4.81908e-05	0.271451	0.15531	0.268763	0.1	0.0119122
1.86669	3.12339	-2.02555	-0.00023018	-0.000323628	4.20603e-05	-0.000197512	-0.000359393	0.000825998	0.271375	0.155179	0.268688	0.1	0.00839545
0.225127	-0.668928	0.91808	-2.59252e-05	8.08953e-05	-2.82217e-05	-0.000200663	0.000211543	0.000240376	0.270927	0.154413	0.268245	0.1	0.00959478
1.79586	3.74587	0.395671	-6.78637e-05	-0.000437793	2.31502e-05	0.000311851	0.000331997	7.72684e-05	0.2707	0.154024	0.26802	0.1	0.00849903
0.404781	-3.85547	-2.20697	1.08794e-05	0.000239827	-8.65533e-05	0.000547978	0.000353329	0.000507826	0.270558	0.153782	0.267879	0.1	0.0117505
-0.125505	3.12041	0.729564	-2.12467e-05	-0.000385995	2.28865e-05	-0.0002079	1.69027e-05	3.51887e-05	0.270297	0.153339	0.267621	0.1	0.00617516
1.43677	1.31922	-0.861835	4.03622e-05	-0.000300514	7.1617e-05	-0.000308849	-0.000256036	-7.25294e-05	0.270287	0.153322	0.267611	0.1	0.00788571
-2.3739	-1.85206	-1.61019	8.08089e-06	0.00023205	-1.50586e-05	-0.000476681	0.000115744	0.000326257	0.270186	0.153149	0.267511	0.1	0.012419
-0.924082	1.40288	-1.67194	-3.2792e-05	-0.00024907	-5.27568e-05	-0.000107522	0.00043567	0.000167939	0.270182	0.153142	0.267507	0.1	0.00858682
-2.24501	1.47839	-0.854804	0.000576396	6.60049e-05	2.69227e-05	0.000364497	0.000228354	0.00164499	0.270017	0.152863	0.267344	0.1	0.0108308
1.41826	-1.08122	-2.39452	-8.11173e-05	0.000210157	-7.37866e-06	-0.000163357	-0.000207159	-0.000467254	0.26995	0.152747	0.267277	0.1	0.0087168
1.55043	1.91457	-1.70372	-1.88324e-05	-0.000121711	4.47901e-05	0.000280429	-0.000550042	-9.65292e-06	0.269181	0.151447	0.266516	0.1	0.00699308
0.74751	1.69097	0.335479	2.56868e-05	-0.000170287	-0.000104359	-0.000626002	0.000784213	0.000264449	0.269098	0.151308	0.266434	0.1	0.00582634
0.381603	3.31919	-0.604258	-3.91835e-05	-0.000116212	9.965e-05	-0.00067104	0.000144496	-9.33434e-05	0.268805	0.150813	0.266144	0.1	0.00596863
-0.584239	-3.08739	1.14026	1.03082e-05	0.000386841	-4.89847e-06	-6.44916e-05	-0.000115425	-8.36682e-05	0.268767	0.150749	0.266106	0.1	0.00990562
0.849045	-1.89148	-2.20069	5.96319e-05	0.000157393	-6.13011e-05	-0.000784583	-0.000537256	0.000559396	0.268522	0.150336	0.265863	0.1	0.00831923
0.669396	1.947	2.27773	-3.62984e-05	-0.000365869	8.37573e-06	2.94643e-05	0.00100511	-0.000227595	0.268425	0.150173	0.265767	0.1	0.00719837
1.37285	-2.60327	1.93748	1.67441e-05	0.000296346	-5.64979e-06	-0.000234695	0.000172756	0.000461168	0.268352	0.150052	0.265695	0.1	0.0119001
-0.616788	3.8445	0.638937	-3.63876e-05	-0.000287197	2.15918e-05	1.35468e-06	0.000493539	-0.00054573	0.268323	0.150002	0.265666	0.1	0.00816627
2.35068	-0.725505	0.83982	-7.41724e-05	0.000109501	5.72888e-05	0.000137081	-1.6232e-05	0.00018829	0.268231	0.149848	0.265575	0.1	0.00731846
-1.1846	2.28258	-1.6181	-2.94229e-05	-0.00027295	-0.000127177	-0.000486442	-0.000919612	-0.000305847	0.26816	0.14973	0.265505	0.1	0.00661377
-2.42777	1.35694	-0.101915	2.93254e-05	1.29482e-07	-3.9478e-05	0.000255193	7.41013e-05	-0.000228217	0.268094	0.149619	0.26544	0.1	0.00897306
0.185147	-3.89132	-0.202344	-8.58564e-06	0.000309561	-9.66989e-06	-0.000212643	0.000178209	0.000264818	0.267672	0.148914	0.265022	0.1	0.00593831
0.0968736	0.0975831	2.02124	2.84284e-05	8.84279e-07	6.18629e-05	-0.000197918	0.000804322	0.000482615	0.267644	0.148867	0.264994	0.1	0.00899449
0.0948198	0.244243	-1.90842	0.00013661	-8.29351e-05	-0.000185421	0.00190245	-0.000161103	0.000842347	0.267399	0.148458	0.264751	0.1	0.00824207
-0.861693	0.622974	-0.920534	8.18151e-05	-4.73172e-05	-4.4055e-05	0.000639546	0.00026232	0.000279892	0.26738	0.148428	0.264733	0.1	0.00949355
-0.621801	-0.877243	0.530821	-2.93222e-05	3.84803e-05	-7.50855e-05	0.000456223	-0.000244869	0.000417088	0.267164	0.148068	0.264519	0.1	0.00771207
1.8687	2.23296	-2.03846	-7.09692e-05	-0.00012495	-6.259e-05	-0.0012447	0.000970788	0.000429883	0.266747	0.147375	0.264106	0.1	0.0086401
-2.17745	3.97653	1.11119	-0.000141371	-0.000173916	-2.83929e-05	0.000424162	0.000591574	-6.10144e-05	0.266696	0.14729	0.264055	0.1	0.00685681
-0.495056	0.224884	-1.27206	1.76073e-05	-3.69625e-05	1.98227e-05	-4.66057e-05	-0.000566049	0.000569499	0.266657	0.147227	0.264017	0.1	0.00600311
-0.509009	-2.86728	0.491407	5.6748e-05	0.000338726	-8.47244e-06	7.45225e-05	5.40983e-05	1.72535e-06	0.266646	0.147208	0.264006	0.1	0.0148913
-0.856656	1.05648	-2.08194	2.44368e-05	-0.000114647	-7.91887e-05	0.000285639	0.000362173	-0.000288267	0.266512	0.146986	0.263873	0.1	0.00729847
-0.0230277	2.8777	1.49286	4.204e-05	-0.000404645	1.2801e-06	-8.09549e-05	5.92697e-06	-7.08285e-05	0.266395	0.146792	0.263757	0.1	0.00612567
2.47883	-2.58685	-0.45762	4.27926e-05	9.19865e-05	8.48361e-05	0.000332502	0.000224644	-0.000401226	0.26634	0.146702	0.263703	0.1	0.0149934
-1.96849	-1.40658	0.310234	-7.97547e-05	6.30143e-05	0.000102214	-0.000282082	-0.000151486	0.000523842	0.266286	0.146613	0.26365	0.1	0.0111813
-1.59455	3.79359	1.30763	-1.1137e-06	-0.000266153	-0.000117692	0.000897653	0.000177334	0.000136006	0.266192	0.146457	0.263556	0.1	0.00755964
-0.947343	-0.684601	-1.435	0.000137379	0.000123674	-0.000121025	-0.000179474	-0.000190468	1.68411e-05	0.266027	0.146186	0.263393	0.1	0.0144122
-2.05628	3.47772	2.172	-6.47532e-05	-0.00035873	-4.13457e-05	0.000372362	8.09248e-05	-0.000437036	0.265875	0.145936	0.263243	0.1	0.00652181
1.26768	1.61443	0.287716	-1.47653e-05	-8.61661e-05	-0.000166419	-6.93161e-05	-0.000554712	-2.96526e-05	0.265741	0.145715	0.26311	0.1	0.00544283
1.29472	-2.8745	-0.987145	-2.19159e-05	0.000299246	4.75266e-05	0.000141523	0.000323935	-3.9712e-05	0.265638	0.145545	0.263008	0.1	0.00872605
-0.28109	0.67149	-1.43867	-4.03345e-05	-0.000148794	-4.16105e-05	-0.000728465	-7.30401e-05	-0.000153478	0.265491	0.145302	0.262862	0.1	0.00624532
1.91808	-0.939519	2.36835	-2.59341e-05	0.000167563	4.23676e-05	-0.00040258	-0.00050368	-0.000566518	0.265259	0.144924	0.262633	0.1	0.0100484
1.30628	2.37246	0.943005	-3.58198e-05	-0.000271574	-2.11773e-05	-0.000310399	-0.000239339	-0.000285209	0.264796	0.144165	0.262174	0.1	0.00731113
0.651053	-3.7844	0.0259338	-0.000104345	0.000250166	7.38655e-05	0.000359146	1.10129e-05	0.000444627	0.264249	0.143274	0.261633	0.1	0.00915952
-1.79247	2.09607	2.48419	-9.30464e-05	-0.000181643	7.3794e-05	0.000151332	-0.000212483	0.000230102	0.264167	0.14314	0.261551	0.1	0.0104488
-0.364958	-1.49101	1.70224	-5.78439e-05	0.000203726	-5.9816e-06	8.84602e-05	0.000474182	-0.000230063	0.264016	0.142895	0.261402	0.1	0.0074297
0.0437551	2.78141	0.360723	4.56589e-05	-0.000223143	-9.4749e-05	0.000906074	1.3477e-05	0.000409666	0.263903	0.142711	0.26129	0.1	0.0107101
0.507334	-1.13183	0.509154	8.06217e-05	-9.03004e-05	5.90239e-05	-0.00032863	-5.47793e-05	0.000380768	0.263737	0.142442	0.261126	0.1	0.0078635
1.37943	-3.74288	-1.80486	-2.56477e-05	0.000447714	2.35381e-05	0.000113771	0.000184981	-0.000166982	0.263591	0.142206	0.260981	0.1	0.00919106
-0.0366719	-1.19366	-0.755358	-6.30788e-05	7.83911e-05	7.70981e-05	-0.000306574	-0.000224599	-2.78824e-05	0.263502	0.142062	0.260893	0.1	0.0104026
1.40476	-2.62051	-1.91096	9.39898e-05	0.000339789	6.39626e-05	-0.00104326	0.000310823	0.000710134	0.263392	0.141884	0.260784	0.1	0.00838393
1.32031	-0.842405	1.71703	1.92092e-05	0.00016849	2.71369e-05	5.92543e-05	3.25611e-05	-0.000305591	0.263362	0.141834	0.260754	0.1	0.00644869
0.812915	-0.0438654	0.93261	-2.42423e-05	7.27569e-05	2.21741e-05	-0.000149409	-2.96902e-05	0.000138329	0.263318	0.141765	0.260711	0.1	0.00728152
-1.09523	3.86102	0.857394	-1.94353e-05	-0.00035306	5.63038e-05	-0.00018508	0.00014718	9.99155e-05	0.262863	0.14103	0.26026	0.1	0.00975429
-1.61491	4.05056	-2.36728	5.1298e-05	-0.000406078	-3.67915e-05	0.000216499	4.64762e-06	0.000294381	0.262474	0.140406	0.259875	0.1	0.00990416
-0.860653	1.67137	0.862617	-7.01894e-05	-8.15006e-05	-0.000118169	0.000525377	7.54653e-05	-0.000419622	0.262445	0.140359	0.259847	0.1	0.010093
2.04939	1.0478	1.2368	-0.000266125	-1.02176e-05	6.90243e-06	-1.20318e-05	-0.00107266	-0.000482913	0.262382	0.140258	0.259784	0.1	0.00772036
0.454431	-2.3964	1.69394	2.58107e-05	0.000262933	-8.17517e-05	0.000168768	6.94345e-05	-0.000444693	0.262307	0.140138	0.25971	0.1	0.00828331
2.30506	3.32126	-0.595821	-7.21538e-05	-0.000282871	-9.71938e-05	-0.000358295	4.4593e-05	7.80988e-05	0.261855	0.139414	0.259262	0.1	0.00845178
-0.322947	-0.00165824	-1.71123	7.49248e-05	7.7319e-05	-0.000119743	-0.000245561	0.000992601	-0.000174572	0.261739	0.13923	0.259148	0.1	0.00533272
0.348323	-0.647652	0.406154	3.2225e-07	-0.00013032	-2.86719e-05	0.000325169	0.00041677	-0.000506234	0.261522	0.138883	0.258933	0.1	0.00578002
0.393821	-2.66326	-1.61519	-5.31575e-06	0.000283318	3.41122e-05	-2.99784e-05	-0.000107505	-0.000320549	0.261188	0.138352	0.258602	0.1	0.0102205
-0.12623	3.58549	0.486269	-5.78941e-05	-0.000430357	-2.79763e-05	-3.35162e-05	-0.000294012	0.000263951	0.260995	0.138045	0.258411	0.1	0.00654822
1.64343	-1.24682	1.70172	-3.15814e-05	0.000191431	4.26975e-05	0.000131061	-0.00035102	0.000288074	0.26082	0.137768	0.258238	0.1	0.00746543
0.0169074	-0.377898	-1.81027	9.79477e-05	8.97093e-05	-7.3543e-05	-0.000463187	-0.000489381	0.000437707	0.260716	0.137603	0.258135	0.1	0.00813491
2.1093	-0.620326	1.29232	-5.79814e-05	3.42493e-05	8.36583e-05	0.000125283	0.000114306	4.15668e-05	0.260608	0.137432	0.258028	0.1	0.00934995
1.56513	0.455004	0.563938	1.41976e-05	1.91014e-05	-4.07814e-05	0.000325911	-0.000124538	0.00031765	0.260419	0.137134	0.257841	0.1	0.0110547
-0.137561	2.67114	-1.33407	-9.18277e-05	-0.000307818	1.24677e-05	-0.000202469	-0.000267738	-0.000173211	0.25964	0.135906	0.257069	0.1	0.00917741
2.43936	-1.68428	-0.441736	-4.78769e-05	0.000166528	-1.22236e-05	-0.000640667	-0.000147405	0.000328717	0.259308	0.135386	0.256741	0.1	0.0113607
0.780693	-2.80921	-0.893826	1.11621e-05	0.000301722	-2.53517e-05	-0.00034591	0.000163973	3.20137e-05	0.259076	0.135023	0.256511	0.1	0.00443508
1.29862	2.01199	-0.0455032	1.70533e-05	-0.000263449	-0.000107867	-0.000370837	0.00121332	0.000774947	0.25907	0.135014	0.256505	0.1	0.00694436
-1.12621	-0.579101	1.3324	-9.29501e-05	1.3667e-05	2.98908e-05	-0.000434607	-0.000111891	0.000431797	0.258949	0.134824	0.256385	0.1	0.00859579
2.3487	1.46649	1.99461	-7.27878e-05	-0.000131879	0.000139795	-0.000149671	-0.000116028	0.000470383	0.258858	0.134682	0.256295	0.1	0.0157599
-0.288098	2.84938	-2.13535	-1.88838e-05	-0.000372079	-6.57823e-05	0.00032545	0.000360642	0.000192894	0.258625	0.134319	0.256064	0.1	0.010121
0.360506	3.99369	2.33604	-2.38863e-05	-0.000250566	-0.000261238	0.000899251	3.47289e-05	-7.67246e-05	0.25855	0.134202	0.25599	0.1	0.00897591
0.215599	-1.74089	-0.420144	1.42253e-05	0.000255139	7.57643e-05	0.000189534	0.000136825	0.000411906	0.258498	0.134122	0.255939	0.1	0.00662827
-1.11663	3.67735	-1.00787	-3.39187e-05	-0.000309716	-4.82287e-05	-0.000242119	-0.00011512	-0.000135184	0.258358	0.133903	0.2558	0.1	0.00726584
-1.71041	-3.49076	0.524303	3.01603e-05	0.000566473	7.00959e-05	-0.000278951	0.000664889	-2.12069e-05	0.258082	0.133476	0.255527	0.1	0.0115333
-0.844173	-3.75943	-0.152807	-2.73625e-05	0.000405724	5.33826e-05	0.000238061	0.00018048	-0.000234996	0.257965	0.133294	0.255411	0.1	0.00787201
-1.50949	-1.81212	-2.45502	6.10691e-05	0.000277453	-6.53791e-05	-6.25938e-05	-5.33628e-06	-3.63593e-05	0.25795	0.133271	0.255396	0.1	0.00591494
1.15889	-0.608347	-0.606766	6.24685e-07	-2.58507e-07	-1.42741e-07	2.60218e-17	2.65245e-17	6.08343e-17	0.257891	0.13318	0.255338	0.1	0.00752753
-0.0781321	2.39127	0.712962	-1.39194e-06	-0.000254724	-5.52487e-05	0.000384389	-2.03636e-05	0.000123472	0.25788	0.133161	0.255327	0.1	0.00862332
-0.397527	-1.84401	1.303	2.55376e-05	0.000249817	1.07632e-05	-0.000225214	4.0702e-05	-0.000162048	0.257497	0.13257	0.254948	0.1	0.00613928
-1.83824	3.44581	1.68137	-1.5865e-05	-0.000348622	-0.000252021	0.000671588	0.000780847	0.000212863	0.257171	0.132066	0.254625	0.1	0.00489628
1.69092	2.36282	-0.250324	0.00032949	9.7447e-06	-0.00013392	0.000281031	0.000470517	-0.000796648	0.257045	0.131872	0.2545	0.1	0.0111315
0.569827	0.603967	0.306456	-2.16349e-05	-0.000114981	-0.000165481	-0.000568784	-0.000415392	0.000469439	0.257002	0.131805	0.254457	0.1	0.01354
0.0241705	-2.82372	1.75061	2.24632e-05	0.000240859	-4.84401e-05	-0.000184952	7.76473e-05	-0.000352264	0.2563	0.130728	0.253762	0.1	0.00712855
1.96265	1.22323	-0.882085	-5.07425e-06	-0.000413388	-6.21359e-05	0.000574157	-0.000205133	-0.000181352	0.256161	0.130517	0.253625	0.1	0.00784795
1.54389	3.02539	-2.4238	-0.000227356	-0.000166626	2.87204e-06	0.000485981	0.000151041	-0.000656058	0.256037	0.130326	0.253502	0.1	0.00956415
0.353903	-0.528797	2.29863	-8.53329e-06	6.08921e-05	0.000104473	0.000226212	0.0005462	1.88439e-05	0.255995	0.130262	0.25346	0.1	0.00672132
1.07411	2.49378	-0.497905	-8.5801e-05	-0.000410818	3.79767e-05	0.000111226	2.89408e-05	0.000384251	0.25592	0.130148	0.253386	0.1	0.00903386
-2.14673	-0.5631	-1.25383	1.56495e-06	-6.66389e-08	1.49521e-06	1.64025e-24	1.92629e-23	4.12177e-24	0.255837	0.130021	0.253304	0.1	0.0138311
0.359354	1.23633	1.09548	-3.10179e-05	-0.00021761	-0.000121799	-0.000293044	0.000227831	-0.000325856	0.255747	0.129885	0.253215	0.1	0.00810557
-0.0251349	1.32166	1.90719	6.07542e-05	-0.000148907	-6.35884e-05	-0.000276824	6.27779e-05	0.00031604	0.255291	0.129191	0.252763	0.1	0.00678085
0.434201	-3.45304	-0.939754	-3.07236e-05	0.000372151	5.0585e-05	-0.000300727	9.25163e-05	-0.000179829	0.255224	0.129089	0.252697	0.1	0.00426166
-1.10941	1.49976	-2.14617	2.33517e-06	-0.000184529	-1.12426e-06	0.000304021	-0.000551794	-0.000436749	0.255101	0.128903	0.252575	0.1	0.00676551
-1.02213	1.13514	1.57263	-0.000161085	-3.2761e-05	6.66565e-06	-0.000824874	0.00102814	0.000262775	0.254823	0.128482	0.2523	0.1	0.0156557
1.58579	-2.82586	-2.34426	5.2515e-05	0.000316003	8.2805e-05	0.00040839	0.000366849	0.000468853	0.254506	0.128002	0.251986	0.1	0.00730721
-0.303672	1.21128	-0.375821	-3.35441e-05	-0.000107494	6.99025e-05	-0.000561366	5.50353e-05	-0.000181085	0.254402	0.127845	0.251883	0.1	0.0126463
1.66248	-3.5886	-2.20748	-6.51557e-05	0.000461616	8.4578e-05	0.000231729	0.000173296	-0.000185693	0.254272	0.127649	0.251754	0.1	0.006188
-0.944513	-1.12369	1.61439	-0.00013332	0.000278028	6.2889e-05	0.00087806	0.000452705	-0.00137653	0.254252	0.127621	0.251735	0.1	0.0081734
-1.70244	0.679902	-0.174617	-3.48679e-05	-5.96105e-05	-4.58419e-05	-0.000302439	0.000181774	-0.000126214	0.254212	0.12756	0.251695	0.1	0.00991986
1.03563	-2.26624	-1.89684	4.84051e-05	0.000242739	4.36542e-05	0.000437596	0.000171665	-0.000314827	0.254199	0.127539	0.251682	0.1	0.00669989
1.22389	1.63784	0.86618	-9.17832e-05	-0.000153987	9.97772e-05	0.000538972	0.000509352	0.000722251	0.254057	0.127328	0.251542	0.1	0.00615609
1.35059	3.39252	-1.95995	-0.000136525	-0.000277302	5.73483e-06	5.27078e-05	0.000110283	-4.0415e-05	0.253567	0.126591	0.251056	0.1	0.00989978
-1.37273	-0.868873	-0.120991	1.23979e-05	7.57632e-05	-4.4534e-05	-2.61491e-05	-0.000107483	-8.36118e-05	0.253456	0.126426	0.250947	0.1	0.00635362
1.03221	1.33795	1.32068	0.000164816	-8.95184e-05	-0.000101279	-0.000160195	-6.01616e-05	0.000541227	0.253434	0.126392	0.250925	0.1	0.00648504
-2.38093	2.8029	-2.031	-0.000114667	-0.000223781	8.88334e-05	-6.08879e-05	0.000404999	-0.00052516	0.253312	0.12621	0.250804	0.1	0.0119459
1.23021	-0.596746	-2.48339	5.53837e-05	0.000135275	4.30965e-05	0.000369155	-1.02075e-05	-0.000431379	0.253184	0.126018	0.250677	0.1	0.00893108
0.842104	0.972546	1.60663	0.000131554	-1.42409e-05	-3.25513e-05	0.000211894	0.000133708	0.000433448	0.253182	0.126015	0.250675	0.1	0.00547012
-0.607817	2.44135	1.06407	-1.52993e-05	-0.000293707	-7.94804e-06	0.000521319	0.000212976	-5.73547e-05	0.253176	0.126006	0.250669	0.1	0.00745333
1.86937	-0.903346	0.715954	6.66602e-05	0.000223298	8.16158e-05	-9.19125e-05	0.0001229	8.16838e-05	0.253012	0.125762	0.250507	0.1	0.00784161
-2.14856	1.3267	-2.3139	2.65957e-05	-6.00694e-05	1.80079e-05	0.000111004	-0.000641634	-0.00063544	0.252518	0.125027	0.250018	0.1	0.00730721
0.411461	0.22363	-0.904731	-6.43809e-05	-0.000135903	-1.15398e-05	-0.000988583	0.000485633	-0.00042299	0.252479	0.124968	0.249979	0.1	0.00940512
2.26459	2.99026	-2.32941	-9.86398e-05	-0.000203259	0.000159552	-0.000232662	-0.000108184	5.14789e-05	0.25247	0.124955	0.24997	0.1	0.00668911
1.2553	-1.14347	-1.11488	3.23645e-05	0.00015263	5.23806e-05	-0.000253762	0.000380871	0.000279972	0.252451	0.124927	0.249951	0.1	0.0112182
1.05327	-1.42195	-2.26063	-0.000128519	0.000232328	-8.74163e-05	0.000500739	7.6417e-05	0.000268894	0.252394	0.124843	0.249895	0.1	0.015137
-1.7301	-2.77299	-1.53125	0.000142911	0.000207724	8.9611e-05	0.000598287	-0.000165432	-0.00106103	0.251969	0.124213	0.249474	0.1	0.00871561
0.743407	-3.82876	-1.06259	-2.35771e-05	0.000381147	5.46126e-05	-4.97936e-05	7.40634e-05	-0.000273524	0.251672	0.123775	0.24918	0.1	0.00711422
0.295851	-1.67865	2.09856	0.000126949	0.000140363	3.97268e-05	0.000116235	0.000127916	-0.000673402	0.251598	0.123666	0.249107	0.1	0.0102214
-1.37658	-1.65613	1.62686	2.3731e-05	0.000315243	-6.17543e-05	-0.000137207	-0.000207027	1.32209e-05	0.251461	0.123464	0.248971	0.1	0.00653916
0.150998	-2.87639	2.23681	6.764e-06	0.000103682	-3.06185e-05	-0.000110984	5.21432e-05	-0.000720855	0.251337	0.123281	0.248849	0.1	0.00983238
-1.98862	-1.18047	0.841508	-1.50943e-05	0.000116771	4.44884e-05	0.000342518	-7.71292e-05	-0.000120637	0.251292	0.123215	0.248804	0.1	0.00793211
1.99857	-3.95483	-2.15453	-5.99127e-05	0.000450901	-4.12954e-06	1.99287e-05	5.86294e-05	0.000161853	0.251252	0.123155	0.248764	0.1	0.00705383
0.329502	-1.00484	-1.05583	-1.6534e-05	1.0935e-05	7.73328e-06	5.06747e-05	2.10279e-05	7.41781e-05	0.251159	0.123019	0.248672	0.1	0.0103687
0.451363	-3.85107	-0.637903	-5.23355e-05	0.0003817	1.1237e-05	0.000358015	-0.000100502	3.66465e-05	0.250885	0.122618	0.248401	0.1	0.0056598
-1.08098	-1.04038	-2.35099	7.88274e-05	0.000211024	-8.60733e-05	7.59594e-05	-6.42861e-05	0.000283978	0.250767	0.122444	0.248284	0.1	0.0110596
1.97531	-3.06563	-2.14306	8.44742e-05	0.000329042	-2.74666e-05	-0.000143868	-0.000123896	-0.000198633	0.250701	0.122347	0.248219	0.1	0.00719605
0.901156	-1.48985	-1.06319	5.99097e-05	0.000132052	0.000116581	0.000506967	0.000230648	-0.000201293	0.250676	0.122311	0.248194	0.1	0.0107091
1.77938	3.63119	-2.05818	-9.63204e-05	-0.000309536	-3.37119e-05	0.000474901	-0.00043591	-0.00122008	0.250667	0.122297	0.248185	0.1	0.00576397
0.221406	-3.88335	-1.07969	-6.5934e-05	0.000416122	2.63586e-05	0.000274728	-0.000466179	-0.000188896	0.250642	0.12226	0.24816	0.1	0.00529615
-1.46143	-0.725971	-2.38294	2.49839e-05	7.35943e-05	-0.000114613	0.000348381	-0.000277952	0.000368944	0.250299	0.12176	0.247821	0.1	0.00831625
0.559587	-1.37876	-0.356922	0.000136214	0.000164046	-5.03398e-05	-7.02152e-05	0.000742545	-0.000945627	0.25018	0.121585	0.247703	0.1	0.00973358
-0.291822	-2.70731	2.3842	6.8818e-05	0.000236245	-7.00752e-06	0.000245793	-5.09973e-06	5.35656e-05	0.250152	0.121546	0.247675	0.1	0.00727249
-2.48774	-3.14799	-1.95528	3.54603e-05	0.000310203	3.03693e-05	5.36897e-05	-5.25528e-05	-9.1712e-05	0.250067	0.121421	0.247591	0.1	0.00653379
-0.0414217	1.63771	2.29877	5.67361e-05	-0.000195803	-9.33057e-05	-0.000144167	-5.88309e-05	0.000839888	0.250057	0.121407	0.247581	0.1	0.00846104
-2.20653	1.01251	-1.06902	0.00016814	8.67444e-06	9.4909e-05	-0.000278725	0.00139422	-0.00130005	0.249982	0.121297	0.247507	0.1	0.00582705
-1.70836	-0.243527	-1.22407	3.02237e-05	1.59893e-05	-3.61193e-05	-0.000488812	-0.000322293	-0.000388202	0.249805	0.121041	0.247332	0.1	0.0106423
-1.31012	0.910449	-2.26001	4.33233e-05	-4.4465e-05	1.62155e-07	-0.000211214	-0.000223098	0.000108896	0.249501	0.120599	0.247031	0.1	0.00966077
1.18387	-3.82778	0.0873499	6.14774e-05	0.000240357	9.3193e-05	0.0005918	0.000100596	-0.000355689	0.249491	0.120585	0.247021	0.1	0.00899852
0.962335	2.04713	0.756697	-0.00010359	-0.000202692	1.35808e-05	-0.000862963	-0.000676522	-0.000624346	0.249466	0.120547	0.246996	0.1	0.00706205
0.0253581	0.268967	-1.37738	2.72936e-05	-9.43237e-05	3.64293e-05	0.000173731	0.000190585	0.000360669	0.249265	0.120257	0.246797	0.1	0.00756488
0.74334	-1.09323	-1.31336	3.13144e-05	9.49117e-05	5.35279e-05	-0.000779615	-0.000209323	0.000305772	0.24919	0.120149	0.246723	0.1	0.0125173
0.618643	-0.613669	-0.963006	1.31327e-07	1.18551e-06	5.83012e-07	-1.03153e-06	1.9279e-06	-4.86322e-06	0.249006	0.119884	0.246541	0.1	0.0146497
-1.43068	2.35044	-0.96447	7.00423e-05	-0.000117851	-1.95928e-05	-0.000176269	0.000433145	0.00106773	0.248917	0.119754	0.246452	0.1	0.0110527
2.18666	0.642794	1.95273	9.81714e-05	6.213e-06	-4.84827e-05	-0.000148507	0.000118723	0.000228272	0.24891	0.119744	0.246446	0.1	0.0106841
1.8386	0.107815	1.37963	-0.00027921	-0.000448841	-0.000101147	0.000868971	-0.000990406	0.00205736	0.248903	0.119734	0.246439	0.1	0.00838737
-1.26372	-0.0673669	-2.42559	7.90229e-05	4.56419e-05	1.75281e-05	0.000141046	-0.000424674	0.000651991	0.248902	0.119733	0.246438	0.1	0.00789882
-1.59202	3.01021	1.6754	9.77153e-05	-0.000285995	-7.75732e-05	-0.00102681	-0.00064242	0.000285922	0.248378	0.118978	0.245919	0.1	0.0084876
1.49561	1.15601	1.31512	0.000102263	-4.74752e-05	-3.97875e-05	0.000452223	0.000124963	0.000293998	0.248178	0.11869	0.245721	0.1	0.00607635
-0.33597	0.495971	-2.00887	6.36096e-05	-0.000237595	-7.20271e-05	-0.000560603	-0.000166061	3.93533e-05	0.24787	0.118249	0.245416	0.1	0.00732859
-1.28894	-0.24418	2.11655	-2.3876e-06	7.16869e-05	-8.84056e-06	0.000549209	8.68977e-05	-0.000530492	0.247827	0.118187	0.245373	0.1	0.0073072
-1.61326	-1.28681	1.40359	-1.92142e-05	0.000199317	-9.43532e-05	-7.64338e-05	0.0003927	0.00028471	0.247767	0.118102	0.245314	0.1	0.00810827
-1.68654	-3.56275	1.25388	-3.79752e-05	0.000454279	0.00019016	0.000712962	0.00072303	-3.97107e-05	0.247735	0.118056	0.245282	0.1	0.00898605
1.03881	-3.44937	1.15378	-1.13682e-08	4.09311e-08	-7.63788e-09	2.62501e-26	9.44697e-27	-1.35358e-26	0.247707	0.118015	0.245254	0.1	0.0100063
-0.0474833	3.80819	0.98224	-1.86169e-06	-0.000386613	-4.82742e-05	-5.77372e-05	2.92689e-05	8.59158e-06	0.247608	0.117873	0.245156	0.1	0.00818583
-1.68756	3.33347	0.979931	1.59793e-05	-8.12978e-05	-0.000122459	0.000315976	-6.58288e-05	2.05846e-05	0.247575	0.117828	0.245124	0.1	0.0078712
1.47337	0.808433	-0.874907	2.29018e-05	-0.000301224	4.36791e-05	0.000507371	3.08657e-05	-1.13692e-05	0.247232	0.117337	0.244784	0.1	0.00938251
0.125313	-3.47069	-1.32859	-3.33574e-05	0.000410046	6.31763e-05	-0.000169209	0.000198025	0.00021413	0.247018	0.117033	0.244572	0.1	0.00737893
0.24981	2.11588	-1.35933	-9.70101e-05	-0.000290879	2.47512e-05	-0.000163802	-0.000553734	-0.000217182	0.246945	0.11693	0.2445	0.1	0.00774875
-1.91805	3.37214	-1.15159	-9.03285e-06	-0.000383423	3.86026e-05	0.000162816	0.000280826	-0.000380894	0.246862	0.116812	0.244418	0.1	0.0103281
-0.17028	0.514139	2.26019	-1.79244e-05	-2.81538e-05	-3.93955e-05	-4.79387e-05	0.000272964	0.000152859	0.24683	0.116767	0.244386	0.1	0.00783853
-0.791964	-1.56018	1.44045	-0.00012396	0.000331335	7.67871e-05	-0.00031506	-0.00226232	0.000641983	0.246791	0.116712	0.244348	0.1	0.00680184
0.247333	3.46187	0.805578	-2.4832e-05	-0.000404031	4.35206e-05	-3.06256e-05	-0.000363154	-0.000121423	0.246746	0.116648	0.244303	0.1	0.00585706
-0.261197	4.04397	0.334029	-5.25047e-05	-0.0004529	-5.10241e-05	-2.49745e-05	6.36702e-05	-0.000211192	0.246741	0.11664	0.244298	0.1	0.0073773
-0.147284	1.44288	-0.785589	-2.24798e-05	-0.00040037	-9.17346e-05	0.000763798	-0.000118756	0.000430622	0.246625	0.116476	0.244183	0.1	0.00674003
1.34977	3.71707	0.812236	-0.000125781	-0.000431559	7.88577e-05	6.50602e-05	-6.01268e-05	-0.000229845	0.246618	0.116465	0.244176	0.1	0.00914395
-0.352686	0.332394	0.146156	-2.82068e-05	-0.000111794	-8.89298e-05	0.000252717	-0.00042131	0.000413382	0.246595	0.116433	0.244153	0.1	0.00643696
1.71661	2.74824	-0.564698	0.000249551	-4.16065e-05	-0.000216829	-0.000679067	-1.50258e-05	0.000848026	0.246366	0.11611	0.243927	0.1	0.0111872
-0.835023	-1.38866	-0.0269854	1.15187e-05	-7.75728e-06	-4.08986e-05	-3.93485e-05	-0.000194179	2.85179e-05	0.246308	0.116027	0.243869	0.1	0.00978877
0.0639107	1.13973	0.104703	2.81669e-05	-0.000169161	-0.000134988	0.000277414	0.000194852	-0.000249257	0.246304	0.116021	0.243865	0.1	0.0130997
-1.22842	-1.05261	1.21517	4.54659e-05	6.15051e-05	-8.87341e-05	0.000851277	-0.000392798	5.99338e-05	0.24629	0.116001	0.243851	0.1	0.00632178
-1.08357	2.03798	1.20937	-8.05706e-06	-0.00023021	8.06954e-05	0.000192862	0.000677321	-0.000415783	0.246171	0.115834	0.243734	0.1	0.00852354
0.63717	3.79711	-0.600438	-4.12535e-05	-0.000397849	4.19828e-06	-0.000286492	0.000168993	0.000100977	0.246104	0.115739	0.243667	0.1	0.00477853
0.679498	-3.29595	0.856305	8.52858e-07	1.23309e-06	-1.13391e-06	1.81798e-23	4.42605e-23	5.85195e-23	0.245924	0.115485	0.243489	0.1	0.00998411
-2.30586	0.848373	2.29337	0.000150788	6.54787e-05	0.000117044	-0.000204767	-0.000412176	-7.98766e-07	0.245818	0.115336	0.243384	0.1	0.00971124
1.35118	0.609013	-1.32337	-1.18226e-05	-5.23877e-05	3.82069e-05	0.000247366	-0.000226163	-0.000247941	0.24563	0.115072	0.243198	0.1	0.00996568
-0.619402	0.457645	-2.40364	7.21239e-05	-4.66465e-05	-6.82976e-05	0.000810244	0.000197059	-0.000921966	0.245492	0.114877	0.243061	0.1	0.00960852
2.17007	2.40567	1.43526	2.61759e-06	-2.46192e-05	3.48404e-05	-0.000198186	6.03904e-06	2.00198e-05	0.245444	0.114812	0.243014	0.1	0.0106752
2.48601	-3.1943	0.332956	-3.89863e-05	0.0002472	-2.36733e-05	5.6342e-06	5.35619e-06	-0.00010581	0.245374	0.114714	0.242945	0.1	0.0114463
-0.726804	-0.244292	-1.54037	0.000130367	7.58609e-05	8.8711e-06	0.000219636	-0.000446013	0.000214732	0.245244	0.114531	0.242816	0.1	0.00558383
0.761535	-3.50625	2.24212	-1.46683e-05	0.000219089	3.80064e-05	-0.000286058	0.000992567	8.36749e-05	0.245189	0.114453	0.242761	0.1	0.0063761
1.44244	3.38028	0.427132	-8.14136e-05	-0.000368369	1.8125e-05	3.34011e-05	-5.64073e-05	-0.000261731	0.244966	0.114142	0.242541	0.1	0.0120298
-0.409136	0.843896	-0.960935	7.83649e-05	-0.000106261	2.36486e-05	-0.000467258	-0.000495561	-0.000469622	0.244953	0.114123	0.242528	0.1	0.00539168
-1.96668	-0.974074	0.0475433	-6.54588e-05	-2.38268e-05	-3.82577e-05	1.44986e-05	6.74561e-05	-0.00017971	0.244934	0.114096	0.242509	0.1	0.00867975
0.205913	-1.01638	1.63766	4.92372e-05	9.7181e-05	-2.56726e-05	9.12339e-05	0.000269341	0.000200855	0.244844	0.113972	0.24242	0.1	0.00710271
-0.730342	-2.74978	-1.99382	-1.1105e-05	0.000167075	0.000117065	0.000715141	0.000163217	-0.000155986	0.244741	0.113827	0.242318	0.1	0.011295
-0.211982	2.73298	1.04763	2.15371e-06	-0.000356746	3.04877e-05	0.000160984	0.000126181	-0.000143472	0.244734	0.113818	0.242311	0.1	0.00623788
2.45251	-2.12447	1.15215	-9.25733e-08	5.19701e-07	8.95352e-07	-8.95629e-24	-4.8712e-24	-2.63168e-24	0.244542	0.11355	0.242121	0.1	0.00991385
0.137851	-1.4971	1.67032	-4.63263e-06	2.25823e-05	3.52939e-05	0.000190837	2.31753e-05	4.8113e-06	0.244486	0.113471	0.242065	0.1	0.00683707
0.872796	-2.5256	-1.29324	1.69989e-05	0.000146807	-0.000133309	-0.000393627	-0.000112397	-0.00015797	0.244454	0.113428	0.242034	0.1	0.00738597
0.688082	2.68262	-0.24826	1.06487e-05	-1.36903e-05	-2.36545e-05	0.000124005	3.81495e-05	3.64712e-05	0.2444	0.113351	0.24198	0.1	0.00673853
1.25483	2.74832	2.285	-0.000222576	-0.000217069	5.87069e-05	-0.00118482	-0.000451335	0.000369913	0.244162	0.113022	0.241745	0.1	0.011242
-2.34505	-0.988203	0.34869	-2.11732e-05	7.60042e-05	-2.42399e-05	1.98903e-06	0.000184761	-0.000378482	0.24414	0.112991	0.241723	0.1	0.0077611
-0.094381	-3.94515	-2.1477	-3.26412e-05	0.000354196	2.2891e-05	0.000203137	-0.000188168	-0.000103613	0.244103	0.112939	0.241686	0.1	0.00836765
0.345352	-2.98334	-1.06189	-3.33222e-05	0.000343167	4.56801e-05	0.000190328	0.000187056	0.000199134	0.244062	0.112883	0.241646	0.1	0.00699075
-0.336977	1.23858	-1.22839	1.99923e-05	-0.000219133	-0.000100884	-0.000530794	0.00027519	0.000120732	0.243921	0.112687	0.241506	0.1	0.0043975
-1.3853	3.05315	0.031177	1.35203e-05	-0.000285421	2.96234e-05	-0.000232437	-0.0003376	0.000101249	0.243692	0.112369	0.241279	0.1	0.00833159
0.911927	1.66683	1.93212	-6.1512e-05	-0.000275321	-8.47141e-05	0.000347167	-0.000765073	0.000488834	0.24367	0.112339	0.241257	0.1	0.009599
-1.42145	-1.28335	-0.37756	8.02367e-05	9.99961e-05	-1.44647e-05	-8.6323e-05	-0.000226608	2.85816e-05	0.243648	0.11231	0.241236	0.1	0.00969528
-2.0546	2.18603	-0.958085	-8.36948e-06	-0.000263775	0.000104382	-0.00018898	0.000203058	-5.8616e-05	0.243387	0.111948	0.240977	0.1	0.00720761
-2.29839	0.975305	-0.591033	6.33836e-05	2.44132e-05	0.000101518	0.000157424	-0.000816655	-0.000144856	0.243111	0.111568	0.240704	0.1	0.00870454
-2.35421	-2.61752	1.20404	6.25274e-05	0.000313795	-5.26666e-06	0.00049591	-8.68258e-05	-0.000112485	0.242966	0.111368	0.24056	0.1	0.00953731
0.759188	1.49272	0.800479	-4.32765e-05	-0.000129836	-0.00011207	0.000455993	-0.000592422	-0.00159459	0.242842	0.111198	0.240438	0.1	0.00461118
-1.64699	3.97274	-1.06398	3.94708e-05	-0.00038097	3.0329e-05	-0.000100145	0.000125647	0.000662204	0.242774	0.111104	0.24037	0.1	0.00981661
1.5092	-0.69042	-2.08433	4.12597e-05	4.89635e-05	0.000159043	0.000960662	-0.000232991	-0.000512719	0.242496	0.110724	0.240095	0.1	0.0125622
1.77845	-1.24865	1.21071	1.22128e-06	0.000197404	-1.3235e-05	-0.000149538	-3.9965e-05	0.000241649	0.242131	0.110225	0.239734	0.1	0.00825066
1.11369	-0.429976	2.06546	7.32139e-08	4.1998e-08	-5.96465e-09	-1.0999e-25	2.16492e-25	-2.23411e-26	0.241931	0.109952	0.239536	0.1	0.00922115
-0.886093	-3.96986	-0.904755	-0.000178436	0.00035733	-9.04413e-05	-0.000373853	0.000186037	0.000707329	0.24193	0.10995	0.239535	0.1	0.00787161
-2.15959	0.83293	-0.0794739	-1.39876e-07	8.33043e-08	2.59312e-08	-4.06086e-25	4.55827e-25	-1.21209e-24	0.241739	0.109691	0.239346	0.1	0.0117971
-1.21472	-0.725631	-1.86356	-7.47303e-08	2.74863e-08	-1.14993e-07	-3.76758e-25	1.74956e-24	-9.03707e-26	0.241738	0.109688	0.239345	0.1	0.0135956
-1.87985	-3.79492	0.875315	-5.24333e-05	0.000638199	8.7901e-05	5.63226e-05	-0.000883799	-0.000336865	0.241731	0.109679	0.239338	0.1	0.00890985
-1.11101	-1.81306	-0.0878563	-3.58953e-07	-6.92165e-09	-9.28312e-08	-3.19038e-26	4.36594e-24	-2.7426e-24	0.241723	0.109668	0.23933	0.1	0.0093726
-1.54439	-2.75246	-0.580347	-0.00015899	0.000358176	5.27058e-05	0.000413369	0.000456615	0.000669709	0.241715	0.109657	0.239322	0.1	0.00838518
-1.40038	3.33432	1.36976	3.35384e-06	-0.00026141	-0.000110647	-0.000881496	-0.000524914	-7.67602e-05	0.241502	0.109368	0.239111	0.1	0.00651042
-1.24175	-2.22329	0.706241	-4.66321e-06	0.000118928	7.79379e-05	0.000625888	-6.12729e-05	0.000140115	0.241393	0.109219	0.239003	0.1	0.00655157
-1.90722	-3.02661	-0.795816	1.34871e-05	0.000366619	4.2168e-05	-0.000167921	7.85252e-05	0.000255443	0.241283	0.10907	0.238894	0.1	0.00839321
2.33492	1.15396	-1.61586	4.40218e-06	-1.59373e-05	-2.33788e-05	0.000123335	5.13991e-05	-1.42255e-05	0.241125	0.108856	0.238738	0.1	0.00643649
0.834499	2.17134	0.00879418	3.73081e-05	-0.000311024	-2.89591e-05	-0.000321676	-0.000617478	-0.000711589	0.241121	0.108851	0.238734	0.1	0.00555097
2.4095	2.99501	1.89356	-4.73905e-05	-0.000241089	-6.84227e-05	0.000780469	-0.000832351	-0.000518375	0.241078	0.108793	0.238691	0.1	0.00658004
1.08685	1.26409	-2.05187	4.13336e-06	-0.000129136	2.53496e-05	-0.000388879	-6.62481e-05	-0.00025192	0.241066	0.108776	0.238679	0.1	0.00631634
-2.21118	2.19102	0.936025	8.30294e-06	-1.53837e-05	2.69769e-05	-0.00012837	-8.86515e-05	7.47939e-06	0.241027	0.108724	0.238641	0.1	0.00896166
-2.3639	1.4357	-1.88978	1.60401e-05	-0.000120482	-2.80979e-06	0.000785648	0.000256658	-0.000656967	0.24097	0.108646	0.238584	0.1	0.00411448
2.02136	1.31505	1.65606	4.76399e-05	-9.04934e-06	-3.17266e-05	0.000363967	0.000549836	-0.000136276	0.240966	0.108641	0.23858	0.1	0.0082061
1.18627	-0.159831	-1.98662	0.000166231	-4.80117e-05	-4.43047e-05	-0.00037413	0.000411188	0.000126239	0.24074	0.108335	0.238356	0.1	0.00558264
0.546318	2.68239	0.210388	4.08849e-05	-0.000365362	-1.22888e-05	0.000546934	-0.000182126	-0.000525423	0.240483	0.107989	0.238102	0.1	0.00450739
-2.05311	3.50858	1.24287	-9.15776e-05	-0.00020533	-0.000191644	0.000216114	-0.000556959	0.000273565	0.240458	0.107956	0.238077	0.1	0.00643705
2.49618	-0.473064	2.02925	7.04583e-05	0.000262862	9.30737e-05	-3.93697e-05	-0.000137318	-0.000101987	0.240401	0.107879	0.238021	0.1	0.00838121
0.461608	0.29867	1.20554	8.75434e-05	-0.000120596	-2.41543e-05	0.000523896	0.00030334	0.000376306	0.240234	0.107654	0.237855	0.1	0.00723216
-1.84677	1.99046	-0.574146	-1.74714e-05	-0.000306727	9.41977e-05	8.1026e-05	-5.44354e-05	-0.000116661	0.240234	0.107654	0.237855	0.1	0.0112545
2.14936	1.79664	-0.624062	0.000196855	-0.000511558	-0.000357657	0.00205341	-3.1141e-05	0.000442211	0.240084	0.107453	0.237707	0.1	0.00848782
0.426473	1.22591	1.58316	8.27799e-05	-0.000222885	-9.58701e-05	-0.000636881	-0.000190885	0.000293086	0.239985	0.107319	0.237609	0.1	0.0060977
0.249044	0.693155	0.911563	4.8248e-05	-0.000115514	-5.19142e-05	5.28032e-05	0.000580059	0.000155524	0.239931	0.107246	0.237555	0.1	0.00597987
2.03704	2.87767	1.50266	2.70904e-05	-2.70718e-05	1.778e-05	-0.000100064	1.12989e-05	0.000174313	0.239786	0.107053	0.237412	0.1	0.00955318
-0.847575	-0.880745	0.978238	4.16217e-05	3.38997e-05	-6.30188e-05	-0.000444255	0.000536762	-0.000448718	0.239696	0.106933	0.237323	0.1	0.00579813
0.249067	-1.56454	-0.92516	-3.02853e-05	0.000116298	4.71465e-05	0.000615815	0.000103517	0.000148824	0.239588	0.106787	0.237216	0.1	0.00978913
-0.295376	-3.46392	2.27855	-4.75938e-09	3.81105e-08	-2.165e-09	-3.99918e-30	-1.50824e-29	2.7351e-30	0.239483	0.106648	0.237112	0.1	0.0098686
-1.84077	-2.90395	0.226873	-2.06963e-05	0.00025593	6.21973e-05	0.000431543	0.000106435	0.000514039	0.239239	0.106322	0.23687	0.1	0.0100514
1.27757	3.8577	0.335534	-0.00011525	-0.000318357	-9.84579e-05	0.000917296	-0.000179137	-0.000523655	0.239237	0.106319	0.236868	0.1	0.00811327
-2.2413	-1.2733	-0.349173	4.91117e-05	0.000262658	0.000128129	-0.000327806	-0.000628831	0.000337668	0.239205	0.106277	0.236837	0.1	0.0112114
-2.37787	-0.65225	1.256	-6.21534e-05	0.00018871	3.54849e-05	-0.000426969	-1.14976e-05	-6.71645e-05	0.239191	0.106258	0.236823	0.1	0.0077357
-2.48633	-0.802776	2.41044	-2.43176e-05	0.000263614	7.46898e-05	-1.31006e-05	-8.44232e-05	0.000443384	0.238965	0.105957	0.236599	0.1	0.0112382
-1.66511	-3.55204	0.0385934	-5.83964e-05	0.00048284	7.53799e-05	-0.00011424	-0.000255469	0.000739691	0.238904	0.105876	0.236539	0.1	0.00921528
-0.687169	-1.91867	-1.36918	1.569e-05	0.000307839	-7.54576e-05	-0.000290177	0.00024356	0.000372648	0.238867	0.105826	0.236502	0.1	0.00812344
-1.28847	-0.557334	0.241268	-3.60764e-05	2.08539e-05	-3.82666e-05	0.000177738	5.31189e-05	0.00035667	0.238847	0.105799	0.236482	0.1	0.00451805
-0.78467	-3.62036	2.16227	-8.41742e-06	0.0003878	6.60042e-06	0.000110574	9.58751e-05	-0.000270202	0.23868	0.105579	0.236317	0.1	0.00727655
0.337326	-1.94343	1.51173	8.06332e-05	9.73115e-05	-5.61097e-05	-0.000410404	4.028e-05	-0.000511555	0.238578	0.105443	0.236216	0.1	0.00728419
-1.3885	1.00875	1.27764	-0.000124486	-0.000137515	7.41081e-05	0.000444348	-0.00110946	-0.000101913	0.238575	0.105439	0.236213	0.1	0.00869554
-2.18802	-2.89995	-1.62961	9.01778e-05	0.000388848	2.72168e-05	2.91324e-05	8.80485e-05	0.000436506	0.238558	0.105416	0.236196	0.1	0.00670868
0.262994	1.86074	1.99621	-4.69078e-05	-3.70627e-05	-7.82531e-05	0.000323141	-0.000142054	-4.44606e-05	0.238531	0.105381	0.236169	0.1	0.00730837
0.0970303	-0.135036	-2.23432	0.000172631	2.24455e-05	-0.000251295	-0.00170287	0.000602866	-0.000382399	0.238467	0.105296	0.236106	0.1	0.00723137
-0.704038	3.99021	0.158859	-4.49691e-05	-0.00042692	-6.87455e-07	-1.76115e-05	-1.32834e-06	9.62113e-05	0.238429	0.105245	0.236068	0.1	0.00546591
-0.850371	-2.78573	-0.637059	-7.58371e-07	4.6806e-07	1.83637e-06	1.98213e-22	1.06958e-22	5.83907e-23	0.238392	0.105197	0.236032	0.1	0.0121271
2.18748	-2.52079	1.1179	-3.74341e-06	8.54991e-06	-2.45655e-06	-8.27964e-06	1.78468e-06	4.73628e-05	0.238069	0.10477	0.235712	0.1	0.00980667
0.17685	-2.07633	-0.776798	6.83597e-05	0.000303488	2.26764e-05	8.68699e-05	-0.000420798	-0.000399147	0.2379	0.104547	0.235545	0.1	0.00580584
-0.089126	-0.529985	0.205426	-3.01906e-05	0.00019822	3.45576e-05	0.000522071	-1.95666e-05	0.000252441	0.237677	0.104254	0.235324	0.1	0.00495969
0.802612	-0.58247	0.589128	-5.47822e-05	7.56523e-05	3.0892e-05	0.00012795	-0.000463858	-0.000145351	0.237634	0.104196	0.235281	0.1	0.0070338
1.70836	0.255298	2.24839	7.3293e-05	4.11704e-05	2.17947e-05	-0.000520331	0.000257314	3.76482e-05	0.237512	0.104035	0.23516	0.1	0.011904
-2.33265	3.25842	-2.31956	-1.91344e-05	-0.000317574	4.74241e-07	-0.000576731	0.000449623	-0.000727153	0.237463	0.103972	0.235112	0.1	0.00598704
0.078504	2.39623	1.41562	2.75409e-05	-0.000390548	-7.26274e-05	0.00032134	-2.04284e-05	-0.000314373	0.237431	0.103929	0.23508	0.1	0.00736273
0.352419	-1.93073	-2.25117	7.54641e-05	6.74932e-05	-0.000105031	7.79853e-05	0.000356824	-0.000325735	0.237431	0.103929	0.23508	0.1	0.0133181
1.6595	-0.24426	-2.02263	0.000140316	2.16466e-05	0.000119021	-0.00114792	0.00022894	7.42732e-05	0.237278	0.103729	0.234929	0.1	0.010797
-2.47508	1.49422	0.379655	2.55061e-05	-8.58787e-05	0.000126179	-0.000298291	-0.000326401	3.62813e-05	0.237254	0.103697	0.234905	0.1	0.00741829
0.574488	-2.34155	-0.911376	3.92758e-05	0.000116969	-7.3657e-05	-0.000607799	-3.91582e-07	-0.000326368	0.237202	0.103628	0.234853	0.1	0.00667935
-1.62013	-1.45572	2.22916	0.000104485	0.000229514	-8.33639e-05	-0.000243056	-9.53863e-05	-0.000210485	0.237135	0.103541	0.234787	0.1	0.00831359
0.962533	2.42097	2.47033	-0.00013765	-0.000255847	0.000104386	0.000111718	-0.000457906	0.000634226	0.237122	0.103524	0.234774	0.1	0.00775827
-0.904875	3.96598	-0.460868	-6.52916e-05	-0.000331765	-4.00787e-05	0.000240104	-0.000163908	4.92947e-05	0.236892	0.103224	0.234547	0.1	0.00743627
0.10822	0.471515	-2.35264	5.56276e-05	0.000170411	-6.70151e-05	-0.000953413	8.89299e-05	-7.39863e-05	0.236865	0.103189	0.23452	0.1	0.00953421
-1.38836	1.94419	-0.711539	9.15957e-05	-0.000102671	-5.70819e-05	0.00033747	-0.00115997	-0.000467789	0.236787	0.103086	0.234443	0.1	0.00592374
1.0502	-0.652203	-0.0514404	3.10671e-05	7.2346e-05	2.00599e-05	-0.000266535	0.000273194	0.00058917	0.236379	0.102554	0.234039	0.1	0.0059447
1.69315	-1.30401	-1.24402	6.2076e-05	0.000220867	6.75302e-05	-0.000125609	-0.000327586	0.000106972	0.23636	0.10253	0.23402	0.1	0.0110346
2.3606	-2.09897	-0.692583	-5.41494e-05	9.45945e-05	4.10054e-05	0.000332689	8.76598e-06	0.000451338	0.236341	0.102504	0.234001	0.1	0.01756
-0.629396	1.25092	-0.854131	7.88157e-05	-0.000121687	-6.44566e-05	0.000317865	0.000195655	0.000458539	0.236281	0.102428	0.233942	0.1	0.00582547
0.856089	1.05454	0.950863	-0.00012919	-0.000144327	-0.000124646	-0.00030295	7.26757e-05	0.00144907	0.236277	0.102422	0.233938	0.1	0.00542067
0.782816	-0.78618	1.00909	-5.11161e-05	0.000119145	-2.16492e-06	-0.000177607	0.000256325	0.000333329	0.236117	0.102213	0.233779	0.1	0.00572683
-1.27277	1.97103	-1.24011	8.42089e-06	-0.000146165	-8.2187e-05	0.000199033	0.00131684	0.000178128	0.236076	0.102161	0.233739	0.1	0.00598846
-1.74786	-0.568342	-0.0695903	-6.77435e-05	-4.46931e-05	-1.22375e-05	0.000266924	0.000248314	7.57949e-05	0.235915	0.101951	0.233579	0.1	0.00473674
-1.06814	0.502596	1.22047	-4.10612e-08	-6.45254e-07	8.91703e-07	-1.54756e-23	2.8121e-23	2.54372e-23	0.235774	0.10177	0.23344	0.1	0.0120484
1.45108	-0.798813	-0.237284	2.0846e-05	0.000204157	2.59015e-05	0.000358183	-0.000364546	-0.000185841	0.235702	0.101675	0.233368	0.1	0.00408984
1.773	-3.55941	1.40694	-1.61914e-05	0.000360452	0.000106338	-0.000772449	-0.00150808	0.000345616	0.235632	0.101585	0.233299	0.1	0.0067852
0.523627	0.95921	0.637171	-9.1462e-05	-0.000137253	-0.000164449	0.000587111	-3.76127e-05	-0.000782017	0.235543	0.10147	0.233211	0.1	0.00735515
-2.31815	3.37872	1.73169	6.10973e-06	-0.000224234	7.79489e-06	0.000215865	-0.000131777	0.000185861	0.235542	0.101468	0.23321	0.1	0.00504083
1.85238	3.37501	-0.777695	-6.53152e-05	-0.000349015	-5.18286e-05	-0.000262705	7.92141e-05	-0.000114709	0.235326	0.10119	0.232996	0.1	0.00651201
-2.08785	1.38049	-1.3511	0.00012002	-0.000109656	4.99296e-05	0.000408128	0.000245624	0.000404656	0.235264	0.101109	0.232935	0.1	0.00477103
-0.159061	1.89798	-0.643715	6.85874e-05	-0.000430094	1.56267e-05	-0.000315966	-0.00010713	-0.000929005	0.235177	0.100998	0.232849	0.1	0.00701142
-1.99384	-3.89997	-2.09099	3.02294e-05	0.00029728	8.65866e-07	-0.000201249	5.94734e-05	-0.000390131	0.235106	0.100905	0.232778	0.1	0.00787382
1.37409	1.05588	-0.4431	-2.26992e-05	-0.000201679	7.99237e-05	0.000203319	-0.000366557	0.000748565	0.23501	0.100782	0.232683	0.1	0.00467874
1.61134	-1.55712	0.844625	3.49021e-05	0.000209895	6.78723e-05	0.000194346	1.72843e-05	0.000164045	0.234827	0.100547	0.232502	0.1	0.00591021
0.152248	1.67611	-1.09431	-1.22398e-06	-0.000284931	-0.000153679	0.000844158	0.000412346	-0.000721046	0.234781	0.100487	0.232456	0.1	0.00706514
2.28061	-1.20916	-2.42996	8.49791e-06	0.000183913	-3.1825e-05	0.000444356	0.00111514	-0.000616582	0.234742	0.100438	0.232418	0.1	0.00519395
0.0565315	2.96597	-0.469937	-7.5646e-05	-8.32785e-05	9.60677e-05	0.000503136	-0.000473059	2.71284e-06	0.234729	0.100422	0.232405	0.1	0.0113126
0.853726	-0.935897	-0.392333	9.11218e-05	9.47494e-05	4.54046e-05	7.03025e-05	-0.000226557	0.000667383	0.234723	0.100413	0.232399	0.1	0.00748443
-0.730504	2.65217	1.48415	-5.41169e-05	-0.00034198	-4.36304e-05	-0.000339191	0.000239729	-0.000152142	0.234716	0.100404	0.232392	0.1	0.00813561
-0.451698	-3.83078	-1.43356	-0.000172511	0.000238435	-5.01022e-05	2.40596e-05	0.000218574	0.00101181	0.234391	0.0999882	0.23207	0.1	0.0130539
-0.406729	-1.1538	0.991457	-9.91271e-05	3.13042e-05	-4.93088e-05	0.000194513	-4.139e-05	0.000422483	0.234228	0.0997805	0.231909	0.1	0.0112115
-1.01531	1.88843	-1.87596	-6.77231e-06	-0.000214081	-4.82052e-05	-0.000526654	-0.000421723	-0.000426667	0.234163	0.0996969	0.231845	0.1	0.00638529
-0.200064	-0.0945298	-0.0106858	4.27284e-05	-7.77526e-05	1.85783e-05	0.000178889	0.000306617	-0.00104858	0.233947	0.0994212	0.231631	0.1	0.0054233
2.40799	-2.0027	-2.34697	6.50168e-05	0.000191268	0.000181633	0.000758948	-0.000156749	0.000202448	0.233696	0.0991015	0.231382	0.1	0.0112301
-1.19612	-1.5247	1.19343	7.65476e-05	0.000112552	-0.000244248	-0.000233754	0.000789067	-1.95662e-05	0.23369	0.0990929	0.231376	0.1	0.00638446
-0.0252018	2.19131	2.16036	-0.000163736	-0.000187804	7.53903e-05	-0.000150793	-8.79226e-05	-0.000542225	0.233609	0.0989904	0.231296	0.1	0.00658247
-0.0686336	3.81785	-0.0370936	-2.67997e-05	-0.000459549	5.49815e-07	4.74064e-06	-0.000353571	-0.000406043	0.233569	0.0989397	0.231256	0.1	0.00636666
-1.27379	-1.90507	0.343741	-4.16381e-08	1.83622e-06	4.29697e-07	2.10184e-24	-3.00298e-25	7.58231e-26	0.233337	0.0986457	0.231027	0.1	0.00582892
0.273218	-3.66155	2.06096	-0.000215236	4.44453e-05	8.44741e-05	-4.82683e-05	0.000322451	-0.000269868	0.233285	0.0985791	0.230975	0.1	0.00794643
0.364185	-3.44029	-0.312518	-2.81768e-05	0.000362066	-2.23714e-05	0.000104896	-1.74091e-05	6.14824e-05	0.233155	0.0984158	0.230847	0.1	0.00542188
-1.56248	2.22731	0.481024	1.92323e-05	-0.000259708	-7.58394e-06	-5.42472e-05	-0.00013215	-0.000610209	0.233116	0.0983655	0.230808	0.1	0.00902061
1.44432	1.355	-0.0935547	5.44074e-05	-0.00014161	-9.0227e-05	-0.000330943	0.000421971	0.000257598	0.233102	0.0983481	0.230794	0.1	0.00528081
-1.85784	-0.907612	1.26055	-7.72712e-05	0.000131515	5.26389e-05	0.000244591	4.52422e-05	-0.0001037	0.233037	0.0982664	0.23073	0.1	0.00929979
-0.215379	-0.56817	0.654468	-7.69105e-06	-8.79171e-05	7.71855e-06	-8.42505e-06	-3.75731e-05	-0.000434007	0.232987	0.0982018	0.23068	0.1	0.00725334
2.49514	-1.60136	2.44164	-3.73576e-05	5.57957e-05	-0.00011866	-0.000361977	0.000314311	-0.000650238	0.23297	0.0981807	0.230663	0.1	0.00877035
-1.73935	-2.9884	-0.220967	-7.51522e-05	0.00038071	4.28891e-05	-2.0708e-05	0.000254066	3.25977e-05	0.232853	0.0980333	0.230548	0.1	0.00785117
1.14524	2.55583	1.52309	-0.0001728	-0.000171043	6.7604e-05	-0.000558653	0.000176738	-0.000687027	0.232841	0.0980185	0.230536	0.1	0.0113285
2.29211	-3.67798	1.79596	0.000260966	0.000465513	-2.68866e-05	0.00014416	-0.00102718	-1.25207e-05	0.232838	0.0980137	0.230533	0.1	0.0101758
-1.37385	3.93134	-0.68364	-5.18792e-06	-0.000412909	4.42173e-05	0.00078947	-0.000338742	-2.45917e-05	0.232645	0.0977704	0.230342	0.1	0.00572304
2.25653	2.22981	-0.760872	-3.45961e-05	-0.000317031	8.19818e-05	3.62413e-05	0.000462051	0.00046813	0.232529	0.0976247	0.230227	0.1	0.0099437
-0.10307	-0.274211	2.27663	0.00012237	1.36223e-05	6.44899e-05	0.000220456	-0.000520226	-0.000528062	0.232356	0.0974063	0.230055	0.1	0.00914868
2.37079	1.39274	-0.551981	0.000448379	-0.000345944	-0.000247512	-0.00152724	-0.00206908	0.00119321	0.232305	0.0973426	0.230005	0.1	0.00615385
-1.03328	1.21895	0.935308	-4.69522e-05	-7.62007e-05	-2.45812e-05	-0.000361697	0.000176867	0.000215798	0.232166	0.097167	0.229867	0.1	0.00833048
-2.23112	-4.05056	-2.45833	-5.12212e-06	0.000406797	-7.41665e-06	5.97737e-05	1.37914e-06	-3.91411e-05	0.232017	0.0969806	0.22972	0.1	0.00781367
0.578374	-2.05503	-0.540474	9.21113e-05	0.00025443	-4.64552e-05	-0.000316606	6.55936e-05	-0.000307109	0.231839	0.0967586	0.229544	0.1	0.00737505
1.67788	-2.93077	-1.64846	0.000136406	0.000471616	0.000124953	0.000845427	-0.000475771	-0.000300424	0.231804	0.0967136	0.229509	0.1	0.010129
-0.593018	-3.14864	-0.0295307	-4.94006e-05	0.000148994	0.000159425	0.000626488	-0.000169922	0.000378307	0.231661	0.0965346	0.229367	0.1	0.0114138
0.265086	2.0049	-0.790889	6.08604e-05	-0.000436283	-1.35437e-05	0.000215145	0.00021905	0.000946968	0.231371	0.0961726	0.22908	0.1	0.00729661
1.89636	0.539901	1.56904	-0.000437674	-0.000338199	-0.000248312	-0.00145881	0.0029819	-0.000741363	0.231332	0.0961243	0.229042	0.1	0.00756138
-1.57295	3.76403	0.816532	-6.42651e-05	-5.61956e-05	-0.000131624	-0.000107224	5.56212e-05	-0.000494015	0.231276	0.0960544	0.228986	0.1	0.00945174
0.680818	1.08213	-1.90802	-1.69858e-05	-0.000111067	-1.02001e-05	0.000465086	0.000102128	-0.000221215	0.231257	0.0960307	0.228967	0.1	0.0107025
1.76863	1.50817	-0.544645	0.000136338	-0.000347676	-3.27245e-05	-0.000569063	0.000475139	-0.000558371	0.231228	0.0959953	0.228939	0.1	0.00557347
0.577666	0.814991	1.23189	0.000133521	-0.000291509	1.49919e-05	-0.000370593	0.000316224	0.000260539	0.231098	0.0958324	0.22881	0.1	0.00429837
-0.40947	2.60954	-1.73191	-6.66687e-05	-0.000263597	-1.29538e-05	-0.000256198	4.16552e-06	-0.000905219	0.231097	0.0958312	0.228809	0.1	0.00890915
1.4112	3.42326	2.13486	-0.000365175	-0.00035994	-3.53233e-05	0.000334408	0.000832279	-0.00100354	0.230968	0.0956712	0.228681	0.1	0.0103148
1.50619	1.13897	-2.22819	2.40111e-05	-5.94247e-05	2.1425e-05	-0.000466607	0.000257049	-0.000173276	0.230925	0.0956178	0.228639	0.1	0.00454215
-1.00633	-0.626835	1.875	4.30881e-05	3.53815e-05	-1.90475e-05	2.29957e-05	-0.000159717	-0.000244222	0.230853	0.0955284	0.228567	0.1	0.0112158
2.43024	-0.273751	-0.975743	-6.46283e-07	3.51825e-07	-2.23303e-06	5.52902e-24	1.28918e-23	-1.7223e-24	0.230603	0.0952189	0.22832	0.1	0.0116734
0.0730376	-0.590496	-2.3163	3.88779e-05	3.64954e-06	9.92117e-05	0.00033657	-0.000492568	-0.000181688	0.230371	0.0949306	0.22809	0.1	0.00472762
-0.253446	-1.78074	-1.26917	8.49998e-05	0.0002564	-6.41937e-05	-0.000123161	2.07279e-05	4.82775e-05	0.230367	0.0949265	0.228086	0.1	0.00906828
-0.0791645	4.00567	-1.38182	-2.3729e-05	-0.000363609	-3.69254e-05	5.09173e-05	-0.000344396	0.000113928	0.230224	0.0947498	0.227945	0.1	0.00491094
0.642395	1.21266	0.271236	-4.32807e-05	-0.000119208	-7.69378e-05	0.000449419	0.000391596	-0.000427022	0.22985	0.0942887	0.227574	0.1	0.00819959
-1.68141	-2.2249	0.400208	-4.8443e-06	0.000244362	6.44495e-05	0.000471309	7.74442e-05	0.000380828	0.22984	0.0942757	0.227564	0.1	0.00621952
0.205064	3.99701	0.282941	-6.60855e-05	-0.00047981	1.25202e-05	-0.000319355	-4.48363e-05	-0.000155274	0.229772	0.0941929	0.227497	0.1	0.00476713
-0.0573884	3.14625	-1.36775	-5.60903e-05	-0.000351863	5.46355e-06	3.62681e-05	-8.82101e-05	0.000157008	0.229716	0.0941249	0.227442	0.1	0.00644211
2.35434	3.58301	-1.0402	-5.61064e-05	-7.71673e-05	-7.9245e-05	0.000288394	0.000269652	-0.000473382	0.229675	0.0940734	0.227401	0.1	0.0089846
0.89866	-2.9125	1.03765	-2.07486e-05	0.0002394	2.82278e-06	9.15469e-05	3.24897e-06	0.000317641	0.229635	0.094024	0.227361	0.1	0.00609609
0.798379	-3.56785	-2.29342	-0.000110568	0.000452111	7.53034e-05	0.000696745	-0.000311961	0.000261577	0.229633	0.0940217	0.227359	0.1	0.00733209
-0.494918	3.66121	-0.0893459	-2.15912e-05	-0.000356001	-4.73738e-05	0.000250544	0.00013477	0.000117544	0.229597	0.0939779	0.227324	0.1	0.00944914
1.88024	0.404233	0.997499	4.25506e-05	-2.99964e-05	-2.58864e-05	5.93533e-05	-0.000132779	0.00024922	0.229587	0.0939654	0.227314	0.1	0.00853978
0.547585	-1.02513	-0.0403382	0.000149692	2.84118e-05	0.000105916	-0.000175119	-0.00052607	0.00100587	0.229559	0.093931	0.227286	0.1	0.00701161
-0.755623	0.135053	0.00182338	-6.49216e-05	4.29971e-05	1.43449e-05	-0.000249821	0.000270216	-0.000519581	0.229502	0.0938617	0.22723	0.1	0.00687542
-0.109535	-0.811705	-0.459562	5.48589e-05	4.55644e-05	-5.38712e-05	-0.000215539	-9.40792e-05	8.61448e-05	0.229294	0.0936058	0.227024	0.1	0.00634446
-1.04076	-3.01304	1.31105	-4.12909e-05	3.0412e-05	1.29093e-05	9.47285e-05	2.33944e-05	0.000244142	0.229262	0.0935673	0.226992	0.1	0.00746004
2.35629	1.23034	-1.15718	5.62136e-05	-0.000300316	1.85949e-05	0.00016669	-0.000218308	0.000180625	0.229043	0.0932983	0.226775	0.1	0.00669035
2.28553	0.641955	1.35739	-0.000298127	8.56529e-05	0.000218497	0.0024679	-0.0050561	0.00234076	0.229023	0.0932736	0.226755	0.1	0.00567467
2.0599	-3.91086	1.47895	5.16012e-05	0.000476847	0.000150607	-0.000150891	0.00238508	-1.93927e-05	0.22902	0.0932701	0.226752	0.1	0.007114
2.18543	2.60587	-2.0092	-0.000166071	-7.32689e-05	-0.000130842	0.00114371	-0.00101022	-9.59563e-05	0.228994	0.0932399	0.226727	0.1	0.0084465
0.350006	-3.29815	2.32916	-6.25088e-05	0.000100503	7.9682e-05	-0.000156786	-0.00061543	0.000591683	0.228978	0.0932202	0.226711	0.1	0.00614052
1.18257	2.727	-1.06382	-6.04799e-05	-0.00034452	2.15286e-05	0.000591703	-0.000503791	0.000428762	0.228925	0.093155	0.226658	0.1	0.00689203
0.105609	0.683001	0.208803	-4.39835e-05	-0.00016086	-7.30168e-05	-0.000619565	0.000256644	-0.000156898	0.228769	0.0929649	0.226504	0.1	0.0103132
1.50807	-1.04503	2.121	-6.6295e-05	7.76361e-05	8.51707e-05	0.000327321	0.000370647	-7.31596e-05	0.228681	0.0928573	0.226417	0.1	0.00524364
0.128453	1.55997	-0.100792	-4.64203e-05	-0.000211483	-0.000117617	9.25127e-05	0.00058987	-0.000570763	0.228633	0.0927983	0.226369	0.1	0.00907873
-0.82841	3.96031	-1.35822	-4.76008e-09	3.81096e-08	-2.16706e-09	0	0	0	0.228527	0.09267	0.226264	0.1	0.00967879
0.954729	0.836338	-2.17657	-3.47844e-05	-0.000106881	9.74977e-06	0.000415685	-0.000134361	1.49911e-05	0.228372	0.0924815	0.226111	0.1	0.00932616
1.21058	-3.44462	-2.15068	-8.63128e-05	0.000417985	2.86017e-05	-0.000320084	0.000162315	0.000205443	0.228275	0.0923635	0.226015	0.1	0.0068194
0.436539	-0.985242	1.23321	3.38713e-06	0.000137562	7.16656e-06	-9.75392e-05	-0.000133955	-0.000206808	0.228269	0.0923562	0.226009	0.1	0.00480115
2.38623	-1.92374	1.78143	5.92686e-06	0.000307631	4.61388e-05	-6.64791e-05	-0.000100517	0.00071674	0.228148	0.0922089	0.225889	0.1	0.00855586
0.222154	3.75666	-0.385718	-3.68272e-05	-0.000486422	-2.13565e-05	0.000361901	-0.000160483	-0.000438891	0.227891	0.0918988	0.225635	0.1	0.00534304
1.06954	-0.107233	-0.728874	-6.28164e-05	-0.000117517	5.22428e-05	-0.000238151	3.96542e-05	-0.000190909	0.2278	0.0917882	0.225545	0.1	0.00841459
-2.00501	-2.69187	1.50445	-4.403e-05	7.22395e-05	7.02456e-05	0.00044722	-4.58028e-05	0.000312465	0.227735	0.0917093	0.22548	0.1	0.0122447
1.00851	1.20018	0.537671	-7.06268e-05	-0.000193406	-5.94784e-05	3.23324e-05	-0.000412706	0.000591157	0.227721	0.0916929	0.225466	0.1	0.00576766
1.70983	-2.37519	-2.25266	1.23835e-05	0.000290883	9.66509e-05	-3.65049e-05	0.000529545	-0.000183341	0.227719	0.0916894	0.225464	0.1	0.00798196
1.60835	-0.536778	0.123044	-2.32915e-05	-5.44235e-06	-1.60186e-06	3.21488e-05	-8.60668e-05	6.25833e-05	0.227657	0.0916158	0.225403	0.1	0.00567353
2.14308	-3.51001	-0.787548	7.14205e-05	0.000221635	-9.36233e-05	-0.000691292	-1.34464e-05	-0.000559567	0.227655	0.0916129	0.225401	0.1	0.00865097
-1.71811	1.92129	-1.14156	3.49956e-05	-0.000118662	1.5919e-05	0.000787432	-0.000147124	0.000526122	0.227637	0.0915917	0.225383	0.1	0.00605402
2.32509	-3.86061	-1.00741	-1.06612e-06	2.08034e-06	1.27991e-06	-2.98168e-23	1.16538e-23	-1.67084e-23	0.227625	0.0915767	0.225371	0.1	0.0106501
-2.39344	-3.64763	-1.94448	2.94042e-05	0.000471058	2.38267e-05	-0.000194659	-0.000257276	-0.000358989	0.227598	0.0915445	0.225345	0.1	0.00470227
1.12647	-1.72106	0.773147	5.15394e-05	0.000217679	3.21121e-05	4.2782e-05	4.7768e-05	9.52334e-05	0.227427	0.0913378	0.225175	0.1	0.00524494
-0.933066	1.65519	1.96012	-6.58499e-05	-5.3549e-05	-0.000101798	-0.00129324	-0.000466939	1.13194e-05	0.227288	0.0911706	0.225038	0.1	0.00668189
1.17736	3.15856	-1.27505	-8.20271e-05	-0.000313173	5.02577e-05	0.00049616	-0.000342444	0.000164998	0.227272	0.0911519	0.225022	0.1	0.00686533
