-1.38183	1.21036	-1.0296	7.01633e-05	-0.000122189	-1.31812e-05	1.92285e-05	-3.58448e-05	-6.06143e-05	0.55482	1.32612	0.549327	0.1	0.0179372
2.1534	3.6075	2.2411	6.575e-06	-0.000406152	1.22616e-05	-1.25425e-05	9.77939e-05	6.14973e-05	0.554711	1.32533	0.549219	0.1	0.0175237
-0.826051	-1.26084	-0.919568	4.76506e-05	0.000200124	-0.000112425	-6.77412e-06	1.9029e-05	-0.000185918	0.554426	1.32329	0.548937	0.1	0.0211798
-0.0777576	1.20818	-1.98447	-8.56322e-06	-0.000222935	-3.90282e-05	0.000158406	-7.41005e-05	4.91197e-05	0.552434	1.30908	0.546964	0.1	0.0186769
2.47546	-3.32712	1.09597	6.93942e-06	0.000433114	4.32585e-06	0.000192633	-4.21617e-05	8.18229e-05	0.551275	1.30086	0.545817	0.1	0.0247726
-0.325329	-3.41096	-0.673288	-6.06557e-05	0.000378845	2.2483e-05	0.000139424	9.54772e-05	-3.70478e-05	0.548893	1.28407	0.543458	0.1	0.0191983
-2.00162	0.740701	-1.79286	6.35765e-05	-1.59578e-05	-4.16738e-05	0.000131213	-1.37795e-05	-2.08776e-05	0.548822	1.28357	0.543388	0.1	0.0203755
1.80467	3.99273	-0.361588	3.23724e-05	-0.000452086	-7.79542e-05	0.000220444	4.12563e-05	3.47788e-05	0.547774	1.27623	0.54235	0.1	0.0190534
-1.93278	-0.411934	0.669814	-4.24528e-05	9.92564e-06	-2.80147e-05	-9.55421e-05	3.22123e-06	4.57203e-05	0.547358	1.27333	0.541939	0.1	0.0236923
-0.865584	-0.142011	0.725382	-5.77062e-05	-5.75438e-05	-3.37093e-05	2.59761e-05	1.88153e-05	-2.06269e-05	0.546952	1.2705	0.541537	0.1	0.0198382
2.1039	0.365154	-1.25216	4.77428e-05	-4.59146e-05	-3.8959e-05	2.586e-05	3.09904e-05	-4.4881e-06	0.546649	1.26839	0.541237	0.1	0.0238079
1.20132	2.60217	-1.8161	-3.86685e-05	-0.000189931	5.32383e-05	-4.1572e-05	6.35052e-05	0.000162998	0.545348	1.25936	0.539949	0.1	0.0203054
-2.42481	-2.39199	0.436898	-3.81508e-05	0.000248639	2.11248e-05	0.00012434	3.18041e-05	5.53032e-06	0.545169	1.25811	0.539771	0.1	0.0211743
-0.056947	-3.13035	-2.02714	-9.48732e-06	0.00033608	1.15018e-05	4.61856e-05	-0.000140182	-5.10726e-05	0.544719	1.255	0.539326	0.1	0.0181587
-0.625531	3.34838	1.3008	1.73977e-05	-0.000307681	-3.70285e-05	0.000165739	0.000166356	-4.14995e-05	0.543689	1.24789	0.538306	0.1	0.0184168
2.18634	-2.50267	2.16875	3.89078e-05	0.000344099	2.93809e-05	-6.16398e-05	-6.46405e-05	-5.65312e-06	0.541854	1.2353	0.536489	0.1	0.029876
1.49869	-2.01677	-1.2949	-2.35585e-05	0.000212275	5.11501e-05	2.15389e-05	2.47812e-05	2.64088e-05	0.540595	1.22671	0.535243	0.1	0.0258531
2.11159	2.83713	-1.29719	-2.7053e-05	-0.0002994	5.97241e-05	-0.00025246	-8.31276e-05	8.20638e-05	0.540372	1.22519	0.535022	0.1	0.0189351
0.243201	2.22635	-2.11612	6.34559e-06	-0.000253178	5.50603e-05	-7.83033e-05	-0.000110518	-7.11997e-05	0.540364	1.22514	0.535014	0.1	0.0170062
1.53178	1.88667	1.54153	-9.41127e-06	-0.000101352	4.6996e-05	-9.53499e-05	-1.00513e-05	5.09091e-05	0.537534	1.20599	0.532212	0.1	0.0218075
1.81322	-2.98654	-0.0106792	-1.94949e-05	0.000275562	4.14962e-05	3.63904e-05	8.93358e-05	0.000104701	0.536704	1.20041	0.53139	0.1	0.0218328
-1.68382	1.61641	0.950927	-1.70573e-05	-0.000121134	8.28229e-05	0.000125005	-3.3025e-05	5.03534e-05	0.536645	1.20002	0.531332	0.1	0.0211653
0.661828	-1.87385	0.215777	-1.17213e-05	0.000196467	4.92434e-05	6.0149e-05	4.19304e-05	2.82844e-05	0.536462	1.19879	0.53115	0.1	0.0205162
0.369361	3.49373	1.65464	-4.11822e-06	-0.000379573	9.43252e-06	-4.36656e-05	-0.000128504	7.54682e-05	0.53632	1.19784	0.53101	0.1	0.0225329
-1.13933	-2.58192	0.0583744	-2.46324e-05	0.000309878	-8.14848e-06	-0.000163179	-1.52873e-07	2.3828e-05	0.535344	1.19131	0.530044	0.1	0.0180624
-0.267986	-2.48583	-1.19816	-2.91604e-05	0.000316967	6.25214e-06	-0.000212902	3.77653e-05	-9.90701e-05	0.534798	1.18767	0.529503	0.1	0.0174659
1.35164	3.869	1.57381	-1.91922e-05	-0.000401853	5.89799e-05	-2.97212e-05	2.08498e-05	-0.000113871	0.534761	1.18742	0.529466	0.1	0.0183069
0.794437	1.52173	-0.450834	-6.81344e-05	-0.00019977	-3.69903e-05	2.91245e-05	-0.000174049	-4.51733e-05	0.534328	1.18454	0.529038	0.1	0.0187243
-1.45182	3.7738	0.064348	-7.85965e-05	-0.000337788	-1.55744e-06	0.0001595	-1.7799e-05	9.85496e-05	0.533494	1.179	0.528212	0.1	0.0185871
-0.511684	1.93892	-1.32147	-5.67951e-06	-0.000292014	4.16982e-06	4.05412e-06	1.161e-05	8.90534e-05	0.533315	1.17782	0.528035	0.1	0.0174236
-0.369844	3.52903	-0.832227	-6.48473e-05	-0.000350156	-4.9279e-05	-8.15175e-06	-8.02894e-05	6.0395e-06	0.533292	1.17767	0.528012	0.1	0.0178121
-2.01829	-1.19595	-2.16058	3.99393e-06	5.83177e-05	-0.000196576	0.000299211	-6.73816e-05	-4.17668e-05	0.533023	1.17589	0.527746	0.1	0.0221545
-1.75835	-3.11132	-2.20639	-9.69697e-06	0.000338268	9.66151e-06	1.67508e-05	3.45607e-05	5.35642e-05	0.53279	1.17434	0.527515	0.1	0.0255734
-0.00996933	-2.5105	1.01644	-1.63466e-06	0.00025533	-3.11654e-05	-7.90251e-05	-8.69522e-05	-3.0675e-05	0.532572	1.1729	0.527299	0.1	0.0257447
-1.45402	3.56794	-1.71058	-2.21274e-05	-0.000318985	4.40821e-05	-0.000135754	0.000100948	-0.000123791	0.532055	1.16949	0.526787	0.1	0.0211873
0.454369	3.23766	-2.32554	-4.90083e-06	-0.00030019	2.06891e-05	-1.34954e-05	-3.65805e-05	0.00011385	0.531483	1.16572	0.526221	0.1	0.0248051
2.4201	0.172136	-2.48364	3.9709e-05	4.17437e-05	-4.08857e-05	-7.48822e-05	3.9783e-05	-6.25026e-05	0.530981	1.16242	0.525724	0.1	0.020525
-0.173443	-1.18899	-1.76518	3.69051e-05	0.000144178	-9.17954e-05	-4.42633e-06	3.67718e-06	7.04912e-05	0.53052	1.15939	0.525267	0.1	0.0201797
-0.933352	-3.46769	0.587248	-2.80816e-05	0.000380605	3.53258e-05	1.06481e-05	0.000126073	-0.000147398	0.529592	1.15332	0.524349	0.1	0.0180786
-0.0768119	-3.58466	1.37633	-5.9831e-05	0.000374036	-1.35406e-05	6.11514e-05	-3.36273e-05	0.000121037	0.528499	1.14619	0.523266	0.1	0.0218007
2.0463	0.789534	-0.235043	-4.254e-05	1.02383e-05	6.31847e-05	5.51853e-05	6.82124e-05	0.000144003	0.527475	1.13954	0.522252	0.1	0.0239254
0.552621	3.52874	-1.32608	-4.5365e-05	-0.000326946	1.73091e-05	6.62792e-05	-2.29218e-05	1.27252e-05	0.527182	1.13765	0.521962	0.1	0.0190008
-2.41536	0.783654	0.658647	-2.37444e-06	-8.08486e-05	3.74293e-05	0.000255646	1.14011e-05	4.95135e-05	0.527004	1.1365	0.521786	0.1	0.0272071
2.40906	-1.14028	1.76749	-4.47591e-05	0.000260785	6.09112e-05	-5.68343e-05	0.000108326	-0.000315323	0.526785	1.13507	0.521569	0.1	0.0200254
0.0779324	-3.33334	0.37734	-3.95047e-05	0.000260494	-2.39953e-05	6.23656e-05	2.65468e-05	-9.57167e-05	0.526637	1.13412	0.521423	0.1	0.0175181
0.545846	2.72956	0.959134	5.51177e-06	-0.000317009	-3.74675e-05	0.000192811	0.000120276	-4.40778e-05	0.524764	1.12206	0.519568	0.1	0.0166631
-2.44219	3.88594	0.37346	-4.80932e-05	-0.000338829	8.83962e-06	-0.000169993	4.79364e-05	-0.000121443	0.523709	1.11531	0.518524	0.1	0.0234579
-2.48979	3.69058	-1.75931	-1.93234e-05	-0.000376318	-2.20092e-06	-1.99523e-05	-0.000167312	2.20928e-05	0.523479	1.11384	0.518296	0.1	0.018189
1.50507	0.935494	2.04127	7.87144e-05	-3.18067e-05	-2.31906e-05	7.88784e-05	-7.72665e-05	-5.29691e-05	0.521989	1.10436	0.516821	0.1	0.0188963
-1.84543	-1.87464	-0.276763	-5.92477e-05	0.00020115	-2.41324e-05	4.90263e-05	0.000304181	-0.000367617	0.521432	1.10083	0.516269	0.1	0.0213482
-0.403061	1.78689	1.46307	1.37747e-05	-0.000247525	-1.70839e-05	-7.02039e-06	9.02087e-05	-2.43243e-05	0.521217	1.09946	0.516056	0.1	0.0233022
-2.00373	-3.86845	1.84009	1.56541e-06	0.000422961	-9.99724e-06	-7.73177e-05	-5.13002e-05	4.36714e-05	0.518617	1.08309	0.513482	0.1	0.0164129
2.08655	-0.0939208	0.46535	-2.92082e-05	-4.34456e-06	-8.85424e-06	-8.2462e-05	8.31069e-05	-0.000100478	0.517898	1.07859	0.51277	0.1	0.0210271
2.33589	-1.06484	-0.93244	-8.64722e-06	0.000104732	-2.5117e-05	0.000266749	3.76945e-05	1.66203e-05	0.517716	1.07746	0.51259	0.1	0.0235704
1.56563	3.72345	-1.34818	-5.00934e-05	-0.000348025	-5.53136e-05	-3.63096e-05	0.000138776	-4.53532e-05	0.5171	1.07361	0.51198	0.1	0.0165886
-1.87528	2.65555	-1.47013	-3.78582e-05	-0.000266479	7.56441e-05	0.000153418	8.99211e-05	5.7434e-06	0.516716	1.07123	0.5116	0.1	0.0205654
-1.94228	0.341425	-0.820315	2.17938e-05	-5.41774e-05	-4.57106e-05	-6.21621e-05	-4.56138e-05	-5.06644e-05	0.515931	1.06635	0.510823	0.1	0.0241523
1.14546	3.19784	-0.54801	-3.51317e-05	-0.000386259	-7.80335e-07	-0.000181951	0.000212237	-0.000168222	0.515901	1.06617	0.510793	0.1	0.0138982
1.5457	2.04485	-0.932152	-1.32682e-05	-0.000247671	7.98123e-05	0.00010792	2.29181e-06	-8.48253e-05	0.51576	1.06529	0.510653	0.1	0.0164823
-1.90401	-2.04381	1.95431	4.14983e-05	0.000270984	-4.71055e-06	-9.96444e-05	7.08637e-05	-9.54328e-05	0.514995	1.06056	0.509896	0.1	0.0259648
-0.430448	3.4931	-1.86316	-1.93364e-05	-0.000380965	-2.80937e-05	-7.25223e-05	-1.30016e-05	4.51539e-05	0.514003	1.05444	0.508914	0.1	0.0205997
0.737721	0.113114	2.46113	5.50247e-05	3.2406e-05	-3.71463e-05	5.81702e-05	6.97723e-05	-7.24149e-05	0.512599	1.04583	0.507524	0.1	0.0185371
0.540507	-0.333002	1.57499	-7.55319e-06	0.000140027	-5.91413e-05	0.000108554	1.8946e-05	-4.08321e-05	0.51184	1.04118	0.506772	0.1	0.0181086
-2.05588	-3.49588	-1.29786	-1.1209e-05	0.000402729	1.29213e-05	-6.84822e-05	-2.19713e-05	-0.000173377	0.511673	1.04017	0.506607	0.1	0.021299
-0.450182	0.814909	0.699112	-3.08154e-05	-8.92529e-05	2.2269e-05	7.80699e-05	2.73817e-05	-7.03831e-05	0.511494	1.03908	0.50643	0.1	0.0238504
0.881447	-3.1952	-1.50766	3.13997e-05	0.000335216	4.04669e-05	4.61562e-05	-2.27954e-05	0.000102348	0.510448	1.03272	0.505394	0.1	0.0177906
-1.25029	3.47033	2.13356	-8.80645e-05	-0.000328864	3.93027e-05	-0.000360892	0.00014957	-0.000129544	0.509646	1.02785	0.5046	0.1	0.0215415
0.829893	-2.74073	-2.40366	-1.41913e-06	0.000293563	3.78723e-05	-0.000116013	6.25005e-05	1.05399e-05	0.508542	1.02119	0.503507	0.1	0.0203695
-0.636013	-0.425683	-2.26299	4.206e-05	7.42452e-05	-0.000111361	-7.55697e-05	-9.35042e-06	-2.40062e-05	0.508425	1.02048	0.503391	0.1	0.0181545
1.44983	-0.438851	-1.33721	5.88176e-05	-3.78032e-05	1.7786e-05	-0.000174433	-2.56052e-05	1.75579e-05	0.506867	1.01114	0.501849	0.1	0.018786
1.37704	1.79907	-2.44469	4.02687e-05	-0.000116719	4.07933e-05	9.84356e-05	8.63979e-05	0.000153293	0.505037	1.00022	0.500037	0.1	0.0184739
-1.20865	2.69168	-2.23569	7.0649e-06	-0.000258147	9.54169e-05	0.000210244	-2.39621e-05	0.00025835	0.504957	0.999745	0.499957	0.1	0.0225743
-2.30118	-3.3878	-0.331843	-2.55782e-05	0.000408762	-9.11224e-06	8.51887e-05	-2.46701e-05	4.97655e-05	0.504939	0.999642	0.49994	0.1	0.0183338
-0.172498	-0.435827	-1.07951	1.33583e-05	7.20546e-06	-1.32834e-06	0.000302621	-0.0001958	-0.000175903	0.504901	0.999415	0.499902	0.1	0.0167825
0.429285	-0.355242	-0.286459	-3.08948e-05	-7.84408e-05	4.83583e-05	-0.000100975	0.000104909	-0.000205937	0.504788	0.998742	0.49979	0.1	0.015204
0.699518	-0.691936	-1.94132	5.9987e-05	8.83626e-05	6.4731e-06	0.000283722	-3.6254e-05	-0.000231281	0.503937	0.993701	0.498948	0.1	0.0194569
-1.00534	-2.22525	1.41841	1.02775e-05	0.000331573	1.73428e-05	-4.6037e-05	-2.37106e-05	-8.82511e-05	0.503345	0.990196	0.498361	0.1	0.0182098
-1.02955	0.371525	-1.80848	4.15693e-05	1.25537e-05	-8.42911e-05	0.000135795	3.18913e-05	6.91259e-05	0.503196	0.989325	0.498214	0.1	0.0182619
1.33152	-1.45899	-0.444251	-9.33968e-06	0.000174323	4.59943e-05	2.24741e-05	-3.69097e-05	-5.88918e-05	0.502585	0.985721	0.497609	0.1	0.0197155
-0.918821	0.806338	-0.184964	5.61259e-07	-0.000129634	1.73503e-05	-8.86366e-05	-9.17722e-05	-8.45234e-05	0.501771	0.98094	0.496803	0.1	0.0188255
0.270482	-2.63962	-0.3356	-2.01627e-05	0.000270793	2.54441e-05	4.80712e-05	3.48107e-05	-5.28356e-05	0.501401	0.978774	0.496437	0.1	0.0205769
2.3325	-1.45589	0.795966	-2.32149e-05	0.000203714	5.63236e-05	-7.54127e-05	2.25116e-05	-3.99266e-05	0.501352	0.978484	0.496388	0.1	0.0170394
-1.54317	1.40511	2.25264	4.12693e-05	-0.000121713	9.73666e-06	4.58364e-05	0.000119053	0.000164497	0.501333	0.978374	0.496369	0.1	0.0186617
-0.420513	2.77301	2.12995	5.07847e-05	-0.00022185	-1.31929e-05	-0.000351043	-5.16372e-05	-3.63199e-05	0.500305	0.972365	0.495351	0.1	0.0226307
1.7508	-1.91286	1.44827	-3.2199e-05	0.000262163	3.67376e-05	4.039e-05	-2.93763e-05	-1.93345e-05	0.500134	0.971369	0.495182	0.1	0.0138705
-0.333663	-2.11515	-2.14769	4.34626e-05	0.000157662	-4.37717e-05	-8.821e-05	-0.000118201	-0.000117038	0.500114	0.971254	0.495162	0.1	0.0223025
1.20575	3.91244	-2.41723	-2.08291e-05	-0.000334815	4.02113e-05	-7.26874e-05	-4.19577e-05	-0.000122635	0.499003	0.964792	0.494062	0.1	0.0192596
0.503972	-1.89689	-1.50811	1.85067e-05	0.000205819	-1.73901e-05	-7.69206e-05	-0.000174681	-2.05142e-05	0.49838	0.96119	0.493446	0.1	0.0172381
-0.115112	-1.22611	0.107268	1.18253e-05	0.000157077	-7.66811e-06	-1.90977e-05	-0.000253344	3.76967e-06	0.498014	0.959069	0.493083	0.1	0.0152322
-1.11164	-1.56368	-1.8725	2.50969e-05	0.000214076	-9.73993e-05	-0.000101695	-7.56624e-05	-0.000226724	0.49782	0.957951	0.492891	0.1	0.020467
1.517	-3.27263	2.11417	3.80318e-05	0.000391333	1.99197e-05	-3.39716e-05	-3.7427e-05	-3.14485e-05	0.497807	0.957872	0.492878	0.1	0.0172411
-2.27751	2.67631	-0.488384	-1.74109e-05	-0.000216923	5.57847e-05	-2.93885e-05	0.000156735	-0.000210824	0.497805	0.957862	0.492876	0.1	0.0219825
-1.62631	-2.81295	0.924369	-1.11553e-05	0.000371675	2.43427e-05	-0.000165249	-3.17737e-05	0.000226006	0.496356	0.949524	0.491442	0.1	0.0152381
-1.29688	2.6512	0.965555	-2.24397e-06	-0.000277407	2.12763e-05	-8.37174e-05	8.32025e-05	8.76211e-05	0.495653	0.945496	0.490746	0.1	0.0175003
-0.919972	-3.67552	-2.14032	-1.01743e-05	0.000385456	-4.59318e-05	-5.98496e-06	5.69447e-05	-3.20726e-05	0.495534	0.944815	0.490628	0.1	0.0191509
-1.35213	-3.39543	-0.599568	-3.61299e-05	0.000402014	3.72547e-05	-0.000163565	-5.8767e-05	-2.30931e-05	0.49547	0.944444	0.490564	0.1	0.0163738
-1.27607	2.27345	1.87009	5.598e-05	-0.000142291	4.69573e-05	1.38273e-05	-6.5269e-05	-0.000221828	0.495413	0.94412	0.490508	0.1	0.0197441
2.43107	1.87101	-1.36518	5.57543e-05	-0.000250855	0.000127974	0.000152359	6.63269e-05	0.000120053	0.493724	0.934499	0.488836	0.1	0.016398
-1.71886	1.74778	-1.84475	3.69148e-05	-0.000180978	3.35385e-07	-1.73972e-05	2.28827e-05	0.000214937	0.493582	0.933695	0.488695	0.1	0.0148525
0.80588	1.63965	-1.49796	1.24566e-05	-0.000162617	0.000115387	-1.04861e-05	-1.46213e-05	0.000281135	0.493482	0.933124	0.488596	0.1	0.0207298
0.879455	0.510701	-0.432387	-2.61134e-05	-0.00014548	-4.70176e-05	2.79526e-06	4.37012e-05	0.000109036	0.49325	0.93181	0.488366	0.1	0.0208638
0.683152	3.98008	0.817156	4.52679e-05	-0.000446357	6.29435e-06	-0.000138042	-0.000141565	9.89548e-05	0.492733	0.92888	0.487854	0.1	0.0178834
0.157673	0.0385555	0.596942	3.03469e-05	-1.53066e-05	2.8927e-05	-0.000139908	5.93426e-05	0.000250412	0.492579	0.928012	0.487702	0.1	0.0172401
1.27184	2.64211	0.266888	4.51038e-05	-0.000344881	-2.86019e-06	0.000121497	-2.83793e-05	0.000199363	0.492206	0.925909	0.487333	0.1	0.0144975
0.760513	0.230094	-1.55336	1.73266e-05	-0.000127972	-2.83575e-05	0.000254523	-0.000152799	0.000208668	0.490982	0.919016	0.486121	0.1	0.0211269
-1.21855	-2.21164	-0.980927	-3.61051e-05	0.000257662	-2.49432e-05	-0.000273004	-0.000281015	7.30436e-06	0.490889	0.918492	0.486029	0.1	0.0210859
-0.397834	-0.644355	1.4826	2.76245e-05	3.1871e-06	-8.7261e-05	-0.000105859	0.000132719	0.00015411	0.490378	0.915628	0.485523	0.1	0.0207261
1.57618	-2.84972	1.23521	-1.64307e-05	0.000304381	1.45954e-05	1.97661e-05	-6.9724e-06	8.3974e-05	0.489482	0.910617	0.484636	0.1	0.0200277
-2.19326	2.77255	1.32314	3.12138e-05	-0.000241675	3.73751e-05	-0.00013046	-2.51009e-05	-9.7492e-05	0.489469	0.910544	0.484623	0.1	0.0148766
2.26307	-2.43819	-1.81788	-1.32546e-05	0.000290736	2.55936e-05	0.000174731	-3.43217e-05	3.31181e-05	0.489084	0.908401	0.484242	0.1	0.0164878
-2.1539	0.989595	1.60786	2.88789e-05	-0.000172813	5.02142e-05	-8.3375e-06	9.12987e-05	0.000127124	0.488971	0.907768	0.48413	0.1	0.0216546
0.97199	-1.94716	2.03456	-1.58343e-05	0.000241117	4.4903e-06	2.62564e-05	2.21979e-05	-4.4327e-05	0.4888	0.906812	0.48396	0.1	0.0186553
1.5879	-2.15032	0.509598	-2.23207e-05	0.000238737	4.19494e-05	-3.56576e-05	-1.95401e-05	8.74833e-06	0.488326	0.904178	0.483491	0.1	0.0193551
-0.717951	-0.533039	-0.204632	1.04713e-05	8.66236e-05	-4.73157e-05	0.000240693	-0.00010285	0.000242788	0.48828	0.903926	0.483446	0.1	0.015656
-2.01275	2.98674	0.399776	-1.13353e-05	-0.00028615	3.52146e-05	2.83322e-05	0.000102588	0.000199275	0.488206	0.903513	0.483372	0.1	0.0225759
1.58366	-3.65913	0.706855	2.61547e-05	0.000304205	4.92009e-05	-0.000111989	-6.61922e-05	-3.36036e-05	0.488125	0.903063	0.483292	0.1	0.0194832
0.0542233	1.65084	0.58716	3.3948e-05	-0.000168827	-1.79268e-05	-0.000109814	0.000117338	-8.98182e-05	0.486774	0.895587	0.481954	0.1	0.0173172
1.40835	-0.430417	1.10419	-6.24444e-06	8.70122e-05	3.65633e-05	-3.70923e-05	9.65585e-06	1.35611e-05	0.486222	0.892545	0.481408	0.1	0.0146802
2.33108	-0.514437	-1.75796	4.77822e-05	0.000129571	9.19333e-06	-8.44302e-05	0.000103323	-0.000109894	0.485931	0.890944	0.48112	0.1	0.0212656
-1.06461	-3.75476	1.53778	8.39334e-06	0.000454799	3.64097e-05	-0.000102626	-4.65359e-05	9.4061e-05	0.485684	0.889585	0.480875	0.1	0.0151807
2.10929	2.48714	0.721631	4.27651e-05	-0.000223249	2.40721e-05	-0.000146248	-4.30591e-05	6.69625e-05	0.485546	0.888831	0.480739	0.1	0.0207849
-1.77305	-0.241427	-1.95572	4.75438e-05	1.13007e-05	-7.49557e-05	-8.04139e-05	3.52681e-05	-5.98276e-05	0.484993	0.885791	0.480191	0.1	0.0205503
-0.641207	1.04873	2.1747	3.17062e-05	-6.03372e-05	-9.14599e-05	0.000204628	-1.49857e-05	-5.37162e-05	0.484263	0.881798	0.479468	0.1	0.0161926
-1.83134	-1.51091	-1.22401	-2.77335e-06	0.000225554	-0.000143147	0.000238991	-2.96127e-05	3.99634e-05	0.483863	0.879615	0.479072	0.1	0.0223142
-1.79325	-1.83335	0.999555	-2.66998e-05	0.000200062	3.04005e-06	-7.0178e-06	9.73634e-05	3.29976e-05	0.48386	0.879599	0.479069	0.1	0.0158626
1.71454	-0.128494	-0.448689	-8.70283e-06	2.31122e-05	1.74027e-06	6.24354e-05	-0.00012003	-2.55079e-05	0.483476	0.877508	0.478689	0.1	0.017031
0.511094	2.54378	1.95333	-3.52843e-05	-0.00034061	7.90677e-05	-0.000110803	9.67786e-05	-0.00013132	0.483004	0.874942	0.478222	0.1	0.016301
0.292178	0.92025	-1.0771	-4.16186e-05	-0.000196614	-3.96853e-05	-0.000184135	2.08952e-05	-9.143e-05	0.482785	0.873753	0.478005	0.1	0.0181749
-1.2875	-1.19995	0.4995	-4.66462e-05	0.000119882	-7.04205e-05	-8.20982e-05	0.000126959	-0.000199004	0.482566	0.872562	0.477788	0.1	0.0149871
-0.0146273	0.656406	1.56304	7.643e-05	-7.70946e-05	-4.68084e-05	4.65838e-05	-0.000306349	-0.000169254	0.482132	0.870207	0.477358	0.1	0.0212538
1.93273	2.52519	2.21159	6.81548e-05	-0.000163132	4.81484e-05	0.000116123	-1.38267e-05	-0.000345436	0.48194	0.869166	0.477168	0.1	0.0198121
-0.588775	2.62866	-0.474401	-3.39038e-05	-0.000251651	2.21813e-05	-0.000182884	4.1416e-05	6.62584e-05	0.481933	0.86913	0.477161	0.1	0.0218735
-1.42477	0.698262	0.636954	-1.94709e-05	-6.71825e-05	2.65176e-06	3.67571e-05	3.8908e-05	-3.88913e-05	0.481479	0.866677	0.476712	0.1	0.0218383
1.02744	-3.34757	-0.524358	-3.5706e-05	0.000318363	4.85615e-05	3.56589e-05	-5.85519e-05	-0.000156632	0.480917	0.863644	0.476155	0.1	0.0144047
-0.909613	-1.54685	2.17509	8.40921e-05	0.000170352	-9.81404e-05	3.31735e-05	7.2323e-05	-8.62247e-05	0.480468	0.861231	0.475711	0.1	0.0175314
1.54295	0.448276	-2.09264	4.4113e-05	-5.01214e-06	-1.95266e-05	0.000159257	-2.43175e-05	0.000133463	0.47986	0.857968	0.475109	0.1	0.0153439
0.462362	2.60819	-0.937034	-0.000107007	-0.000316465	5.37742e-05	0.000117498	-0.000141762	-4.7239e-05	0.478966	0.853181	0.474224	0.1	0.0186083
1.22845	0.501059	1.19777	6.28502e-05	5.02645e-05	-2.75308e-05	-2.09931e-05	1.84758e-05	-0.000148753	0.478473	0.850548	0.473736	0.1	0.01837
-2.45874	0.0274183	1.49865	-1.11908e-05	7.37074e-05	-4.66021e-05	9.68682e-05	-3.78621e-05	-4.63589e-05	0.478412	0.850219	0.473675	0.1	0.0226534
-1.69305	1.37251	-0.0709873	-1.47451e-05	-0.000177159	-5.11792e-05	9.02579e-05	-0.000110551	0.000175741	0.47793	0.847656	0.473198	0.1	0.018342
-1.07312	-3.03249	-1.44538	2.64157e-05	0.000278835	2.04027e-05	0.000254717	-2.35122e-05	-2.64851e-05	0.477808	0.847007	0.473077	0.1	0.0267727
2.22133	3.51866	1.2269	-1.72273e-05	-0.000320132	1.96198e-05	0.000132767	-1.31671e-05	0.000263157	0.477733	0.846607	0.473003	0.1	0.0212561
-2.04507	2.71167	2.26829	1.96849e-05	-0.000214078	8.96663e-05	4.83599e-05	8.23916e-05	-2.44875e-05	0.477694	0.846395	0.472964	0.1	0.0164482
-0.6467	1.92662	-2.46868	4.80333e-06	-0.000149918	5.42982e-05	0.000166886	8.57599e-05	-8.06429e-05	0.477155	0.843541	0.472431	0.1	0.0175775
-0.749445	3.11474	0.323642	-5.31644e-05	-0.000261962	3.99095e-06	-2.78534e-05	-0.000114125	5.31862e-05	0.47715	0.843513	0.472426	0.1	0.0201664
-0.702683	0.132182	1.9455	7.61937e-06	-1.39284e-05	-0.000135036	-8.84623e-05	8.83485e-05	4.36375e-05	0.477062	0.843044	0.472339	0.1	0.0201283
-1.51464	0.0186722	1.48246	-2.30641e-05	-2.47713e-05	-4.11003e-05	8.78635e-05	1.56753e-05	-0.00016484	0.476857	0.841959	0.472136	0.1	0.0199757
1.24011	-1.09458	0.448895	-3.76308e-06	0.000142563	4.67264e-05	5.73195e-05	1.74972e-05	-4.17605e-05	0.476785	0.841575	0.472064	0.1	0.0143017
-0.363184	3.86343	2.22231	-4.84033e-05	-0.000413045	-6.03213e-05	0.000107473	-4.8153e-05	-5.82892e-05	0.475355	0.834028	0.470649	0.1	0.0191389
-1.67434	-0.799379	1.92714	1.72808e-05	0.000130892	-7.45097e-05	6.26089e-05	0.0001329	0.000202841	0.475269	0.83357	0.470563	0.1	0.0180691
-1.65267	0.452488	2.30199	5.01955e-05	-8.28243e-05	-2.58807e-05	5.22783e-05	-5.23715e-05	-0.000176527	0.474862	0.83143	0.47016	0.1	0.017676
2.02535	-2.80165	-0.96726	5.08877e-07	0.000289423	7.39487e-05	-1.77722e-05	-0.000171968	0.000131247	0.474508	0.829578	0.46981	0.1	0.0199988
-2.17908	1.93071	1.76065	-2.58126e-05	-0.00018302	9.59163e-05	-1.94834e-05	4.46143e-05	-2.44054e-05	0.474403	0.829024	0.469706	0.1	0.0189879
-2.37898	-0.364956	-0.309743	-8.33303e-06	5.425e-05	1.04018e-05	-0.000156515	-4.72597e-05	-1.01815e-05	0.473731	0.82551	0.469041	0.1	0.0225594
-1.06928	-0.0716587	-0.953317	3.1081e-05	6.83916e-06	-8.8885e-05	-0.000378554	2.06023e-05	-0.000177699	0.47183	0.815609	0.467158	0.1	0.0188325
0.694527	-3.04472	1.67929	4.44418e-06	0.000252934	2.84266e-05	-0.000396359	0.000165841	0.000128708	0.471086	0.811759	0.466422	0.1	0.0166257
-0.443593	-2.00073	-0.34553	-2.23807e-05	0.000236277	-5.26792e-05	-0.000163177	-0.000116363	5.01753e-05	0.470528	0.808876	0.465869	0.1	0.0223332
-2.14801	-2.38384	-1.07078	-2.23687e-05	0.0002707	-3.08609e-05	-0.000449306	0.000170445	-0.000103492	0.470355	0.807987	0.465698	0.1	0.0164857
0.475453	3.32293	0.148464	1.4169e-05	-0.000392161	3.31378e-05	1.68318e-05	-7.41351e-05	0.000367016	0.470211	0.807242	0.465555	0.1	0.0172989
-1.15552	-2.40561	2.45472	1.60672e-05	0.000246677	-3.56005e-05	-0.000137625	6.77871e-05	-0.000171724	0.47002	0.806259	0.465366	0.1	0.0195898
0.551275	1.03816	2.24258	0.000100107	2.55001e-05	-8.39573e-07	-2.54218e-05	0.000140864	-7.51344e-05	0.46956	0.803896	0.464911	0.1	0.0159553
-0.0944296	-1.09376	2.25641	6.67597e-05	0.000142053	-6.44548e-05	-4.94452e-05	-0.000135701	0.000100844	0.469458	0.803373	0.46481	0.1	0.0182636
-0.629674	-1.86126	0.603918	-4.09076e-05	0.000149946	-8.71928e-05	-5.17877e-05	3.51259e-05	0.000234986	0.469446	0.803307	0.464798	0.1	0.0204324
-0.789435	1.72406	-0.394303	3.64374e-05	-0.000197295	3.62903e-05	0.000116321	-5.10351e-05	4.00346e-05	0.468782	0.799905	0.464141	0.1	0.0168058
1.13143	-0.0467181	0.290542	-7.05715e-06	-2.42993e-05	-4.01035e-06	-0.00021385	-7.9591e-05	7.60788e-05	0.467379	0.792743	0.462751	0.1	0.0165001
1.81036	-0.352168	1.94972	3.95971e-06	7.88551e-05	8.76168e-06	2.43511e-05	3.03213e-05	-6.1673e-05	0.467217	0.791923	0.462591	0.1	0.0179285
-0.186318	-2.13197	1.91012	3.62596e-05	0.000211591	-2.30993e-05	0.000224395	0.000130823	-8.31688e-05	0.466675	0.789165	0.462054	0.1	0.0163046
1.64391	1.20092	-1.54656	5.06726e-05	-4.64123e-05	3.61796e-05	2.05297e-05	0.000187341	-4.45994e-05	0.466232	0.786924	0.461616	0.1	0.0141174
-0.693741	2.18817	0.396372	7.64344e-06	-0.000231152	2.76309e-05	-3.6668e-05	7.22595e-05	0.000138319	0.466205	0.786785	0.461589	0.1	0.0176633
-0.905974	2.84193	-1.32966	-1.61541e-05	-0.000324518	6.96121e-06	-1.18729e-05	4.9875e-05	-7.38581e-05	0.466076	0.786131	0.461461	0.1	0.0151211
0.911536	-2.8199	0.357486	-1.78181e-05	0.000208472	3.20698e-05	-2.61737e-06	-0.000124132	-7.60804e-06	0.465707	0.784266	0.461096	0.1	0.0217724
-1.84443	-2.16375	-1.95447	-3.80662e-05	0.000320834	-3.7073e-05	-0.000114387	4.97001e-05	6.12262e-06	0.465684	0.784148	0.461073	0.1	0.0210505
-1.43057	2.35134	-0.175858	-1.40258e-05	-0.000266934	2.23388e-05	1.03399e-05	-0.000109136	4.49514e-05	0.46529	0.782163	0.460683	0.1	0.0156893
1.97006	1.75935	0.0361907	4.6366e-06	-0.0001804	-0.000130042	-0.000461658	-0.000588732	-7.66617e-05	0.464712	0.779251	0.460111	0.1	0.0164911
0.819169	-1.03317	2.17614	3.36548e-05	0.00021514	-1.14626e-05	-3.71299e-05	1.98804e-05	1.85623e-05	0.464331	0.777336	0.459734	0.1	0.0132537
1.78937	-1.61444	2.35829	-5.69808e-05	0.000272972	4.92818e-05	0.000197802	-4.75691e-05	0.000210235	0.463321	0.772277	0.458734	0.1	0.0142722
-2.19786	2.08107	0.245307	-1.33362e-05	-0.000248072	1.096e-05	0.000102464	0.000132821	-0.000152294	0.462664	0.768994	0.458083	0.1	0.0167369
0.562876	1.8317	1.35328	1.65381e-05	-0.000227908	-1.56041e-05	0.000405896	-9.90947e-05	0.000285214	0.462514	0.768246	0.457935	0.1	0.0127085
2.04993	-1.01926	0.000377525	-1.65153e-05	0.000129026	4.64769e-05	-6.22197e-05	-8.43013e-06	-2.89162e-05	0.462457	0.767963	0.457878	0.1	0.015658
1.00518	-1.3266	1.33119	3.65604e-06	0.000221661	-2.89474e-06	3.03154e-05	2.10279e-05	-6.8757e-05	0.460448	0.757998	0.455889	0.1	0.0145025
2.03224	-3.46289	-1.60839	2.67005e-05	0.000408513	-2.18846e-06	0.000261531	5.09892e-06	-0.000206667	0.4597	0.75431	0.455149	0.1	0.0129861
2.05762	3.11659	0.0352677	4.7948e-05	-0.000412659	-9.88263e-05	-0.000296949	5.1472e-06	-1.44712e-05	0.459434	0.752999	0.454885	0.1	0.0209193
-1.54815	-3.01641	1.84203	-1.97107e-05	0.000421915	2.53063e-05	0.000127222	-2.69585e-05	-1.27973e-05	0.45935	0.752587	0.454802	0.1	0.0219664
0.158326	-1.52248	0.984217	8.91773e-06	0.000186027	5.14016e-05	-9.69882e-05	9.97143e-07	-0.000142903	0.459269	0.752192	0.454722	0.1	0.0153612
-2.47927	1.93741	-2.36741	1.30635e-05	-9.04625e-06	0.000100566	-4.04384e-06	0.000127549	-0.000272583	0.459266	0.752174	0.454719	0.1	0.0180661
-0.174744	0.335571	-0.527537	-2.85642e-06	-9.09828e-05	6.96381e-05	-7.11204e-05	9.80811e-05	0.000154378	0.459194	0.751823	0.454648	0.1	0.0185252
1.45977	2.99432	1.15066	-1.69949e-05	-0.000330596	-6.9587e-06	0.000246175	-7.99008e-05	0.000128863	0.459118	0.751448	0.454572	0.1	0.0188878
2.18356	1.09933	-2.28608	1.68146e-06	-5.14124e-07	3.80952e-05	0.000234828	0.000101254	0.000202512	0.459006	0.750894	0.454461	0.1	0.0142051
2.07909	-1.40757	-1.80478	-4.52205e-05	0.000186074	5.0306e-05	3.7161e-05	9.24044e-05	-0.000101392	0.458587	0.748846	0.454047	0.1	0.0219573
-1.46445	3.12081	-0.665672	-7.77926e-07	-0.000302511	-1.61878e-05	-9.55677e-05	-4.84086e-05	7.3082e-05	0.458044	0.746189	0.453509	0.1	0.0182673
2.33717	1.64264	1.03404	-6.70503e-06	-0.000161023	0.000113096	-4.44217e-05	-0.000102869	-9.85651e-05	0.458039	0.746161	0.453504	0.1	0.015749
-2.14375	3.71473	-0.631937	-1.9808e-05	-0.000356145	-4.44242e-05	2.18059e-05	3.52686e-05	7.21073e-06	0.457054	0.74136	0.452529	0.1	0.0198626
-1.44228	0.0336688	-0.0630887	-5.15864e-05	-4.65654e-05	-2.23482e-05	1.67068e-05	-6.30575e-05	-3.3764e-05	0.456744	0.739852	0.452222	0.1	0.0176058
1.1731	-2.38886	-0.443583	-3.20364e-05	0.000216707	4.46351e-05	-5.17611e-05	-7.5498e-05	-1.90111e-05	0.456538	0.738849	0.452018	0.1	0.014587
2.38651	-3.42893	2.4429	6.83389e-06	0.000361087	2.60839e-05	9.3919e-05	1.19564e-05	-4.12253e-05	0.456295	0.737671	0.451777	0.1	0.0169037
-1.6618	-0.736621	-0.74592	-1.14307e-05	0.000100123	7.99623e-06	0.000184837	8.17189e-05	1.0487e-05	0.4556	0.734306	0.451089	0.1	0.0190987
-0.643379	-2.97157	1.8721	-2.51896e-05	0.000345	2.30578e-05	-7.35685e-05	0.000218194	-9.05511e-05	0.45547	0.733674	0.45096	0.1	0.0132441
0.165901	2.20628	-0.149697	-2.15779e-05	-0.000201504	-3.04451e-05	7.2461e-05	0.000138395	-4.81513e-05	0.455436	0.733515	0.450927	0.1	0.0142059
1.66206	1.14878	0.635162	-5.31082e-05	-3.09567e-05	-2.33557e-05	1.71786e-05	0.000405783	5.48208e-05	0.45531	0.732903	0.450802	0.1	0.0141864
0.906854	-2.20663	1.14184	-2.72263e-05	0.000251117	1.13818e-05	-2.33872e-05	-2.67732e-05	1.59485e-05	0.455197	0.732356	0.45069	0.1	0.0143477
1.07837	3.94025	-0.773343	-2.54758e-05	-0.000428926	-1.55596e-05	0.000248671	-6.18898e-05	0.000229046	0.277675	0.16624	0.274926	0.1	0.00604325
1.50175	1.98596	0.578507	0.000110259	-0.000302759	3.55987e-05	-0.000291556	-0.000238366	3.76418e-05	0.277411	0.165765	0.274664	0.1	0.00887795
1.83685	-2.20796	-0.212113	-3.61968e-05	0.00023299	-6.77206e-06	-0.000245429	0.000116105	-0.00020503	0.277355	0.165667	0.274609	0.1	0.0132613
-1.11986	1.58936	0.357295	-5.88379e-05	-0.000183081	1.09385e-05	0.0001788	-6.83579e-05	-0.000523682	0.277213	0.165412	0.274468	0.1	0.0142851
0.943888	3.86287	-0.185517	0.000106161	-0.000251423	-0.00018177	-0.000329112	-0.000694829	-0.00044188	0.276217	0.163635	0.273482	0.1	0.00831556
-0.753631	-2.99673	-2.41701	2.10559e-06	0.000332035	5.22614e-06	8.67524e-05	-0.000273937	0.000238194	0.275638	0.162608	0.272909	0.1	0.0090107
0.675999	-3.77253	1.83311	-1.17898e-05	0.0004312	4.64528e-05	0.000149971	8.73228e-05	-0.000167581	0.275408	0.162201	0.272681	0.1	0.00988751
1.6349	-0.81788	-0.701752	2.35664e-05	7.71524e-05	3.54039e-05	-0.000152584	-3.55857e-06	-5.50067e-05	0.275341	0.162083	0.272615	0.1	0.00650682
-1.92845	-0.228669	2.3106	-1.6291e-05	7.21174e-06	-4.0559e-05	3.58402e-05	9.00777e-05	7.38887e-06	0.275341	0.162083	0.272615	0.1	0.0111274
-1.3381	-3.75469	2.23374	-2.70463e-05	0.000455866	-5.14994e-06	0.000221808	-3.44763e-08	3.01526e-05	0.275089	0.161637	0.272365	0.1	0.00849764
0.245006	-3.82563	-1.70298	0.000101675	0.000236787	-4.96448e-05	-0.000532022	-0.000175226	-0.000596078	0.275056	0.161582	0.272333	0.1	0.0105482
1.97761	1.70648	-1.95185	3.60066e-05	-3.13655e-05	7.72913e-05	0.00021082	-0.000115837	-1.26829e-05	0.274446	0.160509	0.271729	0.1	0.00580618
-0.719193	0.951984	-1.42914	3.45677e-05	-0.000107001	-1.30808e-05	0.000284085	5.99134e-05	-8.25852e-05	0.274411	0.160446	0.271694	0.1	0.00644009
-1.27756	0.686574	1.70448	6.50477e-05	-7.58501e-05	1.68669e-05	0.000115497	6.84543e-05	-4.07165e-05	0.274202	0.16008	0.271487	0.1	0.0102662
1.41145	-1.95721	-2.12432	-2.96431e-05	0.000280384	4.67987e-05	-0.000305361	2.02434e-05	7.66381e-05	0.274042	0.159801	0.271329	0.1	0.0119219
2.08015	-1.74283	-0.071179	-1.37989e-06	0.000162945	-1.54584e-05	0.000370093	0.000232971	0.000107965	0.273887	0.159529	0.271175	0.1	0.0149284
1.41898	2.94929	1.87294	-4.64613e-05	-0.000346677	-9.55175e-06	-0.000446929	-8.07183e-05	0.00142367	0.273679	0.159166	0.270969	0.1	0.0134506
1.476	-3.52955	-1.09293	-1.66699e-05	0.000440625	2.55716e-05	0.000345482	4.41894e-05	5.56852e-05	0.273477	0.158813	0.270769	0.1	0.0119323
0.663734	1.57058	-2.27874	7.49681e-05	-0.000144119	9.50258e-05	0.000578032	-0.00036629	0.000264263	0.273324	0.158548	0.270618	0.1	0.00743242
-1.84083	3.31276	-2.35319	1.71532e-06	-0.000275837	8.33941e-05	0.000122407	-0.000229331	3.84991e-05	0.272973	0.157937	0.27027	0.1	0.0104437
0.479934	-1.45105	-2.13505	3.75978e-05	4.59571e-05	-2.09448e-05	0.000122727	-8.7291e-05	7.38981e-06	0.272675	0.15742	0.269975	0.1	0.0105753
0.280232	2.85758	-1.62943	-1.66671e-05	-0.000278997	5.81959e-06	2.78479e-05	1.30759e-05	4.79394e-05	0.272585	0.157264	0.269886	0.1	0.00885143
0.677057	0.467857	1.77244	0.00010205	2.96499e-06	-5.69222e-05	-0.00019871	-2.47022e-05	0.00018672	0.27236	0.156875	0.269663	0.1	0.010246
0.580353	2.15418	0.43319	7.52461e-06	-0.000208735	-8.84885e-05	-5.67324e-07	-6.29854e-05	0.000159383	0.272313	0.156795	0.269617	0.1	0.0058676
1.31645	0.225066	-0.976291	-1.42967e-05	-3.22927e-05	-6.6816e-05	1.54483e-05	0.000126688	0.000373049	0.271845	0.155987	0.269153	0.1	0.00644161
1.21013	0.945481	0.113488	-7.30323e-05	-0.000138334	3.50416e-05	-0.000147499	-0.000467545	-0.000360115	0.271451	0.15531	0.268763	0.1	0.0113796
1.84955	3.07474	-2.01872	1.69959e-05	-0.000399994	6.01681e-06	0.000129749	-0.000192437	9.78487e-06	0.271375	0.155179	0.268688	0.1	0.00802144
0.221737	-0.656222	0.913645	-8.7782e-05	0.000162269	2.26866e-05	0.000135777	6.56042e-05	0.000173583	0.270927	0.154413	0.268245	0.1	0.00898026
1.7987	3.68775	0.389142	2.48147e-05	-0.000431596	-5.4793e-05	0.000676029	3.53563e-05	0.000115023	0.2707	0.154024	0.26802	0.1	0.0084652
0.409896	-3.82671	-2.21721	6.88676e-05	0.000170681	-6.12344e-05	0.000397847	0.00031131	0.000272373	0.270558	0.153782	0.267879	0.1	0.0110572
-0.126586	3.06286	0.722858	-2.42975e-05	-0.000400969	-7.31761e-05	-0.000806748	3.13883e-05	0.000337658	0.270297	0.153339	0.267621	0.1	0.00616506
1.43679	1.28238	-0.854679	-4.64837e-05	-0.000233395	2.88745e-05	-9.73435e-05	-4.57312e-05	-5.26918e-06	0.270287	0.153322	0.267611	0.1	0.00775469
-2.37564	-1.82092	-1.61191	-2.67395e-05	0.000253198	-3.33444e-05	-0.00026296	0.000453084	0.000149676	0.270186	0.153149	0.267511	0.1	0.0115613
-0.925034	1.37163	-1.68231	-3.25596e-06	-0.000198811	-5.38239e-05	0.000272967	2.51358e-06	-0.000199664	0.270182	0.153142	0.267507	0.1	0.00820059
-2.19218	1.46686	-0.849127	0.00025264	-0.000127346	8.00809e-05	-0.000123324	0.00012607	0.000772304	0.270017	0.152863	0.267344	0.1	0.00978756
1.4101	-1.05204	-2.38364	-6.85027e-05	0.000240682	0.000105529	-0.000250378	0.000337628	-0.000188513	0.26995	0.152747	0.267277	0.1	0.00834203
1.55596	1.89952	-1.69191	4.51532e-05	-8.97021e-05	5.86404e-05	-1.35177e-05	-7.88358e-06	7.82209e-05	0.269181	0.151447	0.266516	0.1	0.00706078
0.747888	1.66151	0.323794	2.91658e-06	-0.000172714	-6.49056e-05	-0.000188096	0.000539788	7.86727e-05	0.269098	0.151308	0.266434	0.1	0.005529
0.376697	3.27898	-0.600399	-1.84821e-05	-0.00038301	-6.45855e-06	-0.000341185	-0.000337421	0.000246179	0.268805	0.150813	0.266144	0.1	0.00566219
-0.584006	-3.03524	1.13882	-2.82484e-05	0.000352243	-1.69e-05	-0.000210084	-0.000221227	-0.000116942	0.268767	0.150749	0.266106	0.1	0.00976351
0.852333	-1.86251	-2.20147	1.85352e-05	0.000238355	1.38163e-05	2.77975e-05	-0.000896446	0.000710113	0.268522	0.150336	0.265863	0.1	0.00784468
0.67047	1.90527	2.29149	1.42536e-05	-0.000288522	0.000112672	-0.000124541	0.000133973	0.000322818	0.268425	0.150173	0.265767	0.1	0.00675612
1.37909	-2.55787	1.93593	1.56789e-05	0.000325763	-1.63301e-05	-3.74374e-05	-5.58786e-07	0.000275098	0.268352	0.150052	0.265695	0.1	0.0118258
-0.628482	3.79411	0.635671	-7.80082e-05	-0.000397445	-3.69597e-05	-0.000478487	0.000186915	1.64944e-06	0.268323	0.150002	0.265666	0.1	0.00776453
2.34259	-0.70869	0.846698	-3.1015e-05	0.00011472	2.94173e-05	-0.000101357	3.91789e-05	8.88228e-05	0.268231	0.149848	0.265575	0.1	0.00679466
-1.19055	2.24578	-1.6207	-4.74034e-06	-0.000282978	2.16966e-05	-0.000154779	-0.000332689	6.61959e-06	0.26816	0.14973	0.265505	0.1	0.00616029
-2.42511	1.35079	-0.103413	8.73988e-06	-6.51902e-05	1.931e-06	6.99402e-05	0.000373698	-0.0006171	0.268094	0.149619	0.26544	0.1	0.00862288
0.183104	-3.84892	-0.202611	-3.05668e-05	0.000314253	-2.69181e-05	-1.99676e-06	-3.23423e-05	0.000267207	0.267672	0.148914	0.265022	0.1	0.00608608
0.0985965	0.0977399	2.02995	1.50724e-05	1.52492e-05	3.67489e-05	3.88777e-05	0.000359244	0.000483719	0.267644	0.148867	0.264994	0.1	0.00859185
0.109494	0.242758	-1.91983	9.52794e-05	3.84413e-05	-0.000114092	0.00060301	-0.000144702	-0.00042669	0.267399	0.148458	0.264751	0.1	0.00802587
-0.851995	0.614236	-0.924248	6.20064e-05	-7.16411e-05	-5.64012e-05	0.000608027	-0.000432698	0.000180363	0.26738	0.148428	0.264733	0.1	0.00894171
-0.627858	-0.871769	0.518356	-4.65531e-05	3.42096e-05	-9.10711e-05	0.00030656	-4.65134e-05	0.000158657	0.267164	0.148068	0.264519	0.1	0.00725947
1.86759	2.21765	-2.0366	-4.45697e-06	-7.76441e-05	3.62489e-05	-0.000334961	0.000186274	0.000228667	0.266747	0.147375	0.264106	0.1	0.00828884
-2.17876	3.93179	1.10719	6.23352e-05	-0.000338819	-3.39432e-05	-7.20825e-05	-0.000146844	8.46871e-05	0.266696	0.14729	0.264055	0.1	0.00635002
-0.491757	0.220763	-1.27222	3.16963e-05	-4.66457e-05	-2.8344e-05	-0.000199047	-0.000639248	0.000592581	0.266657	0.147227	0.264017	0.1	0.00570268
-0.503833	-2.8199	0.488486	1.67467e-05	0.000310276	-4.52136e-05	-9.57659e-05	7.97036e-05	-8.0212e-05	0.266646	0.147208	0.264006	0.1	0.0145545
-0.855952	1.04409	-2.09305	-1.17689e-06	-5.07391e-05	-7.51963e-05	-0.000138965	0.000272178	-0.000126025	0.266512	0.146986	0.263873	0.1	0.00688093
-0.0154615	2.82184	1.49426	5.97064e-05	-0.000376077	7.91312e-06	1.74609e-05	2.10996e-05	3.14129e-05	0.266395	0.146792	0.263757	0.1	0.00603394
2.48552	-2.57294	-0.443908	5.40454e-05	0.000106455	0.000106604	0.000411415	0.000270469	-0.000475454	0.26634	0.146702	0.263703	0.1	0.0142745
-1.98022	-1.40026	0.327319	-6.67788e-05	3.84398e-05	0.000102215	-5.6328e-05	-9.49587e-05	0.000468245	0.266286	0.146613	0.26365	0.1	0.0105678
-1.5961	3.73888	1.29922	-2.268e-05	-0.000392429	-2.02071e-05	-0.000101319	0.000430015	0.000207312	0.266192	0.146457	0.263556	0.1	0.00736328
-0.925065	-0.669573	-1.45707	0.000167654	0.00012178	-0.000169663	-0.00029447	-0.000226454	-0.000133613	0.266027	0.146186	0.263393	0.1	0.0135221
-2.0603	3.43067	2.17388	1.19349e-05	-0.000288586	6.72623e-05	-0.000247385	-0.000334208	0.000171178	0.265875	0.145936	0.263243	0.1	0.00629367
1.26782	1.61272	0.269804	-8.97505e-06	-9.14742e-05	-0.000107061	-0.00063204	-0.000686461	-0.000289897	0.265741	0.145715	0.26311	0.1	0.00569348
1.29415	-2.8332	-0.980596	6.88564e-06	0.000281845	4.59755e-05	0.000263041	7.97682e-05	7.22546e-05	0.265638	0.145545	0.263008	0.1	0.00832781
-0.283601	0.649554	-1.44957	-2.99851e-05	-0.000148745	-4.90822e-05	-0.000417645	-6.34946e-06	-0.000194043	0.265491	0.145302	0.262862	0.1	0.00592262
1.90934	-0.914648	2.37762	-8.09277e-05	0.000211818	9.1759e-05	-0.000409119	-0.000208331	-0.000217426	0.265259	0.144924	0.262633	0.1	0.0095339
1.30744	2.3339	0.938118	1.99016e-05	-0.000285117	-2.49743e-05	-0.000416053	-0.000103475	-0.000125531	0.264796	0.144165	0.262174	0.1	0.00684873
0.654464	-3.72698	0.0236961	6.37909e-06	0.00047441	-0.00017646	0.000884678	4.55659e-05	0.000642547	0.264249	0.143274	0.261633	0.1	0.00925945
-1.79416	2.06971	2.48996	9.50844e-06	-0.000184239	3.80302e-05	3.20538e-05	-7.651e-06	-6.92412e-05	0.264167	0.14314	0.261551	0.1	0.00961404
-0.360215	-1.46396	1.69168	5.15019e-05	0.00023163	-0.000110485	0.000591754	4.39126e-05	-0.000104105	0.264016	0.142895	0.261402	0.1	0.00690861
0.055234	2.74393	0.342305	7.82687e-05	-0.000274465	-0.000131807	0.00110991	0.000129249	0.000485456	0.263903	0.142711	0.26129	0.1	0.0103672
0.512894	-1.12602	0.511863	1.88368e-05	7.10827e-05	2.11483e-05	-0.000242326	-0.000111494	0.00029588	0.263737	0.142442	0.261126	0.1	0.00726625
1.37976	-3.68021	-1.80453	1.79503e-05	0.000444631	-2.65488e-06	0.000164366	-1.32794e-05	-0.000150801	0.263591	0.142206	0.260981	0.1	0.00857559
-0.0416316	-1.21631	-0.723648	-3.76718e-06	-7.67077e-05	0.000136703	-0.000254244	-0.000772075	-0.000772373	0.263502	0.142062	0.260893	0.1	0.0101222
1.41616	-2.57547	-1.90129	6.69407e-05	0.000333187	4.53843e-05	-0.000640851	0.000257504	0.000289977	0.263392	0.141884	0.260784	0.1	0.00815436
1.31973	-0.820055	1.71929	2.22613e-06	0.000158776	1.60803e-05	-5.15455e-05	-7.23443e-05	-7.26411e-05	0.263362	0.141834	0.260754	0.1	0.00594447
0.811987	-0.0316206	0.932991	1.55585e-05	0.000104911	-1.33669e-05	-0.000133523	-1.04547e-05	-0.000163927	0.263318	0.141765	0.260711	0.1	0.00659225
-1.10392	3.80862	0.862796	-0.000134696	-0.000395579	4.54288e-05	-4.89026e-05	-0.000133004	-0.000191461	0.262863	0.14103	0.26026	0.1	0.00958007
-1.60715	-3.99362	-2.37309	5.73203e-05	0.000406756	-4.26012e-05	0.000252985	-1.43413e-06	0.000349911	0.262474	0.140406	0.259875	0.1	0.00943495
-0.867619	1.66023	0.855401	-0.000160457	-7.1145e-05	0.000111053	-0.000338017	0.000383978	-0.0015206	0.262445	0.140359	0.259847	0.1	0.00947981
2.02069	1.04193	1.23665	-0.000112672	-0.000104558	-1.72285e-05	0.000207408	-0.000585211	8.85334e-06	0.262382	0.140258	0.259784	0.1	0.00751734
0.458552	-2.36185	1.69205	1.77157e-05	0.000233129	-3.68373e-05	0.000538661	-0.000493954	-0.000189685	0.262307	0.140138	0.25971	0.1	0.00805008
2.2964	3.27946	-0.614957	-5.52778e-05	-0.000289396	-9.78153e-05	0.000415057	0.000183752	2.83809e-05	0.261855	0.139414	0.259262	0.1	0.00769879
-0.3091	0.00956063	-1.71672	7.32538e-05	0.000131605	-0.000118757	-0.000167772	0.000413956	-0.000133406	0.261739	0.13923	0.259148	0.1	0.00500194
0.352459	-0.652179	0.403433	1.2336e-05	3.89971e-06	4.69056e-05	7.19993e-05	0.000334501	-0.000311808	0.261522	0.138883	0.258933	0.1	0.00537483
0.392181	-2.62562	-1.60879	-1.33715e-05	0.000256242	3.90132e-05	-6.47789e-05	7.21717e-05	-9.81444e-05	0.261188	0.138352	0.258602	0.1	0.00979887
-0.140455	3.52042	0.471374	-0.00011067	-0.000490872	-0.000166198	0.000354518	-0.000370121	0.000185197	0.260995	0.138045	0.258411	0.1	0.00641353
1.63843	-1.2189	1.7088	-2.61637e-05	0.000213096	6.01993e-05	5.90892e-05	-0.000101981	5.64623e-05	0.26082	0.137768	0.258238	0.1	0.00716094
0.0318559	-0.364846	-1.80762	7.35731e-05	0.000127135	-5.12186e-05	-0.000291635	-0.00029824	0.000206394	0.260716	0.137603	0.258135	0.1	0.00793797
2.10038	-0.601165	1.29784	1.12965e-06	0.000205569	1.14361e-05	-0.000445545	0.000143408	0.000219629	0.260608	0.137432	0.258028	0.1	0.00869863
1.56676	0.458481	0.556605	1.16662e-06	-9.99967e-06	-2.52004e-05	-2.12999e-05	5.47406e-05	0.0001518	0.260419	0.137134	0.257841	0.1	0.0105663
-0.147	2.62943	-1.33349	-4.37425e-05	-0.000287188	-1.8446e-05	-0.000137073	-0.000105932	-5.12486e-05	0.25964	0.135906	0.257069	0.1	0.00893468
2.43599	-1.65315	-0.449211	-2.03845e-05	0.000188354	6.28807e-06	-0.000758861	-0.000409409	0.000441001	0.259308	0.135386	0.256741	0.1	0.0110648
0.778868	-2.76642	-0.8893	-2.28342e-05	0.000288432	3.13872e-05	8.47591e-05	-0.000137147	-0.000219466	0.259076	0.135023	0.256511	0.1	0.00408593
1.30381	1.98862	-0.082245	1.51995e-05	-0.000204939	-0.000181099	0.000298638	0.00098868	4.40879e-05	0.25907	0.135014	0.256505	0.1	0.00658018
-1.13248	-0.578786	1.33206	-1.87586e-05	-1.43025e-05	-8.19259e-06	-0.000249737	-7.696e-05	0.000302428	0.258949	0.134824	0.256385	0.1	0.00833022
2.34503	1.44611	2.01686	-5.48739e-05	-0.000147949	0.0001099	-0.00012594	-0.000165026	-7.94429e-05	0.258858	0.134682	0.256295	0.1	0.0153446
-0.283393	2.80486	-2.13641	1.81781e-05	-0.000317018	-1.59736e-05	0.00015575	-6.99985e-05	0.00017783	0.258625	0.134319	0.256064	0.1	0.00963699
0.357676	3.94577	2.30801	4.72208e-06	-0.000442347	-0.000145602	0.000472126	0.000167793	0.000207871	0.25855	0.134202	0.25599	0.1	0.00802777
0.215188	-1.7089	-0.41074	7.18022e-06	0.00014655	3.64462e-05	-0.000207508	-0.000280019	0.000308491	0.258498	0.134122	0.255939	0.1	0.00604968
-1.12048	3.63392	-1.01102	-1.17722e-05	-0.000311946	-2.10027e-05	9.73995e-05	6.13532e-05	-0.000118212	0.258358	0.133903	0.2558	0.1	0.00689898
-1.70837	-3.43639	0.526583	1.33493e-06	0.000411091	1.40594e-06	0.000455457	0.000268887	-0.000162812	0.258082	0.133476	0.255527	0.1	0.0110176
-0.851317	-3.69994	-0.147484	-6.69433e-05	0.000433965	4.2863e-05	0.000195652	-7.90196e-05	0.000118241	0.257965	0.133294	0.255411	0.1	0.00736753
-1.50019	-1.77827	-2.46351	5.91242e-05	0.000254102	-6.90021e-05	3.76945e-05	-3.83488e-05	-8.38896e-06	0.25795	0.133271	0.255396	0.1	0.00540614
1.15892	-0.608332	-0.606779	-7.86843e-07	-4.06006e-07	3.83628e-07	3.18846e-24	-1.01129e-24	-2.497e-24	0.257891	0.13318	0.255338	0.1	0.00719865
-0.0773738	2.35864	0.709568	-1.10481e-05	-0.000204242	-3.10328e-05	0.000221236	8.38173e-05	7.87249e-06	0.25788	0.133161	0.255327	0.1	0.00836576
-0.395493	-1.80965	1.30721	5.22551e-06	0.000283755	4.17848e-05	-6.05917e-05	-9.14178e-05	3.84668e-05	0.257497	0.13257	0.254948	0.1	0.00603097
-1.83385	3.39414	1.65768	-5.21161e-05	-0.000400248	1.65049e-05	0.000207275	-0.0004941	-0.000437453	0.257171	0.132066	0.254625	0.1	0.00473469
1.71847	2.36043	-0.256915	0.000105551	-8.79939e-05	-2.54528e-05	3.09444e-05	-2.20051e-05	-0.000580386	0.257045	0.131872	0.2545	0.1	0.0107745
0.572589	0.574724	0.289812	2.76056e-05	-0.000163296	-8.24991e-05	0.000446394	0.000105284	-3.55346e-05	0.257002	0.131805	0.254457	0.1	0.012477
0.0251488	-2.79295	1.7437	-8.91781e-06	0.000214152	-5.07229e-05	-0.000282617	-0.000243159	-1.30443e-05	0.2563	0.130728	0.253762	0.1	0.0069004
1.96474	1.17813	-0.901301	7.71886e-05	-0.000264506	-0.000111253	-0.000515292	-0.00104087	4.31495e-05	0.256161	0.130517	0.253625	0.1	0.00733663
1.52881	3.01628	-2.42659	-1.1774e-05	-1.90005e-05	-2.3424e-05	0.000104059	2.3338e-05	-8.34361e-05	0.256037	0.130326	0.253502	0.1	0.00915428
0.346145	-0.516832	2.30082	-7.15639e-05	0.000115673	-3.12267e-05	0.0001423	0.000325926	-0.000320528	0.255995	0.130262	0.25346	0.1	0.0063195
1.0626	2.44041	-0.490977	-6.47908e-05	-0.000378174	5.22436e-05	0.000207479	4.85602e-05	0.000195434	0.25592	0.130148	0.253386	0.1	0.0090354
-2.14031	-0.560619	-1.25023	2.82412e-05	1.11173e-05	1.60935e-05	8.64316e-05	-7.8999e-05	-0.000100007	0.255837	0.130021	0.253304	0.1	0.0135446
0.360939	1.20503	1.08472	2.95781e-05	-0.000213893	-5.57732e-05	-0.000463073	0.000413597	-0.00034813	0.255747	0.129885	0.253215	0.1	0.00778535
-0.0152932	1.30046	1.90139	7.56242e-05	-0.000110067	1.34279e-05	-0.000434078	-5.26113e-05	0.000385583	0.255291	0.129191	0.252763	0.1	0.00674221
0.430634	-3.3967	-0.935376	-1.58363e-05	0.000392951	2.08106e-05	-0.000329415	-2.53307e-05	-0.000255317	0.255224	0.129089	0.252697	0.1	0.00420575
-1.10576	1.4787	-2.15123	1.78292e-05	-0.000119618	-1.74473e-05	7.8379e-05	-7.77673e-05	1.47978e-05	0.255101	0.128903	0.252575	0.1	0.00624727
-1.0305	1.12503	1.56494	-1.66772e-05	-5.16716e-05	-4.62663e-05	-0.00022575	0.000271811	0.000311014	0.254823	0.128482	0.2523	0.1	0.0148615
1.59071	-2.78407	-2.33346	1.22614e-05	0.000325914	5.08012e-05	0.000352328	0.000111143	0.000168289	0.254506	0.128002	0.251986	0.1	0.00742461
-0.2998	1.20209	-0.373885	9.67801e-05	-0.000141305	6.91586e-06	1.53831e-05	1.74884e-05	0.000255425	0.254402	0.127845	0.251883	0.1	0.0123071
1.65929	-3.52115	-2.20256	1.80376e-05	0.000473872	2.49501e-05	-0.000261701	2.21752e-05	0.00012333	0.254272	0.127649	0.251754	0.1	0.00602699
-0.956498	-1.09611	1.61292	-8.60493e-05	0.000213297	-2.13105e-05	0.000234443	0.000474954	0.000303908	0.254252	0.127621	0.251735	0.1	0.00733132
-1.70116	0.66811	-0.182499	1.88357e-05	-9.72392e-05	-5.99649e-05	-6.94527e-05	-7.90223e-05	-0.000188663	0.254212	0.12756	0.251695	0.1	0.00961292
1.03932	-2.23197	-1.892	2.34485e-05	0.000252102	2.9464e-05	0.00035615	2.85512e-05	5.03895e-05	0.254199	0.127539	0.251682	0.1	0.00646709
1.20916	1.6182	0.883025	-6.5087e-05	-0.000122618	8.53336e-05	6.76248e-05	-0.000179798	0.000367637	0.254057	0.127328	0.251542	0.1	0.00594377
1.33251	3.35392	-1.95965	-0.00011256	-0.000279	1.4493e-05	1.93276e-05	1.60121e-05	-0.000138845	0.253567	0.126591	0.251056	0.1	0.00905249
-1.37185	-0.858395	-0.128552	-1.63242e-06	6.09745e-05	-5.61942e-05	-3.34543e-05	-0.000123619	6.64193e-05	0.253456	0.126426	0.250947	0.1	0.0060684
1.04629	1.31873	1.32057	8.05739e-05	-0.000120985	1.26036e-05	-0.000249885	-0.000618234	-7.82693e-05	0.253434	0.126392	0.250925	0.1	0.0062453
-2.38803	2.77397	-2.01553	1.56338e-05	-0.000227668	9.00975e-05	-0.00010023	-0.000271218	-6.10141e-05	0.253312	0.12621	0.250804	0.1	0.0114962
1.23656	-0.5735	-2.47873	-1.33259e-05	0.000242079	9.01026e-06	-0.000132009	-0.000398687	-2.3281e-05	0.253184	0.126018	0.250677	0.1	0.00894243
0.858022	0.961075	1.6058	0.000117799	-3.37032e-05	3.59107e-05	1.61536e-05	0.000385535	0.000446122	0.253182	0.126015	0.250675	0.1	0.00512044
-0.606563	2.40567	1.06584	8.22576e-06	-0.000235946	1.32393e-05	8.34454e-05	-4.72205e-05	-2.50275e-05	0.253176	0.126006	0.250669	0.1	0.00729598
1.87015	-0.874412	0.724224	-3.6829e-05	0.000170534	5.10451e-05	6.84552e-05	-1.2508e-05	0.000233117	0.253012	0.125762	0.250507	0.1	0.00734687
-2.14629	1.32048	-2.31259	5.1473e-06	4.76319e-06	2.75931e-05	9.46036e-05	6.59137e-06	0.000450406	0.252518	0.125027	0.250018	0.1	0.00695065
0.403911	0.208807	-0.909681	-5.46067e-05	-8.19485e-05	-5.86481e-05	0.000297443	3.83433e-05	-0.00030365	0.252479	0.124968	0.249979	0.1	0.00884888
2.26157	2.9591	-2.31098	8.98711e-05	-0.000306526	5.7187e-05	-0.00019878	-4.47037e-05	8.69752e-05	0.25247	0.124955	0.24997	0.1	0.00628604
1.25269	-1.12477	-1.10698	1.72322e-05	7.81306e-05	8.17568e-05	-0.00018214	-6.96456e-05	-1.3532e-05	0.252451	0.124927	0.249951	0.1	0.0105056
1.03826	-1.38428	-2.24776	-0.000129502	0.000306585	0.00010777	-0.00034454	-0.000890428	5.61311e-05	0.252394	0.124843	0.249895	0.1	0.0143908
-1.72533	-2.7335	-1.52877	1.79924e-05	0.000252947	4.14687e-05	0.000443915	-0.000294455	0.000270313	0.251969	0.124213	0.249474	0.1	0.00869081
0.74373	-3.77122	-1.05456	5.45768e-06	0.000409333	4.41735e-05	-0.000103591	2.82182e-05	-0.000343248	0.251672	0.123775	0.24918	0.1	0.00661396
0.307167	-1.65805	2.10399	4.35847e-05	0.000195287	1.15423e-05	-8.83981e-05	6.21197e-05	1.03327e-05	0.251598	0.123666	0.249107	0.1	0.00966132
-1.371	-1.61351	1.62121	1.37644e-05	0.000300622	-2.91381e-05	-9.20973e-05	-9.91712e-05	0.000207243	0.251461	0.123464	0.248971	0.1	0.00626489
0.151632	-2.8605	2.22901	1.65263e-05	0.00015724	-0.000105538	9.53133e-07	-5.56017e-05	-0.000638216	0.251337	0.123281	0.248849	0.1	0.0096914
-1.99152	-1.16424	0.845859	-2.80513e-05	0.000117582	2.30815e-05	-5.90533e-05	4.25894e-05	-9.68088e-05	0.251292	0.123215	0.248804	0.1	0.00740038
1.99301	-3.88812	-2.15964	-1.48734e-06	0.00045647	-3.38218e-05	-0.00026402	-0.000170031	-3.10887e-05	0.251252	0.123155	0.248764	0.1	0.00679832
0.318009	-0.999775	-1.05591	-3.88329e-05	-3.13359e-05	-6.99482e-05	6.80249e-05	5.84854e-05	0.00013555	0.251159	0.123019	0.248672	0.1	0.0106776
0.444204	-3.79195	-0.635316	-2.7952e-05	0.000418852	1.66989e-05	0.000229546	-8.1159e-05	0.000224028	0.250885	0.122618	0.248401	0.1	0.0054356
-1.07048	-1.02012	-2.3622	8.10644e-05	0.000125409	-0.00011351	5.6357e-06	-7.97728e-05	0.000167542	0.250767	0.122444	0.248284	0.1	0.0104641
1.98646	-3.02406	-2.15252	1.87072e-05	0.000347839	-9.37176e-06	-0.00019525	-4.05886e-06	2.47037e-05	0.250701	0.122347	0.248219	0.1	0.006766
0.899996	-1.46965	-1.05103	-2.03108e-05	0.000138486	5.97703e-05	0.000178844	-0.000169159	-0.000281975	0.250676	0.122311	0.248194	0.1	0.0104099
1.76954	3.58291	-2.06373	-2.59618e-05	-0.000403452	-2.25059e-05	-0.000177793	-0.000393118	0.000190182	0.250667	0.122297	0.248185	0.1	0.00571346
0.212316	-3.82108	-1.07617	-6.01878e-05	0.000432806	2.29371e-05	0.000190918	-0.000438685	-6.74389e-05	0.250642	0.12226	0.24816	0.1	0.0051941
-1.45682	-0.719312	-2.39655	4.71076e-05	5.49126e-05	-9.23324e-05	0.000342166	-7.57896e-05	0.000130013	0.250299	0.12176	0.247821	0.1	0.00816442
0.572188	-1.35741	-0.360224	5.53306e-05	0.000108759	-4.11356e-05	-0.000202501	0.000335867	-0.000583122	0.25018	0.121585	0.247703	0.1	0.00944974
-0.28297	-2.67349	2.37936	6.87229e-05	0.000245196	-5.76716e-05	0.000411555	9.61011e-05	0.000124539	0.250152	0.121546	0.247675	0.1	0.00694387
-2.48317	-3.10526	-1.95306	2.96014e-05	0.000342363	1.70709e-05	-0.000262868	5.16938e-05	2.93723e-05	0.250067	0.121421	0.247591	0.1	0.00605921
-0.0358896	1.62785	2.29462	2.66415e-05	-5.01441e-05	-1.13107e-05	4.60943e-05	-4.10929e-05	0.00019721	0.250057	0.121407	0.247581	0.1	0.00833742
-2.19395	1.00353	-1.07309	7.73273e-05	-7.25309e-05	-2.58934e-05	8.87422e-05	2.45158e-05	-0.00016368	0.249982	0.121297	0.247507	0.1	0.00542491
-1.70233	-0.242901	-1.2338	4.20356e-05	-2.59045e-06	-8.05371e-05	0.000206592	-9.3857e-05	0.000161257	0.249805	0.121041	0.247332	0.1	0.0105745
-1.307	0.899361	-2.26178	2.29867e-05	-0.000105949	3.93756e-06	-0.000125466	-0.000175872	0.000196653	0.249501	0.120599	0.247031	0.1	0.00912493
1.20128	-3.76991	0.0948389	0.000104579	0.000428536	-1.96003e-05	0.000521417	-0.000325401	-0.000396555	0.249491	0.120585	0.247021	0.1	0.00871636
0.95104	2.02114	0.761193	-6.81057e-05	-0.000172489	-9.27441e-06	-0.000214208	-0.000327229	-0.000184545	0.249466	0.120547	0.246996	0.1	0.00679494
0.0288699	0.254233	-1.37357	1.96541e-05	-9.56685e-05	2.09849e-05	1.28586e-05	0.000107476	0.000440732	0.249265	0.120257	0.246797	0.1	0.00704735
0.733568	-1.08442	-1.30946	-7.24187e-08	6.89901e-05	-1.57532e-05	-0.000439268	-0.000234646	0.000514666	0.24919	0.120149	0.246723	0.1	0.0119484
0.618607	-0.613702	-0.963012	-7.13515e-07	-5.61164e-07	4.5081e-07	-9.90745e-25	-2.97358e-24	-7.9782e-24	0.249006	0.119884	0.246541	0.1	0.0142937
-1.42604	2.32268	-0.963034	3.46391e-05	-0.000210009	2.52628e-05	-0.000247845	3.40617e-05	0.000334255	0.248917	0.119754	0.246452	0.1	0.0105465
2.20298	0.642491	1.9439	8.78277e-05	1.03084e-05	-8.55204e-05	1.88559e-05	7.1116e-06	6.23971e-05	0.24891	0.119744	0.246446	0.1	0.010169
1.83593	0.0870283	1.37628	-4.68999e-06	6.85101e-05	-1.41467e-05	6.23533e-05	0.000211417	5.41798e-05	0.248903	0.119734	0.246439	0.1	0.00736509
-1.25893	-0.067429	-2.43236	3.4204e-05	-3.81139e-05	-7.28737e-05	5.23593e-05	0.000112381	0.000396178	0.248902	0.119733	0.246438	0.1	0.00739449
-1.58363	2.96128	1.67867	4.00492e-05	-0.000339865	7.07632e-05	-5.6208e-05	-0.000186707	0.00092206	0.248378	0.118978	0.245919	0.1	0.0078408
1.51127	1.1482	1.31287	0.000107977	-2.96326e-05	-1.20803e-06	7.11596e-05	-5.84286e-05	0.000123232	0.248178	0.11869	0.245721	0.1	0.00542706
-0.330579	0.465571	-2.02456	2.23703e-05	-0.000193854	-0.000143815	5.22213e-05	0.000118497	-6.90948e-05	0.24787	0.118249	0.245416	0.1	0.006781
-1.28955	-0.234255	2.11022	1.40746e-05	6.43454e-05	-5.46223e-05	0.00019051	0.000150329	-0.000352793	0.247827	0.118187	0.245373	0.1	0.00692783
-1.6137	-1.26195	1.39377	-9.21821e-06	0.000179278	-5.88932e-05	-9.48419e-05	0.000227353	6.53386e-05	0.247767	0.118102	0.245314	0.1	0.00768179
-1.68453	-3.50099	1.25805	9.34347e-06	0.000398562	-2.73659e-05	4.85227e-05	-0.000336262	0.000197512	0.247735	0.118056	0.245282	0.1	0.00863825
1.03879	-3.44936	1.15377	-1.53664e-07	-3.87062e-08	1.27519e-07	1.42257e-25	-2.33658e-24	2.34308e-24	0.247707	0.118015	0.245254	0.1	0.00940166
-0.047563	3.75471	0.974205	-2.39216e-05	-0.000354659	-7.52605e-05	0.000120881	0.000129161	-0.000190556	0.247608	0.117873	0.245156	0.1	0.00806436
-1.67926	3.28684	0.973408	4.66428e-05	-0.00041579	5.39785e-05	-5.54155e-05	0.000126087	-0.000107258	0.247575	0.117828	0.245124	0.1	0.00742757
1.47447	0.771772	-0.871932	-2.4322e-06	-0.000228507	1.16568e-05	0.000187371	-8.07342e-06	0.000188784	0.247232	0.117337	0.244784	0.1	0.00898448
0.117686	-3.41228	-1.32224	-5.53865e-05	0.00039678	2.73065e-05	-0.000238181	2.91918e-05	0.000327315	0.247018	0.117033	0.244572	0.1	0.0076177
0.240822	2.07472	-1.35352	-4.76294e-05	-0.000266766	3.0929e-05	-0.000133711	-0.000187469	-4.67527e-05	0.246945	0.11693	0.2445	0.1	0.00722747
-1.92044	3.32559	-1.14928	-2.52582e-05	-0.000319671	2.29192e-05	-0.000263279	5.0399e-06	0.000109478	0.246862	0.116812	0.244418	0.1	0.00982576
-0.16764	0.507204	2.25472	2.39275e-05	-6.37603e-05	-5.87449e-05	-0.000274103	-0.000219744	8.8459e-05	0.24683	0.116767	0.244386	0.1	0.00782686
-0.791908	-1.51977	1.43614	1.34776e-05	0.000306806	-5.1867e-05	-0.000216716	-0.000134695	0.000219476	0.246791	0.116712	0.244348	0.1	0.00647817
0.241986	3.405	0.809679	-5.08449e-05	-0.000361346	-7.66681e-06	-0.000426254	-4.29075e-05	0.000263961	0.246746	0.116648	0.244303	0.1	0.00562848
-0.272753	3.97985	0.32784	-9.58706e-05	-0.000489983	-7.48264e-05	0.000104507	-6.9015e-05	-8.6244e-05	0.246741	0.11664	0.244298	0.1	0.00708316
-0.149377	1.42073	-0.802746	-5.14906e-05	-0.000249272	8.16255e-07	0.000500115	0.000111488	0.000324214	0.246625	0.116476	0.244183	0.1	0.00641402
1.33811	3.65338	0.822863	1.89519e-05	-0.000499578	8.78911e-05	3.56296e-05	8.00635e-05	4.9995e-05	0.246618	0.116465	0.244176	0.1	0.00893828
-0.349966	0.321321	0.146262	2.6901e-05	-6.61525e-05	5.20312e-05	-0.000175873	-8.37358e-05	0.000527552	0.246595	0.116433	0.244153	0.1	0.00616746
1.74098	2.73579	-0.583803	0.000147962	-0.000142803	-8.57934e-05	-0.000129599	-9.30815e-05	0.00098703	0.246366	0.11611	0.243927	0.1	0.0100958
-0.834409	-1.3891	-0.02942	-1.59491e-07	-3.16336e-08	1.85288e-07	-7.58237e-09	-2.55523e-08	2.55723e-09	0.246308	0.116027	0.243869	0.1	0.0097902
0.061194	1.11393	0.0988723	-3.67074e-05	-0.000189178	2.15034e-06	5.7455e-05	5.17778e-05	5.37984e-05	0.246304	0.116021	0.243865	0.1	0.0128116
-1.22634	-1.04414	1.20506	1.18292e-05	4.56574e-05	-8.78853e-05	0.000465339	-0.000202572	-0.00029553	0.24629	0.116001	0.243851	0.1	0.00609814
-1.08048	2.00656	1.21768	1.47786e-05	-0.000216008	7.15268e-05	-0.000179688	0.000178592	-0.000221555	0.246171	0.115834	0.243734	0.1	0.00786489
0.633066	3.74651	-0.597959	-2.25098e-05	-0.000379896	2.6433e-05	-0.000280523	0.000158162	-0.000174617	0.246104	0.115739	0.243667	0.1	0.00474487
0.678472	-3.27698	0.856372	-6.41381e-06	0.000366396	-4.55806e-06	0.000226832	-4.53191e-06	-1.7709e-05	0.245924	0.115485	0.243489	0.1	0.00969929
-2.29354	0.854916	2.30885	7.83337e-05	7.31934e-05	0.000109192	-0.000114017	-0.000224763	-7.74107e-06	0.245818	0.115336	0.243384	0.1	0.00940327
1.35	0.602216	-1.32025	-2.37255e-05	-1.35133e-05	-1.5301e-05	0.000216497	-0.000246987	-0.000321131	0.24563	0.115072	0.243198	0.1	0.0102491
-0.613025	0.44188	-2.41821	2.00291e-05	-6.5393e-05	-0.000125247	0.000397535	-9.69154e-05	-0.000122084	0.245492	0.114877	0.243061	0.1	0.00934847
2.17034	2.40387	1.43796	8.17954e-06	-3.19373e-05	4.86585e-05	-0.000269666	-4.25574e-05	1.85899e-05	0.245444	0.114812	0.243014	0.1	0.010822
2.48121	-3.15385	0.330667	-1.48414e-05	0.000297747	-1.35922e-05	5.37611e-05	5.35287e-05	3.24404e-05	0.245374	0.114714	0.242945	0.1	0.0106949
-0.709044	-0.234625	-1.54889	0.000136968	8.50242e-05	-0.000111951	3.86698e-05	-0.000447149	0.000463835	0.245244	0.114531	0.242816	0.1	0.00522063
0.760736	-3.4781	2.24733	8.48444e-05	0.000334546	8.41664e-05	0.000281422	0.000227033	-1.69539e-05	0.245189	0.114453	0.242761	0.1	0.00654535
1.44484	3.32949	0.425305	1.76908e-05	-0.000359353	-3.94876e-05	-0.000310213	0.000419698	-0.000290925	0.244966	0.114142	0.242541	0.1	0.0118073
-0.405797	0.831126	-0.957822	8.52377e-06	-0.000109987	4.41703e-05	-0.000412628	0.000188717	-0.000142598	0.244953	0.114123	0.242528	0.1	0.00526805
-1.97143	-0.981076	0.0439853	-3.7325e-05	-4.06623e-05	-1.03423e-05	7.87179e-06	3.93179e-06	-0.000259296	0.244934	0.114096	0.242509	0.1	0.00838129
0.216234	-1.00202	1.6333	6.35222e-05	0.000132505	-5.12881e-05	-0.000132359	0.000158014	0.000339429	0.244844	0.113972	0.24242	0.1	0.00676895
-0.727472	-2.71668	-1.9857	-2.60824e-05	0.000268419	2.7026e-05	-0.000179125	0.000394541	-0.000260326	0.244741	0.113827	0.242318	0.1	0.0110769
-0.208051	2.68831	1.05255	2.44426e-05	-0.00028843	3.68324e-05	0.000234257	9.90169e-05	-0.000160389	0.244734	0.113818	0.242311	0.1	0.00600387
2.46343	-2.10058	1.15375	8.69151e-05	0.000214573	5.46656e-05	0.000259339	-4.08741e-05	-0.0002298	0.244542	0.11355	0.242121	0.1	0.00968637
0.141574	-1.47967	1.6786	3.92927e-05	0.000210409	3.82789e-05	0.0001015	5.68523e-05	-0.000170968	0.244486	0.113471	0.242065	0.1	0.00639423
0.872511	-2.48658	-1.28644	3.04023e-06	0.000281656	5.75473e-05	-5.41076e-05	0.000144026	5.9824e-05	0.244454	0.113428	0.242034	0.1	0.00686338
0.688285	2.68022	-0.249285	-4.27708e-05	-0.000287643	3.52101e-05	0.000551284	0.000357686	-0.000289361	0.2444	0.113351	0.24198	0.1	0.00623326
1.23564	2.71739	2.29055	-3.49378e-05	-0.000251006	5.09375e-05	-0.000759604	-0.000818473	0.000163777	0.244162	0.113022	0.241745	0.1	0.0110017
-2.3488	-0.978503	0.346663	-2.38416e-05	6.72946e-05	3.48777e-06	-4.04265e-05	7.05768e-05	-0.000266418	0.24414	0.112991	0.241723	0.1	0.00745566
-0.0976605	-3.8937	-2.149	-1.8379e-05	0.000380646	-4.2858e-05	3.59316e-05	-9.45564e-05	-6.16614e-05	0.244103	0.112939	0.241686	0.1	0.00825799
0.343176	-2.93138	-1.06123	-1.66868e-05	0.000356151	-7.45654e-06	0.000176499	0.000168386	0.000272931	0.244062	0.112883	0.241646	0.1	0.00670695
-0.333841	1.20794	-1.24069	1.28349e-05	-0.000215396	-2.60312e-05	2.9417e-05	0.00012989	-2.83911e-05	0.243921	0.112687	0.241506	0.1	0.00393272
-1.39049	3.01395	0.0303317	-3.57847e-05	-0.000293701	-2.26682e-05	-0.000206113	2.93309e-05	-3.48725e-05	0.243692	0.112369	0.241279	0.1	0.00807224
0.915525	1.63869	1.93723	4.39584e-05	-0.000202244	6.69671e-05	0.000180193	0.000182274	0.000315475	0.24367	0.112339	0.241257	0.1	0.00917048
-1.41153	-1.26917	-0.385581	6.71629e-05	8.66081e-05	-7.17135e-05	7.48328e-05	-9.73892e-05	3.63918e-05	0.243648	0.11231	0.241236	0.1	0.00963999
-2.05017	2.15099	-0.941458	2.70334e-05	-0.000234875	0.000126931	-4.5118e-05	-7.65577e-05	0.000142657	0.243387	0.111948	0.240977	0.1	0.0070146
-2.29815	0.975329	-0.590531	-6.89988e-07	-2.96411e-07	3.74377e-07	1.97257e-25	2.16162e-24	-8.3463e-24	0.243111	0.111568	0.240704	0.1	0.00834958
-2.35202	-2.56725	1.2009	1.84646e-05	0.000430919	5.18232e-06	-0.000414665	0.000155824	-0.000227096	0.242966	0.111368	0.24056	0.1	0.00890385
0.752908	1.47197	0.788792	-1.15838e-05	-0.000103772	-7.71886e-05	1.04769e-05	-0.000422996	-0.000493216	0.242842	0.111198	0.240438	0.1	0.00441493
-1.64275	3.92132	-1.06049	1.0227e-05	-0.000347566	3.04967e-05	0.000174008	-2.31185e-05	0.000519483	0.242774	0.111104	0.24037	0.1	0.00929513
1.53779	-0.681412	-2.06209	0.000208236	8.81836e-05	0.000174404	0.000772669	-6.70924e-05	-0.0010797	0.242496	0.110724	0.240095	0.1	0.0120431
1.77415	-1.2174	1.2121	-3.76289e-05	0.000253696	9.55906e-06	-0.000205748	-0.00011938	0.000127705	0.242131	0.110225	0.239734	0.1	0.00798204
1.11964	-0.41215	2.06238	6.82846e-05	0.000193892	-3.31124e-05	-2.01113e-05	-2.53164e-05	-0.00019857	0.241931	0.109952	0.239536	0.1	0.00889639
-0.907268	-3.9167	-0.91557	-2.52744e-05	0.000505847	-1.55978e-05	1.39631e-05	0.000112344	0.000216993	0.24193	0.10995	0.239535	0.1	0.00735727
-2.1596	0.832826	-0.0794902	-3.40653e-06	-4.04634e-06	-6.46196e-08	-1.41522e-24	-1.02044e-24	4.10453e-23	0.241739	0.109691	0.239346	0.1	0.0116772
-1.21484	-0.725624	-1.86402	-5.28184e-06	6.891e-07	-2.99111e-05	-4.2743e-05	0.000137804	1.09341e-05	0.241738	0.109688	0.239345	0.1	0.0135808
-1.87219	-3.73568	0.878362	7.99111e-05	0.000375825	-5.27684e-05	0.000303641	0.000742106	-0.000710754	0.241731	0.109679	0.239338	0.1	0.00869348
-1.1111	-1.81307	-0.0878598	-2.30288e-07	5.44804e-08	-1.3451e-06	-1.82045e-24	2.0378e-24	4.52521e-24	0.241723	0.109668	0.23933	0.1	0.00873145
-1.56318	-2.69984	-0.574736	-9.86701e-05	0.000375562	4.00175e-05	-0.000115296	0.000239097	-0.000128053	0.241715	0.109657	0.239322	0.1	0.0079294
-1.39719	3.28253	1.36683	3.50753e-05	-0.00035559	4.78396e-05	-0.000315578	-0.000138966	1.73436e-05	0.241502	0.109368	0.239111	0.1	0.0061826
-1.24414	-2.20291	0.719227	-2.34514e-05	0.000140229	9.01567e-05	0.000789628	7.01068e-05	7.56084e-05	0.241393	0.109219	0.239003	0.1	0.00627833
-1.90916	-2.97287	-0.789563	-1.36821e-05	0.000376113	4.02812e-05	9.46623e-05	0.000219047	-3.77059e-05	0.241283	0.10907	0.238894	0.1	0.00776328
2.34711	1.13434	-1.61361	3.65056e-05	-9.67148e-05	3.51889e-05	0.000222755	0.000111119	0.000306449	0.241125	0.108856	0.238738	0.1	0.00621385
0.839395	2.12878	0.00604885	1.57445e-05	-0.000253222	-4.48695e-05	4.58906e-06	-6.38835e-05	-0.000695665	0.241121	0.108851	0.238734	0.1	0.00537465
2.40901	2.95891	1.88982	2.9597e-05	-0.000323128	-1.10395e-05	0.000365324	-9.68257e-05	0.000196696	0.241078	0.108793	0.238691	0.1	0.00627491
1.08824	1.24621	-2.049	3.61734e-05	-0.00011658	3.8765e-05	-0.000211899	-0.000216175	-0.000315929	0.241066	0.108776	0.238679	0.1	0.00640364
-2.2197	2.16275	0.945327	-2.03038e-05	-0.000203587	9.86586e-05	-6.73326e-06	8.61157e-05	7.95398e-05	0.241027	0.108724	0.238641	0.1	0.00849297
-2.36118	1.42134	-1.88638	1.55959e-05	-8.03308e-05	3.19141e-05	0.000277651	0.000223363	-4.92963e-05	0.24097	0.108646	0.238584	0.1	0.0038525
2.03374	1.31312	1.65603	7.65788e-05	-4.33847e-05	-4.1584e-05	-5.12131e-05	0.000354003	-4.91818e-05	0.240966	0.108641	0.23858	0.1	0.00800319
1.20866	-0.166753	-1.98168	0.000128629	-1.52821e-05	9.55632e-06	-0.000269295	0.000394412	-1.8531e-05	0.24074	0.108335	0.238356	0.1	0.00566308
0.555697	2.63372	0.209245	6.8591e-05	-0.000351313	-1.25842e-05	0.000186942	-3.22267e-05	-0.000412785	0.240483	0.107989	0.238102	0.1	0.00401179
-2.0492	3.46902	1.22463	8.10529e-05	-0.000286897	-1.78477e-05	1.39553e-05	9.11542e-06	-2.76874e-06	0.240458	0.107956	0.238077	0.1	0.00634399
-2.49854	-0.437787	2.04106	5.86543e-05	0.000242946	7.43127e-05	0.000195953	-0.000115806	0.000267157	0.240401	0.107879	0.238021	0.1	0.00766566
0.481732	0.301586	1.19028	0.000181734	0.000130995	-0.000114064	-4.43011e-05	5.11172e-05	-0.000179528	0.240234	0.107654	0.237855	0.1	0.00634258
-1.84516	1.94339	-0.562274	2.30531e-06	-0.000339599	8.28206e-05	2.28466e-06	0.000224789	-5.19632e-05	0.240234	0.107654	0.237855	0.1	0.0105537
2.17717	1.74855	-0.660514	0.00013827	-0.000278486	-0.00020076	0.000830214	0.000122117	0.000145069	0.240084	0.107453	0.237707	0.1	0.00814024
0.440975	1.19468	1.57193	0.000109232	-0.00018153	-3.39357e-05	-0.000818874	-0.000275501	-2.44389e-05	0.239985	0.107319	0.237609	0.1	0.00566831
0.263529	0.686232	0.905355	0.000115172	2.90523e-06	-2.96613e-05	0.000543334	0.000469158	-0.00026842	0.239931	0.107246	0.237555	0.1	0.00583901
2.04163	2.87358	1.50518	2.99365e-05	-2.66202e-05	1.9466e-05	-0.000105832	1.03124e-05	0.000183275	0.239786	0.107053	0.237412	0.1	0.00915537
-0.84407	-0.883199	0.967945	2.69549e-05	-1.27173e-05	-7.19866e-05	-7.30762e-05	0.000336751	-0.000231108	0.239696	0.106933	0.237323	0.1	0.00552755
0.240244	-1.585	-0.902717	9.93302e-05	6.16231e-05	7.65119e-05	8.18243e-05	0.00165538	0.00185444	0.239588	0.106787	0.237216	0.1	0.00894985
-0.294545	-3.42178	2.27926	1.89832e-05	0.000387397	1.95828e-05	0.000109794	1.00699e-05	-0.000172258	0.239483	0.106648	0.237112	0.1	0.00946819
-1.84305	-2.86393	0.233359	5.24449e-07	0.000271194	4.32492e-05	6.72338e-05	4.4805e-05	9.55606e-05	0.239239	0.106322	0.23687	0.1	0.0095299
1.26931	3.80053	0.330852	-4.95192e-05	-0.00041039	-2.22838e-05	-8.80189e-05	-8.46536e-05	-0.000217069	0.239237	0.106319	0.236868	0.1	0.00823599
-2.23989	-1.23628	-0.339028	-2.32319e-05	0.000228185	2.16704e-05	-0.000218989	-0.000115698	0.000569005	0.239205	0.106277	0.236837	0.1	0.0107202
-2.38415	-0.631465	1.25639	-5.47045e-06	0.000103147	-1.25228e-05	-0.000331942	4.15266e-05	6.0723e-05	0.239191	0.106258	0.236823	0.1	0.0074718
-2.48987	-0.766036	2.41891	-1.87953e-05	0.000275289	4.98451e-05	0.000171514	-0.000137577	0.000298443	0.238965	0.105957	0.236599	0.1	0.010857
-1.67719	-3.48504	0.042389	-4.77181e-05	0.000483929	1.72928e-05	-0.000166358	-6.92967e-05	0.000262525	0.238904	0.105876	0.236539	0.1	0.00880645
-0.689356	-1.87968	-1.37646	-2.34109e-05	0.000232282	-8.51489e-05	-6.66419e-05	8.78332e-05	0.000248452	0.238867	0.105826	0.236502	0.1	0.00793198
-1.2945	-0.553667	0.233546	-3.62e-05	2.71163e-05	-6.6885e-05	7.20339e-05	8.587e-05	0.000178485	0.238847	0.105799	0.236482	0.1	0.00415329
-0.785852	-3.56629	2.16282	-2.35637e-05	0.000408072	1.18777e-05	0.000231102	-7.15844e-06	-8.52608e-05	0.23868	0.105579	0.236317	0.1	0.00679559
0.349192	-1.91139	1.52086	3.68007e-05	0.000257047	6.07755e-05	-4.4177e-05	-2.23923e-05	0.000393163	0.238578	0.105443	0.236216	0.1	0.00689628
-1.3964	0.991146	1.28182	-1.2774e-05	-0.000136791	1.87236e-05	0.000144612	-6.96388e-05	3.81674e-05	0.238575	0.105439	0.236213	0.1	0.00835485
-2.18439	-2.85181	-1.63185	1.63664e-05	0.000357312	-1.57267e-05	-0.000151099	0.000114789	0.000217406	0.238558	0.105416	0.236196	0.1	0.00625386
0.267099	1.85399	1.99286	4.28961e-05	-8.57153e-05	-2.13219e-05	0.000246354	3.51494e-05	0.000360555	0.238531	0.105381	0.236169	0.1	0.00691633
0.106017	-0.135453	-2.23865	2.52738e-05	6.75218e-05	-9.45809e-05	-0.000685184	-0.000157636	-0.000123883	0.238467	0.105296	0.236106	0.1	0.00695473
-0.713058	3.93461	0.156475	-8.34236e-05	-0.000399722	-2.07778e-05	0.000107125	0.00020763	-0.00023643	0.238429	0.105245	0.236068	0.1	0.00521543
-0.850403	-2.7857	-0.63698	4.33789e-09	-9.96044e-08	-2.09214e-09	-1.28902e-57	1.32055e-58	3.60401e-58	0.238392	0.105197	0.236032	0.1	0.0117246
2.18681	-2.4879	1.11283	-7.38309e-06	0.000286938	1.19388e-05	-6.4529e-05	1.38782e-05	-0.000253707	0.238069	0.10477	0.235712	0.1	0.00960718
0.183796	-2.03641	-0.775363	8.50342e-05	8.82519e-05	0.000105953	-0.000250251	-0.00155026	-0.00198686	0.2379	0.104547	0.235545	0.1	0.0052664
-0.0874687	-0.512	0.208607	2.01189e-05	6.06374e-05	6.73896e-05	0.000393384	0.000179722	-0.000304583	0.237677	0.104254	0.235324	0.1	0.00458012
0.797515	-0.569141	0.594214	-2.79319e-05	8.07178e-05	3.87373e-05	-0.000233975	-0.000211343	1.321e-05	0.237634	0.104196	0.235281	0.1	0.00666008
1.71675	0.257494	2.25201	4.58896e-05	3.00577e-05	-9.90791e-06	-0.000183662	8.29372e-05	4.87193e-05	0.237512	0.104035	0.23516	0.1	0.0110617
-2.33046	3.21573	-2.3208	5.12101e-05	-0.00033649	1.06765e-05	-3.69375e-05	-1.05033e-05	0.00010852	0.237463	0.103972	0.235112	0.1	0.00561793
0.0880743	2.34475	1.41092	4.60323e-05	-0.000327295	-4.37763e-05	0.000129214	0.000175345	-0.000239132	0.237431	0.103929	0.23508	0.1	0.00699891
0.359993	-1.92283	-2.2695	5.65301e-05	6.72919e-05	-0.000112465	-0.000152694	0.000458107	-8.97415e-05	0.237431	0.103929	0.23508	0.1	0.0130484
1.69751	-0.238523	-2.00145	0.000283092	6.81868e-05	0.000132421	-0.000985772	6.87348e-05	0.000766658	0.237278	0.103729	0.234929	0.1	0.0101963
-2.4785	1.47753	0.393246	-6.59596e-05	-0.00013413	8.49472e-05	-0.000435094	0.000184967	-3.65644e-05	0.237254	0.103697	0.234905	0.1	0.00746488
0.575331	-2.32028	-0.918585	-6.81796e-05	0.000265814	-2.07721e-06	-0.000166389	-3.71584e-05	0.000465343	0.237202	0.103628	0.234853	0.1	0.00636969
-1.60492	-1.42602	2.22016	0.000108617	0.00021213	-7.03466e-05	-0.000144401	-5.80947e-05	-9.38238e-05	0.237135	0.103541	0.234787	0.1	0.00742521
0.952654	2.38793	2.48403	-5.12152e-05	-0.000224028	7.80816e-05	-0.000196056	-0.000118998	0.000299478	0.237122	0.103524	0.234774	0.1	0.00727322
-0.912643	3.92026	-0.466038	-2.40975e-05	-0.000328574	-2.33128e-05	0.000121859	-0.000146933	-9.55087e-05	0.236892	0.103224	0.234547	0.1	0.00731301
0.113472	0.481006	-2.35849	6.84031e-05	0.000102285	-7.90937e-05	-0.000378019	0.000443185	0.000203143	0.236865	0.103189	0.23452	0.1	0.00893396
-1.3756	1.9215	-0.712787	7.17102e-05	-0.00017995	1.58196e-05	0.000226661	-0.000187789	1.62486e-05	0.236787	0.103086	0.234443	0.1	0.00585205
1.05076	-0.643642	-0.048348	-2.85079e-05	1.01572e-05	1.43756e-05	-0.000426584	5.52688e-05	0.00044379	0.236379	0.102554	0.234039	0.1	0.00558048
1.69049	-1.27563	-1.2395	-2.80085e-05	0.000171377	3.1276e-05	8.36899e-05	0.000396171	6.49691e-05	0.23636	0.10253	0.23402	0.1	0.0104261
2.35115	-2.08329	-0.685607	-6.51485e-05	0.000101761	4.59019e-05	0.000384942	3.87792e-05	0.000494629	0.236341	0.102504	0.234001	0.1	0.0170085
-0.620241	1.23608	-0.858327	5.91361e-05	-0.000114989	-1.14635e-05	9.46367e-05	9.05208e-05	9.44079e-05	0.236281	0.102428	0.233942	0.1	0.00549238
0.848881	1.0382	0.941654	-7.59286e-06	-4.60745e-05	-4.96769e-05	-0.00013199	-3.74383e-05	0.000731087	0.236277	0.102422	0.233938	0.1	0.00531012
0.776993	-0.764268	1.00993	-2.4135e-05	0.000195644	1.79285e-05	-7.38447e-05	-4.5268e-05	0.000275805	0.236117	0.102213	0.233779	0.1	0.00545168
-1.26898	1.94775	-1.24327	1.9352e-05	-0.000158097	2.09272e-05	-7.68745e-05	0.000191347	0.000255807	0.236076	0.102161	0.233739	0.1	0.00556876
-1.7547	-0.573562	-0.0707144	-4.46858e-05	-3.64256e-05	-7.5643e-06	3.09664e-05	0.000327203	7.20282e-05	0.235915	0.101951	0.233579	0.1	0.00452126
-1.06815	0.502513	1.22058	-4.67028e-08	-4.91782e-07	4.86556e-07	2.29751e-24	-4.91813e-24	9.55604e-25	0.235774	0.10177	0.23344	0.1	0.0118247
1.45162	-0.774413	-0.231119	-3.67262e-06	0.000134655	4.35964e-05	6.36061e-05	2.52409e-06	8.02812e-05	0.235702	0.101675	0.233368	0.1	0.00368933
1.77008	-3.51006	1.40741	1.72882e-05	0.000367288	6.68865e-05	-0.000188049	-0.000417006	0.000133553	0.235632	0.101585	0.233299	0.1	0.00646363
0.532515	0.937919	0.612618	9.91444e-05	-0.000107306	-0.000138959	-0.000842686	5.68988e-05	-0.000223986	0.235543	0.10147	0.233211	0.1	0.00733166
-2.31542	3.34771	1.73159	1.38509e-05	-0.000262237	-6.05028e-07	0.000240031	-8.23019e-05	0.00034854	0.235542	0.101468	0.23321	0.1	0.00491989
1.83863	3.33139	-0.779323	-8.13074e-05	-0.000288088	-6.40274e-06	0.000229017	0.000118639	0.000230425	0.235326	0.10119	0.232996	0.1	0.00585644
-2.07213	1.36388	-1.34934	9.15709e-05	-0.000122809	2.10095e-05	4.98371e-05	0.000132785	9.92852e-05	0.235264	0.101109	0.232935	0.1	0.00427319
-0.158517	1.87121	-0.64911	8.25712e-06	-0.000265997	-2.555e-05	-0.000603019	0.000407312	-0.000351858	0.235177	0.100998	0.232849	0.1	0.00700822
-1.98549	-3.85054	-2.09196	5.52104e-05	0.00034556	-1.18484e-05	-0.00031073	0.000112977	-0.000396399	0.235106	0.100905	0.232778	0.1	0.00769272
1.36766	1.03157	-0.435795	-5.90476e-05	-0.0001442	4.83332e-05	-5.89452e-06	-0.000234878	0.000294869	0.23501	0.100782	0.232683	0.1	0.00441485
1.61119	-1.52683	0.853158	-1.29589e-05	0.000209113	4.7004e-05	-0.000222969	-5.46678e-05	0.00013184	0.234827	0.100547	0.232502	0.1	0.00556275
0.154483	1.63504	-1.11627	4.08034e-05	-0.000291445	-0.000140132	0.000210491	0.000223844	0.000158186	0.234781	0.100487	0.232456	0.1	0.00640118
2.27771	-1.18044	-2.43287	-3.78355e-05	0.000237384	-7.17497e-06	0.000249027	0.000933042	-0.000289976	0.234742	0.100438	0.232418	0.1	0.00522505
0.0491024	2.93349	-0.466213	-5.04217e-05	-0.000300631	6.53636e-06	-3.81576e-05	-7.95405e-05	-0.000378665	0.234729	0.100422	0.232405	0.1	0.0107451
0.855458	-0.925487	-0.389361	-5.52352e-05	1.49978e-05	4.64146e-05	7.84853e-05	1.68831e-05	0.00064854	0.234723	0.100413	0.232399	0.1	0.00677668
-0.734209	2.6091	1.48928	-2.29548e-05	-0.000287824	1.7906e-05	-0.000561158	7.61818e-05	-0.000201642	0.234716	0.100404	0.232392	0.1	0.00817434
-0.466819	-3.78571	-1.44196	-3.33894e-05	0.000409886	-7.35668e-05	-0.000199152	8.73581e-05	0.000156732	0.234391	0.0999882	0.23207	0.1	0.0123906
-0.420058	-1.15268	0.976943	-9.67845e-05	1.96711e-05	-9.77699e-05	4.20921e-05	0.000158319	0.000294497	0.234228	0.0997805	0.231909	0.1	0.0103912
-1.01376	1.86121	-1.87665	1.718e-05	-0.000201224	1.97857e-05	0.000285492	-0.000100188	-0.000406448	0.234163	0.0996969	0.231845	0.1	0.00597817
-0.19553	-0.0994802	-0.00582635	7.36652e-06	-3.71125e-05	7.3962e-05	8.20742e-05	4.23889e-05	-0.000670766	0.233947	0.0994212	0.231631	0.1	0.00500761
2.40972	-1.9633	-2.33263	-2.40749e-06	0.000329241	6.27371e-05	-0.000159375	-6.137e-05	-6.2413e-07	0.233696	0.0991015	0.231382	0.1	0.0107502
-1.18937	-1.51199	1.17944	5.09148e-05	7.49797e-05	-8.89021e-05	-0.000453431	-5.371e-05	0.000411941	0.23369	0.0990929	0.231376	0.1	0.00614738
-0.0399205	2.15576	2.17491	-5.8376e-05	-0.000277534	0.000122119	0.000230361	4.68631e-05	-8.29806e-05	0.233609	0.0989904	0.231296	0.1	0.00617441
-0.075781	3.75217	-0.0381424	-7.80828e-05	-0.000460723	-6.76798e-05	6.69011e-05	-0.000197219	-0.000571878	0.233569	0.0989397	0.231256	0.1	0.00632128
-1.27626	-1.89136	0.346138	-9.85881e-05	0.000208525	-5.60449e-05	0.000260434	0.000100566	0.000347299	0.233337	0.0986457	0.231027	0.1	0.00536798
0.247048	-3.63755	2.0598	-0.000114572	0.000366569	-9.58415e-05	-0.000192644	-0.000380533	0.000517125	0.233285	0.0985791	0.230975	0.1	0.0072185
0.358419	-3.39226	-0.314276	-4.54348e-05	0.00033338	-1.52638e-05	0.000219507	-8.37471e-05	0.000154669	0.233155	0.0984158	0.230847	0.1	0.00511127
-1.56453	2.19702	0.480536	-3.24701e-05	-0.000210547	1.47281e-05	-0.000299628	9.69979e-05	-2.79312e-05	0.233116	0.0983655	0.230808	0.1	0.00873257
1.44211	1.33473	-0.0965584	-2.50963e-05	-0.000180008	1.12613e-05	0.000120839	0.000732682	0.000112867	0.233102	0.0983481	0.230794	0.1	0.00510815
-1.86302	-0.892182	1.26133	-3.83444e-05	9.97588e-05	-1.89468e-05	-9.24197e-05	4.41001e-05	3.721e-05	0.233037	0.0982664	0.23073	0.1	0.00895542
-0.215758	-0.573072	0.654886	-1.86002e-07	-1.3956e-07	8.04897e-07	1.09721e-24	1.49448e-23	5.83977e-25	0.232987	0.0982018	0.23068	0.1	0.00711872
2.48623	-1.5835	2.41594	-5.5753e-05	0.000155595	-0.000215532	-0.000585012	0.000250762	-0.00027308	0.23297	0.0981807	0.230663	0.1	0.00813148
-1.74748	-2.9355	-0.21443	-4.07822e-05	0.000367141	3.69579e-05	0.000385046	0.000185191	-0.000162254	0.232853	0.0980333	0.230548	0.1	0.00734081
1.1265	2.53268	1.53154	-0.000136356	-0.000179233	7.297e-05	-0.000784018	0.000102325	-0.000605621	0.232841	0.0980185	0.230536	0.1	0.0107335
2.2976	-3.62092	1.79704	1.76435e-06	0.000403333	3.09413e-05	-1.0019e-05	9.62549e-05	0.000272981	0.232838	0.0980137	0.230533	0.1	0.00998855
-1.37452	3.87832	-0.680125	-9.21599e-06	-0.000388383	1.82355e-05	0.000370579	-0.000102553	9.79324e-05	0.232645	0.0977704	0.230342	0.1	0.00538224
2.24705	2.20111	-0.753483	-3.18071e-05	-0.00020127	7.66292e-05	0.000407746	0.000132965	0.000568476	0.232529	0.0976247	0.230227	0.1	0.00935881
-0.0905495	-0.278174	2.2765	0.000109434	-1.33781e-05	-1.82949e-05	6.18588e-05	-0.000434236	-0.000221707	0.232356	0.0974063	0.230055	0.1	0.00876537
2.41143	1.35453	-0.570891	0.000183541	-0.000212026	-5.71878e-05	-0.000968871	-0.00118451	0.000321506	0.232305	0.0973426	0.230005	0.1	0.00587533
-1.04014	1.20979	0.935214	-0.000209589	-1.51633e-05	0.000106073	0.000690291	0.000139853	0.00127528	0.232166	0.097167	0.229867	0.1	0.00814194
-2.23108	3.99362	-2.45839	1.16445e-07	-0.000407104	-1.74804e-07	1.82177e-26	2.09913e-24	9.5909e-25	0.232017	0.0969806	0.22972	0.1	0.00756308
0.589294	-2.02228	-0.545879	6.72407e-05	0.000204943	-3.24506e-05	-0.000319395	6.72751e-05	-0.00037875	0.231839	0.0967586	0.229544	0.1	0.00738493
1.7026	-2.86389	-1.62895	0.000135323	0.000467116	0.000104491	-3.12469e-05	3.86559e-05	-0.000112285	0.231804	0.0967136	0.229509	0.1	0.00950096
-0.600288	-3.12724	-0.00915283	-4.75817e-05	0.000137691	0.000130327	0.000769078	-5.2412e-05	0.000357789	0.231661	0.0965346	0.229367	0.1	0.0105225
0.271549	1.9468	-0.796958	-5.12402e-05	-0.000308086	-8.87333e-05	0.000119996	-0.000177358	0.000492486	0.231371	0.0961726	0.22908	0.1	0.0067145
1.88861	0.511274	1.56994	4.09873e-05	-9.15896e-06	-8.48936e-06	9.32307e-05	-9.10513e-06	-0.000198882	0.231332	0.0961243	0.229042	0.1	0.00734949
-1.58133	3.71972	0.808012	-0.000107149	-0.000426013	-1.60458e-05	-7.15294e-05	-0.000121071	0.000398194	0.231276	0.0960544	0.228986	0.1	0.00889037
0.68093	1.06452	-1.90843	1.32628e-05	-8.7701e-05	1.0124e-05	4.49366e-05	1.36403e-05	0.000188924	0.231257	0.0960307	0.228967	0.1	0.0105576
1.7855	1.45934	-0.553221	7.38689e-05	-0.000310414	-7.95836e-05	0.000264833	0.000822869	0.00010753	0.231228	0.0959953	0.228939	0.1	0.00516023
0.590955	0.789034	1.22984	6.35711e-05	-1.97133e-05	1.34279e-05	-0.000219483	0.000327348	0.000642384	0.231098	0.0958324	0.22881	0.1	0.00397155
-0.41628	2.57061	-1.73342	-2.90612e-05	-0.000299323	-2.35884e-05	-0.000208057	-3.70753e-05	-0.000406264	0.231097	0.0958312	0.228809	0.1	0.00890546
1.37523	3.36719	2.14066	-0.000186765	-0.000407217	6.31914e-05	5.4638e-05	-5.48992e-05	-0.00081153	0.230968	0.0956712	0.228681	0.1	0.0103479
1.50819	1.12727	-2.22762	3.40885e-05	-5.5465e-05	2.91445e-05	-0.000179623	-0.000245597	-0.0002065	0.230925	0.0956178	0.228639	0.1	0.00442736
-1.00032	-0.621944	1.87266	4.70991e-05	3.74395e-05	-1.82183e-05	2.19162e-05	-0.000150475	-0.000270139	0.230853	0.0955284	0.228567	0.1	0.0109411
2.43064	-0.274487	-0.975952	2.73158e-05	-4.03874e-05	-4.23464e-06	-0.000197571	-0.000128108	-6.30405e-05	0.230603	0.0952189	0.22832	0.1	0.0110633
0.0774175	-0.587444	-2.30873	-8.90096e-06	8.67577e-05	4.84843e-07	0.00037186	-7.17741e-05	-8.42788e-05	0.230371	0.0949306	0.22809	0.1	0.0045562
-0.245123	-1.74476	-1.27938	4.41222e-05	0.000238252	-8.42425e-05	-0.000108736	-2.60754e-05	-0.000121125	0.230367	0.0949265	0.228086	0.1	0.00854398
-0.0820839	3.95595	-1.38558	-1.46504e-05	-0.000364173	-3.28247e-05	-7.36636e-05	-0.000127409	1.21766e-06	0.230224	0.0947498	0.227945	0.1	0.00492438
0.643484	1.18608	0.240845	4.15302e-05	-0.000158555	-0.000187226	0.000612439	0.000266019	0.000214358	0.22985	0.0942887	0.227574	0.1	0.00775275
-1.68607	-2.1887	0.400773	-4.92333e-05	0.00026965	-2.77248e-05	0.00027612	2.75526e-05	0.000202397	0.22984	0.0942757	0.227564	0.1	0.00599274
0.190765	3.92822	0.287397	-0.000120744	-0.0005102	-1.78187e-05	-9.9244e-05	-0.000157985	-6.12396e-05	0.229772	0.0941929	0.227497	0.1	0.00472707
-0.0608906	3.10012	-1.3673	-1.92623e-05	-0.000325845	-1.31823e-05	5.69233e-05	-8.46884e-05	4.6957e-05	0.229716	0.0941249	0.227442	0.1	0.00614322
2.33996	3.55804	-1.04558	-0.000102106	-0.000235012	7.1558e-06	-0.000375477	0.000158753	-0.000976709	0.229675	0.0940734	0.227401	0.1	0.00805873
0.890432	-2.88236	1.03846	-7.91513e-05	0.000155689	2.49981e-06	0.00024809	-5.1444e-05	0.000119526	0.229635	0.094024	0.227361	0.1	0.00631344
0.781754	-3.50668	-2.28401	-0.000102015	0.000404465	9.81934e-05	0.00068811	-0.000156151	0.000660644	0.229633	0.0940217	0.227359	0.1	0.00698928
-0.504436	3.61346	-0.0963381	-9.17408e-05	-0.000331882	-7.20573e-05	-0.000132009	0.000108627	0.000107965	0.229597	0.0939779	0.227324	0.1	0.00923745
1.89029	0.400149	0.989888	5.23449e-05	-1.25571e-05	-2.09705e-05	1.19646e-05	-4.74792e-05	4.59917e-05	0.229587	0.0939654	0.227314	0.1	0.00831942
0.562362	-1.02063	-0.0255943	9.08302e-05	-3.26637e-05	0.00010207	-0.000122772	0.000223827	0.000850364	0.229559	0.093931	0.227286	0.1	0.00655887
-0.766345	0.134345	0.0109631	-8.67965e-05	-4.61506e-05	9.08753e-05	4.15833e-05	-0.000101392	-8.87499e-05	0.229502	0.0938617	0.22723	0.1	0.00644318
-0.102724	-0.80689	-0.466595	-2.66685e-05	8.20428e-06	-4.87495e-05	-0.00050858	0.000144438	0.000589706	0.229294	0.0936058	0.227024	0.1	0.00614552
-1.04495	-3.01038	1.3121	-3.622e-05	2.04826e-05	9.277e-06	7.28779e-05	4.45524e-05	0.000194497	0.229262	0.0935673	0.226992	0.1	0.00722733
2.37334	1.19032	-1.15273	0.000174362	-0.000283331	4.9332e-05	0.000482272	0.000346162	-8.12694e-05	0.229043	0.0932983	0.226775	0.1	0.00644614
2.26442	0.651658	1.36819	-4.22235e-05	1.95044e-05	-2.145e-05	-0.000122997	0.000206488	0.000438894	0.229023	0.0932736	0.226755	0.1	0.00543768
2.05372	-3.8499	1.49325	-3.51415e-05	0.0004101	0.000103223	7.27599e-05	0.000311631	-0.00021927	0.22902	0.0932701	0.226752	0.1	0.00675764
2.17503	2.59336	-2.01526	-4.30157e-06	-0.000110413	2.88457e-06	0.000432415	3.86182e-05	-0.000388076	0.228994	0.0932399	0.226727	0.1	0.00758207
0.344624	-3.28106	2.33825	2.08132e-05	0.000204608	6.50329e-05	-0.000833846	-2.94693e-05	0.000749411	0.228978	0.0932202	0.226711	0.1	0.00620888
1.16715	2.67959	-1.06159	-8.88115e-05	-0.000347638	2.26817e-05	0.000583986	-0.000298224	0.000229966	0.228925	0.093155	0.226658	0.1	0.00706993
0.105982	0.658962	0.209199	4.49548e-06	-0.000180118	2.34049e-05	-0.000172668	4.85345e-05	0.000102611	0.228769	0.0929649	0.226504	0.1	0.00962697
1.50295	-1.02452	2.13072	3.60983e-06	0.00021202	3.55388e-05	-5.67243e-05	-0.00022561	-5.01126e-05	0.228681	0.0928573	0.226417	0.1	0.0049001
0.121506	1.53184	-0.107839	-6.14031e-05	-0.000198873	-2.28349e-05	-0.00013906	0.000299465	-0.000118681	0.228633	0.0927983	0.226369	0.1	0.0087609
-0.837046	3.94474	-1.35847	-0.000117683	-0.000269929	-4.12159e-05	0.000252288	0.000117703	-0.00089018	0.228527	0.09267	0.226264	0.1	0.00964505
0.953313	0.821164	-2.17982	-7.38477e-06	-8.77076e-05	-1.04333e-05	0.000287834	-0.000110933	-1.18941e-05	0.228372	0.0924815	0.226111	0.1	0.00917537
1.20139	-3.39343	-2.15525	-3.04419e-05	0.000335565	-6.67976e-05	-0.000785097	0.00021937	0.000287542	0.228275	0.0923635	0.226015	0.1	0.00647203
0.438747	-0.964509	1.2325	1.4705e-05	0.000171792	-3.72562e-05	-0.000188896	-0.000107535	0.000176937	0.228269	0.0923562	0.226009	0.1	0.00440365
2.38392	-1.88058	1.78692	-5.33208e-05	0.000317322	3.95976e-05	0.000138517	3.6547e-05	0.00054847	0.228148	0.0922089	0.225889	0.1	0.00846472
0.2162	3.68861	-0.387519	-4.2029e-05	-0.000426074	-5.96522e-05	0.000270222	0.000286035	-0.000207982	0.227891	0.0918988	0.225635	0.1	0.00517487
1.06346	-0.118839	-0.726327	4.24385e-07	-1.80137e-06	-1.00857e-06	-7.37362e-10	-8.40842e-11	-8.60312e-10	0.2278	0.0917882	0.225545	0.1	0.00810179
-2.0096	-2.64571	1.50694	5.03219e-06	0.000454751	2.7249e-05	9.50665e-05	-0.000219297	6.96565e-05	0.227735	0.0917093	0.22548	0.1	0.011817
0.995252	1.17351	0.526019	-5.38558e-05	-0.000156374	-6.32786e-05	0.00025011	-0.000250338	-0.000137514	0.227721	0.0916929	0.225466	0.1	0.00568257
1.7046	-2.33523	-2.23888	-3.12951e-05	0.000304937	7.86147e-05	-7.91798e-05	0.000283183	7.55482e-05	0.227719	0.0916894	0.225464	0.1	0.00797716
1.59508	-0.526467	0.12627	-2.09564e-05	4.30462e-05	4.51857e-05	0.000262631	5.5769e-05	0.000162843	0.227657	0.0916158	0.225403	0.1	0.00508299
2.15491	-3.47393	-0.803925	0.000100057	0.000273229	-0.000128771	-0.000767153	1.14715e-05	-0.000620922	0.227655	0.0916129	0.225401	0.1	0.00868503
-1.71095	1.90176	-1.13568	4.02657e-05	-0.000136362	6.40263e-05	0.00021512	0.000335197	0.000259595	0.227637	0.0915917	0.225383	0.1	0.00581456
2.32508	-3.86057	-1.00739	4.33789e-09	-9.96044e-08	-2.09214e-09	-2.35296e-72	-1.32407e-72	2.68861e-72	0.227625	0.0915767	0.225371	0.1	0.00995147
-2.38769	-3.58642	-1.9419	8.19906e-06	0.00041154	1.17426e-05	-4.96714e-05	-7.9633e-05	-2.08791e-05	0.227598	0.0915445	0.225345	0.1	0.00442881
1.12815	-1.69022	0.777256	-2.00454e-05	0.000202764	2.13508e-05	-9.91753e-05	-2.97419e-05	4.37858e-07	0.227427	0.0913378	0.225175	0.1	0.00486534
-0.937553	1.64239	1.94864	-1.16192e-05	-7.01961e-05	-2.05676e-05	-0.000352221	-0.000152474	2.01295e-05	0.227288	0.0911706	0.225038	0.1	0.00640904
1.16367	3.11541	-1.26901	-8.21937e-05	-0.000308865	4.95638e-05	0.000510113	-0.000329565	-9.97088e-05	0.227272	0.0911519	0.225022	0.1	0.00642213
